"tract","offense","lat","long","female_pop","male_pop","total_pop","female_pop-2","male_pop-2","total_pop-2","female_pop-3","male_pop-3","total_pop-3"
101,"THEFT F/AUTO","38.910559639","-77.0560583754",0,46,46,661,530,1191,607,496,1103
101,"BURGLARY","38.9060823148","-77.0564237903",0,46,46,661,530,1191,607,496,1103
101,"BURGLARY","38.9093709497","-77.0551927129",0,46,46,661,530,1191,607,496,1103
101,"THEFT F/AUTO","38.9093523716","-77.0563687286",0,46,46,661,530,1191,607,496,1103
101,"THEFT F/AUTO","38.9105972027","-77.0527723812",0,46,46,661,530,1191,607,496,1103
101,"MOTOR VEHICLE THEFT","38.9105972027","-77.0527723812",0,46,46,661,530,1191,607,496,1103
101,"BURGLARY","38.909642629","-77.0520798898",0,46,46,661,530,1191,607,496,1103
101,"THEFT F/AUTO","38.910559639","-77.0560583754",0,46,46,661,530,1191,607,496,1103
101,"THEFT F/AUTO","38.9077042424","-77.0555373064",0,46,46,661,530,1191,607,496,1103
101,"THEFT F/AUTO","38.9064879894","-77.055801532",0,46,46,661,530,1191,607,496,1103
101,"THEFT/OTHER","38.9093709497","-77.0551927129",0,46,46,661,530,1191,607,496,1103
101,"THEFT/OTHER","38.9093523716","-77.0563687286",0,46,46,661,530,1191,607,496,1103
101,"THEFT/OTHER","38.9093709497","-77.0551927129",0,46,46,661,530,1191,607,496,1103
101,"THEFT F/AUTO","38.9102000902","-77.0543977953",0,46,46,661,530,1191,607,496,1103
101,"THEFT F/AUTO","38.909642629","-77.0520798898",0,46,46,661,530,1191,607,496,1103
101,"MOTOR VEHICLE THEFT","38.908523554","-77.0564718398",0,46,46,661,530,1191,607,496,1103
101,"THEFT F/AUTO","38.9064879894","-77.055801532",0,46,46,661,530,1191,607,496,1103
101,"THEFT/OTHER","38.9105972027","-77.0527723812",0,46,46,661,530,1191,607,496,1103
101,"ROBBERY","38.908523554","-77.0564718398",0,46,46,661,530,1191,607,496,1103
101,"MOTOR VEHICLE THEFT","38.9060823148","-77.0564237903",0,46,46,661,530,1191,607,496,1103
101,"MOTOR VEHICLE THEFT","38.9089657751","-77.0547658026",0,46,46,661,530,1191,607,496,1103
101,"THEFT/OTHER","38.9093709497","-77.0551927129",0,46,46,661,530,1191,607,496,1103
101,"THEFT/OTHER","38.9093709497","-77.0551927129",0,46,46,661,530,1191,607,496,1103
101,"MOTOR VEHICLE THEFT","38.9087580757","-77.0558378969",0,46,46,661,530,1191,607,496,1103
101,"THEFT F/AUTO","38.9077042424","-77.0555373064",0,46,46,661,530,1191,607,496,1103
101,"THEFT F/AUTO","38.910559639","-77.0560583754",0,46,46,661,530,1191,607,496,1103
101,"THEFT F/AUTO","38.910559639","-77.0560583754",0,46,46,661,530,1191,607,496,1103
101,"ROBBERY","38.9097852406","-77.0553890397",0,46,46,661,530,1191,607,496,1103
101,"THEFT/OTHER","38.9093709497","-77.0551927129",0,46,46,661,530,1191,607,496,1103
101,"THEFT/OTHER","38.9064879894","-77.055801532",0,46,46,661,530,1191,607,496,1103
101,"THEFT/OTHER","38.9093709497","-77.0551927129",0,46,46,661,530,1191,607,496,1103
102,"THEFT F/AUTO","38.9055925925","-77.062833582",83,0,83,1447,1714,3161,1390,1523,2913
102,"THEFT/OTHER","38.9051883564","-77.0606772966",83,0,83,1447,1714,3161,1390,1523,2913
102,"THEFT/OTHER","38.911540482","-77.0582383277",83,0,83,1447,1714,3161,1390,1523,2913
102,"BURGLARY","38.9116356821","-77.065583064",83,0,83,1447,1714,3161,1390,1523,2913
102,"THEFT/OTHER","38.9055925925","-77.062833582",83,0,83,1447,1714,3161,1390,1523,2913
102,"THEFT/OTHER","38.9051883564","-77.0606772966",83,0,83,1447,1714,3161,1390,1523,2913
102,"THEFT/OTHER","38.9038914343","-77.0601343386",83,0,83,1447,1714,3161,1390,1523,2913
102,"THEFT/OTHER","38.90508182","-77.0575874295",83,0,83,1447,1714,3161,1390,1523,2913
102,"THEFT/OTHER","38.9051786519","-77.0620031271",83,0,83,1447,1714,3161,1390,1523,2913
102,"THEFT/OTHER","38.9064303563","-77.0628573785",83,0,83,1447,1714,3161,1390,1523,2913
102,"THEFT F/AUTO","38.9034220422","-77.0619670139",83,0,83,1447,1714,3161,1390,1523,2913
102,"BURGLARY","38.9142112943","-77.0669460306",83,0,83,1447,1714,3161,1390,1523,2913
102,"MOTOR VEHICLE THEFT","38.9051786519","-77.0620031271",83,0,83,1447,1714,3161,1390,1523,2913
102,"THEFT/OTHER","38.9025499807","-77.0585768458",83,0,83,1447,1714,3161,1390,1523,2913
102,"THEFT/OTHER","38.9025939755","-77.0606289753",83,0,83,1447,1714,3161,1390,1523,2913
102,"THEFT/OTHER","38.9105972027","-77.0527723812",83,0,83,1447,1714,3161,1390,1523,2913
102,"THEFT F/AUTO","38.9038914343","-77.0601343386",83,0,83,1447,1714,3161,1390,1523,2913
102,"THEFT/OTHER","38.9051883564","-77.0606772966",83,0,83,1447,1714,3161,1390,1523,2913
102,"THEFT/OTHER","38.9051883564","-77.0606772966",83,0,83,1447,1714,3161,1390,1523,2913
102,"THEFT F/AUTO","38.9076478735","-77.0602182116",83,0,83,1447,1714,3161,1390,1523,2913
102,"THEFT/OTHER","38.9086097622","-77.0639891987",83,0,83,1447,1714,3161,1390,1523,2913
102,"THEFT F/AUTO","38.906800087","-77.0621313588",83,0,83,1447,1714,3161,1390,1523,2913
102,"THEFT/OTHER","38.9126451681","-77.0645923917",83,0,83,1447,1714,3161,1390,1523,2913
102,"THEFT F/AUTO","38.905998831","-77.0612083276",83,0,83,1447,1714,3161,1390,1523,2913
102,"THEFT/OTHER","38.9025842716","-77.0619547575",83,0,83,1447,1714,3161,1390,1523,2913
102,"BURGLARY","38.9092965011","-77.0600235987",83,0,83,1447,1714,3161,1390,1523,2913
102,"THEFT/OTHER","38.9038914343","-77.0601343386",83,0,83,1447,1714,3161,1390,1523,2913
102,"THEFT F/AUTO","38.911908872","-77.0601180381",83,0,83,1447,1714,3161,1390,1523,2913
102,"THEFT F/AUTO","38.9034220422","-77.0619670139",83,0,83,1447,1714,3161,1390,1523,2913
102,"THEFT F/AUTO","38.90508182","-77.0575874295",83,0,83,1447,1714,3161,1390,1523,2913
102,"THEFT/OTHER","38.905225426","-77.0586482171",83,0,83,1447,1714,3161,1390,1523,2913
102,"BURGLARY","38.9116356821","-77.065583064",83,0,83,1447,1714,3161,1390,1523,2913
102,"THEFT/OTHER","38.9064303563","-77.0628573785",83,0,83,1447,1714,3161,1390,1523,2913
102,"THEFT/OTHER","38.9025854892","-77.0596144501",83,0,83,1447,1714,3161,1390,1523,2913
102,"THEFT/OTHER","38.9051786519","-77.0620031271",83,0,83,1447,1714,3161,1390,1523,2913
102,"THEFT F/AUTO","38.9084393718","-77.06257091",83,0,83,1447,1714,3161,1390,1523,2913
102,"THEFT/OTHER","38.905225426","-77.0586482171",83,0,83,1447,1714,3161,1390,1523,2913
102,"BURGLARY","38.9142112943","-77.0669460306",83,0,83,1447,1714,3161,1390,1523,2913
102,"THEFT/OTHER","38.9162194455","-77.0681701824",83,0,83,1447,1714,3161,1390,1523,2913
102,"THEFT/OTHER","38.9086097622","-77.0639891987",83,0,83,1447,1714,3161,1390,1523,2913
102,"THEFT F/AUTO","38.9136986556","-77.0654696569",83,0,83,1447,1714,3161,1390,1523,2913
102,"THEFT/OTHER","38.9051883564","-77.0606772966",83,0,83,1447,1714,3161,1390,1523,2913
102,"THEFT/OTHER","38.9055925925","-77.062833582",83,0,83,1447,1714,3161,1390,1523,2913
102,"THEFT/OTHER","38.9086097622","-77.0639891987",83,0,83,1447,1714,3161,1390,1523,2913
102,"BURGLARY","38.9152289174","-77.0675004574",83,0,83,1447,1714,3161,1390,1523,2913
102,"MOTOR VEHICLE THEFT","38.9076197296","-77.0623511319",83,0,83,1447,1714,3161,1390,1523,2913
102,"THEFT F/AUTO","38.9034220422","-77.0619670139",83,0,83,1447,1714,3161,1390,1523,2913
102,"THEFT F/AUTO","38.9038914343","-77.0601343386",83,0,83,1447,1714,3161,1390,1523,2913
102,"BURGLARY","38.9052068897","-77.0596742862",83,0,83,1447,1714,3161,1390,1523,2913
102,"THEFT/OTHER","38.9064303563","-77.0628573785",83,0,83,1447,1714,3161,1390,1523,2913
102,"BURGLARY","38.9043052797","-77.0611722877",83,0,83,1447,1714,3161,1390,1523,2913
102,"THEFT F/AUTO","38.906800087","-77.0621313588",83,0,83,1447,1714,3161,1390,1523,2913
102,"BURGLARY","38.9072138708","-77.0632500673",83,0,83,1447,1714,3161,1390,1523,2913
102,"ROBBERY","38.9092682256","-77.0624102214",83,0,83,1447,1714,3161,1390,1523,2913
102,"THEFT F/AUTO","38.9034220422","-77.0619670139",83,0,83,1447,1714,3161,1390,1523,2913
102,"THEFT/OTHER","38.9043052797","-77.0611722877",83,0,83,1447,1714,3161,1390,1523,2913
102,"THEFT F/AUTO","38.9034220422","-77.0619670139",83,0,83,1447,1714,3161,1390,1523,2913
102,"THEFT F/AUTO","38.9038924725","-77.0580822088",83,0,83,1447,1714,3161,1390,1523,2913
102,"THEFT/OTHER","38.9051786519","-77.0620031271",83,0,83,1447,1714,3161,1390,1523,2913
102,"THEFT/OTHER","38.9060722107","-77.0586489134",83,0,83,1447,1714,3161,1390,1523,2913
102,"THEFT/OTHER","38.9051786519","-77.0620031271",83,0,83,1447,1714,3161,1390,1523,2913
102,"THEFT/OTHER","38.9055925925","-77.062833582",83,0,83,1447,1714,3161,1390,1523,2913
102,"THEFT/OTHER","38.90508182","-77.0575874295",83,0,83,1447,1714,3161,1390,1523,2913
102,"THEFT/OTHER","38.9038919404","-77.0591428602",83,0,83,1447,1714,3161,1390,1523,2913
102,"THEFT F/AUTO","38.9038914343","-77.0601343386",83,0,83,1447,1714,3161,1390,1523,2913
102,"THEFT/OTHER","38.9051786519","-77.0620031271",83,0,83,1447,1714,3161,1390,1523,2913
102,"THEFT F/AUTO","38.90682812","-77.0602059903",83,0,83,1447,1714,3161,1390,1523,2913
102,"MOTOR VEHICLE THEFT","38.9038914343","-77.0601343386",83,0,83,1447,1714,3161,1390,1523,2913
102,"BURGLARY","38.9142112943","-77.0669460306",83,0,83,1447,1714,3161,1390,1523,2913
102,"THEFT/OTHER","38.9045746677","-77.0627980986",83,0,83,1447,1714,3161,1390,1523,2913
102,"ASSAULT W/DANGEROUS WEAPON","38.9045746677","-77.0627980986",83,0,83,1447,1714,3161,1390,1523,2913
102,"BURGLARY","38.9092494365","-77.0638398866",83,0,83,1447,1714,3161,1390,1523,2913
102,"THEFT/OTHER","38.9162194455","-77.0681701824",83,0,83,1447,1714,3161,1390,1523,2913
102,"THEFT F/AUTO","38.9034220422","-77.0619670139",83,0,83,1447,1714,3161,1390,1523,2913
102,"THEFT/OTHER","38.9064303563","-77.0628573785",83,0,83,1447,1714,3161,1390,1523,2913
102,"THEFT/OTHER","38.9038919404","-77.0591428602",83,0,83,1447,1714,3161,1390,1523,2913
102,"ROBBERY","38.9125586702","-77.0577433595",83,0,83,1447,1714,3161,1390,1523,2913
102,"THEFT/OTHER","38.9052068897","-77.0596742862",83,0,83,1447,1714,3161,1390,1523,2913
102,"BURGLARY","38.90508182","-77.0575874295",83,0,83,1447,1714,3161,1390,1523,2913
102,"THEFT/OTHER","38.9064303563","-77.0628573785",83,0,83,1447,1714,3161,1390,1523,2913
102,"THEFT F/AUTO","38.9008211973","-77.0569153469",83,0,83,1447,1714,3161,1390,1523,2913
102,"THEFT/OTHER","38.9142112943","-77.0669460306",83,0,83,1447,1714,3161,1390,1523,2913
102,"THEFT F/AUTO","38.9038914343","-77.0601343386",83,0,83,1447,1714,3161,1390,1523,2913
102,"THEFT/OTHER","38.9072138708","-77.0632500673",83,0,83,1447,1714,3161,1390,1523,2913
102,"BURGLARY","38.9055925925","-77.062833582",83,0,83,1447,1714,3161,1390,1523,2913
102,"MOTOR VEHICLE THEFT","38.9131678866","-77.0641662431",83,0,83,1447,1714,3161,1390,1523,2913
102,"THEFT/OTHER","38.9051786519","-77.0620031271",83,0,83,1447,1714,3161,1390,1523,2913
102,"BURGLARY","38.9116356821","-77.065583064",83,0,83,1447,1714,3161,1390,1523,2913
102,"THEFT/OTHER","38.9045746677","-77.0627980986",83,0,83,1447,1714,3161,1390,1523,2913
102,"THEFT F/AUTO","38.9095013345","-77.0644511878",83,0,83,1447,1714,3161,1390,1523,2913
102,"THEFT F/AUTO","38.9064502938","-77.0591795692",83,0,83,1447,1714,3161,1390,1523,2913
102,"THEFT/OTHER","38.9051883564","-77.0606772966",83,0,83,1447,1714,3161,1390,1523,2913
102,"THEFT/OTHER","38.9060722107","-77.0586489134",83,0,83,1447,1714,3161,1390,1523,2913
102,"BURGLARY","38.9086097622","-77.0639891987",83,0,83,1447,1714,3161,1390,1523,2913
102,"THEFT/OTHER","38.9051786519","-77.0620031271",83,0,83,1447,1714,3161,1390,1523,2913
102,"THEFT/OTHER","38.9055925925","-77.062833582",83,0,83,1447,1714,3161,1390,1523,2913
102,"THEFT/OTHER","38.905225426","-77.0586482171",83,0,83,1447,1714,3161,1390,1523,2913
102,"THEFT F/AUTO","38.9034220422","-77.0619670139",83,0,83,1447,1714,3161,1390,1523,2913
102,"THEFT/OTHER","38.9051883564","-77.0606772966",83,0,83,1447,1714,3161,1390,1523,2913
102,"THEFT/OTHER","38.9064303563","-77.0628573785",83,0,83,1447,1714,3161,1390,1523,2913
102,"THEFT F/AUTO","38.9038914343","-77.0601343386",83,0,83,1447,1714,3161,1390,1523,2913
102,"MOTOR VEHICLE THEFT","38.9055925925","-77.062833582",83,0,83,1447,1714,3161,1390,1523,2913
102,"THEFT F/AUTO","38.9146984446","-77.0657127167",83,0,83,1447,1714,3161,1390,1523,2913
102,"THEFT/OTHER","38.9051786519","-77.0620031271",83,0,83,1447,1714,3161,1390,1523,2913
102,"THEFT/OTHER","38.9105972027","-77.0527723812",83,0,83,1447,1714,3161,1390,1523,2913
102,"THEFT F/AUTO","38.9025854892","-77.0596144501",83,0,83,1447,1714,3161,1390,1523,2913
102,"THEFT/OTHER","38.9077272025","-77.0635156997",83,0,83,1447,1714,3161,1390,1523,2913
102,"BURGLARY","38.9092965011","-77.0600235987",83,0,83,1447,1714,3161,1390,1523,2913
102,"THEFT/OTHER","38.9052068897","-77.0596742862",83,0,83,1447,1714,3161,1390,1523,2913
102,"THEFT/OTHER","38.9109003682","-77.0592755012",83,0,83,1447,1714,3161,1390,1523,2913
102,"THEFT F/AUTO","38.9152289174","-77.0675004574",83,0,83,1447,1714,3161,1390,1523,2913
102,"THEFT F/AUTO","38.905998831","-77.0612083276",83,0,83,1447,1714,3161,1390,1523,2913
102,"THEFT/OTHER","38.9052068897","-77.0596742862",83,0,83,1447,1714,3161,1390,1523,2913
102,"THEFT F/AUTO","38.9034220422","-77.0619670139",83,0,83,1447,1714,3161,1390,1523,2913
102,"THEFT F/AUTO","38.9115500199","-77.0571660398",83,0,83,1447,1714,3161,1390,1523,2913
102,"ASSAULT W/DANGEROUS WEAPON","38.9038919404","-77.0591428602",83,0,83,1447,1714,3161,1390,1523,2913
102,"THEFT/OTHER","38.9051786519","-77.0620031271",83,0,83,1447,1714,3161,1390,1523,2913
102,"MOTOR VEHICLE THEFT","38.9076478735","-77.0602182116",83,0,83,1447,1714,3161,1390,1523,2913
102,"THEFT/OTHER","38.9051786519","-77.0620031271",83,0,83,1447,1714,3161,1390,1523,2913
102,"THEFT/OTHER","38.9025499807","-77.0585768458",83,0,83,1447,1714,3161,1390,1523,2913
102,"BURGLARY","38.9051883564","-77.0606772966",83,0,83,1447,1714,3161,1390,1523,2913
102,"THEFT/OTHER","38.9055925925","-77.062833582",83,0,83,1447,1714,3161,1390,1523,2913
102,"THEFT/OTHER","38.9051786519","-77.0620031271",83,0,83,1447,1714,3161,1390,1523,2913
102,"THEFT F/AUTO","38.9051883564","-77.0606772966",83,0,83,1447,1714,3161,1390,1523,2913
102,"THEFT/OTHER","38.9109709309","-77.062169582",83,0,83,1447,1714,3161,1390,1523,2913
102,"THEFT F/AUTO","38.9025842716","-77.0619547575",83,0,83,1447,1714,3161,1390,1523,2913
102,"THEFT/OTHER","38.9055925925","-77.062833582",83,0,83,1447,1714,3161,1390,1523,2913
102,"THEFT/OTHER","38.9086097622","-77.0639891987",83,0,83,1447,1714,3161,1390,1523,2913
102,"THEFT F/AUTO","38.9034220422","-77.0619670139",83,0,83,1447,1714,3161,1390,1523,2913
102,"THEFT/OTHER","38.9052068897","-77.0596742862",83,0,83,1447,1714,3161,1390,1523,2913
102,"THEFT/OTHER","38.9051883564","-77.0606772966",83,0,83,1447,1714,3161,1390,1523,2913
102,"THEFT F/AUTO","38.9034220422","-77.0619670139",83,0,83,1447,1714,3161,1390,1523,2913
102,"THEFT F/AUTO","38.9025842716","-77.0619547575",83,0,83,1447,1714,3161,1390,1523,2913
102,"THEFT/OTHER","38.9051883564","-77.0606772966",83,0,83,1447,1714,3161,1390,1523,2913
102,"THEFT/OTHER","38.9086097622","-77.0639891987",83,0,83,1447,1714,3161,1390,1523,2913
102,"THEFT/OTHER","38.9064303563","-77.0628573785",83,0,83,1447,1714,3161,1390,1523,2913
102,"THEFT F/AUTO","38.905998831","-77.0612083276",83,0,83,1447,1714,3161,1390,1523,2913
102,"THEFT F/AUTO","38.9038914343","-77.0601343386",83,0,83,1447,1714,3161,1390,1523,2913
102,"BURGLARY","38.9051786519","-77.0620031271",83,0,83,1447,1714,3161,1390,1523,2913
102,"THEFT F/AUTO","38.9056490834","-77.0581182265",83,0,83,1447,1714,3161,1390,1523,2913
102,"MOTOR VEHICLE THEFT","38.9084676208","-77.0602419628",83,0,83,1447,1714,3161,1390,1523,2913
102,"THEFT/OTHER","38.9086097622","-77.0639891987",83,0,83,1447,1714,3161,1390,1523,2913
102,"THEFT F/AUTO","38.9060727383","-77.0575882295",83,0,83,1447,1714,3161,1390,1523,2913
102,"THEFT/OTHER","38.9072138708","-77.0632500673",83,0,83,1447,1714,3161,1390,1523,2913
102,"THEFT/OTHER","38.9086097622","-77.0639891987",83,0,83,1447,1714,3161,1390,1523,2913
102,"MOTOR VEHICLE THEFT","38.9051883564","-77.0606772966",83,0,83,1447,1714,3161,1390,1523,2913
102,"THEFT F/AUTO","38.906800087","-77.0621313588",83,0,83,1447,1714,3161,1390,1523,2913
102,"THEFT F/AUTO","38.9129350658","-77.0615717192",83,0,83,1447,1714,3161,1390,1523,2913
102,"ROBBERY","38.9098811724","-77.0616959106",83,0,83,1447,1714,3161,1390,1523,2913
102,"THEFT/OTHER","38.9064303563","-77.0628573785",83,0,83,1447,1714,3161,1390,1523,2913
102,"THEFT F/AUTO","38.9056395426","-77.0591788965",83,0,83,1447,1714,3161,1390,1523,2913
102,"THEFT/OTHER","38.9142112943","-77.0669460306",83,0,83,1447,1714,3161,1390,1523,2913
102,"THEFT F/AUTO","38.9025842716","-77.0619547575",83,0,83,1447,1714,3161,1390,1523,2913
102,"THEFT F/AUTO","38.9034220422","-77.0619670139",83,0,83,1447,1714,3161,1390,1523,2913
102,"THEFT/OTHER","38.9052439817","-77.0575645024",83,0,83,1447,1714,3161,1390,1523,2913
102,"THEFT F/AUTO","38.9084393718","-77.06257091",83,0,83,1447,1714,3161,1390,1523,2913
102,"THEFT F/AUTO","38.905998831","-77.0612083276",83,0,83,1447,1714,3161,1390,1523,2913
102,"THEFT F/AUTO","38.9034220422","-77.0619670139",83,0,83,1447,1714,3161,1390,1523,2913
102,"THEFT/OTHER","38.9076197296","-77.0623511319",83,0,83,1447,1714,3161,1390,1523,2913
102,"THEFT F/AUTO","38.9115500199","-77.0571660398",83,0,83,1447,1714,3161,1390,1523,2913
102,"MOTOR VEHICLE THEFT","38.9060722107","-77.0586489134",83,0,83,1447,1714,3161,1390,1523,2913
102,"THEFT F/AUTO","38.9092682256","-77.0624102214",83,0,83,1447,1714,3161,1390,1523,2913
102,"THEFT/OTHER","38.9064303563","-77.0628573785",83,0,83,1447,1714,3161,1390,1523,2913
102,"THEFT/OTHER","38.9152289174","-77.0675004574",83,0,83,1447,1714,3161,1390,1523,2913
102,"THEFT F/AUTO","38.9064502938","-77.0591795692",83,0,83,1447,1714,3161,1390,1523,2913
102,"MOTOR VEHICLE THEFT","38.9093151798","-77.0587207582",83,0,83,1447,1714,3161,1390,1523,2913
102,"THEFT/OTHER","38.9162194455","-77.0681701824",83,0,83,1447,1714,3161,1390,1523,2913
102,"THEFT/OTHER","38.9043052797","-77.0611722877",83,0,83,1447,1714,3161,1390,1523,2913
102,"THEFT F/AUTO","38.9076197296","-77.0623511319",83,0,83,1447,1714,3161,1390,1523,2913
102,"THEFT/OTHER","38.9038924725","-77.0580822088",83,0,83,1447,1714,3161,1390,1523,2913
102,"BURGLARY","38.9052068897","-77.0596742862",83,0,83,1447,1714,3161,1390,1523,2913
102,"THEFT F/AUTO","38.9115500199","-77.0571660398",83,0,83,1447,1714,3161,1390,1523,2913
102,"THEFT F/AUTO","38.9025854892","-77.0596144501",83,0,83,1447,1714,3161,1390,1523,2913
102,"THEFT/OTHER","38.9025842716","-77.0619547575",83,0,83,1447,1714,3161,1390,1523,2913
102,"THEFT F/AUTO","38.9129350658","-77.0615717192",83,0,83,1447,1714,3161,1390,1523,2913
102,"THEFT F/AUTO","38.9034220422","-77.0619670139",83,0,83,1447,1714,3161,1390,1523,2913
102,"BURGLARY","38.9116356821","-77.065583064",83,0,83,1447,1714,3161,1390,1523,2913
102,"THEFT/OTHER","38.9052068897","-77.0596742862",83,0,83,1447,1714,3161,1390,1523,2913
102,"THEFT/OTHER","38.9025842716","-77.0619547575",83,0,83,1447,1714,3161,1390,1523,2913
102,"THEFT/OTHER","38.9051883564","-77.0606772966",83,0,83,1447,1714,3161,1390,1523,2913
102,"THEFT F/AUTO","38.9092682256","-77.0624102214",83,0,83,1447,1714,3161,1390,1523,2913
102,"THEFT F/AUTO","38.9034220422","-77.0619670139",83,0,83,1447,1714,3161,1390,1523,2913
102,"THEFT F/AUTO","38.905998831","-77.0612083276",83,0,83,1447,1714,3161,1390,1523,2913
102,"THEFT F/AUTO","38.9060722107","-77.0586489134",83,0,83,1447,1714,3161,1390,1523,2913
102,"THEFT/OTHER","38.9043052797","-77.0611722877",83,0,83,1447,1714,3161,1390,1523,2913
102,"THEFT F/AUTO","38.906800087","-77.0621313588",83,0,83,1447,1714,3161,1390,1523,2913
102,"THEFT F/AUTO","38.9030080953","-77.0611365892",83,0,83,1447,1714,3161,1390,1523,2913
102,"THEFT/OTHER","38.9055925925","-77.062833582",83,0,83,1447,1714,3161,1390,1523,2913
102,"THEFT F/AUTO","38.9099280066","-77.0582024217",83,0,83,1447,1714,3161,1390,1523,2913
102,"THEFT F/AUTO","38.9034220422","-77.0619670139",83,0,83,1447,1714,3161,1390,1523,2913
102,"THEFT/OTHER","38.9064303563","-77.0628573785",83,0,83,1447,1714,3161,1390,1523,2913
102,"THEFT F/AUTO","38.9038914343","-77.0601343386",83,0,83,1447,1714,3161,1390,1523,2913
102,"THEFT/OTHER","38.9092494365","-77.0638398866",83,0,83,1447,1714,3161,1390,1523,2913
102,"THEFT/OTHER","38.9064303563","-77.0628573785",83,0,83,1447,1714,3161,1390,1523,2913
102,"BURGLARY","38.9104852984","-77.0606126235",83,0,83,1447,1714,3161,1390,1523,2913
102,"THEFT/OTHER","38.9047239407","-77.0619457788",83,0,83,1447,1714,3161,1390,1523,2913
102,"THEFT/OTHER","38.9105820159","-77.0650286597",83,0,83,1447,1714,3161,1390,1523,2913
102,"THEFT/OTHER","38.9064303563","-77.0628573785",83,0,83,1447,1714,3161,1390,1523,2913
102,"THEFT/OTHER","38.9043052797","-77.0611722877",83,0,83,1447,1714,3161,1390,1523,2913
102,"THEFT F/AUTO","38.9025854892","-77.0596144501",83,0,83,1447,1714,3161,1390,1523,2913
102,"THEFT F/AUTO","38.9034220422","-77.0619670139",83,0,83,1447,1714,3161,1390,1523,2913
102,"THEFT F/AUTO","38.905998831","-77.0612083276",83,0,83,1447,1714,3161,1390,1523,2913
102,"THEFT/OTHER","38.9064303563","-77.0628573785",83,0,83,1447,1714,3161,1390,1523,2913
102,"THEFT/OTHER","38.9055925925","-77.062833582",83,0,83,1447,1714,3161,1390,1523,2913
102,"MOTOR VEHICLE THEFT","38.9109709309","-77.062169582",83,0,83,1447,1714,3161,1390,1523,2913
102,"BURGLARY","38.9051883564","-77.0606772966",83,0,83,1447,1714,3161,1390,1523,2913
102,"BURGLARY","38.9051786519","-77.0620031271",83,0,83,1447,1714,3161,1390,1523,2913
102,"ROBBERY","38.9038924725","-77.0580822088",83,0,83,1447,1714,3161,1390,1523,2913
102,"THEFT F/AUTO","38.906800087","-77.0621313588",83,0,83,1447,1714,3161,1390,1523,2913
102,"THEFT/OTHER","38.9051786519","-77.0620031271",83,0,83,1447,1714,3161,1390,1523,2913
102,"THEFT/OTHER","38.9051786519","-77.0620031271",83,0,83,1447,1714,3161,1390,1523,2913
102,"THEFT F/AUTO","38.9034220422","-77.0619670139",83,0,83,1447,1714,3161,1390,1523,2913
102,"THEFT/OTHER","38.9051786519","-77.0620031271",83,0,83,1447,1714,3161,1390,1523,2913
102,"THEFT/OTHER","38.9051883564","-77.0606772966",83,0,83,1447,1714,3161,1390,1523,2913
102,"THEFT/OTHER","38.9025842716","-77.0619547575",83,0,83,1447,1714,3161,1390,1523,2913
102,"BURGLARY","38.9051883564","-77.0606772966",83,0,83,1447,1714,3161,1390,1523,2913
102,"THEFT/OTHER","38.9162194455","-77.0681701824",83,0,83,1447,1714,3161,1390,1523,2913
102,"THEFT/OTHER","38.9090060154","-77.0641970879",83,0,83,1447,1714,3161,1390,1523,2913
102,"THEFT/OTHER","38.9025939755","-77.0606289753",83,0,83,1447,1714,3161,1390,1523,2913
102,"THEFT/OTHER","38.905225426","-77.0586482171",83,0,83,1447,1714,3161,1390,1523,2913
102,"THEFT/OTHER","38.9051883564","-77.0606772966",83,0,83,1447,1714,3161,1390,1523,2913
102,"THEFT/OTHER","38.9064303563","-77.0628573785",83,0,83,1447,1714,3161,1390,1523,2913
102,"THEFT/OTHER","38.9051786519","-77.0620031271",83,0,83,1447,1714,3161,1390,1523,2913
102,"THEFT/OTHER","38.9051883564","-77.0606772966",83,0,83,1447,1714,3161,1390,1523,2913
102,"BURGLARY","38.9052439817","-77.0575645024",83,0,83,1447,1714,3161,1390,1523,2913
102,"BURGLARY","38.9072138708","-77.0632500673",83,0,83,1447,1714,3161,1390,1523,2913
102,"THEFT F/AUTO","38.9055925925","-77.062833582",83,0,83,1447,1714,3161,1390,1523,2913
102,"BURGLARY","38.9051786519","-77.0620031271",83,0,83,1447,1714,3161,1390,1523,2913
102,"THEFT F/AUTO","38.9093247164","-77.0576600334",83,0,83,1447,1714,3161,1390,1523,2913
102,"THEFT/OTHER","38.9051786519","-77.0620031271",83,0,83,1447,1714,3161,1390,1523,2913
102,"THEFT F/AUTO","38.9038914343","-77.0601343386",83,0,83,1447,1714,3161,1390,1523,2913
102,"THEFT F/AUTO","38.905998831","-77.0612083276",83,0,83,1447,1714,3161,1390,1523,2913
102,"THEFT F/AUTO","38.9034220422","-77.0619670139",83,0,83,1447,1714,3161,1390,1523,2913
102,"THEFT F/AUTO","38.9045746677","-77.0627980986",83,0,83,1447,1714,3161,1390,1523,2913
102,"THEFT/OTHER","38.9162194455","-77.0681701824",83,0,83,1447,1714,3161,1390,1523,2913
102,"THEFT F/AUTO","38.9076197296","-77.0623511319",83,0,83,1447,1714,3161,1390,1523,2913
102,"THEFT/OTHER","38.9025939755","-77.0606289753",83,0,83,1447,1714,3161,1390,1523,2913
102,"BURGLARY","38.9072138708","-77.0632500673",83,0,83,1447,1714,3161,1390,1523,2913
102,"THEFT/OTHER","38.9055925925","-77.062833582",83,0,83,1447,1714,3161,1390,1523,2913
102,"THEFT/OTHER","38.9068474504","-77.0576003843",83,0,83,1447,1714,3161,1390,1523,2913
102,"THEFT F/AUTO","38.9084393718","-77.06257091",83,0,83,1447,1714,3161,1390,1523,2913
102,"THEFT/OTHER","38.9043052797","-77.0611722877",83,0,83,1447,1714,3161,1390,1523,2913
102,"THEFT/OTHER","38.9055925925","-77.062833582",83,0,83,1447,1714,3161,1390,1523,2913
102,"ROBBERY","38.9030080953","-77.0611365892",83,0,83,1447,1714,3161,1390,1523,2913
102,"THEFT F/AUTO","38.9034220422","-77.0619670139",83,0,83,1447,1714,3161,1390,1523,2913
102,"THEFT/OTHER","38.9162194455","-77.0681701824",83,0,83,1447,1714,3161,1390,1523,2913
102,"THEFT/OTHER","38.9051786519","-77.0620031271",83,0,83,1447,1714,3161,1390,1523,2913
102,"THEFT F/AUTO","38.9034220422","-77.0619670139",83,0,83,1447,1714,3161,1390,1523,2913
102,"THEFT/OTHER","38.9086097622","-77.0639891987",83,0,83,1447,1714,3161,1390,1523,2913
102,"THEFT/OTHER","38.9036918556","-77.0627857926",83,0,83,1447,1714,3161,1390,1523,2913
102,"THEFT/OTHER","38.9051883564","-77.0606772966",83,0,83,1447,1714,3161,1390,1523,2913
102,"THEFT F/AUTO","38.9076197296","-77.0623511319",83,0,83,1447,1714,3161,1390,1523,2913
102,"THEFT/OTHER","38.9051883564","-77.0606772966",83,0,83,1447,1714,3161,1390,1523,2913
102,"THEFT F/AUTO","38.905998831","-77.0612083276",83,0,83,1447,1714,3161,1390,1523,2913
102,"THEFT/OTHER","38.9043052797","-77.0611722877",83,0,83,1447,1714,3161,1390,1523,2913
102,"THEFT/OTHER","38.906800087","-77.0621313588",83,0,83,1447,1714,3161,1390,1523,2913
102,"THEFT/OTHER","38.9099094625","-77.0592516181",83,0,83,1447,1714,3161,1390,1523,2913
102,"THEFT F/AUTO","38.905998831","-77.0612083276",83,0,83,1447,1714,3161,1390,1523,2913
102,"THEFT F/AUTO","38.9056395426","-77.0591788965",83,0,83,1447,1714,3161,1390,1523,2913
102,"THEFT/OTHER","38.9146984446","-77.0657127167",83,0,83,1447,1714,3161,1390,1523,2913
102,"THEFT F/AUTO","38.9076478735","-77.0602182116",83,0,83,1447,1714,3161,1390,1523,2913
102,"THEFT/OTHER","38.9052068897","-77.0596742862",83,0,83,1447,1714,3161,1390,1523,2913
102,"THEFT/OTHER","38.9055925925","-77.062833582",83,0,83,1447,1714,3161,1390,1523,2913
102,"THEFT/OTHER","38.9051786519","-77.0620031271",83,0,83,1447,1714,3161,1390,1523,2913
102,"BURGLARY","38.9098811724","-77.0616959106",83,0,83,1447,1714,3161,1390,1523,2913
102,"THEFT F/AUTO","38.9043052797","-77.0611722877",83,0,83,1447,1714,3161,1390,1523,2913
102,"THEFT/OTHER","38.9051786519","-77.0620031271",83,0,83,1447,1714,3161,1390,1523,2913
102,"THEFT/OTHER","38.9055925925","-77.062833582",83,0,83,1447,1714,3161,1390,1523,2913
102,"THEFT/OTHER","38.9162194455","-77.0681701824",83,0,83,1447,1714,3161,1390,1523,2913
102,"THEFT/OTHER","38.9051883564","-77.0606772966",83,0,83,1447,1714,3161,1390,1523,2913
102,"THEFT F/AUTO","38.9038924725","-77.0580822088",83,0,83,1447,1714,3161,1390,1523,2913
102,"THEFT/OTHER","38.9051883564","-77.0606772966",83,0,83,1447,1714,3161,1390,1523,2913
102,"THEFT/OTHER","38.9025854892","-77.0596144501",83,0,83,1447,1714,3161,1390,1523,2913
102,"BURGLARY","38.9025939755","-77.0606289753",83,0,83,1447,1714,3161,1390,1523,2913
102,"THEFT/OTHER","38.9162194455","-77.0681701824",83,0,83,1447,1714,3161,1390,1523,2913
102,"THEFT F/AUTO","38.9025842716","-77.0619547575",83,0,83,1447,1714,3161,1390,1523,2913
102,"THEFT F/AUTO","38.90682812","-77.0602059903",83,0,83,1447,1714,3161,1390,1523,2913
102,"THEFT F/AUTO","38.9038914343","-77.0601343386",83,0,83,1447,1714,3161,1390,1523,2913
102,"THEFT/OTHER","38.9051786519","-77.0620031271",83,0,83,1447,1714,3161,1390,1523,2913
102,"THEFT/OTHER","38.9162194455","-77.0681701824",83,0,83,1447,1714,3161,1390,1523,2913
102,"THEFT F/AUTO","38.9034220422","-77.0619670139",83,0,83,1447,1714,3161,1390,1523,2913
102,"BURGLARY","38.9051786519","-77.0620031271",83,0,83,1447,1714,3161,1390,1523,2913
102,"THEFT F/AUTO","38.9038914343","-77.0601343386",83,0,83,1447,1714,3161,1390,1523,2913
102,"THEFT/OTHER","38.9126655663","-77.0601302062",83,0,83,1447,1714,3161,1390,1523,2913
102,"THEFT/OTHER","38.9025854892","-77.0596144501",83,0,83,1447,1714,3161,1390,1523,2913
102,"BURGLARY","38.9052439817","-77.0575645024",83,0,83,1447,1714,3161,1390,1523,2913
102,"THEFT/OTHER","38.9064303563","-77.0628573785",83,0,83,1447,1714,3161,1390,1523,2913
102,"THEFT F/AUTO","38.9038914343","-77.0601343386",83,0,83,1447,1714,3161,1390,1523,2913
102,"THEFT/OTHER","38.9051883564","-77.0606772966",83,0,83,1447,1714,3161,1390,1523,2913
102,"THEFT/OTHER","38.9025842716","-77.0619547575",83,0,83,1447,1714,3161,1390,1523,2913
102,"THEFT/OTHER","38.9162194455","-77.0681701824",83,0,83,1447,1714,3161,1390,1523,2913
102,"THEFT/OTHER","38.9064303563","-77.0628573785",83,0,83,1447,1714,3161,1390,1523,2913
102,"THEFT F/AUTO","38.9084676208","-77.0602419628",83,0,83,1447,1714,3161,1390,1523,2913
102,"THEFT F/AUTO","38.9051786519","-77.0620031271",83,0,83,1447,1714,3161,1390,1523,2913
102,"THEFT F/AUTO","38.9038914343","-77.0601343386",83,0,83,1447,1714,3161,1390,1523,2913
102,"BURGLARY","38.9086097622","-77.0639891987",83,0,83,1447,1714,3161,1390,1523,2913
102,"MOTOR VEHICLE THEFT","38.9116030127","-77.0592876152",83,0,83,1447,1714,3161,1390,1523,2913
102,"THEFT F/AUTO","38.905998831","-77.0612083276",83,0,83,1447,1714,3161,1390,1523,2913
102,"THEFT F/AUTO","38.9051786519","-77.0620031271",83,0,83,1447,1714,3161,1390,1523,2913
102,"THEFT F/AUTO","38.9034220422","-77.0619670139",83,0,83,1447,1714,3161,1390,1523,2913
102,"THEFT F/AUTO","38.907223954","-77.0612324377",83,0,83,1447,1714,3161,1390,1523,2913
102,"THEFT F/AUTO","38.9076666704","-77.0586848127",83,0,83,1447,1714,3161,1390,1523,2913
102,"THEFT F/AUTO","38.9038914343","-77.0601343386",83,0,83,1447,1714,3161,1390,1523,2913
102,"THEFT F/AUTO","38.9034220422","-77.0619670139",83,0,83,1447,1714,3161,1390,1523,2913
102,"THEFT F/AUTO","38.9036918556","-77.0627857926",83,0,83,1447,1714,3161,1390,1523,2913
102,"MOTOR VEHICLE THEFT","38.908881465","-77.0612799792",83,0,83,1447,1714,3161,1390,1523,2913
102,"BURGLARY","38.9095013345","-77.0644511878",83,0,83,1447,1714,3161,1390,1523,2913
102,"BURGLARY","38.9051786519","-77.0620031271",83,0,83,1447,1714,3161,1390,1523,2913
102,"THEFT/OTHER","38.9084393718","-77.06257091",83,0,83,1447,1714,3161,1390,1523,2913
102,"BURGLARY","38.9152289174","-77.0675004574",83,0,83,1447,1714,3161,1390,1523,2913
102,"BURGLARY","38.9051786519","-77.0620031271",83,0,83,1447,1714,3161,1390,1523,2913
102,"THEFT/OTHER","38.9104570668","-77.0628955169",83,0,83,1447,1714,3161,1390,1523,2913
102,"THEFT/OTHER","38.9086097622","-77.0639891987",83,0,83,1447,1714,3161,1390,1523,2913
102,"THEFT/OTHER","38.9051786519","-77.0620031271",83,0,83,1447,1714,3161,1390,1523,2913
102,"THEFT/OTHER","38.9025842716","-77.0619547575",83,0,83,1447,1714,3161,1390,1523,2913
102,"THEFT/OTHER","38.9038914343","-77.0601343386",83,0,83,1447,1714,3161,1390,1523,2913
102,"MOTOR VEHICLE THEFT","38.9056490834","-77.0581182265",83,0,83,1447,1714,3161,1390,1523,2913
102,"THEFT/OTHER","38.9051786519","-77.0620031271",83,0,83,1447,1714,3161,1390,1523,2913
102,"THEFT/OTHER","38.9025854892","-77.0596144501",83,0,83,1447,1714,3161,1390,1523,2913
102,"THEFT/OTHER","38.9162194455","-77.0681701824",83,0,83,1447,1714,3161,1390,1523,2913
102,"ASSAULT W/DANGEROUS WEAPON","38.90508182","-77.0575874295",83,0,83,1447,1714,3161,1390,1523,2913
102,"THEFT/OTHER","38.9051883564","-77.0606772966",83,0,83,1447,1714,3161,1390,1523,2913
102,"THEFT F/AUTO","38.9084676208","-77.0602419628",83,0,83,1447,1714,3161,1390,1523,2913
102,"THEFT/OTHER","38.9099094625","-77.0592516181",83,0,83,1447,1714,3161,1390,1523,2913
102,"THEFT F/AUTO","38.905998831","-77.0612083276",83,0,83,1447,1714,3161,1390,1523,2913
102,"THEFT F/AUTO","38.9051786519","-77.0620031271",83,0,83,1447,1714,3161,1390,1523,2913
102,"THEFT/OTHER","38.9043052797","-77.0611722877",83,0,83,1447,1714,3161,1390,1523,2913
102,"THEFT/OTHER","38.9052439817","-77.0575645024",83,0,83,1447,1714,3161,1390,1523,2913
102,"THEFT/OTHER","38.9051786519","-77.0620031271",83,0,83,1447,1714,3161,1390,1523,2913
102,"THEFT F/AUTO","38.9034220422","-77.0619670139",83,0,83,1447,1714,3161,1390,1523,2913
102,"THEFT F/AUTO","38.906800087","-77.0621313588",83,0,83,1447,1714,3161,1390,1523,2913
102,"THEFT/OTHER","38.9072138708","-77.0632500673",83,0,83,1447,1714,3161,1390,1523,2913
102,"THEFT F/AUTO","38.9098811724","-77.0616959106",83,0,83,1447,1714,3161,1390,1523,2913
102,"BURGLARY","38.9055925925","-77.062833582",83,0,83,1447,1714,3161,1390,1523,2913
102,"THEFT F/AUTO","38.9030080953","-77.0611365892",83,0,83,1447,1714,3161,1390,1523,2913
102,"THEFT F/AUTO","38.9038919404","-77.0591428602",83,0,83,1447,1714,3161,1390,1523,2913
102,"THEFT F/AUTO","38.9038924725","-77.0580822088",83,0,83,1447,1714,3161,1390,1523,2913
102,"BURGLARY","38.9076478735","-77.0602182116",83,0,83,1447,1714,3161,1390,1523,2913
102,"THEFT/OTHER","38.9051786519","-77.0620031271",83,0,83,1447,1714,3161,1390,1523,2913
102,"THEFT F/AUTO","38.9068379143","-77.0586610723",83,0,83,1447,1714,3161,1390,1523,2913
102,"THEFT/OTHER","38.9086097622","-77.0639891987",83,0,83,1447,1714,3161,1390,1523,2913
102,"THEFT F/AUTO","38.9038924725","-77.0580822088",83,0,83,1447,1714,3161,1390,1523,2913
102,"THEFT/OTHER","38.9051786519","-77.0620031271",83,0,83,1447,1714,3161,1390,1523,2913
102,"THEFT/OTHER","38.9064303563","-77.0628573785",83,0,83,1447,1714,3161,1390,1523,2913
102,"THEFT/OTHER","38.9051883564","-77.0606772966",83,0,83,1447,1714,3161,1390,1523,2913
102,"THEFT F/AUTO","38.906800087","-77.0621313588",83,0,83,1447,1714,3161,1390,1523,2913
102,"THEFT/OTHER","38.9152289174","-77.0675004574",83,0,83,1447,1714,3161,1390,1523,2913
102,"THEFT F/AUTO","38.905998831","-77.0612083276",83,0,83,1447,1714,3161,1390,1523,2913
102,"MOTOR VEHICLE THEFT","38.9051883564","-77.0606772966",83,0,83,1447,1714,3161,1390,1523,2913
102,"THEFT/OTHER","38.9038919404","-77.0591428602",83,0,83,1447,1714,3161,1390,1523,2913
102,"MOTOR VEHICLE THEFT","38.905998831","-77.0612083276",83,0,83,1447,1714,3161,1390,1523,2913
102,"THEFT F/AUTO","38.905998831","-77.0612083276",83,0,83,1447,1714,3161,1390,1523,2913
102,"BURGLARY","38.9086097622","-77.0639891987",83,0,83,1447,1714,3161,1390,1523,2913
102,"THEFT F/AUTO","38.9025939755","-77.0606289753",83,0,83,1447,1714,3161,1390,1523,2913
102,"THEFT/OTHER","38.9051786519","-77.0620031271",83,0,83,1447,1714,3161,1390,1523,2913
102,"THEFT/OTHER","38.9051786519","-77.0620031271",83,0,83,1447,1714,3161,1390,1523,2913
102,"THEFT F/AUTO","38.9038919404","-77.0591428602",83,0,83,1447,1714,3161,1390,1523,2913
102,"THEFT F/AUTO","38.905998831","-77.0612083276",83,0,83,1447,1714,3161,1390,1523,2913
102,"THEFT/OTHER","38.905225426","-77.0586482171",83,0,83,1447,1714,3161,1390,1523,2913
102,"THEFT F/AUTO","38.9152289174","-77.0675004574",83,0,83,1447,1714,3161,1390,1523,2913
102,"THEFT/OTHER","38.9045746677","-77.0627980986",83,0,83,1447,1714,3161,1390,1523,2913
102,"THEFT/OTHER","38.9052068897","-77.0596742862",83,0,83,1447,1714,3161,1390,1523,2913
102,"THEFT/OTHER","38.9051786519","-77.0620031271",83,0,83,1447,1714,3161,1390,1523,2913
102,"THEFT/OTHER","38.9025842716","-77.0619547575",83,0,83,1447,1714,3161,1390,1523,2913
102,"THEFT/OTHER","38.9051786519","-77.0620031271",83,0,83,1447,1714,3161,1390,1523,2913
102,"THEFT/OTHER","38.9038914343","-77.0601343386",83,0,83,1447,1714,3161,1390,1523,2913
102,"THEFT F/AUTO","38.911908872","-77.0601180381",83,0,83,1447,1714,3161,1390,1523,2913
102,"THEFT/OTHER","38.9162194455","-77.0681701824",83,0,83,1447,1714,3161,1390,1523,2913
102,"THEFT F/AUTO","38.9056395426","-77.0591788965",83,0,83,1447,1714,3161,1390,1523,2913
102,"THEFT F/AUTO","38.9038914343","-77.0601343386",83,0,83,1447,1714,3161,1390,1523,2913
102,"ASSAULT W/DANGEROUS WEAPON","38.9051883564","-77.0606772966",83,0,83,1447,1714,3161,1390,1523,2913
102,"BURGLARY","38.9064303563","-77.0628573785",83,0,83,1447,1714,3161,1390,1523,2913
102,"THEFT/OTHER","38.9052439817","-77.0575645024",83,0,83,1447,1714,3161,1390,1523,2913
102,"THEFT/OTHER","38.905225426","-77.0586482171",83,0,83,1447,1714,3161,1390,1523,2913
102,"ROBBERY","38.9092869188","-77.0611304415",83,0,83,1447,1714,3161,1390,1523,2913
102,"THEFT/OTHER","38.9064303563","-77.0628573785",83,0,83,1447,1714,3161,1390,1523,2913
102,"THEFT/OTHER","38.9056490834","-77.0581182265",83,0,83,1447,1714,3161,1390,1523,2913
102,"THEFT/OTHER","38.9051786519","-77.0620031271",83,0,83,1447,1714,3161,1390,1523,2913
102,"BURGLARY","38.9045746677","-77.0627980986",83,0,83,1447,1714,3161,1390,1523,2913
102,"THEFT F/AUTO","38.9076197296","-77.0623511319",83,0,83,1447,1714,3161,1390,1523,2913
102,"THEFT/OTHER","38.9025854892","-77.0596144501",83,0,83,1447,1714,3161,1390,1523,2913
102,"THEFT/OTHER","38.9162194455","-77.0681701824",83,0,83,1447,1714,3161,1390,1523,2913
102,"THEFT/OTHER","38.90682812","-77.0602059903",83,0,83,1447,1714,3161,1390,1523,2913
102,"THEFT/OTHER","38.90508182","-77.0575874295",83,0,83,1447,1714,3161,1390,1523,2913
102,"THEFT F/AUTO","38.9038919404","-77.0591428602",83,0,83,1447,1714,3161,1390,1523,2913
102,"THEFT/OTHER","38.9072138708","-77.0632500673",83,0,83,1447,1714,3161,1390,1523,2913
102,"THEFT/OTHER","38.9055925925","-77.062833582",83,0,83,1447,1714,3161,1390,1523,2913
102,"THEFT F/AUTO","38.905998831","-77.0612083276",83,0,83,1447,1714,3161,1390,1523,2913
102,"THEFT/OTHER","38.9162194455","-77.0681701824",83,0,83,1447,1714,3161,1390,1523,2913
102,"THEFT/OTHER","38.9162194455","-77.0681701824",83,0,83,1447,1714,3161,1390,1523,2913
102,"THEFT/OTHER","38.9052068897","-77.0596742862",83,0,83,1447,1714,3161,1390,1523,2913
102,"THEFT/OTHER","38.9055925925","-77.062833582",83,0,83,1447,1714,3161,1390,1523,2913
102,"MOTOR VEHICLE THEFT","38.9025842716","-77.0619547575",83,0,83,1447,1714,3161,1390,1523,2913
102,"THEFT/OTHER","38.9051883564","-77.0606772966",83,0,83,1447,1714,3161,1390,1523,2913
102,"THEFT F/AUTO","38.9034220422","-77.0619670139",83,0,83,1447,1714,3161,1390,1523,2913
102,"THEFT F/AUTO","38.9034220422","-77.0619670139",83,0,83,1447,1714,3161,1390,1523,2913
102,"THEFT/OTHER","38.9052439817","-77.0575645024",83,0,83,1447,1714,3161,1390,1523,2913
102,"THEFT/OTHER","38.9025842716","-77.0619547575",83,0,83,1447,1714,3161,1390,1523,2913
102,"MOTOR VEHICLE THEFT","38.9051786519","-77.0620031271",83,0,83,1447,1714,3161,1390,1523,2913
102,"THEFT/OTHER","38.9051883564","-77.0606772966",83,0,83,1447,1714,3161,1390,1523,2913
102,"THEFT/OTHER","38.9064303563","-77.0628573785",83,0,83,1447,1714,3161,1390,1523,2913
102,"THEFT F/AUTO","38.9141407424","-77.0642478317",83,0,83,1447,1714,3161,1390,1523,2913
102,"THEFT/OTHER","38.9051786519","-77.0620031271",83,0,83,1447,1714,3161,1390,1523,2913
102,"THEFT F/AUTO","38.9051883564","-77.0606772966",83,0,83,1447,1714,3161,1390,1523,2913
102,"THEFT/OTHER","38.9025842716","-77.0619547575",83,0,83,1447,1714,3161,1390,1523,2913
102,"THEFT F/AUTO","38.9038914343","-77.0601343386",83,0,83,1447,1714,3161,1390,1523,2913
102,"THEFT/OTHER","38.9086097622","-77.0639891987",83,0,83,1447,1714,3161,1390,1523,2913
102,"THEFT/OTHER","38.9052068897","-77.0596742862",83,0,83,1447,1714,3161,1390,1523,2913
102,"THEFT F/AUTO","38.9008211973","-77.0569153469",83,0,83,1447,1714,3161,1390,1523,2913
102,"THEFT F/AUTO","38.90682812","-77.0602059903",83,0,83,1447,1714,3161,1390,1523,2913
102,"BURGLARY","38.9086097622","-77.0639891987",83,0,83,1447,1714,3161,1390,1523,2913
102,"THEFT F/AUTO","38.9038914343","-77.0601343386",83,0,83,1447,1714,3161,1390,1523,2913
201,"THEFT F/AUTO","38.9126029448","-77.0749580332",0,0,0,0,0,0,0,0,0
201,"THEFT/OTHER","38.9076868688","-77.0709867398",0,0,0,0,0,0,0,0,0
201,"THEFT/OTHER","38.9126029448","-77.0749580332",0,0,0,0,0,0,0,0,0
201,"THEFT/OTHER","38.9076868688","-77.0709867398",0,0,0,0,0,0,0,0,0
201,"MOTOR VEHICLE THEFT","38.9076868688","-77.0709867398",0,0,0,0,0,0,0,0,0
201,"THEFT/OTHER","38.9076868688","-77.0709867398",0,0,0,0,0,0,0,0,0
201,"THEFT/OTHER","38.9063602465","-77.0748246513",0,0,0,0,0,0,0,0,0
201,"THEFT/OTHER","38.9076868688","-77.0709867398",0,0,0,0,0,0,0,0,0
201,"THEFT/OTHER","38.9126029448","-77.0749580332",0,0,0,0,0,0,0,0,0
201,"THEFT/OTHER","38.9126029448","-77.0749580332",0,0,0,0,0,0,0,0,0
201,"THEFT/OTHER","38.9126029448","-77.0749580332",0,0,0,0,0,0,0,0,0
201,"THEFT/OTHER","38.9076868688","-77.0709867398",0,0,0,0,0,0,0,0,0
201,"ROBBERY","38.9126029448","-77.0749580332",0,0,0,0,0,0,0,0,0
201,"THEFT/OTHER","38.912576908","-77.0734014248",0,0,0,0,0,0,0,0,0
201,"ROBBERY","38.9092104053","-77.0691089175",0,0,0,0,0,0,0,0,0
201,"THEFT/OTHER","38.9066585733","-77.073164749",0,0,0,0,0,0,0,0,0
201,"THEFT/OTHER","38.9087138349","-77.0740122079",0,0,0,0,0,0,0,0,0
202,"THEFT/OTHER","38.9112480182","-77.0661246182",15,0,15,1756,1358,3114,1531,1241,2772
202,"BURGLARY","38.9105820159","-77.0650286597",15,0,15,1756,1358,3114,1531,1241,2772
202,"THEFT/OTHER","38.9037891811","-77.0659908869",15,0,15,1756,1358,3114,1531,1241,2772
202,"THEFT F/AUTO","38.9087333433","-77.0684627972",15,0,15,1756,1358,3114,1531,1241,2772
202,"THEFT F/AUTO","38.9107340437","-77.0670004165",15,0,15,1756,1358,3114,1531,1241,2772
202,"THEFT/OTHER","38.9051505514","-77.0639976245",15,0,15,1756,1358,3114,1531,1241,2772
202,"MOTOR VEHICLE THEFT","38.9036918556","-77.0627857926",15,0,15,1756,1358,3114,1531,1241,2772
202,"THEFT/OTHER","38.9051505514","-77.0639976245",15,0,15,1756,1358,3114,1531,1241,2772
202,"THEFT/OTHER","38.9041655887","-77.0693461361",15,0,15,1756,1358,3114,1531,1241,2772
202,"THEFT/OTHER","38.9087333433","-77.0684627972",15,0,15,1756,1358,3114,1531,1241,2772
202,"THEFT/OTHER","38.9121128185","-77.06612542",15,0,15,1756,1358,3114,1531,1241,2772
202,"THEFT F/AUTO","38.9092752049","-77.0660997299",15,0,15,1756,1358,3114,1531,1241,2772
202,"THEFT F/AUTO","38.9039708033","-77.06336248",15,0,15,1756,1358,3114,1531,1241,2772
202,"THEFT/OTHER","38.9041655887","-77.0693461361",15,0,15,1756,1358,3114,1531,1241,2772
202,"THEFT/OTHER","38.9152289174","-77.0675004574",15,0,15,1756,1358,3114,1531,1241,2772
202,"THEFT F/AUTO","38.9029982188","-77.0627736533",15,0,15,1756,1358,3114,1531,1241,2772
202,"THEFT F/AUTO","38.9063097869","-77.068990815",15,0,15,1756,1358,3114,1531,1241,2772
202,"THEFT F/AUTO","38.9097431396","-77.0669764261",15,0,15,1756,1358,3114,1531,1241,2772
202,"THEFT F/AUTO","38.9029982188","-77.0627736533",15,0,15,1756,1358,3114,1531,1241,2772
202,"THEFT F/AUTO","38.9097242473","-77.0684868079",15,0,15,1756,1358,3114,1531,1241,2772
202,"THEFT/OTHER","38.9041655887","-77.0693461361",15,0,15,1756,1358,3114,1531,1241,2772
202,"THEFT F/AUTO","38.9050858456","-77.066937466",15,0,15,1756,1358,3114,1531,1241,2772
202,"BURGLARY","38.9056506524","-77.0715265815",15,0,15,1756,1358,3114,1531,1241,2772
202,"THEFT/OTHER","38.9051135903","-77.0656692995",15,0,15,1756,1358,3114,1531,1241,2772
202,"BURGLARY","38.9050490585","-77.0682402098",15,0,15,1756,1358,3114,1531,1241,2772
202,"BURGLARY","38.9078347976","-77.0644381525",15,0,15,1756,1358,3114,1531,1241,2772
202,"THEFT/OTHER","38.9055277468","-77.066073199",15,0,15,1756,1358,3114,1531,1241,2772
202,"THEFT/OTHER","38.9051505514","-77.0639976245",15,0,15,1756,1358,3114,1531,1241,2772
202,"THEFT/OTHER","38.9059326302","-77.0669382606",15,0,15,1756,1358,3114,1531,1241,2772
202,"THEFT F/AUTO","38.9055277468","-77.066073199",15,0,15,1756,1358,3114,1531,1241,2772
202,"THEFT/OTHER","38.9051505514","-77.0639976245",15,0,15,1756,1358,3114,1531,1241,2772
202,"THEFT/OTHER","38.9077272025","-77.0635156997",15,0,15,1756,1358,3114,1531,1241,2772
202,"THEFT F/AUTO","38.9029982188","-77.0627736533",15,0,15,1756,1358,3114,1531,1241,2772
202,"THEFT/OTHER","38.9051505514","-77.0639976245",15,0,15,1756,1358,3114,1531,1241,2772
202,"ROBBERY","38.9050858456","-77.066937466",15,0,15,1756,1358,3114,1531,1241,2772
202,"THEFT/OTHER","38.9051505514","-77.0639976245",15,0,15,1756,1358,3114,1531,1241,2772
202,"THEFT F/AUTO","38.9088073343","-77.0650962194",15,0,15,1756,1358,3114,1531,1241,2772
202,"THEFT/OTHER","38.9072138708","-77.0632500673",15,0,15,1756,1358,3114,1531,1241,2772
202,"THEFT F/AUTO","38.9152289174","-77.0675004574",15,0,15,1756,1358,3114,1531,1241,2772
202,"BURGLARY","38.9051505514","-77.0639976245",15,0,15,1756,1358,3114,1531,1241,2772
202,"THEFT F/AUTO","38.9152289174","-77.0675004574",15,0,15,1756,1358,3114,1531,1241,2772
202,"THEFT F/AUTO","38.9051505514","-77.0639976245",15,0,15,1756,1358,3114,1531,1241,2772
202,"THEFT/OTHER","38.9055925925","-77.062833582",15,0,15,1756,1358,3114,1531,1241,2772
202,"THEFT F/AUTO","38.9072933826","-77.0660748345",15,0,15,1756,1358,3114,1531,1241,2772
202,"THEFT F/AUTO","38.906393021","-77.0652323668",15,0,15,1756,1358,3114,1531,1241,2772
202,"THEFT F/AUTO","38.9055277468","-77.066073199",15,0,15,1756,1358,3114,1531,1241,2772
202,"MOTOR VEHICLE THEFT","38.9045746677","-77.0627980986",15,0,15,1756,1358,3114,1531,1241,2772
202,"THEFT/OTHER","38.9055925925","-77.062833582",15,0,15,1756,1358,3114,1531,1241,2772
202,"THEFT/OTHER","38.9116970329","-77.0685578828",15,0,15,1756,1358,3114,1531,1241,2772
202,"BURGLARY","38.9048421015","-77.0678364976",15,0,15,1756,1358,3114,1531,1241,2772
202,"BURGLARY","38.9068440447","-77.0641374956",15,0,15,1756,1358,3114,1531,1241,2772
202,"THEFT/OTHER","38.9059326302","-77.0669382606",15,0,15,1756,1358,3114,1531,1241,2772
202,"MOTOR VEHICLE THEFT","38.9097890954","-77.0653623003",15,0,15,1756,1358,3114,1531,1241,2772
202,"THEFT/OTHER","38.9051505514","-77.0639976245",15,0,15,1756,1358,3114,1531,1241,2772
202,"THEFT/OTHER","38.9051505514","-77.0639976245",15,0,15,1756,1358,3114,1531,1241,2772
202,"THEFT F/AUTO","38.9050858456","-77.066937466",15,0,15,1756,1358,3114,1531,1241,2772
202,"THEFT F/AUTO","38.9025842716","-77.0619547575",15,0,15,1756,1358,3114,1531,1241,2772
202,"THEFT/OTHER","38.9081917126","-77.0703646482",15,0,15,1756,1358,3114,1531,1241,2772
202,"THEFT F/AUTO","38.9064303563","-77.0628573785",15,0,15,1756,1358,3114,1531,1241,2772
202,"THEFT/OTHER","38.9037891811","-77.0659908869",15,0,15,1756,1358,3114,1531,1241,2772
202,"THEFT/OTHER","38.9050858456","-77.066937466",15,0,15,1756,1358,3114,1531,1241,2772
202,"ROBBERY","38.9078347976","-77.0644381525",15,0,15,1756,1358,3114,1531,1241,2772
202,"BURGLARY","38.9072008157","-77.0703290826",15,0,15,1756,1358,3114,1531,1241,2772
202,"THEFT/OTHER","38.9051505514","-77.0639976245",15,0,15,1756,1358,3114,1531,1241,2772
202,"THEFT F/AUTO","38.9035284884","-77.0650107006",15,0,15,1756,1358,3114,1531,1241,2772
202,"THEFT/OTHER","38.9041655887","-77.0693461361",15,0,15,1756,1358,3114,1531,1241,2772
202,"THEFT F/AUTO","38.9039708033","-77.06336248",15,0,15,1756,1358,3114,1531,1241,2772
202,"THEFT/OTHER","38.9051505514","-77.0639976245",15,0,15,1756,1358,3114,1531,1241,2772
202,"BURGLARY","38.9051505514","-77.0639976245",15,0,15,1756,1358,3114,1531,1241,2772
202,"THEFT/OTHER","38.9045746677","-77.0627980986",15,0,15,1756,1358,3114,1531,1241,2772
202,"THEFT F/AUTO","38.9112199815","-77.0678886837",15,0,15,1756,1358,3114,1531,1241,2772
202,"MOTOR VEHICLE THEFT","38.9078347976","-77.0644381525",15,0,15,1756,1358,3114,1531,1241,2772
202,"MOTOR VEHICLE THEFT","38.9067794081","-77.0669505846",15,0,15,1756,1358,3114,1531,1241,2772
202,"THEFT/OTHER","38.9150116303","-77.069356682",15,0,15,1756,1358,3114,1531,1241,2772
202,"HOMICIDE","38.9036895779","-77.0668900405",15,0,15,1756,1358,3114,1531,1241,2772
202,"THEFT/OTHER","38.9055925925","-77.062833582",15,0,15,1756,1358,3114,1531,1241,2772
202,"THEFT F/AUTO","38.9068440447","-77.0641374956",15,0,15,1756,1358,3114,1531,1241,2772
202,"BURGLARY","38.9051505514","-77.0639976245",15,0,15,1756,1358,3114,1531,1241,2772
202,"THEFT/OTHER","38.9051505514","-77.0639976245",15,0,15,1756,1358,3114,1531,1241,2772
202,"BURGLARY","38.9081234503","-77.0637351132",15,0,15,1756,1358,3114,1531,1241,2772
202,"THEFT/OTHER","38.9082842938","-77.066087282",15,0,15,1756,1358,3114,1531,1241,2772
202,"THEFT F/AUTO","38.9025842716","-77.0619547575",15,0,15,1756,1358,3114,1531,1241,2772
202,"THEFT/OTHER","38.9051505514","-77.0639976245",15,0,15,1756,1358,3114,1531,1241,2772
202,"MOTOR VEHICLE THEFT","38.9047440531","-77.0660148282",15,0,15,1756,1358,3114,1531,1241,2772
202,"THEFT/OTHER","38.9051505514","-77.0639976245",15,0,15,1756,1358,3114,1531,1241,2772
202,"THEFT/OTHER","38.9152289174","-77.0675004574",15,0,15,1756,1358,3114,1531,1241,2772
202,"THEFT/OTHER","38.9051135903","-77.0656692995",15,0,15,1756,1358,3114,1531,1241,2772
202,"THEFT/OTHER","38.9095013345","-77.0644511878",15,0,15,1756,1358,3114,1531,1241,2772
202,"THEFT/OTHER","38.9051505514","-77.0639976245",15,0,15,1756,1358,3114,1531,1241,2772
202,"THEFT/OTHER","38.9051505514","-77.0639976245",15,0,15,1756,1358,3114,1531,1241,2772
202,"BURGLARY","38.9077272025","-77.0635156997",15,0,15,1756,1358,3114,1531,1241,2772
202,"THEFT/OTHER","38.9077272025","-77.0635156997",15,0,15,1756,1358,3114,1531,1241,2772
202,"THEFT/OTHER","38.9055925925","-77.062833582",15,0,15,1756,1358,3114,1531,1241,2772
202,"THEFT/OTHER","38.9121128185","-77.06612542",15,0,15,1756,1358,3114,1531,1241,2772
202,"THEFT/OTHER","38.9041655887","-77.0693461361",15,0,15,1756,1358,3114,1531,1241,2772
202,"THEFT F/AUTO","38.9050858456","-77.066937466",15,0,15,1756,1358,3114,1531,1241,2772
202,"THEFT/OTHER","38.9051505514","-77.0639976245",15,0,15,1756,1358,3114,1531,1241,2772
202,"THEFT/OTHER","38.9055925925","-77.062833582",15,0,15,1756,1358,3114,1531,1241,2772
202,"THEFT F/AUTO","38.9025842716","-77.0619547575",15,0,15,1756,1358,3114,1531,1241,2772
202,"THEFT F/AUTO","38.9039708033","-77.06336248",15,0,15,1756,1358,3114,1531,1241,2772
202,"THEFT/OTHER","38.9025842716","-77.0619547575",15,0,15,1756,1358,3114,1531,1241,2772
202,"THEFT F/AUTO","38.9036918556","-77.0627857926",15,0,15,1756,1358,3114,1531,1241,2772
202,"THEFT F/AUTO","38.9029982188","-77.0627736533",15,0,15,1756,1358,3114,1531,1241,2772
202,"THEFT/OTHER","38.9051505514","-77.0639976245",15,0,15,1756,1358,3114,1531,1241,2772
202,"THEFT/OTHER","38.9051505514","-77.0639976245",15,0,15,1756,1358,3114,1531,1241,2772
202,"MOTOR VEHICLE THEFT","38.9152289174","-77.0675004574",15,0,15,1756,1358,3114,1531,1241,2772
202,"THEFT/OTHER","38.9068440447","-77.0641374956",15,0,15,1756,1358,3114,1531,1241,2772
202,"THEFT/OTHER","38.9051135903","-77.0656692995",15,0,15,1756,1358,3114,1531,1241,2772
202,"THEFT/OTHER","38.9051505514","-77.0639976245",15,0,15,1756,1358,3114,1531,1241,2772
202,"THEFT/OTHER","38.9051505514","-77.0639976245",15,0,15,1756,1358,3114,1531,1241,2772
202,"THEFT/OTHER","38.9116970329","-77.0685578828",15,0,15,1756,1358,3114,1531,1241,2772
202,"THEFT/OTHER","38.9055925925","-77.062833582",15,0,15,1756,1358,3114,1531,1241,2772
202,"THEFT F/AUTO","38.9041655887","-77.0693461361",15,0,15,1756,1358,3114,1531,1241,2772
202,"THEFT F/AUTO","38.9097431396","-77.0669764261",15,0,15,1756,1358,3114,1531,1241,2772
202,"THEFT/OTHER","38.91316497","-77.0692741739",15,0,15,1756,1358,3114,1531,1241,2772
202,"BURGLARY","38.9051505514","-77.0639976245",15,0,15,1756,1358,3114,1531,1241,2772
202,"THEFT/OTHER","38.9077146713","-77.0696954699",15,0,15,1756,1358,3114,1531,1241,2772
202,"MOTOR VEHICLE THEFT","38.9067794081","-77.0669505846",15,0,15,1756,1358,3114,1531,1241,2772
202,"THEFT/OTHER","38.9105820159","-77.0650286597",15,0,15,1756,1358,3114,1531,1241,2772
202,"THEFT/OTHER","38.9051505514","-77.0639976245",15,0,15,1756,1358,3114,1531,1241,2772
202,"THEFT F/AUTO","38.9036895779","-77.0668900405",15,0,15,1756,1358,3114,1531,1241,2772
202,"BURGLARY","38.9078347976","-77.0644381525",15,0,15,1756,1358,3114,1531,1241,2772
202,"THEFT F/AUTO","38.9054720175","-77.0689784756",15,0,15,1756,1358,3114,1531,1241,2772
202,"THEFT/OTHER","38.9068440447","-77.0641374956",15,0,15,1756,1358,3114,1531,1241,2772
202,"THEFT/OTHER","38.9051505514","-77.0639976245",15,0,15,1756,1358,3114,1531,1241,2772
202,"THEFT/OTHER","38.9051505514","-77.0639976245",15,0,15,1756,1358,3114,1531,1241,2772
202,"THEFT/OTHER","38.9050212309","-77.0696006061",15,0,15,1756,1358,3114,1531,1241,2772
202,"THEFT/OTHER","38.9078347976","-77.0644381525",15,0,15,1756,1358,3114,1531,1241,2772
202,"THEFT/OTHER","38.9051505514","-77.0639976245",15,0,15,1756,1358,3114,1531,1241,2772
202,"THEFT/OTHER","38.9055925925","-77.062833582",15,0,15,1756,1358,3114,1531,1241,2772
202,"BURGLARY","38.9029982188","-77.0627736533",15,0,15,1756,1358,3114,1531,1241,2772
202,"ASSAULT W/DANGEROUS WEAPON","38.9045746677","-77.0627980986",15,0,15,1756,1358,3114,1531,1241,2772
202,"THEFT F/AUTO","38.9050490585","-77.0682402098",15,0,15,1756,1358,3114,1531,1241,2772
202,"THEFT/OTHER","38.9055925925","-77.062833582",15,0,15,1756,1358,3114,1531,1241,2772
202,"THEFT F/AUTO","38.9055277468","-77.066073199",15,0,15,1756,1358,3114,1531,1241,2772
202,"THEFT F/AUTO","38.9036895779","-77.0668900405",15,0,15,1756,1358,3114,1531,1241,2772
202,"THEFT F/AUTO","38.9036918556","-77.0627857926",15,0,15,1756,1358,3114,1531,1241,2772
202,"THEFT F/AUTO","38.9036895779","-77.0668900405",15,0,15,1756,1358,3114,1531,1241,2772
202,"THEFT F/AUTO","38.9072138708","-77.0632500673",15,0,15,1756,1358,3114,1531,1241,2772
202,"THEFT/OTHER","38.9050858456","-77.066937466",15,0,15,1756,1358,3114,1531,1241,2772
202,"THEFT F/AUTO","38.9067425265","-77.0684147692",15,0,15,1756,1358,3114,1531,1241,2772
202,"BURGLARY","38.9051505514","-77.0639976245",15,0,15,1756,1358,3114,1531,1241,2772
202,"THEFT F/AUTO","38.9117687121","-77.0692151673",15,0,15,1756,1358,3114,1531,1241,2772
202,"THEFT F/AUTO","38.9029982188","-77.0627736533",15,0,15,1756,1358,3114,1531,1241,2772
202,"THEFT F/AUTO","38.9039708033","-77.06336248",15,0,15,1756,1358,3114,1531,1241,2772
202,"THEFT/OTHER","38.9081234503","-77.0637351132",15,0,15,1756,1358,3114,1531,1241,2772
202,"THEFT/OTHER","38.9051505514","-77.0639976245",15,0,15,1756,1358,3114,1531,1241,2772
202,"ASSAULT W/DANGEROUS WEAPON","38.9095013345","-77.0644511878",15,0,15,1756,1358,3114,1531,1241,2772
202,"ROBBERY","38.9086965531","-77.0697425477",15,0,15,1756,1358,3114,1531,1241,2772
202,"THEFT/OTHER","38.9051505514","-77.0639976245",15,0,15,1756,1358,3114,1531,1241,2772
202,"THEFT F/AUTO","38.9035284884","-77.0650107006",15,0,15,1756,1358,3114,1531,1241,2772
202,"THEFT F/AUTO","38.9078347976","-77.0644381525",15,0,15,1756,1358,3114,1531,1241,2772
202,"THEFT F/AUTO","38.9059973171","-77.0640329717",15,0,15,1756,1358,3114,1531,1241,2772
202,"THEFT/OTHER","38.9051505514","-77.0639976245",15,0,15,1756,1358,3114,1531,1241,2772
202,"THEFT/OTHER","38.9051135903","-77.0656692995",15,0,15,1756,1358,3114,1531,1241,2772
202,"THEFT F/AUTO","38.9054906958","-77.0678486435",15,0,15,1756,1358,3114,1531,1241,2772
202,"THEFT F/AUTO","38.9029982188","-77.0627736533",15,0,15,1756,1358,3114,1531,1241,2772
202,"BURGLARY","38.9081234503","-77.0637351132",15,0,15,1756,1358,3114,1531,1241,2772
202,"THEFT/OTHER","38.9072138708","-77.0632500673",15,0,15,1756,1358,3114,1531,1241,2772
202,"MOTOR VEHICLE THEFT","38.91316497","-77.0692741739",15,0,15,1756,1358,3114,1531,1241,2772
202,"BURGLARY","38.9051505514","-77.0639976245",15,0,15,1756,1358,3114,1531,1241,2772
202,"THEFT/OTHER","38.9092752049","-77.0660997299",15,0,15,1756,1358,3114,1531,1241,2772
202,"THEFT/OTHER","38.9036895779","-77.0668900405",15,0,15,1756,1358,3114,1531,1241,2772
202,"BURGLARY","38.9050490585","-77.0682402098",15,0,15,1756,1358,3114,1531,1241,2772
202,"THEFT/OTHER","38.912264157","-77.0692387085",15,0,15,1756,1358,3114,1531,1241,2772
202,"ROBBERY","38.9077272025","-77.0635156997",15,0,15,1756,1358,3114,1531,1241,2772
202,"BURGLARY","38.9051135903","-77.0656692995",15,0,15,1756,1358,3114,1531,1241,2772
202,"THEFT/OTHER","38.9051505514","-77.0639976245",15,0,15,1756,1358,3114,1531,1241,2772
202,"ROBBERY","38.9077424392","-77.0684387872",15,0,15,1756,1358,3114,1531,1241,2772
202,"THEFT/OTHER","38.9039708033","-77.06336248",15,0,15,1756,1358,3114,1531,1241,2772
202,"BURGLARY","38.9088073343","-77.0650962194",15,0,15,1756,1358,3114,1531,1241,2772
202,"THEFT/OTHER","38.9051505514","-77.0639976245",15,0,15,1756,1358,3114,1531,1241,2772
202,"BURGLARY","38.9050667439","-77.0688051485",15,0,15,1756,1358,3114,1531,1241,2772
202,"BURGLARY","38.9088073343","-77.0650962194",15,0,15,1756,1358,3114,1531,1241,2772
202,"THEFT F/AUTO","38.9082195082","-77.0690733688",15,0,15,1756,1358,3114,1531,1241,2772
202,"THEFT F/AUTO","38.9072008157","-77.0703290826",15,0,15,1756,1358,3114,1531,1241,2772
202,"THEFT F/AUTO","38.9036895779","-77.0668900405",15,0,15,1756,1358,3114,1531,1241,2772
202,"THEFT/OTHER","38.9029982188","-77.0627736533",15,0,15,1756,1358,3114,1531,1241,2772
202,"THEFT/OTHER","38.9055925925","-77.062833582",15,0,15,1756,1358,3114,1531,1241,2772
202,"THEFT F/AUTO","38.9077980708","-77.0656833006",15,0,15,1756,1358,3114,1531,1241,2772
202,"BURGLARY","38.9051505514","-77.0639976245",15,0,15,1756,1358,3114,1531,1241,2772
202,"THEFT/OTHER","38.9054720175","-77.0689784756",15,0,15,1756,1358,3114,1531,1241,2772
202,"THEFT/OTHER","38.9029493106","-77.0695985844",15,0,15,1756,1358,3114,1531,1241,2772
202,"THEFT F/AUTO","38.9092381669","-77.0678522083",15,0,15,1756,1358,3114,1531,1241,2772
202,"THEFT/OTHER","38.9051505514","-77.0639976245",15,0,15,1756,1358,3114,1531,1241,2772
202,"THEFT F/AUTO","38.9033849591","-77.0639153392",15,0,15,1756,1358,3114,1531,1241,2772
202,"THEFT F/AUTO","38.9039708033","-77.06336248",15,0,15,1756,1358,3114,1531,1241,2772
202,"THEFT F/AUTO","38.9051505514","-77.0639976245",15,0,15,1756,1358,3114,1531,1241,2772
202,"THEFT/OTHER","38.9055925925","-77.062833582",15,0,15,1756,1358,3114,1531,1241,2772
202,"THEFT/OTHER","38.9051505514","-77.0639976245",15,0,15,1756,1358,3114,1531,1241,2772
202,"THEFT/OTHER","38.9055925925","-77.062833582",15,0,15,1756,1358,3114,1531,1241,2772
202,"BURGLARY","38.9112199815","-77.0678886837",15,0,15,1756,1358,3114,1531,1241,2772
202,"BURGLARY","38.9072138708","-77.0632500673",15,0,15,1756,1358,3114,1531,1241,2772
202,"THEFT/OTHER","38.9055462557","-77.0651970051",15,0,15,1756,1358,3114,1531,1241,2772
202,"BURGLARY","38.9051505514","-77.0639976245",15,0,15,1756,1358,3114,1531,1241,2772
202,"THEFT/OTHER","38.9055925925","-77.062833582",15,0,15,1756,1358,3114,1531,1241,2772
202,"BURGLARY","38.9059047571","-77.0684024366",15,0,15,1756,1358,3114,1531,1241,2772
202,"BURGLARY","38.9072138708","-77.0632500673",15,0,15,1756,1358,3114,1531,1241,2772
202,"THEFT F/AUTO","38.9081549086","-77.0716328585",15,0,15,1756,1358,3114,1531,1241,2772
202,"BURGLARY","38.9051505514","-77.0639976245",15,0,15,1756,1358,3114,1531,1241,2772
202,"THEFT/OTHER","38.9051505514","-77.0639976245",15,0,15,1756,1358,3114,1531,1241,2772
202,"THEFT F/AUTO","38.9055462557","-77.0651970051",15,0,15,1756,1358,3114,1531,1241,2772
202,"THEFT/OTHER","38.9107618474","-77.0656283803",15,0,15,1756,1358,3114,1531,1241,2772
202,"THEFT/OTHER","38.9067425265","-77.0684147692",15,0,15,1756,1358,3114,1531,1241,2772
202,"THEFT F/AUTO","38.9039708033","-77.06336248",15,0,15,1756,1358,3114,1531,1241,2772
202,"THEFT F/AUTO","38.906723774","-77.0696599138",15,0,15,1756,1358,3114,1531,1241,2772
202,"THEFT F/AUTO","38.9063745248","-77.0660855126",15,0,15,1756,1358,3114,1531,1241,2772
202,"THEFT/OTHER","38.9059973171","-77.0640329717",15,0,15,1756,1358,3114,1531,1241,2772
202,"THEFT/OTHER","38.9068071595","-77.0656708588",15,0,15,1756,1358,3114,1531,1241,2772
202,"THEFT F/AUTO","38.9055277468","-77.066073199",15,0,15,1756,1358,3114,1531,1241,2772
202,"THEFT/OTHER","38.9081234503","-77.0637351132",15,0,15,1756,1358,3114,1531,1241,2772
202,"THEFT F/AUTO","38.9147512286","-77.0679266368",15,0,15,1756,1358,3114,1531,1241,2772
202,"THEFT F/AUTO","38.9035284884","-77.0650107006",15,0,15,1756,1358,3114,1531,1241,2772
202,"THEFT/OTHER","38.9039708033","-77.06336248",15,0,15,1756,1358,3114,1531,1241,2772
202,"THEFT F/AUTO","38.9072138708","-77.0632500673",15,0,15,1756,1358,3114,1531,1241,2772
202,"THEFT/OTHER","38.9063375005","-77.0678148613",15,0,15,1756,1358,3114,1531,1241,2772
202,"THEFT F/AUTO","38.9039611895","-77.0644692397",15,0,15,1756,1358,3114,1531,1241,2772
202,"ASSAULT W/DANGEROUS WEAPON","38.9050858456","-77.066937466",15,0,15,1756,1358,3114,1531,1241,2772
202,"THEFT F/AUTO","38.9054720175","-77.0689784756",15,0,15,1756,1358,3114,1531,1241,2772
202,"THEFT/OTHER","38.9055925925","-77.062833582",15,0,15,1756,1358,3114,1531,1241,2772
202,"THEFT F/AUTO","38.9059326302","-77.0669382606",15,0,15,1756,1358,3114,1531,1241,2772
202,"THEFT F/AUTO","38.9055277468","-77.066073199",15,0,15,1756,1358,3114,1531,1241,2772
202,"THEFT/OTHER","38.9041655887","-77.0693461361",15,0,15,1756,1358,3114,1531,1241,2772
202,"THEFT F/AUTO","38.9029982188","-77.0627736533",15,0,15,1756,1358,3114,1531,1241,2772
202,"MOTOR VEHICLE THEFT","38.9051135903","-77.0656692995",15,0,15,1756,1358,3114,1531,1241,2772
202,"THEFT/OTHER","38.9088073343","-77.0650962194",15,0,15,1756,1358,3114,1531,1241,2772
202,"THEFT/OTHER","38.9062819923","-77.0702820598",15,0,15,1756,1358,3114,1531,1241,2772
202,"THEFT/OTHER","38.9116356821","-77.065583064",15,0,15,1756,1358,3114,1531,1241,2772
202,"THEFT/OTHER","38.9051135903","-77.0656692995",15,0,15,1756,1358,3114,1531,1241,2772
202,"THEFT/OTHER","38.9051505514","-77.0639976245",15,0,15,1756,1358,3114,1531,1241,2772
202,"BURGLARY","38.9068071595","-77.0656708588",15,0,15,1756,1358,3114,1531,1241,2772
202,"THEFT/OTHER","38.9072008157","-77.0703290826",15,0,15,1756,1358,3114,1531,1241,2772
202,"ROBBERY","38.9051135903","-77.0656692995",15,0,15,1756,1358,3114,1531,1241,2772
202,"THEFT/OTHER","38.9059326302","-77.0669382606",15,0,15,1756,1358,3114,1531,1241,2772
202,"THEFT F/AUTO","38.9086687641","-77.0710107763",15,0,15,1756,1358,3114,1531,1241,2772
202,"BURGLARY","38.9088073343","-77.0650962194",15,0,15,1756,1358,3114,1531,1241,2772
202,"BURGLARY","38.9078347976","-77.0644381525",15,0,15,1756,1358,3114,1531,1241,2772
202,"THEFT F/AUTO","38.9039708033","-77.06336248",15,0,15,1756,1358,3114,1531,1241,2772
202,"THEFT/OTHER","38.9077272025","-77.0635156997",15,0,15,1756,1358,3114,1531,1241,2772
202,"THEFT/OTHER","38.9088073343","-77.0650962194",15,0,15,1756,1358,3114,1531,1241,2772
202,"BURGLARY","38.9152289174","-77.0675004574",15,0,15,1756,1358,3114,1531,1241,2772
202,"THEFT F/AUTO","38.9081917126","-77.0703646482",15,0,15,1756,1358,3114,1531,1241,2772
202,"THEFT F/AUTO","38.9059047571","-77.0684024366",15,0,15,1756,1358,3114,1531,1241,2772
202,"THEFT F/AUTO","38.9058770102","-77.0696244994",15,0,15,1756,1358,3114,1531,1241,2772
202,"THEFT/OTHER","38.9055925925","-77.062833582",15,0,15,1756,1358,3114,1531,1241,2772
202,"THEFT/OTHER","38.9077272025","-77.0635156997",15,0,15,1756,1358,3114,1531,1241,2772
202,"BURGLARY","38.9078532817","-77.0635849888",15,0,15,1756,1358,3114,1531,1241,2772
202,"THEFT/OTHER","38.9055925925","-77.062833582",15,0,15,1756,1358,3114,1531,1241,2772
202,"THEFT F/AUTO","38.9072286177","-77.0690262918",15,0,15,1756,1358,3114,1531,1241,2772
202,"THEFT/OTHER","38.9051505514","-77.0639976245",15,0,15,1756,1358,3114,1531,1241,2772
202,"BURGLARY","38.9077272025","-77.0635156997",15,0,15,1756,1358,3114,1531,1241,2772
202,"THEFT/OTHER","38.9051505514","-77.0639976245",15,0,15,1756,1358,3114,1531,1241,2772
202,"THEFT/OTHER","38.9036895779","-77.0668900405",15,0,15,1756,1358,3114,1531,1241,2772
202,"BURGLARY","38.9051505514","-77.0639976245",15,0,15,1756,1358,3114,1531,1241,2772
202,"THEFT/OTHER","38.9025842716","-77.0619547575",15,0,15,1756,1358,3114,1531,1241,2772
202,"THEFT/OTHER","38.9073118529","-77.0652677952",15,0,15,1756,1358,3114,1531,1241,2772
202,"THEFT F/AUTO","38.9036895779","-77.0668900405",15,0,15,1756,1358,3114,1531,1241,2772
202,"THEFT/OTHER","38.9064303563","-77.0628573785",15,0,15,1756,1358,3114,1531,1241,2772
202,"THEFT/OTHER","38.9041655887","-77.0693461361",15,0,15,1756,1358,3114,1531,1241,2772
202,"THEFT F/AUTO","38.9088073343","-77.0650962194",15,0,15,1756,1358,3114,1531,1241,2772
202,"THEFT/OTHER","38.9051505514","-77.0639976245",15,0,15,1756,1358,3114,1531,1241,2772
202,"THEFT F/AUTO","38.9036918556","-77.0627857926",15,0,15,1756,1358,3114,1531,1241,2772
202,"THEFT/OTHER","38.9095013345","-77.0644511878",15,0,15,1756,1358,3114,1531,1241,2772
202,"THEFT/OTHER","38.9051505514","-77.0639976245",15,0,15,1756,1358,3114,1531,1241,2772
202,"THEFT F/AUTO","38.9088073343","-77.0650962194",15,0,15,1756,1358,3114,1531,1241,2772
202,"THEFT/OTHER","38.9051505514","-77.0639976245",15,0,15,1756,1358,3114,1531,1241,2772
202,"THEFT/OTHER","38.9041655887","-77.0693461361",15,0,15,1756,1358,3114,1531,1241,2772
202,"BURGLARY","38.9056506524","-77.0715265815",15,0,15,1756,1358,3114,1531,1241,2772
202,"THEFT/OTHER","38.9055925925","-77.062833582",15,0,15,1756,1358,3114,1531,1241,2772
202,"THEFT/OTHER","38.9025842716","-77.0619547575",15,0,15,1756,1358,3114,1531,1241,2772
202,"THEFT F/AUTO","38.9077703259","-77.0669515147",15,0,15,1756,1358,3114,1531,1241,2772
202,"BURGLARY","38.9152289174","-77.0675004574",15,0,15,1756,1358,3114,1531,1241,2772
202,"THEFT/OTHER","38.9051505514","-77.0639976245",15,0,15,1756,1358,3114,1531,1241,2772
202,"THEFT F/AUTO","38.9036918556","-77.0627857926",15,0,15,1756,1358,3114,1531,1241,2772
202,"THEFT/OTHER","38.9051505514","-77.0639976245",15,0,15,1756,1358,3114,1531,1241,2772
202,"THEFT/OTHER","38.9039708033","-77.06336248",15,0,15,1756,1358,3114,1531,1241,2772
202,"THEFT/OTHER","38.9031573629","-77.0646522807",15,0,15,1756,1358,3114,1531,1241,2772
202,"THEFT/OTHER","38.9116356821","-77.065583064",15,0,15,1756,1358,3114,1531,1241,2772
202,"THEFT/OTHER","38.9055925925","-77.062833582",15,0,15,1756,1358,3114,1531,1241,2772
202,"THEFT F/AUTO","38.9097890954","-77.0653623003",15,0,15,1756,1358,3114,1531,1241,2772
202,"THEFT F/AUTO","38.9047440531","-77.0660148282",15,0,15,1756,1358,3114,1531,1241,2772
202,"THEFT/OTHER","38.9107618474","-77.0656283803",15,0,15,1756,1358,3114,1531,1241,2772
202,"THEFT/OTHER","38.9046472387","-77.0669202221",15,0,15,1756,1358,3114,1531,1241,2772
202,"THEFT/OTHER","38.9059047571","-77.0684024366",15,0,15,1756,1358,3114,1531,1241,2772
202,"BURGLARY","38.9047440531","-77.0660148282",15,0,15,1756,1358,3114,1531,1241,2772
202,"THEFT/OTHER","38.9077980708","-77.0656833006",15,0,15,1756,1358,3114,1531,1241,2772
202,"BURGLARY","38.9050858456","-77.066937466",15,0,15,1756,1358,3114,1531,1241,2772
202,"THEFT/OTHER","38.9051505514","-77.0639976245",15,0,15,1756,1358,3114,1531,1241,2772
202,"THEFT/OTHER","38.9037891811","-77.0659908869",15,0,15,1756,1358,3114,1531,1241,2772
202,"BURGLARY","38.9078347976","-77.0644381525",15,0,15,1756,1358,3114,1531,1241,2772
202,"THEFT F/AUTO","38.9067794081","-77.0669505846",15,0,15,1756,1358,3114,1531,1241,2772
202,"MOTOR VEHICLE THEFT","38.9050858456","-77.066937466",15,0,15,1756,1358,3114,1531,1241,2772
202,"MOTOR VEHICLE THEFT","38.9105820159","-77.0650286597",15,0,15,1756,1358,3114,1531,1241,2772
202,"THEFT F/AUTO","38.906393021","-77.0652323668",15,0,15,1756,1358,3114,1531,1241,2772
202,"THEFT F/AUTO","38.9037891811","-77.0659908869",15,0,15,1756,1358,3114,1531,1241,2772
202,"BURGLARY","38.9062819923","-77.0702820598",15,0,15,1756,1358,3114,1531,1241,2772
202,"THEFT/OTHER","38.9100866981","-77.0647745519",15,0,15,1756,1358,3114,1531,1241,2772
202,"THEFT/OTHER","38.9055925925","-77.062833582",15,0,15,1756,1358,3114,1531,1241,2772
300,"THEFT/OTHER","38.9196589159","-77.0710447823",0,4,4,2450,2348,4798,2306,2119,4425
300,"THEFT F/AUTO","38.9159463779","-77.0728398848",0,4,4,2450,2348,4798,2306,2119,4425
300,"MOTOR VEHICLE THEFT","38.9211969117","-77.0749324715",0,4,4,2450,2348,4798,2306,2119,4425
300,"THEFT/OTHER","38.9136328459","-77.0702085908",0,4,4,2450,2348,4798,2306,2119,4425
300,"BURGLARY","38.9184524198","-77.0700173055",0,4,4,2450,2348,4798,2306,2119,4425
300,"THEFT/OTHER","38.9199235403","-77.0797627975",0,4,4,2450,2348,4798,2306,2119,4425
300,"MOTOR VEHICLE THEFT","38.9199242052","-77.0787826278",0,4,4,2450,2348,4798,2306,2119,4425
300,"THEFT/OTHER","38.914459599","-77.0734840762",0,4,4,2450,2348,4798,2306,2119,4425
300,"THEFT/OTHER","38.9191607714","-77.0753339274",0,4,4,2450,2348,4798,2306,2119,4425
300,"THEFT/OTHER","38.9211620397","-77.0730989077",0,4,4,2450,2348,4798,2306,2119,4425
300,"THEFT F/AUTO","38.9206739012","-77.0757506612",0,4,4,2450,2348,4798,2306,2119,4425
300,"THEFT F/AUTO","38.9133223756","-77.0768612971",0,4,4,2450,2348,4798,2306,2119,4425
300,"THEFT F/AUTO","38.9135867593","-77.0719265739",0,4,4,2450,2348,4798,2306,2119,4425
300,"THEFT F/AUTO","38.9196589159","-77.0710447823",0,4,4,2450,2348,4798,2306,2119,4425
300,"MOTOR VEHICLE THEFT","38.916061676","-77.0756881084",0,4,4,2450,2348,4798,2306,2119,4425
300,"THEFT F/AUTO","38.9212785891","-77.0739869631",0,4,4,2450,2348,4798,2306,2119,4425
300,"THEFT/OTHER","38.9199235403","-77.0797627975",0,4,4,2450,2348,4798,2306,2119,4425
300,"THEFT/OTHER","38.9211969117","-77.0749324715",0,4,4,2450,2348,4798,2306,2119,4425
300,"MOTOR VEHICLE THEFT","38.9154342063","-77.0707177145",0,4,4,2450,2348,4798,2306,2119,4425
300,"THEFT/OTHER","38.9196589159","-77.0710447823",0,4,4,2450,2348,4798,2306,2119,4425
300,"MOTOR VEHICLE THEFT","38.9162037745","-77.0787669871",0,4,4,2450,2348,4798,2306,2119,4425
300,"MOTOR VEHICLE THEFT","38.9153973843","-77.0720091147",0,4,4,2450,2348,4798,2306,2119,4425
300,"THEFT/OTHER","38.9191751285","-77.0808113085",0,4,4,2450,2348,4798,2306,2119,4425
300,"THEFT F/AUTO","38.9191689929","-77.0765447221",0,4,4,2450,2348,4798,2306,2119,4425
300,"THEFT F/AUTO","38.9185323321","-77.0719315618",0,4,4,2450,2348,4798,2306,2119,4425
300,"MOTOR VEHICLE THEFT","38.9212200255","-77.0808020941",0,4,4,2450,2348,4798,2306,2119,4425
300,"MOTOR VEHICLE THEFT","38.9144226725","-77.0748907626",0,4,4,2450,2348,4798,2306,2119,4425
300,"THEFT F/AUTO","38.9199235403","-77.0797627975",0,4,4,2450,2348,4798,2306,2119,4425
300,"THEFT/OTHER","38.9191607714","-77.0753339274",0,4,4,2450,2348,4798,2306,2119,4425
300,"BURGLARY","38.919917656","-77.0750464415",0,4,4,2450,2348,4798,2306,2119,4425
300,"THEFT F/AUTO","38.9211620397","-77.0730989077",0,4,4,2450,2348,4798,2306,2119,4425
300,"THEFT F/AUTO","38.9130628922","-77.0741398647",0,4,4,2450,2348,4798,2306,2119,4425
300,"THEFT F/AUTO","38.9160020232","-77.0702339846",0,4,4,2450,2348,4798,2306,2119,4425
300,"THEFT/OTHER","38.9211620397","-77.0730989077",0,4,4,2450,2348,4798,2306,2119,4425
300,"THEFT/OTHER","38.920682391","-77.0765463465",0,4,4,2450,2348,4798,2306,2119,4425
300,"THEFT/OTHER","38.9191751285","-77.0808113085",0,4,4,2450,2348,4798,2306,2119,4425
300,"THEFT F/AUTO","38.920682391","-77.0765463465",0,4,4,2450,2348,4798,2306,2119,4425
300,"BURGLARY","38.9215048581","-77.072292042",0,4,4,2450,2348,4798,2306,2119,4425
300,"THEFT/OTHER","38.9144965796","-77.0719620831",0,4,4,2450,2348,4798,2306,2119,4425
300,"THEFT F/AUTO","38.9199242052","-77.0787826278",0,4,4,2450,2348,4798,2306,2119,4425
300,"THEFT/OTHER","38.9196589159","-77.0710447823",0,4,4,2450,2348,4798,2306,2119,4425
300,"THEFT F/AUTO","38.9184524198","-77.0700173055",0,4,4,2450,2348,4798,2306,2119,4425
300,"THEFT/OTHER","38.9196589159","-77.0710447823",0,4,4,2450,2348,4798,2306,2119,4425
300,"THEFT F/AUTO","38.9182247018","-77.0740875752",0,4,4,2450,2348,4798,2306,2119,4425
300,"THEFT/OTHER","38.9196589159","-77.0710447823",0,4,4,2450,2348,4798,2306,2119,4425
300,"THEFT F/AUTO","38.9196589159","-77.0710447823",0,4,4,2450,2348,4798,2306,2119,4425
300,"THEFT/OTHER","38.9222296703","-77.079765377",0,4,4,2450,2348,4798,2306,2119,4425
300,"THEFT/OTHER","38.9191607714","-77.0753339274",0,4,4,2450,2348,4798,2306,2119,4425
300,"THEFT/OTHER","38.9196589159","-77.0710447823",0,4,4,2450,2348,4798,2306,2119,4425
300,"THEFT F/AUTO","38.9202981902","-77.0715643357",0,4,4,2450,2348,4798,2306,2119,4425
300,"THEFT/OTHER","38.919917656","-77.0750464415",0,4,4,2450,2348,4798,2306,2119,4425
300,"THEFT F/AUTO","38.9153234687","-77.0749493618",0,4,4,2450,2348,4798,2306,2119,4425
300,"THEFT/OTHER","38.9196589159","-77.0710447823",0,4,4,2450,2348,4798,2306,2119,4425
300,"THEFT F/AUTO","38.9145426667","-77.0702440781",0,4,4,2450,2348,4798,2306,2119,4425
300,"THEFT/OTHER","38.9199260233","-77.0760381523",0,4,4,2450,2348,4798,2306,2119,4425
300,"THEFT F/AUTO","38.9215048581","-77.072292042",0,4,4,2450,2348,4798,2306,2119,4425
300,"THEFT/OTHER","38.9196589159","-77.0710447823",0,4,4,2450,2348,4798,2306,2119,4425
300,"THEFT/OTHER","38.9199253585","-77.0770529163",0,4,4,2450,2348,4798,2306,2119,4425
300,"THEFT/OTHER","38.9191751285","-77.0808113085",0,4,4,2450,2348,4798,2306,2119,4425
300,"THEFT/OTHER","38.919917656","-77.0750464415",0,4,4,2450,2348,4798,2306,2119,4425
300,"THEFT/OTHER","38.9182247018","-77.0740875752",0,4,4,2450,2348,4798,2306,2119,4425
300,"BURGLARY","38.9215048581","-77.072292042",0,4,4,2450,2348,4798,2306,2119,4425
300,"THEFT/OTHER","38.9149745014","-77.0711784833",0,4,4,2450,2348,4798,2306,2119,4425
300,"THEFT F/AUTO","38.9153973843","-77.0720091147",0,4,4,2450,2348,4798,2306,2119,4425
300,"THEFT/OTHER","38.9144226725","-77.0748907626",0,4,4,2450,2348,4798,2306,2119,4425
300,"MOTOR VEHICLE THEFT","38.9175678338","-77.0729107271",0,4,4,2450,2348,4798,2306,2119,4425
300,"THEFT/OTHER","38.9196589159","-77.0710447823",0,4,4,2450,2348,4798,2306,2119,4425
300,"THEFT/OTHER","38.9163255256","-77.0715488184",0,4,4,2450,2348,4798,2306,2119,4425
300,"THEFT/OTHER","38.9144965796","-77.0719620831",0,4,4,2450,2348,4798,2306,2119,4425
300,"THEFT/OTHER","38.9159463779","-77.0728398848",0,4,4,2450,2348,4798,2306,2119,4425
300,"THEFT/OTHER","38.9196589159","-77.0710447823",0,4,4,2450,2348,4798,2306,2119,4425
300,"THEFT/OTHER","38.9191683696","-77.0774902877",0,4,4,2450,2348,4798,2306,2119,4425
300,"THEFT F/AUTO","38.9160020232","-77.0702339846",0,4,4,2450,2348,4798,2306,2119,4425
300,"THEFT/OTHER","38.9144965796","-77.0719620831",0,4,4,2450,2348,4798,2306,2119,4425
300,"THEFT/OTHER","38.912576908","-77.0734014248",0,4,4,2450,2348,4798,2306,2119,4425
300,"THEFT F/AUTO","38.9145426667","-77.0702440781",0,4,4,2450,2348,4798,2306,2119,4425
300,"MOTOR VEHICLE THEFT","38.9165787982","-77.069830972",0,4,4,2450,2348,4798,2306,2119,4425
300,"THEFT F/AUTO","38.9135867593","-77.0719265739",0,4,4,2450,2348,4798,2306,2119,4425
400,"BURGLARY","38.9184524198","-77.0700173055",168,4,172,677,479,1156,610,432,1042
400,"THEFT F/AUTO","38.9275239547","-77.0697609621",168,4,172,677,479,1156,610,432,1042
400,"THEFT/OTHER","38.9215048581","-77.072292042",168,4,172,677,479,1156,610,432,1042
400,"THEFT F/AUTO","38.9241534745","-77.0720179566",168,4,172,677,479,1156,610,432,1042
400,"THEFT F/AUTO","38.9261743471","-77.0669572619",168,4,172,677,479,1156,610,432,1042
400,"THEFT F/AUTO","38.9173449584","-77.0690706762",168,4,172,677,479,1156,610,432,1042
400,"THEFT F/AUTO","38.9268496521","-77.0675114577",168,4,172,677,479,1156,610,432,1042
400,"ASSAULT W/DANGEROUS WEAPON","38.9184524198","-77.0700173055",168,4,172,677,479,1156,610,432,1042
400,"MOTOR VEHICLE THEFT","38.9304407462","-77.0728777576",168,4,172,677,479,1156,610,432,1042
400,"THEFT/OTHER","38.9173449584","-77.0690706762",168,4,172,677,479,1156,610,432,1042
400,"THEFT/OTHER","38.9196589159","-77.0710447823",168,4,172,677,479,1156,610,432,1042
400,"THEFT F/AUTO","38.9275222196","-77.0726095239",168,4,172,677,479,1156,610,432,1042
400,"THEFT F/AUTO","38.9252468132","-77.0663913093",168,4,172,677,479,1156,610,432,1042
400,"THEFT F/AUTO","38.9173449584","-77.0690706762",168,4,172,677,479,1156,610,432,1042
400,"THEFT F/AUTO","38.9315700053","-77.0675159271",168,4,172,677,479,1156,610,432,1042
400,"THEFT/OTHER","38.9184524198","-77.0700173055",168,4,172,677,479,1156,610,432,1042
400,"THEFT/OTHER","38.9173449584","-77.0690706762",168,4,172,677,479,1156,610,432,1042
400,"THEFT F/AUTO","38.9241534745","-77.0720179566",168,4,172,677,479,1156,610,432,1042
400,"BURGLARY","38.9275239547","-77.0697609621",168,4,172,677,479,1156,610,432,1042
400,"ASSAULT W/DANGEROUS WEAPON","38.9229721139","-77.0581208127",168,4,172,677,479,1156,610,432,1042
400,"MOTOR VEHICLE THEFT","38.9215048581","-77.072292042",168,4,172,677,479,1156,610,432,1042
400,"MOTOR VEHICLE THEFT","38.9268496521","-77.0675114577",168,4,172,677,479,1156,610,432,1042
400,"THEFT F/AUTO","38.9173449584","-77.0690706762",168,4,172,677,479,1156,610,432,1042
400,"THEFT F/AUTO","38.9225410567","-77.0719010098",168,4,172,677,479,1156,610,432,1042
400,"THEFT F/AUTO","38.9184524198","-77.0700173055",168,4,172,677,479,1156,610,432,1042
400,"THEFT F/AUTO","38.9173449584","-77.0690706762",168,4,172,677,479,1156,610,432,1042
400,"THEFT/OTHER","38.9215048581","-77.072292042",168,4,172,677,479,1156,610,432,1042
400,"MOTOR VEHICLE THEFT","38.9253384861","-77.0635313862",168,4,172,677,479,1156,610,432,1042
400,"THEFT F/AUTO","38.9173449584","-77.0690706762",168,4,172,677,479,1156,610,432,1042
400,"THEFT/OTHER","38.9215048581","-77.072292042",168,4,172,677,479,1156,610,432,1042
400,"THEFT F/AUTO","38.9184524198","-77.0700173055",168,4,172,677,479,1156,610,432,1042
400,"THEFT/OTHER","38.9220270711","-77.0564248743",168,4,172,677,479,1156,610,432,1042
400,"THEFT F/AUTO","38.9173449584","-77.0690706762",168,4,172,677,479,1156,610,432,1042
400,"THEFT F/AUTO","38.926887379","-77.0645130323",168,4,172,677,479,1156,610,432,1042
400,"THEFT F/AUTO","38.9268469602","-77.072020677",168,4,172,677,479,1156,610,432,1042
400,"THEFT/OTHER","38.9173449584","-77.0690706762",168,4,172,677,479,1156,610,432,1042
400,"THEFT F/AUTO","38.9268496521","-77.0675114577",168,4,172,677,479,1156,610,432,1042
400,"THEFT/OTHER","38.9241527437","-77.0731942302",168,4,172,677,479,1156,610,432,1042
400,"THEFT F/AUTO","38.9225410567","-77.0719010098",168,4,172,677,479,1156,610,432,1042
400,"THEFT/OTHER","38.9202981902","-77.0715643357",168,4,172,677,479,1156,610,432,1042
400,"THEFT/OTHER","38.9225410567","-77.0719010098",168,4,172,677,479,1156,610,432,1042
400,"THEFT F/AUTO","38.9202981902","-77.0715643357",168,4,172,677,479,1156,610,432,1042
400,"BURGLARY","38.9261799812","-77.0726081572",168,4,172,677,479,1156,610,432,1042
400,"ROBBERY","38.9184524198","-77.0700173055",168,4,172,677,479,1156,610,432,1042
400,"MOTOR VEHICLE THEFT","38.9272257548","-77.0712945059",168,4,172,677,479,1156,610,432,1042
501,"THEFT/OTHER","38.9256946006","-77.0540059831",18,24,42,1691,1412,3103,1440,1240,2680
501,"THEFT/OTHER","38.9256946006","-77.0540059831",18,24,38,1691,1412,3072,1440,1240,2795
501,"THEFT/OTHER","38.9256946006","-77.0540059831",18,38,42,1691,1537,3103,1440,1424,2680
501,"THEFT/OTHER","38.9256946006","-77.0540059831",18,38,38,1691,1537,3072,1440,1424,2795
501,"THEFT/OTHER","38.9256946006","-77.0540059831",0,24,42,1535,1412,3103,1371,1240,2680
501,"THEFT/OTHER","38.9256946006","-77.0540059831",0,24,38,1535,1412,3072,1371,1240,2795
501,"THEFT/OTHER","38.9256946006","-77.0540059831",0,38,42,1535,1537,3103,1371,1424,2680
501,"THEFT/OTHER","38.9256946006","-77.0540059831",0,38,38,1535,1537,3072,1371,1424,2795
501,"THEFT/OTHER","38.9285590405","-77.0544463995",18,24,42,1691,1412,3103,1440,1240,2680
501,"THEFT/OTHER","38.9285590405","-77.0544463995",18,24,38,1691,1412,3072,1440,1240,2795
501,"THEFT/OTHER","38.9285590405","-77.0544463995",18,38,42,1691,1537,3103,1440,1424,2680
501,"THEFT/OTHER","38.9285590405","-77.0544463995",18,38,38,1691,1537,3072,1440,1424,2795
501,"THEFT/OTHER","38.9285590405","-77.0544463995",0,24,42,1535,1412,3103,1371,1240,2680
501,"THEFT/OTHER","38.9285590405","-77.0544463995",0,24,38,1535,1412,3072,1371,1240,2795
501,"THEFT/OTHER","38.9285590405","-77.0544463995",0,38,42,1535,1537,3103,1371,1424,2680
501,"THEFT/OTHER","38.9285590405","-77.0544463995",0,38,38,1535,1537,3072,1371,1424,2795
501,"THEFT/OTHER","38.9241911629","-77.0519060013",18,24,42,1691,1412,3103,1440,1240,2680
501,"THEFT/OTHER","38.9241911629","-77.0519060013",18,24,38,1691,1412,3072,1440,1240,2795
501,"THEFT/OTHER","38.9241911629","-77.0519060013",18,38,42,1691,1537,3103,1440,1424,2680
501,"THEFT/OTHER","38.9241911629","-77.0519060013",18,38,38,1691,1537,3072,1440,1424,2795
501,"THEFT/OTHER","38.9241911629","-77.0519060013",0,24,42,1535,1412,3103,1371,1240,2680
501,"THEFT/OTHER","38.9241911629","-77.0519060013",0,24,38,1535,1412,3072,1371,1240,2795
501,"THEFT/OTHER","38.9241911629","-77.0519060013",0,38,42,1535,1537,3103,1371,1424,2680
501,"THEFT/OTHER","38.9241911629","-77.0519060013",0,38,38,1535,1537,3072,1371,1424,2795
501,"MOTOR VEHICLE THEFT","38.9285590405","-77.0544463995",18,24,42,1691,1412,3103,1440,1240,2680
501,"MOTOR VEHICLE THEFT","38.9285590405","-77.0544463995",18,24,38,1691,1412,3072,1440,1240,2795
501,"MOTOR VEHICLE THEFT","38.9285590405","-77.0544463995",18,38,42,1691,1537,3103,1440,1424,2680
501,"MOTOR VEHICLE THEFT","38.9285590405","-77.0544463995",18,38,38,1691,1537,3072,1440,1424,2795
501,"MOTOR VEHICLE THEFT","38.9285590405","-77.0544463995",0,24,42,1535,1412,3103,1371,1240,2680
501,"MOTOR VEHICLE THEFT","38.9285590405","-77.0544463995",0,24,38,1535,1412,3072,1371,1240,2795
501,"MOTOR VEHICLE THEFT","38.9285590405","-77.0544463995",0,38,42,1535,1537,3103,1371,1424,2680
501,"MOTOR VEHICLE THEFT","38.9285590405","-77.0544463995",0,38,38,1535,1537,3072,1371,1424,2795
501,"THEFT/OTHER","38.9241911629","-77.0519060013",18,24,42,1691,1412,3103,1440,1240,2680
501,"THEFT/OTHER","38.9241911629","-77.0519060013",18,24,38,1691,1412,3072,1440,1240,2795
501,"THEFT/OTHER","38.9241911629","-77.0519060013",18,38,42,1691,1537,3103,1440,1424,2680
501,"THEFT/OTHER","38.9241911629","-77.0519060013",18,38,38,1691,1537,3072,1440,1424,2795
501,"THEFT/OTHER","38.9241911629","-77.0519060013",0,24,42,1535,1412,3103,1371,1240,2680
501,"THEFT/OTHER","38.9241911629","-77.0519060013",0,24,38,1535,1412,3072,1371,1240,2795
501,"THEFT/OTHER","38.9241911629","-77.0519060013",0,38,42,1535,1537,3103,1371,1424,2680
501,"THEFT/OTHER","38.9241911629","-77.0519060013",0,38,38,1535,1537,3072,1371,1424,2795
501,"THEFT/OTHER","38.9252726674","-77.0507535605",18,24,42,1691,1412,3103,1440,1240,2680
501,"THEFT/OTHER","38.9252726674","-77.0507535605",18,24,38,1691,1412,3072,1440,1240,2795
501,"THEFT/OTHER","38.9252726674","-77.0507535605",18,38,42,1691,1537,3103,1440,1424,2680
501,"THEFT/OTHER","38.9252726674","-77.0507535605",18,38,38,1691,1537,3072,1440,1424,2795
501,"THEFT/OTHER","38.9252726674","-77.0507535605",0,24,42,1535,1412,3103,1371,1240,2680
501,"THEFT/OTHER","38.9252726674","-77.0507535605",0,24,38,1535,1412,3072,1371,1240,2795
501,"THEFT/OTHER","38.9252726674","-77.0507535605",0,38,42,1535,1537,3103,1371,1424,2680
501,"THEFT/OTHER","38.9252726674","-77.0507535605",0,38,38,1535,1537,3072,1371,1424,2795
501,"THEFT F/AUTO","38.924208865","-77.0526094728",18,24,42,1691,1412,3103,1440,1240,2680
501,"THEFT F/AUTO","38.924208865","-77.0526094728",18,24,38,1691,1412,3072,1440,1240,2795
501,"THEFT F/AUTO","38.924208865","-77.0526094728",18,38,42,1691,1537,3103,1440,1424,2680
501,"THEFT F/AUTO","38.924208865","-77.0526094728",18,38,38,1691,1537,3072,1440,1424,2795
501,"THEFT F/AUTO","38.924208865","-77.0526094728",0,24,42,1535,1412,3103,1371,1240,2680
501,"THEFT F/AUTO","38.924208865","-77.0526094728",0,24,38,1535,1412,3072,1371,1240,2795
501,"THEFT F/AUTO","38.924208865","-77.0526094728",0,38,42,1535,1537,3103,1371,1424,2680
501,"THEFT F/AUTO","38.924208865","-77.0526094728",0,38,38,1535,1537,3072,1371,1424,2795
501,"THEFT/OTHER","38.9241911629","-77.0519060013",18,24,42,1691,1412,3103,1440,1240,2680
501,"THEFT/OTHER","38.9241911629","-77.0519060013",18,24,38,1691,1412,3072,1440,1240,2795
501,"THEFT/OTHER","38.9241911629","-77.0519060013",18,38,42,1691,1537,3103,1440,1424,2680
501,"THEFT/OTHER","38.9241911629","-77.0519060013",18,38,38,1691,1537,3072,1440,1424,2795
501,"THEFT/OTHER","38.9241911629","-77.0519060013",0,24,42,1535,1412,3103,1371,1240,2680
501,"THEFT/OTHER","38.9241911629","-77.0519060013",0,24,38,1535,1412,3072,1371,1240,2795
501,"THEFT/OTHER","38.9241911629","-77.0519060013",0,38,42,1535,1537,3103,1371,1424,2680
501,"THEFT/OTHER","38.9241911629","-77.0519060013",0,38,38,1535,1537,3072,1371,1424,2795
501,"BURGLARY","38.9265692914","-77.0520576547",18,24,42,1691,1412,3103,1440,1240,2680
501,"BURGLARY","38.9265692914","-77.0520576547",18,24,38,1691,1412,3072,1440,1240,2795
501,"BURGLARY","38.9265692914","-77.0520576547",18,38,42,1691,1537,3103,1440,1424,2680
501,"BURGLARY","38.9265692914","-77.0520576547",18,38,38,1691,1537,3072,1440,1424,2795
501,"BURGLARY","38.9265692914","-77.0520576547",0,24,42,1535,1412,3103,1371,1240,2680
501,"BURGLARY","38.9265692914","-77.0520576547",0,24,38,1535,1412,3072,1371,1240,2795
501,"BURGLARY","38.9265692914","-77.0520576547",0,38,42,1535,1537,3103,1371,1424,2680
501,"BURGLARY","38.9265692914","-77.0520576547",0,38,38,1535,1537,3072,1371,1424,2795
501,"THEFT/OTHER","38.9232339567","-77.0568986393",18,24,42,1691,1412,3103,1440,1240,2680
501,"THEFT/OTHER","38.9232339567","-77.0568986393",18,24,38,1691,1412,3072,1440,1240,2795
501,"THEFT/OTHER","38.9232339567","-77.0568986393",18,38,42,1691,1537,3103,1440,1424,2680
501,"THEFT/OTHER","38.9232339567","-77.0568986393",18,38,38,1691,1537,3072,1440,1424,2795
501,"THEFT/OTHER","38.9232339567","-77.0568986393",0,24,42,1535,1412,3103,1371,1240,2680
501,"THEFT/OTHER","38.9232339567","-77.0568986393",0,24,38,1535,1412,3072,1371,1240,2795
501,"THEFT/OTHER","38.9232339567","-77.0568986393",0,38,42,1535,1537,3103,1371,1424,2680
501,"THEFT/OTHER","38.9232339567","-77.0568986393",0,38,38,1535,1537,3072,1371,1424,2795
501,"THEFT/OTHER","38.9265692914","-77.0520576547",18,24,42,1691,1412,3103,1440,1240,2680
501,"THEFT/OTHER","38.9265692914","-77.0520576547",18,24,38,1691,1412,3072,1440,1240,2795
501,"THEFT/OTHER","38.9265692914","-77.0520576547",18,38,42,1691,1537,3103,1440,1424,2680
501,"THEFT/OTHER","38.9265692914","-77.0520576547",18,38,38,1691,1537,3072,1440,1424,2795
501,"THEFT/OTHER","38.9265692914","-77.0520576547",0,24,42,1535,1412,3103,1371,1240,2680
501,"THEFT/OTHER","38.9265692914","-77.0520576547",0,24,38,1535,1412,3072,1371,1240,2795
501,"THEFT/OTHER","38.9265692914","-77.0520576547",0,38,42,1535,1537,3103,1371,1424,2680
501,"THEFT/OTHER","38.9265692914","-77.0520576547",0,38,38,1535,1537,3072,1371,1424,2795
501,"THEFT/OTHER","38.9265692914","-77.0520576547",18,24,42,1691,1412,3103,1440,1240,2680
501,"THEFT/OTHER","38.9265692914","-77.0520576547",18,24,38,1691,1412,3072,1440,1240,2795
501,"THEFT/OTHER","38.9265692914","-77.0520576547",18,38,42,1691,1537,3103,1440,1424,2680
501,"THEFT/OTHER","38.9265692914","-77.0520576547",18,38,38,1691,1537,3072,1440,1424,2795
501,"THEFT/OTHER","38.9265692914","-77.0520576547",0,24,42,1535,1412,3103,1371,1240,2680
501,"THEFT/OTHER","38.9265692914","-77.0520576547",0,24,38,1535,1412,3072,1371,1240,2795
501,"THEFT/OTHER","38.9265692914","-77.0520576547",0,38,42,1535,1537,3103,1371,1424,2680
501,"THEFT/OTHER","38.9265692914","-77.0520576547",0,38,38,1535,1537,3072,1371,1424,2795
501,"THEFT F/AUTO","38.9233702999","-77.0543386501",18,24,42,1691,1412,3103,1440,1240,2680
501,"THEFT F/AUTO","38.9233702999","-77.0543386501",18,24,38,1691,1412,3072,1440,1240,2795
501,"THEFT F/AUTO","38.9233702999","-77.0543386501",18,38,42,1691,1537,3103,1440,1424,2680
501,"THEFT F/AUTO","38.9233702999","-77.0543386501",18,38,38,1691,1537,3072,1440,1424,2795
501,"THEFT F/AUTO","38.9233702999","-77.0543386501",0,24,42,1535,1412,3103,1371,1240,2680
501,"THEFT F/AUTO","38.9233702999","-77.0543386501",0,24,38,1535,1412,3072,1371,1240,2795
501,"THEFT F/AUTO","38.9233702999","-77.0543386501",0,38,42,1535,1537,3103,1371,1424,2680
501,"THEFT F/AUTO","38.9233702999","-77.0543386501",0,38,38,1535,1537,3072,1371,1424,2795
501,"BURGLARY","38.9241911629","-77.0519060013",18,24,42,1691,1412,3103,1440,1240,2680
501,"BURGLARY","38.9241911629","-77.0519060013",18,24,38,1691,1412,3072,1440,1240,2795
501,"BURGLARY","38.9241911629","-77.0519060013",18,38,42,1691,1537,3103,1440,1424,2680
501,"BURGLARY","38.9241911629","-77.0519060013",18,38,38,1691,1537,3072,1440,1424,2795
501,"BURGLARY","38.9241911629","-77.0519060013",0,24,42,1535,1412,3103,1371,1240,2680
501,"BURGLARY","38.9241911629","-77.0519060013",0,24,38,1535,1412,3072,1371,1240,2795
501,"BURGLARY","38.9241911629","-77.0519060013",0,38,42,1535,1537,3103,1371,1424,2680
501,"BURGLARY","38.9241911629","-77.0519060013",0,38,38,1535,1537,3072,1371,1424,2795
501,"MOTOR VEHICLE THEFT","38.9285590405","-77.0544463995",18,24,42,1691,1412,3103,1440,1240,2680
501,"MOTOR VEHICLE THEFT","38.9285590405","-77.0544463995",18,24,38,1691,1412,3072,1440,1240,2795
501,"MOTOR VEHICLE THEFT","38.9285590405","-77.0544463995",18,38,42,1691,1537,3103,1440,1424,2680
501,"MOTOR VEHICLE THEFT","38.9285590405","-77.0544463995",18,38,38,1691,1537,3072,1440,1424,2795
501,"MOTOR VEHICLE THEFT","38.9285590405","-77.0544463995",0,24,42,1535,1412,3103,1371,1240,2680
501,"MOTOR VEHICLE THEFT","38.9285590405","-77.0544463995",0,24,38,1535,1412,3072,1371,1240,2795
501,"MOTOR VEHICLE THEFT","38.9285590405","-77.0544463995",0,38,42,1535,1537,3103,1371,1424,2680
501,"MOTOR VEHICLE THEFT","38.9285590405","-77.0544463995",0,38,38,1535,1537,3072,1371,1424,2795
501,"THEFT/OTHER","38.9232339567","-77.0568986393",18,24,42,1691,1412,3103,1440,1240,2680
501,"THEFT/OTHER","38.9232339567","-77.0568986393",18,24,38,1691,1412,3072,1440,1240,2795
501,"THEFT/OTHER","38.9232339567","-77.0568986393",18,38,42,1691,1537,3103,1440,1424,2680
501,"THEFT/OTHER","38.9232339567","-77.0568986393",18,38,38,1691,1537,3072,1440,1424,2795
501,"THEFT/OTHER","38.9232339567","-77.0568986393",0,24,42,1535,1412,3103,1371,1240,2680
501,"THEFT/OTHER","38.9232339567","-77.0568986393",0,24,38,1535,1412,3072,1371,1240,2795
501,"THEFT/OTHER","38.9232339567","-77.0568986393",0,38,42,1535,1537,3103,1371,1424,2680
501,"THEFT/OTHER","38.9232339567","-77.0568986393",0,38,38,1535,1537,3072,1371,1424,2795
501,"MOTOR VEHICLE THEFT","38.9246839341","-77.0576378561",18,24,42,1691,1412,3103,1440,1240,2680
501,"MOTOR VEHICLE THEFT","38.9246839341","-77.0576378561",18,24,38,1691,1412,3072,1440,1240,2795
501,"MOTOR VEHICLE THEFT","38.9246839341","-77.0576378561",18,38,42,1691,1537,3103,1440,1424,2680
501,"MOTOR VEHICLE THEFT","38.9246839341","-77.0576378561",18,38,38,1691,1537,3072,1440,1424,2795
501,"MOTOR VEHICLE THEFT","38.9246839341","-77.0576378561",0,24,42,1535,1412,3103,1371,1240,2680
501,"MOTOR VEHICLE THEFT","38.9246839341","-77.0576378561",0,24,38,1535,1412,3072,1371,1240,2795
501,"MOTOR VEHICLE THEFT","38.9246839341","-77.0576378561",0,38,42,1535,1537,3103,1371,1424,2680
501,"MOTOR VEHICLE THEFT","38.9246839341","-77.0576378561",0,38,38,1535,1537,3072,1371,1424,2795
501,"MOTOR VEHICLE THEFT","38.9285590405","-77.0544463995",18,24,42,1691,1412,3103,1440,1240,2680
501,"MOTOR VEHICLE THEFT","38.9285590405","-77.0544463995",18,24,38,1691,1412,3072,1440,1240,2795
501,"MOTOR VEHICLE THEFT","38.9285590405","-77.0544463995",18,38,42,1691,1537,3103,1440,1424,2680
501,"MOTOR VEHICLE THEFT","38.9285590405","-77.0544463995",18,38,38,1691,1537,3072,1440,1424,2795
501,"MOTOR VEHICLE THEFT","38.9285590405","-77.0544463995",0,24,42,1535,1412,3103,1371,1240,2680
501,"MOTOR VEHICLE THEFT","38.9285590405","-77.0544463995",0,24,38,1535,1412,3072,1371,1240,2795
501,"MOTOR VEHICLE THEFT","38.9285590405","-77.0544463995",0,38,42,1535,1537,3103,1371,1424,2680
501,"MOTOR VEHICLE THEFT","38.9285590405","-77.0544463995",0,38,38,1535,1537,3072,1371,1424,2795
501,"BURGLARY","38.9241911629","-77.0519060013",18,24,42,1691,1412,3103,1440,1240,2680
501,"BURGLARY","38.9241911629","-77.0519060013",18,24,38,1691,1412,3072,1440,1240,2795
501,"BURGLARY","38.9241911629","-77.0519060013",18,38,42,1691,1537,3103,1440,1424,2680
501,"BURGLARY","38.9241911629","-77.0519060013",18,38,38,1691,1537,3072,1440,1424,2795
501,"BURGLARY","38.9241911629","-77.0519060013",0,24,42,1535,1412,3103,1371,1240,2680
501,"BURGLARY","38.9241911629","-77.0519060013",0,24,38,1535,1412,3072,1371,1240,2795
501,"BURGLARY","38.9241911629","-77.0519060013",0,38,42,1535,1537,3103,1371,1424,2680
501,"BURGLARY","38.9241911629","-77.0519060013",0,38,38,1535,1537,3072,1371,1424,2795
501,"THEFT/OTHER","38.9232339567","-77.0568986393",18,24,42,1691,1412,3103,1440,1240,2680
501,"THEFT/OTHER","38.9232339567","-77.0568986393",18,24,38,1691,1412,3072,1440,1240,2795
501,"THEFT/OTHER","38.9232339567","-77.0568986393",18,38,42,1691,1537,3103,1440,1424,2680
501,"THEFT/OTHER","38.9232339567","-77.0568986393",18,38,38,1691,1537,3072,1440,1424,2795
501,"THEFT/OTHER","38.9232339567","-77.0568986393",0,24,42,1535,1412,3103,1371,1240,2680
501,"THEFT/OTHER","38.9232339567","-77.0568986393",0,24,38,1535,1412,3072,1371,1240,2795
501,"THEFT/OTHER","38.9232339567","-77.0568986393",0,38,42,1535,1537,3103,1371,1424,2680
501,"THEFT/OTHER","38.9232339567","-77.0568986393",0,38,38,1535,1537,3072,1371,1424,2795
501,"THEFT/OTHER","38.9233702999","-77.0543386501",18,24,42,1691,1412,3103,1440,1240,2680
501,"THEFT/OTHER","38.9233702999","-77.0543386501",18,24,38,1691,1412,3072,1440,1240,2795
501,"THEFT/OTHER","38.9233702999","-77.0543386501",18,38,42,1691,1537,3103,1440,1424,2680
501,"THEFT/OTHER","38.9233702999","-77.0543386501",18,38,38,1691,1537,3072,1440,1424,2795
501,"THEFT/OTHER","38.9233702999","-77.0543386501",0,24,42,1535,1412,3103,1371,1240,2680
501,"THEFT/OTHER","38.9233702999","-77.0543386501",0,24,38,1535,1412,3072,1371,1240,2795
501,"THEFT/OTHER","38.9233702999","-77.0543386501",0,38,42,1535,1537,3103,1371,1424,2680
501,"THEFT/OTHER","38.9233702999","-77.0543386501",0,38,38,1535,1537,3072,1371,1424,2795
501,"THEFT F/AUTO","38.923506957","-77.0509368157",18,24,42,1691,1412,3103,1440,1240,2680
501,"THEFT F/AUTO","38.923506957","-77.0509368157",18,24,38,1691,1412,3072,1440,1240,2795
501,"THEFT F/AUTO","38.923506957","-77.0509368157",18,38,42,1691,1537,3103,1440,1424,2680
501,"THEFT F/AUTO","38.923506957","-77.0509368157",18,38,38,1691,1537,3072,1440,1424,2795
501,"THEFT F/AUTO","38.923506957","-77.0509368157",0,24,42,1535,1412,3103,1371,1240,2680
501,"THEFT F/AUTO","38.923506957","-77.0509368157",0,24,38,1535,1412,3072,1371,1240,2795
501,"THEFT F/AUTO","38.923506957","-77.0509368157",0,38,42,1535,1537,3103,1371,1424,2680
501,"THEFT F/AUTO","38.923506957","-77.0509368157",0,38,38,1535,1537,3072,1371,1424,2795
501,"THEFT/OTHER","38.9244168523","-77.0508106121",18,24,42,1691,1412,3103,1440,1240,2680
501,"THEFT/OTHER","38.9244168523","-77.0508106121",18,24,38,1691,1412,3072,1440,1240,2795
501,"THEFT/OTHER","38.9244168523","-77.0508106121",18,38,42,1691,1537,3103,1440,1424,2680
501,"THEFT/OTHER","38.9244168523","-77.0508106121",18,38,38,1691,1537,3072,1440,1424,2795
501,"THEFT/OTHER","38.9244168523","-77.0508106121",0,24,42,1535,1412,3103,1371,1240,2680
501,"THEFT/OTHER","38.9244168523","-77.0508106121",0,24,38,1535,1412,3072,1371,1240,2795
501,"THEFT/OTHER","38.9244168523","-77.0508106121",0,38,42,1535,1537,3103,1371,1424,2680
501,"THEFT/OTHER","38.9244168523","-77.0508106121",0,38,38,1535,1537,3072,1371,1424,2795
501,"THEFT/OTHER","38.9246839341","-77.0576378561",18,24,42,1691,1412,3103,1440,1240,2680
501,"THEFT/OTHER","38.9246839341","-77.0576378561",18,24,38,1691,1412,3072,1440,1240,2795
501,"THEFT/OTHER","38.9246839341","-77.0576378561",18,38,42,1691,1537,3103,1440,1424,2680
501,"THEFT/OTHER","38.9246839341","-77.0576378561",18,38,38,1691,1537,3072,1440,1424,2795
501,"THEFT/OTHER","38.9246839341","-77.0576378561",0,24,42,1535,1412,3103,1371,1240,2680
501,"THEFT/OTHER","38.9246839341","-77.0576378561",0,24,38,1535,1412,3072,1371,1240,2795
501,"THEFT/OTHER","38.9246839341","-77.0576378561",0,38,42,1535,1537,3103,1371,1424,2680
501,"THEFT/OTHER","38.9246839341","-77.0576378561",0,38,38,1535,1537,3072,1371,1424,2795
501,"THEFT F/AUTO","38.9256946006","-77.0540059831",18,24,42,1691,1412,3103,1440,1240,2680
501,"THEFT F/AUTO","38.9256946006","-77.0540059831",18,24,38,1691,1412,3072,1440,1240,2795
501,"THEFT F/AUTO","38.9256946006","-77.0540059831",18,38,42,1691,1537,3103,1440,1424,2680
501,"THEFT F/AUTO","38.9256946006","-77.0540059831",18,38,38,1691,1537,3072,1440,1424,2795
501,"THEFT F/AUTO","38.9256946006","-77.0540059831",0,24,42,1535,1412,3103,1371,1240,2680
501,"THEFT F/AUTO","38.9256946006","-77.0540059831",0,24,38,1535,1412,3072,1371,1240,2795
501,"THEFT F/AUTO","38.9256946006","-77.0540059831",0,38,42,1535,1537,3103,1371,1424,2680
501,"THEFT F/AUTO","38.9256946006","-77.0540059831",0,38,38,1535,1537,3072,1371,1424,2795
501,"THEFT/OTHER","38.9251998316","-77.0524948812",18,24,42,1691,1412,3103,1440,1240,2680
501,"THEFT/OTHER","38.9251998316","-77.0524948812",18,24,38,1691,1412,3072,1440,1240,2795
501,"THEFT/OTHER","38.9251998316","-77.0524948812",18,38,42,1691,1537,3103,1440,1424,2680
501,"THEFT/OTHER","38.9251998316","-77.0524948812",18,38,38,1691,1537,3072,1440,1424,2795
501,"THEFT/OTHER","38.9251998316","-77.0524948812",0,24,42,1535,1412,3103,1371,1240,2680
501,"THEFT/OTHER","38.9251998316","-77.0524948812",0,24,38,1535,1412,3072,1371,1240,2795
501,"THEFT/OTHER","38.9251998316","-77.0524948812",0,38,42,1535,1537,3103,1371,1424,2680
501,"THEFT/OTHER","38.9251998316","-77.0524948812",0,38,38,1535,1537,3072,1371,1424,2795
501,"THEFT F/AUTO","38.9279469385","-77.053442586",18,24,42,1691,1412,3103,1440,1240,2680
501,"THEFT F/AUTO","38.9279469385","-77.053442586",18,24,38,1691,1412,3072,1440,1240,2795
501,"THEFT F/AUTO","38.9279469385","-77.053442586",18,38,42,1691,1537,3103,1440,1424,2680
501,"THEFT F/AUTO","38.9279469385","-77.053442586",18,38,38,1691,1537,3072,1440,1424,2795
501,"THEFT F/AUTO","38.9279469385","-77.053442586",0,24,42,1535,1412,3103,1371,1240,2680
501,"THEFT F/AUTO","38.9279469385","-77.053442586",0,24,38,1535,1412,3072,1371,1240,2795
501,"THEFT F/AUTO","38.9279469385","-77.053442586",0,38,42,1535,1537,3103,1371,1424,2680
501,"THEFT F/AUTO","38.9279469385","-77.053442586",0,38,38,1535,1537,3072,1371,1424,2795
501,"THEFT/OTHER","38.9233702999","-77.0543386501",18,24,42,1691,1412,3103,1440,1240,2680
501,"THEFT/OTHER","38.9233702999","-77.0543386501",18,24,38,1691,1412,3072,1440,1240,2795
501,"THEFT/OTHER","38.9233702999","-77.0543386501",18,38,42,1691,1537,3103,1440,1424,2680
501,"THEFT/OTHER","38.9233702999","-77.0543386501",18,38,38,1691,1537,3072,1440,1424,2795
501,"THEFT/OTHER","38.9233702999","-77.0543386501",0,24,42,1535,1412,3103,1371,1240,2680
501,"THEFT/OTHER","38.9233702999","-77.0543386501",0,24,38,1535,1412,3072,1371,1240,2795
501,"THEFT/OTHER","38.9233702999","-77.0543386501",0,38,42,1535,1537,3103,1371,1424,2680
501,"THEFT/OTHER","38.9233702999","-77.0543386501",0,38,38,1535,1537,3072,1371,1424,2795
501,"BURGLARY","38.9233702999","-77.0543386501",18,24,42,1691,1412,3103,1440,1240,2680
501,"BURGLARY","38.9233702999","-77.0543386501",18,24,38,1691,1412,3072,1440,1240,2795
501,"BURGLARY","38.9233702999","-77.0543386501",18,38,42,1691,1537,3103,1440,1424,2680
501,"BURGLARY","38.9233702999","-77.0543386501",18,38,38,1691,1537,3072,1440,1424,2795
501,"BURGLARY","38.9233702999","-77.0543386501",0,24,42,1535,1412,3103,1371,1240,2680
501,"BURGLARY","38.9233702999","-77.0543386501",0,24,38,1535,1412,3072,1371,1240,2795
501,"BURGLARY","38.9233702999","-77.0543386501",0,38,42,1535,1537,3103,1371,1424,2680
501,"BURGLARY","38.9233702999","-77.0543386501",0,38,38,1535,1537,3072,1371,1424,2795
501,"BURGLARY","38.9265692914","-77.0520576547",18,24,42,1691,1412,3103,1440,1240,2680
501,"BURGLARY","38.9265692914","-77.0520576547",18,24,38,1691,1412,3072,1440,1240,2795
501,"BURGLARY","38.9265692914","-77.0520576547",18,38,42,1691,1537,3103,1440,1424,2680
501,"BURGLARY","38.9265692914","-77.0520576547",18,38,38,1691,1537,3072,1440,1424,2795
501,"BURGLARY","38.9265692914","-77.0520576547",0,24,42,1535,1412,3103,1371,1240,2680
501,"BURGLARY","38.9265692914","-77.0520576547",0,24,38,1535,1412,3072,1371,1240,2795
501,"BURGLARY","38.9265692914","-77.0520576547",0,38,42,1535,1537,3103,1371,1424,2680
501,"BURGLARY","38.9265692914","-77.0520576547",0,38,38,1535,1537,3072,1371,1424,2795
501,"THEFT/OTHER","38.9241911629","-77.0519060013",18,24,42,1691,1412,3103,1440,1240,2680
501,"THEFT/OTHER","38.9241911629","-77.0519060013",18,24,38,1691,1412,3072,1440,1240,2795
501,"THEFT/OTHER","38.9241911629","-77.0519060013",18,38,42,1691,1537,3103,1440,1424,2680
501,"THEFT/OTHER","38.9241911629","-77.0519060013",18,38,38,1691,1537,3072,1440,1424,2795
501,"THEFT/OTHER","38.9241911629","-77.0519060013",0,24,42,1535,1412,3103,1371,1240,2680
501,"THEFT/OTHER","38.9241911629","-77.0519060013",0,24,38,1535,1412,3072,1371,1240,2795
501,"THEFT/OTHER","38.9241911629","-77.0519060013",0,38,42,1535,1537,3103,1371,1424,2680
501,"THEFT/OTHER","38.9241911629","-77.0519060013",0,38,38,1535,1537,3072,1371,1424,2795
501,"THEFT F/AUTO","38.9252726674","-77.0507535605",18,24,42,1691,1412,3103,1440,1240,2680
501,"THEFT F/AUTO","38.9252726674","-77.0507535605",18,24,38,1691,1412,3072,1440,1240,2795
501,"THEFT F/AUTO","38.9252726674","-77.0507535605",18,38,42,1691,1537,3103,1440,1424,2680
501,"THEFT F/AUTO","38.9252726674","-77.0507535605",18,38,38,1691,1537,3072,1440,1424,2795
501,"THEFT F/AUTO","38.9252726674","-77.0507535605",0,24,42,1535,1412,3103,1371,1240,2680
501,"THEFT F/AUTO","38.9252726674","-77.0507535605",0,24,38,1535,1412,3072,1371,1240,2795
501,"THEFT F/AUTO","38.9252726674","-77.0507535605",0,38,42,1535,1537,3103,1371,1424,2680
501,"THEFT F/AUTO","38.9252726674","-77.0507535605",0,38,38,1535,1537,3072,1371,1424,2795
501,"BURGLARY","38.9273252328","-77.0537304354",18,24,42,1691,1412,3103,1440,1240,2680
501,"BURGLARY","38.9273252328","-77.0537304354",18,24,38,1691,1412,3072,1440,1240,2795
501,"BURGLARY","38.9273252328","-77.0537304354",18,38,42,1691,1537,3103,1440,1424,2680
501,"BURGLARY","38.9273252328","-77.0537304354",18,38,38,1691,1537,3072,1440,1424,2795
501,"BURGLARY","38.9273252328","-77.0537304354",0,24,42,1535,1412,3103,1371,1240,2680
501,"BURGLARY","38.9273252328","-77.0537304354",0,24,38,1535,1412,3072,1371,1240,2795
501,"BURGLARY","38.9273252328","-77.0537304354",0,38,42,1535,1537,3103,1371,1424,2680
501,"BURGLARY","38.9273252328","-77.0537304354",0,38,38,1535,1537,3072,1371,1424,2795
501,"THEFT F/AUTO","38.9251998316","-77.0524948812",18,24,42,1691,1412,3103,1440,1240,2680
501,"THEFT F/AUTO","38.9251998316","-77.0524948812",18,24,38,1691,1412,3072,1440,1240,2795
501,"THEFT F/AUTO","38.9251998316","-77.0524948812",18,38,42,1691,1537,3103,1440,1424,2680
501,"THEFT F/AUTO","38.9251998316","-77.0524948812",18,38,38,1691,1537,3072,1440,1424,2795
501,"THEFT F/AUTO","38.9251998316","-77.0524948812",0,24,42,1535,1412,3103,1371,1240,2680
501,"THEFT F/AUTO","38.9251998316","-77.0524948812",0,24,38,1535,1412,3072,1371,1240,2795
501,"THEFT F/AUTO","38.9251998316","-77.0524948812",0,38,42,1535,1537,3103,1371,1424,2680
501,"THEFT F/AUTO","38.9251998316","-77.0524948812",0,38,38,1535,1537,3072,1371,1424,2795
501,"THEFT F/AUTO","38.9260895254","-77.0570393068",18,24,42,1691,1412,3103,1440,1240,2680
501,"THEFT F/AUTO","38.9260895254","-77.0570393068",18,24,38,1691,1412,3072,1440,1240,2795
501,"THEFT F/AUTO","38.9260895254","-77.0570393068",18,38,42,1691,1537,3103,1440,1424,2680
501,"THEFT F/AUTO","38.9260895254","-77.0570393068",18,38,38,1691,1537,3072,1440,1424,2795
501,"THEFT F/AUTO","38.9260895254","-77.0570393068",0,24,42,1535,1412,3103,1371,1240,2680
501,"THEFT F/AUTO","38.9260895254","-77.0570393068",0,24,38,1535,1412,3072,1371,1240,2795
501,"THEFT F/AUTO","38.9260895254","-77.0570393068",0,38,42,1535,1537,3103,1371,1424,2680
501,"THEFT F/AUTO","38.9260895254","-77.0570393068",0,38,38,1535,1537,3072,1371,1424,2795
501,"THEFT F/AUTO","38.9252726674","-77.0507535605",18,24,42,1691,1412,3103,1440,1240,2680
501,"THEFT F/AUTO","38.9252726674","-77.0507535605",18,24,38,1691,1412,3072,1440,1240,2795
501,"THEFT F/AUTO","38.9252726674","-77.0507535605",18,38,42,1691,1537,3103,1440,1424,2680
501,"THEFT F/AUTO","38.9252726674","-77.0507535605",18,38,38,1691,1537,3072,1440,1424,2795
501,"THEFT F/AUTO","38.9252726674","-77.0507535605",0,24,42,1535,1412,3103,1371,1240,2680
501,"THEFT F/AUTO","38.9252726674","-77.0507535605",0,24,38,1535,1412,3072,1371,1240,2795
501,"THEFT F/AUTO","38.9252726674","-77.0507535605",0,38,42,1535,1537,3103,1371,1424,2680
501,"THEFT F/AUTO","38.9252726674","-77.0507535605",0,38,38,1535,1537,3072,1371,1424,2795
501,"ROBBERY","38.9260463894","-77.0529913978",18,24,42,1691,1412,3103,1440,1240,2680
501,"ROBBERY","38.9260463894","-77.0529913978",18,24,38,1691,1412,3072,1440,1240,2795
501,"ROBBERY","38.9260463894","-77.0529913978",18,38,42,1691,1537,3103,1440,1424,2680
501,"ROBBERY","38.9260463894","-77.0529913978",18,38,38,1691,1537,3072,1440,1424,2795
501,"ROBBERY","38.9260463894","-77.0529913978",0,24,42,1535,1412,3103,1371,1240,2680
501,"ROBBERY","38.9260463894","-77.0529913978",0,24,38,1535,1412,3072,1371,1240,2795
501,"ROBBERY","38.9260463894","-77.0529913978",0,38,42,1535,1537,3103,1371,1424,2680
501,"ROBBERY","38.9260463894","-77.0529913978",0,38,38,1535,1537,3072,1371,1424,2795
501,"THEFT F/AUTO","38.9285590405","-77.0544463995",18,24,42,1691,1412,3103,1440,1240,2680
501,"THEFT F/AUTO","38.9285590405","-77.0544463995",18,24,38,1691,1412,3072,1440,1240,2795
501,"THEFT F/AUTO","38.9285590405","-77.0544463995",18,38,42,1691,1537,3103,1440,1424,2680
501,"THEFT F/AUTO","38.9285590405","-77.0544463995",18,38,38,1691,1537,3072,1440,1424,2795
501,"THEFT F/AUTO","38.9285590405","-77.0544463995",0,24,42,1535,1412,3103,1371,1240,2680
501,"THEFT F/AUTO","38.9285590405","-77.0544463995",0,24,38,1535,1412,3072,1371,1240,2795
501,"THEFT F/AUTO","38.9285590405","-77.0544463995",0,38,42,1535,1537,3103,1371,1424,2680
501,"THEFT F/AUTO","38.9285590405","-77.0544463995",0,38,38,1535,1537,3072,1371,1424,2795
501,"ROBBERY","38.9266688557","-77.0509852043",18,24,42,1691,1412,3103,1440,1240,2680
501,"ROBBERY","38.9266688557","-77.0509852043",18,24,38,1691,1412,3072,1440,1240,2795
501,"ROBBERY","38.9266688557","-77.0509852043",18,38,42,1691,1537,3103,1440,1424,2680
501,"ROBBERY","38.9266688557","-77.0509852043",18,38,38,1691,1537,3072,1440,1424,2795
501,"ROBBERY","38.9266688557","-77.0509852043",0,24,42,1535,1412,3103,1371,1240,2680
501,"ROBBERY","38.9266688557","-77.0509852043",0,24,38,1535,1412,3072,1371,1240,2795
501,"ROBBERY","38.9266688557","-77.0509852043",0,38,42,1535,1537,3103,1371,1424,2680
501,"ROBBERY","38.9266688557","-77.0509852043",0,38,38,1535,1537,3072,1371,1424,2795
501,"THEFT/OTHER","38.9246839341","-77.0576378561",18,24,42,1691,1412,3103,1440,1240,2680
501,"THEFT/OTHER","38.9246839341","-77.0576378561",18,24,38,1691,1412,3072,1440,1240,2795
501,"THEFT/OTHER","38.9246839341","-77.0576378561",18,38,42,1691,1537,3103,1440,1424,2680
501,"THEFT/OTHER","38.9246839341","-77.0576378561",18,38,38,1691,1537,3072,1440,1424,2795
501,"THEFT/OTHER","38.9246839341","-77.0576378561",0,24,42,1535,1412,3103,1371,1240,2680
501,"THEFT/OTHER","38.9246839341","-77.0576378561",0,24,38,1535,1412,3072,1371,1240,2795
501,"THEFT/OTHER","38.9246839341","-77.0576378561",0,38,42,1535,1537,3103,1371,1424,2680
501,"THEFT/OTHER","38.9246839341","-77.0576378561",0,38,38,1535,1537,3072,1371,1424,2795
501,"MOTOR VEHICLE THEFT","38.9256946006","-77.0540059831",18,24,42,1691,1412,3103,1440,1240,2680
501,"MOTOR VEHICLE THEFT","38.9256946006","-77.0540059831",18,24,38,1691,1412,3072,1440,1240,2795
501,"MOTOR VEHICLE THEFT","38.9256946006","-77.0540059831",18,38,42,1691,1537,3103,1440,1424,2680
501,"MOTOR VEHICLE THEFT","38.9256946006","-77.0540059831",18,38,38,1691,1537,3072,1440,1424,2795
501,"MOTOR VEHICLE THEFT","38.9256946006","-77.0540059831",0,24,42,1535,1412,3103,1371,1240,2680
501,"MOTOR VEHICLE THEFT","38.9256946006","-77.0540059831",0,24,38,1535,1412,3072,1371,1240,2795
501,"MOTOR VEHICLE THEFT","38.9256946006","-77.0540059831",0,38,42,1535,1537,3103,1371,1424,2680
501,"MOTOR VEHICLE THEFT","38.9256946006","-77.0540059831",0,38,38,1535,1537,3072,1371,1424,2795
501,"ROBBERY","38.9233702999","-77.0543386501",18,24,42,1691,1412,3103,1440,1240,2680
501,"ROBBERY","38.9233702999","-77.0543386501",18,24,38,1691,1412,3072,1440,1240,2795
501,"ROBBERY","38.9233702999","-77.0543386501",18,38,42,1691,1537,3103,1440,1424,2680
501,"ROBBERY","38.9233702999","-77.0543386501",18,38,38,1691,1537,3072,1440,1424,2795
501,"ROBBERY","38.9233702999","-77.0543386501",0,24,42,1535,1412,3103,1371,1240,2680
501,"ROBBERY","38.9233702999","-77.0543386501",0,24,38,1535,1412,3072,1371,1240,2795
501,"ROBBERY","38.9233702999","-77.0543386501",0,38,42,1535,1537,3103,1371,1424,2680
501,"ROBBERY","38.9233702999","-77.0543386501",0,38,38,1535,1537,3072,1371,1424,2795
501,"THEFT/OTHER","38.9260463894","-77.0529913978",18,24,42,1691,1412,3103,1440,1240,2680
501,"THEFT/OTHER","38.9260463894","-77.0529913978",18,24,38,1691,1412,3072,1440,1240,2795
501,"THEFT/OTHER","38.9260463894","-77.0529913978",18,38,42,1691,1537,3103,1440,1424,2680
501,"THEFT/OTHER","38.9260463894","-77.0529913978",18,38,38,1691,1537,3072,1440,1424,2795
501,"THEFT/OTHER","38.9260463894","-77.0529913978",0,24,42,1535,1412,3103,1371,1240,2680
501,"THEFT/OTHER","38.9260463894","-77.0529913978",0,24,38,1535,1412,3072,1371,1240,2795
501,"THEFT/OTHER","38.9260463894","-77.0529913978",0,38,42,1535,1537,3103,1371,1424,2680
501,"THEFT/OTHER","38.9260463894","-77.0529913978",0,38,38,1535,1537,3072,1371,1424,2795
501,"THEFT F/AUTO","38.924208865","-77.0526094728",18,24,42,1691,1412,3103,1440,1240,2680
501,"THEFT F/AUTO","38.924208865","-77.0526094728",18,24,38,1691,1412,3072,1440,1240,2795
501,"THEFT F/AUTO","38.924208865","-77.0526094728",18,38,42,1691,1537,3103,1440,1424,2680
501,"THEFT F/AUTO","38.924208865","-77.0526094728",18,38,38,1691,1537,3072,1440,1424,2795
501,"THEFT F/AUTO","38.924208865","-77.0526094728",0,24,42,1535,1412,3103,1371,1240,2680
501,"THEFT F/AUTO","38.924208865","-77.0526094728",0,24,38,1535,1412,3072,1371,1240,2795
501,"THEFT F/AUTO","38.924208865","-77.0526094728",0,38,42,1535,1537,3103,1371,1424,2680
501,"THEFT F/AUTO","38.924208865","-77.0526094728",0,38,38,1535,1537,3072,1371,1424,2795
501,"THEFT/OTHER","38.9241911629","-77.0519060013",18,24,42,1691,1412,3103,1440,1240,2680
501,"THEFT/OTHER","38.9241911629","-77.0519060013",18,24,38,1691,1412,3072,1440,1240,2795
501,"THEFT/OTHER","38.9241911629","-77.0519060013",18,38,42,1691,1537,3103,1440,1424,2680
501,"THEFT/OTHER","38.9241911629","-77.0519060013",18,38,38,1691,1537,3072,1440,1424,2795
501,"THEFT/OTHER","38.9241911629","-77.0519060013",0,24,42,1535,1412,3103,1371,1240,2680
501,"THEFT/OTHER","38.9241911629","-77.0519060013",0,24,38,1535,1412,3072,1371,1240,2795
501,"THEFT/OTHER","38.9241911629","-77.0519060013",0,38,42,1535,1537,3103,1371,1424,2680
501,"THEFT/OTHER","38.9241911629","-77.0519060013",0,38,38,1535,1537,3072,1371,1424,2795
501,"THEFT/OTHER","38.924208865","-77.0526094728",18,24,42,1691,1412,3103,1440,1240,2680
501,"THEFT/OTHER","38.924208865","-77.0526094728",18,24,38,1691,1412,3072,1440,1240,2795
501,"THEFT/OTHER","38.924208865","-77.0526094728",18,38,42,1691,1537,3103,1440,1424,2680
501,"THEFT/OTHER","38.924208865","-77.0526094728",18,38,38,1691,1537,3072,1440,1424,2795
501,"THEFT/OTHER","38.924208865","-77.0526094728",0,24,42,1535,1412,3103,1371,1240,2680
501,"THEFT/OTHER","38.924208865","-77.0526094728",0,24,38,1535,1412,3072,1371,1240,2795
501,"THEFT/OTHER","38.924208865","-77.0526094728",0,38,42,1535,1537,3103,1371,1424,2680
501,"THEFT/OTHER","38.924208865","-77.0526094728",0,38,38,1535,1537,3072,1371,1424,2795
501,"THEFT/OTHER","38.924208865","-77.0526094728",18,24,42,1691,1412,3103,1440,1240,2680
501,"THEFT/OTHER","38.924208865","-77.0526094728",18,24,38,1691,1412,3072,1440,1240,2795
501,"THEFT/OTHER","38.924208865","-77.0526094728",18,38,42,1691,1537,3103,1440,1424,2680
501,"THEFT/OTHER","38.924208865","-77.0526094728",18,38,38,1691,1537,3072,1440,1424,2795
501,"THEFT/OTHER","38.924208865","-77.0526094728",0,24,42,1535,1412,3103,1371,1240,2680
501,"THEFT/OTHER","38.924208865","-77.0526094728",0,24,38,1535,1412,3072,1371,1240,2795
501,"THEFT/OTHER","38.924208865","-77.0526094728",0,38,42,1535,1537,3103,1371,1424,2680
501,"THEFT/OTHER","38.924208865","-77.0526094728",0,38,38,1535,1537,3072,1371,1424,2795
501,"THEFT/OTHER","38.9241911629","-77.0519060013",18,24,42,1691,1412,3103,1440,1240,2680
501,"THEFT/OTHER","38.9241911629","-77.0519060013",18,24,38,1691,1412,3072,1440,1240,2795
501,"THEFT/OTHER","38.9241911629","-77.0519060013",18,38,42,1691,1537,3103,1440,1424,2680
501,"THEFT/OTHER","38.9241911629","-77.0519060013",18,38,38,1691,1537,3072,1440,1424,2795
501,"THEFT/OTHER","38.9241911629","-77.0519060013",0,24,42,1535,1412,3103,1371,1240,2680
501,"THEFT/OTHER","38.9241911629","-77.0519060013",0,24,38,1535,1412,3072,1371,1240,2795
501,"THEFT/OTHER","38.9241911629","-77.0519060013",0,38,42,1535,1537,3103,1371,1424,2680
501,"THEFT/OTHER","38.9241911629","-77.0519060013",0,38,38,1535,1537,3072,1371,1424,2795
501,"THEFT F/AUTO","38.9233702999","-77.0543386501",18,24,42,1691,1412,3103,1440,1240,2680
501,"THEFT F/AUTO","38.9233702999","-77.0543386501",18,24,38,1691,1412,3072,1440,1240,2795
501,"THEFT F/AUTO","38.9233702999","-77.0543386501",18,38,42,1691,1537,3103,1440,1424,2680
501,"THEFT F/AUTO","38.9233702999","-77.0543386501",18,38,38,1691,1537,3072,1440,1424,2795
501,"THEFT F/AUTO","38.9233702999","-77.0543386501",0,24,42,1535,1412,3103,1371,1240,2680
501,"THEFT F/AUTO","38.9233702999","-77.0543386501",0,24,38,1535,1412,3072,1371,1240,2795
501,"THEFT F/AUTO","38.9233702999","-77.0543386501",0,38,42,1535,1537,3103,1371,1424,2680
501,"THEFT F/AUTO","38.9233702999","-77.0543386501",0,38,38,1535,1537,3072,1371,1424,2795
501,"THEFT/OTHER","38.9244168523","-77.0508106121",18,24,42,1691,1412,3103,1440,1240,2680
501,"THEFT/OTHER","38.9244168523","-77.0508106121",18,24,38,1691,1412,3072,1440,1240,2795
501,"THEFT/OTHER","38.9244168523","-77.0508106121",18,38,42,1691,1537,3103,1440,1424,2680
501,"THEFT/OTHER","38.9244168523","-77.0508106121",18,38,38,1691,1537,3072,1440,1424,2795
501,"THEFT/OTHER","38.9244168523","-77.0508106121",0,24,42,1535,1412,3103,1371,1240,2680
501,"THEFT/OTHER","38.9244168523","-77.0508106121",0,24,38,1535,1412,3072,1371,1240,2795
501,"THEFT/OTHER","38.9244168523","-77.0508106121",0,38,42,1535,1537,3103,1371,1424,2680
501,"THEFT/OTHER","38.9244168523","-77.0508106121",0,38,38,1535,1537,3072,1371,1424,2795
501,"THEFT/OTHER","38.9246839341","-77.0576378561",18,24,42,1691,1412,3103,1440,1240,2680
501,"THEFT/OTHER","38.9246839341","-77.0576378561",18,24,38,1691,1412,3072,1440,1240,2795
501,"THEFT/OTHER","38.9246839341","-77.0576378561",18,38,42,1691,1537,3103,1440,1424,2680
501,"THEFT/OTHER","38.9246839341","-77.0576378561",18,38,38,1691,1537,3072,1440,1424,2795
501,"THEFT/OTHER","38.9246839341","-77.0576378561",0,24,42,1535,1412,3103,1371,1240,2680
501,"THEFT/OTHER","38.9246839341","-77.0576378561",0,24,38,1535,1412,3072,1371,1240,2795
501,"THEFT/OTHER","38.9246839341","-77.0576378561",0,38,42,1535,1537,3103,1371,1424,2680
501,"THEFT/OTHER","38.9246839341","-77.0576378561",0,38,38,1535,1537,3072,1371,1424,2795
501,"MOTOR VEHICLE THEFT","38.9241911629","-77.0519060013",18,24,42,1691,1412,3103,1440,1240,2680
501,"MOTOR VEHICLE THEFT","38.9241911629","-77.0519060013",18,24,38,1691,1412,3072,1440,1240,2795
501,"MOTOR VEHICLE THEFT","38.9241911629","-77.0519060013",18,38,42,1691,1537,3103,1440,1424,2680
501,"MOTOR VEHICLE THEFT","38.9241911629","-77.0519060013",18,38,38,1691,1537,3072,1440,1424,2795
501,"MOTOR VEHICLE THEFT","38.9241911629","-77.0519060013",0,24,42,1535,1412,3103,1371,1240,2680
501,"MOTOR VEHICLE THEFT","38.9241911629","-77.0519060013",0,24,38,1535,1412,3072,1371,1240,2795
501,"MOTOR VEHICLE THEFT","38.9241911629","-77.0519060013",0,38,42,1535,1537,3103,1371,1424,2680
501,"MOTOR VEHICLE THEFT","38.9241911629","-77.0519060013",0,38,38,1535,1537,3072,1371,1424,2795
501,"THEFT/OTHER","38.9241911629","-77.0519060013",18,24,42,1691,1412,3103,1440,1240,2680
501,"THEFT/OTHER","38.9241911629","-77.0519060013",18,24,38,1691,1412,3072,1440,1240,2795
501,"THEFT/OTHER","38.9241911629","-77.0519060013",18,38,42,1691,1537,3103,1440,1424,2680
501,"THEFT/OTHER","38.9241911629","-77.0519060013",18,38,38,1691,1537,3072,1440,1424,2795
501,"THEFT/OTHER","38.9241911629","-77.0519060013",0,24,42,1535,1412,3103,1371,1240,2680
501,"THEFT/OTHER","38.9241911629","-77.0519060013",0,24,38,1535,1412,3072,1371,1240,2795
501,"THEFT/OTHER","38.9241911629","-77.0519060013",0,38,42,1535,1537,3103,1371,1424,2680
501,"THEFT/OTHER","38.9241911629","-77.0519060013",0,38,38,1535,1537,3072,1371,1424,2795
501,"MOTOR VEHICLE THEFT","38.9232339567","-77.0568986393",18,24,42,1691,1412,3103,1440,1240,2680
501,"MOTOR VEHICLE THEFT","38.9232339567","-77.0568986393",18,24,38,1691,1412,3072,1440,1240,2795
501,"MOTOR VEHICLE THEFT","38.9232339567","-77.0568986393",18,38,42,1691,1537,3103,1440,1424,2680
501,"MOTOR VEHICLE THEFT","38.9232339567","-77.0568986393",18,38,38,1691,1537,3072,1440,1424,2795
501,"MOTOR VEHICLE THEFT","38.9232339567","-77.0568986393",0,24,42,1535,1412,3103,1371,1240,2680
501,"MOTOR VEHICLE THEFT","38.9232339567","-77.0568986393",0,24,38,1535,1412,3072,1371,1240,2795
501,"MOTOR VEHICLE THEFT","38.9232339567","-77.0568986393",0,38,42,1535,1537,3103,1371,1424,2680
501,"MOTOR VEHICLE THEFT","38.9232339567","-77.0568986393",0,38,38,1535,1537,3072,1371,1424,2795
501,"THEFT F/AUTO","38.9273252328","-77.0537304354",18,24,42,1691,1412,3103,1440,1240,2680
501,"THEFT F/AUTO","38.9273252328","-77.0537304354",18,24,38,1691,1412,3072,1440,1240,2795
501,"THEFT F/AUTO","38.9273252328","-77.0537304354",18,38,42,1691,1537,3103,1440,1424,2680
501,"THEFT F/AUTO","38.9273252328","-77.0537304354",18,38,38,1691,1537,3072,1440,1424,2795
501,"THEFT F/AUTO","38.9273252328","-77.0537304354",0,24,42,1535,1412,3103,1371,1240,2680
501,"THEFT F/AUTO","38.9273252328","-77.0537304354",0,24,38,1535,1412,3072,1371,1240,2795
501,"THEFT F/AUTO","38.9273252328","-77.0537304354",0,38,42,1535,1537,3103,1371,1424,2680
501,"THEFT F/AUTO","38.9273252328","-77.0537304354",0,38,38,1535,1537,3072,1371,1424,2795
501,"THEFT F/AUTO","38.9256946006","-77.0540059831",18,24,42,1691,1412,3103,1440,1240,2680
501,"THEFT F/AUTO","38.9256946006","-77.0540059831",18,24,38,1691,1412,3072,1440,1240,2795
501,"THEFT F/AUTO","38.9256946006","-77.0540059831",18,38,42,1691,1537,3103,1440,1424,2680
501,"THEFT F/AUTO","38.9256946006","-77.0540059831",18,38,38,1691,1537,3072,1440,1424,2795
501,"THEFT F/AUTO","38.9256946006","-77.0540059831",0,24,42,1535,1412,3103,1371,1240,2680
501,"THEFT F/AUTO","38.9256946006","-77.0540059831",0,24,38,1535,1412,3072,1371,1240,2795
501,"THEFT F/AUTO","38.9256946006","-77.0540059831",0,38,42,1535,1537,3103,1371,1424,2680
501,"THEFT F/AUTO","38.9256946006","-77.0540059831",0,38,38,1535,1537,3072,1371,1424,2795
501,"THEFT F/AUTO","38.9260895254","-77.0570393068",18,24,42,1691,1412,3103,1440,1240,2680
501,"THEFT F/AUTO","38.9260895254","-77.0570393068",18,24,38,1691,1412,3072,1440,1240,2795
501,"THEFT F/AUTO","38.9260895254","-77.0570393068",18,38,42,1691,1537,3103,1440,1424,2680
501,"THEFT F/AUTO","38.9260895254","-77.0570393068",18,38,38,1691,1537,3072,1440,1424,2795
501,"THEFT F/AUTO","38.9260895254","-77.0570393068",0,24,42,1535,1412,3103,1371,1240,2680
501,"THEFT F/AUTO","38.9260895254","-77.0570393068",0,24,38,1535,1412,3072,1371,1240,2795
501,"THEFT F/AUTO","38.9260895254","-77.0570393068",0,38,42,1535,1537,3103,1371,1424,2680
501,"THEFT F/AUTO","38.9260895254","-77.0570393068",0,38,38,1535,1537,3072,1371,1424,2795
501,"THEFT/OTHER","38.9241911629","-77.0519060013",18,24,42,1691,1412,3103,1440,1240,2680
501,"THEFT/OTHER","38.9241911629","-77.0519060013",18,24,38,1691,1412,3072,1440,1240,2795
501,"THEFT/OTHER","38.9241911629","-77.0519060013",18,38,42,1691,1537,3103,1440,1424,2680
501,"THEFT/OTHER","38.9241911629","-77.0519060013",18,38,38,1691,1537,3072,1440,1424,2795
501,"THEFT/OTHER","38.9241911629","-77.0519060013",0,24,42,1535,1412,3103,1371,1240,2680
501,"THEFT/OTHER","38.9241911629","-77.0519060013",0,24,38,1535,1412,3072,1371,1240,2795
501,"THEFT/OTHER","38.9241911629","-77.0519060013",0,38,42,1535,1537,3103,1371,1424,2680
501,"THEFT/OTHER","38.9241911629","-77.0519060013",0,38,38,1535,1537,3072,1371,1424,2795
501,"THEFT/OTHER","38.9244168523","-77.0508106121",18,24,42,1691,1412,3103,1440,1240,2680
501,"THEFT/OTHER","38.9244168523","-77.0508106121",18,24,38,1691,1412,3072,1440,1240,2795
501,"THEFT/OTHER","38.9244168523","-77.0508106121",18,38,42,1691,1537,3103,1440,1424,2680
501,"THEFT/OTHER","38.9244168523","-77.0508106121",18,38,38,1691,1537,3072,1440,1424,2795
501,"THEFT/OTHER","38.9244168523","-77.0508106121",0,24,42,1535,1412,3103,1371,1240,2680
501,"THEFT/OTHER","38.9244168523","-77.0508106121",0,24,38,1535,1412,3072,1371,1240,2795
501,"THEFT/OTHER","38.9244168523","-77.0508106121",0,38,42,1535,1537,3103,1371,1424,2680
501,"THEFT/OTHER","38.9244168523","-77.0508106121",0,38,38,1535,1537,3072,1371,1424,2795
501,"THEFT/OTHER","38.9241911629","-77.0519060013",18,24,42,1691,1412,3103,1440,1240,2680
501,"THEFT/OTHER","38.9241911629","-77.0519060013",18,24,38,1691,1412,3072,1440,1240,2795
501,"THEFT/OTHER","38.9241911629","-77.0519060013",18,38,42,1691,1537,3103,1440,1424,2680
501,"THEFT/OTHER","38.9241911629","-77.0519060013",18,38,38,1691,1537,3072,1440,1424,2795
501,"THEFT/OTHER","38.9241911629","-77.0519060013",0,24,42,1535,1412,3103,1371,1240,2680
501,"THEFT/OTHER","38.9241911629","-77.0519060013",0,24,38,1535,1412,3072,1371,1240,2795
501,"THEFT/OTHER","38.9241911629","-77.0519060013",0,38,42,1535,1537,3103,1371,1424,2680
501,"THEFT/OTHER","38.9241911629","-77.0519060013",0,38,38,1535,1537,3072,1371,1424,2795
501,"THEFT F/AUTO","38.9251998316","-77.0524948812",18,24,42,1691,1412,3103,1440,1240,2680
501,"THEFT F/AUTO","38.9251998316","-77.0524948812",18,24,38,1691,1412,3072,1440,1240,2795
501,"THEFT F/AUTO","38.9251998316","-77.0524948812",18,38,42,1691,1537,3103,1440,1424,2680
501,"THEFT F/AUTO","38.9251998316","-77.0524948812",18,38,38,1691,1537,3072,1440,1424,2795
501,"THEFT F/AUTO","38.9251998316","-77.0524948812",0,24,42,1535,1412,3103,1371,1240,2680
501,"THEFT F/AUTO","38.9251998316","-77.0524948812",0,24,38,1535,1412,3072,1371,1240,2795
501,"THEFT F/AUTO","38.9251998316","-77.0524948812",0,38,42,1535,1537,3103,1371,1424,2680
501,"THEFT F/AUTO","38.9251998316","-77.0524948812",0,38,38,1535,1537,3072,1371,1424,2795
501,"THEFT/OTHER","38.9260463894","-77.0529913978",18,24,42,1691,1412,3103,1440,1240,2680
501,"THEFT/OTHER","38.9260463894","-77.0529913978",18,24,38,1691,1412,3072,1440,1240,2795
501,"THEFT/OTHER","38.9260463894","-77.0529913978",18,38,42,1691,1537,3103,1440,1424,2680
501,"THEFT/OTHER","38.9260463894","-77.0529913978",18,38,38,1691,1537,3072,1440,1424,2795
501,"THEFT/OTHER","38.9260463894","-77.0529913978",0,24,42,1535,1412,3103,1371,1240,2680
501,"THEFT/OTHER","38.9260463894","-77.0529913978",0,24,38,1535,1412,3072,1371,1240,2795
501,"THEFT/OTHER","38.9260463894","-77.0529913978",0,38,42,1535,1537,3103,1371,1424,2680
501,"THEFT/OTHER","38.9260463894","-77.0529913978",0,38,38,1535,1537,3072,1371,1424,2795
501,"THEFT/OTHER","38.9251998316","-77.0524948812",18,24,42,1691,1412,3103,1440,1240,2680
501,"THEFT/OTHER","38.9251998316","-77.0524948812",18,24,38,1691,1412,3072,1440,1240,2795
501,"THEFT/OTHER","38.9251998316","-77.0524948812",18,38,42,1691,1537,3103,1440,1424,2680
501,"THEFT/OTHER","38.9251998316","-77.0524948812",18,38,38,1691,1537,3072,1440,1424,2795
501,"THEFT/OTHER","38.9251998316","-77.0524948812",0,24,42,1535,1412,3103,1371,1240,2680
501,"THEFT/OTHER","38.9251998316","-77.0524948812",0,24,38,1535,1412,3072,1371,1240,2795
501,"THEFT/OTHER","38.9251998316","-77.0524948812",0,38,42,1535,1537,3103,1371,1424,2680
501,"THEFT/OTHER","38.9251998316","-77.0524948812",0,38,38,1535,1537,3072,1371,1424,2795
501,"ROBBERY","38.9233702999","-77.0543386501",18,24,42,1691,1412,3103,1440,1240,2680
501,"ROBBERY","38.9233702999","-77.0543386501",18,24,38,1691,1412,3072,1440,1240,2795
501,"ROBBERY","38.9233702999","-77.0543386501",18,38,42,1691,1537,3103,1440,1424,2680
501,"ROBBERY","38.9233702999","-77.0543386501",18,38,38,1691,1537,3072,1440,1424,2795
501,"ROBBERY","38.9233702999","-77.0543386501",0,24,42,1535,1412,3103,1371,1240,2680
501,"ROBBERY","38.9233702999","-77.0543386501",0,24,38,1535,1412,3072,1371,1240,2795
501,"ROBBERY","38.9233702999","-77.0543386501",0,38,42,1535,1537,3103,1371,1424,2680
501,"ROBBERY","38.9233702999","-77.0543386501",0,38,38,1535,1537,3072,1371,1424,2795
501,"THEFT/OTHER","38.9246839341","-77.0576378561",18,24,42,1691,1412,3103,1440,1240,2680
501,"THEFT/OTHER","38.9246839341","-77.0576378561",18,24,38,1691,1412,3072,1440,1240,2795
501,"THEFT/OTHER","38.9246839341","-77.0576378561",18,38,42,1691,1537,3103,1440,1424,2680
501,"THEFT/OTHER","38.9246839341","-77.0576378561",18,38,38,1691,1537,3072,1440,1424,2795
501,"THEFT/OTHER","38.9246839341","-77.0576378561",0,24,42,1535,1412,3103,1371,1240,2680
501,"THEFT/OTHER","38.9246839341","-77.0576378561",0,24,38,1535,1412,3072,1371,1240,2795
501,"THEFT/OTHER","38.9246839341","-77.0576378561",0,38,42,1535,1537,3103,1371,1424,2680
501,"THEFT/OTHER","38.9246839341","-77.0576378561",0,38,38,1535,1537,3072,1371,1424,2795
501,"THEFT/OTHER","38.9244168523","-77.0508106121",18,24,42,1691,1412,3103,1440,1240,2680
501,"THEFT/OTHER","38.9244168523","-77.0508106121",18,24,38,1691,1412,3072,1440,1240,2795
501,"THEFT/OTHER","38.9244168523","-77.0508106121",18,38,42,1691,1537,3103,1440,1424,2680
501,"THEFT/OTHER","38.9244168523","-77.0508106121",18,38,38,1691,1537,3072,1440,1424,2795
501,"THEFT/OTHER","38.9244168523","-77.0508106121",0,24,42,1535,1412,3103,1371,1240,2680
501,"THEFT/OTHER","38.9244168523","-77.0508106121",0,24,38,1535,1412,3072,1371,1240,2795
501,"THEFT/OTHER","38.9244168523","-77.0508106121",0,38,42,1535,1537,3103,1371,1424,2680
501,"THEFT/OTHER","38.9244168523","-77.0508106121",0,38,38,1535,1537,3072,1371,1424,2795
501,"THEFT/OTHER","38.9241911629","-77.0519060013",18,24,42,1691,1412,3103,1440,1240,2680
501,"THEFT/OTHER","38.9241911629","-77.0519060013",18,24,38,1691,1412,3072,1440,1240,2795
501,"THEFT/OTHER","38.9241911629","-77.0519060013",18,38,42,1691,1537,3103,1440,1424,2680
501,"THEFT/OTHER","38.9241911629","-77.0519060013",18,38,38,1691,1537,3072,1440,1424,2795
501,"THEFT/OTHER","38.9241911629","-77.0519060013",0,24,42,1535,1412,3103,1371,1240,2680
501,"THEFT/OTHER","38.9241911629","-77.0519060013",0,24,38,1535,1412,3072,1371,1240,2795
501,"THEFT/OTHER","38.9241911629","-77.0519060013",0,38,42,1535,1537,3103,1371,1424,2680
501,"THEFT/OTHER","38.9241911629","-77.0519060013",0,38,38,1535,1537,3072,1371,1424,2795
501,"BURGLARY","38.9266688557","-77.0509852043",18,24,42,1691,1412,3103,1440,1240,2680
501,"BURGLARY","38.9266688557","-77.0509852043",18,24,38,1691,1412,3072,1440,1240,2795
501,"BURGLARY","38.9266688557","-77.0509852043",18,38,42,1691,1537,3103,1440,1424,2680
501,"BURGLARY","38.9266688557","-77.0509852043",18,38,38,1691,1537,3072,1440,1424,2795
501,"BURGLARY","38.9266688557","-77.0509852043",0,24,42,1535,1412,3103,1371,1240,2680
501,"BURGLARY","38.9266688557","-77.0509852043",0,24,38,1535,1412,3072,1371,1240,2795
501,"BURGLARY","38.9266688557","-77.0509852043",0,38,42,1535,1537,3103,1371,1424,2680
501,"BURGLARY","38.9266688557","-77.0509852043",0,38,38,1535,1537,3072,1371,1424,2795
501,"THEFT/OTHER","38.9233702999","-77.0543386501",18,24,42,1691,1412,3103,1440,1240,2680
501,"THEFT/OTHER","38.9233702999","-77.0543386501",18,24,38,1691,1412,3072,1440,1240,2795
501,"THEFT/OTHER","38.9233702999","-77.0543386501",18,38,42,1691,1537,3103,1440,1424,2680
501,"THEFT/OTHER","38.9233702999","-77.0543386501",18,38,38,1691,1537,3072,1440,1424,2795
501,"THEFT/OTHER","38.9233702999","-77.0543386501",0,24,42,1535,1412,3103,1371,1240,2680
501,"THEFT/OTHER","38.9233702999","-77.0543386501",0,24,38,1535,1412,3072,1371,1240,2795
501,"THEFT/OTHER","38.9233702999","-77.0543386501",0,38,42,1535,1537,3103,1371,1424,2680
501,"THEFT/OTHER","38.9233702999","-77.0543386501",0,38,38,1535,1537,3072,1371,1424,2795
501,"MOTOR VEHICLE THEFT","38.9251998316","-77.0524948812",18,24,42,1691,1412,3103,1440,1240,2680
501,"MOTOR VEHICLE THEFT","38.9251998316","-77.0524948812",18,24,38,1691,1412,3072,1440,1240,2795
501,"MOTOR VEHICLE THEFT","38.9251998316","-77.0524948812",18,38,42,1691,1537,3103,1440,1424,2680
501,"MOTOR VEHICLE THEFT","38.9251998316","-77.0524948812",18,38,38,1691,1537,3072,1440,1424,2795
501,"MOTOR VEHICLE THEFT","38.9251998316","-77.0524948812",0,24,42,1535,1412,3103,1371,1240,2680
501,"MOTOR VEHICLE THEFT","38.9251998316","-77.0524948812",0,24,38,1535,1412,3072,1371,1240,2795
501,"MOTOR VEHICLE THEFT","38.9251998316","-77.0524948812",0,38,42,1535,1537,3103,1371,1424,2680
501,"MOTOR VEHICLE THEFT","38.9251998316","-77.0524948812",0,38,38,1535,1537,3072,1371,1424,2795
501,"BURGLARY","38.9241911629","-77.0519060013",18,24,42,1691,1412,3103,1440,1240,2680
501,"BURGLARY","38.9241911629","-77.0519060013",18,24,38,1691,1412,3072,1440,1240,2795
501,"BURGLARY","38.9241911629","-77.0519060013",18,38,42,1691,1537,3103,1440,1424,2680
501,"BURGLARY","38.9241911629","-77.0519060013",18,38,38,1691,1537,3072,1440,1424,2795
501,"BURGLARY","38.9241911629","-77.0519060013",0,24,42,1535,1412,3103,1371,1240,2680
501,"BURGLARY","38.9241911629","-77.0519060013",0,24,38,1535,1412,3072,1371,1240,2795
501,"BURGLARY","38.9241911629","-77.0519060013",0,38,42,1535,1537,3103,1371,1424,2680
501,"BURGLARY","38.9241911629","-77.0519060013",0,38,38,1535,1537,3072,1371,1424,2795
501,"THEFT F/AUTO","38.9256946006","-77.0540059831",18,24,42,1691,1412,3103,1440,1240,2680
501,"THEFT F/AUTO","38.9256946006","-77.0540059831",18,24,38,1691,1412,3072,1440,1240,2795
501,"THEFT F/AUTO","38.9256946006","-77.0540059831",18,38,42,1691,1537,3103,1440,1424,2680
501,"THEFT F/AUTO","38.9256946006","-77.0540059831",18,38,38,1691,1537,3072,1440,1424,2795
501,"THEFT F/AUTO","38.9256946006","-77.0540059831",0,24,42,1535,1412,3103,1371,1240,2680
501,"THEFT F/AUTO","38.9256946006","-77.0540059831",0,24,38,1535,1412,3072,1371,1240,2795
501,"THEFT F/AUTO","38.9256946006","-77.0540059831",0,38,42,1535,1537,3103,1371,1424,2680
501,"THEFT F/AUTO","38.9256946006","-77.0540059831",0,38,38,1535,1537,3072,1371,1424,2795
501,"MOTOR VEHICLE THEFT","38.9273252328","-77.0537304354",18,24,42,1691,1412,3103,1440,1240,2680
501,"MOTOR VEHICLE THEFT","38.9273252328","-77.0537304354",18,24,38,1691,1412,3072,1440,1240,2795
501,"MOTOR VEHICLE THEFT","38.9273252328","-77.0537304354",18,38,42,1691,1537,3103,1440,1424,2680
501,"MOTOR VEHICLE THEFT","38.9273252328","-77.0537304354",18,38,38,1691,1537,3072,1440,1424,2795
501,"MOTOR VEHICLE THEFT","38.9273252328","-77.0537304354",0,24,42,1535,1412,3103,1371,1240,2680
501,"MOTOR VEHICLE THEFT","38.9273252328","-77.0537304354",0,24,38,1535,1412,3072,1371,1240,2795
501,"MOTOR VEHICLE THEFT","38.9273252328","-77.0537304354",0,38,42,1535,1537,3103,1371,1424,2680
501,"MOTOR VEHICLE THEFT","38.9273252328","-77.0537304354",0,38,38,1535,1537,3072,1371,1424,2795
501,"THEFT/OTHER","38.9241911629","-77.0519060013",18,24,42,1691,1412,3103,1440,1240,2680
501,"THEFT/OTHER","38.9241911629","-77.0519060013",18,24,38,1691,1412,3072,1440,1240,2795
501,"THEFT/OTHER","38.9241911629","-77.0519060013",18,38,42,1691,1537,3103,1440,1424,2680
501,"THEFT/OTHER","38.9241911629","-77.0519060013",18,38,38,1691,1537,3072,1440,1424,2795
501,"THEFT/OTHER","38.9241911629","-77.0519060013",0,24,42,1535,1412,3103,1371,1240,2680
501,"THEFT/OTHER","38.9241911629","-77.0519060013",0,24,38,1535,1412,3072,1371,1240,2795
501,"THEFT/OTHER","38.9241911629","-77.0519060013",0,38,42,1535,1537,3103,1371,1424,2680
501,"THEFT/OTHER","38.9241911629","-77.0519060013",0,38,38,1535,1537,3072,1371,1424,2795
501,"THEFT/OTHER","38.9241911629","-77.0519060013",18,24,42,1691,1412,3103,1440,1240,2680
501,"THEFT/OTHER","38.9241911629","-77.0519060013",18,24,38,1691,1412,3072,1440,1240,2795
501,"THEFT/OTHER","38.9241911629","-77.0519060013",18,38,42,1691,1537,3103,1440,1424,2680
501,"THEFT/OTHER","38.9241911629","-77.0519060013",18,38,38,1691,1537,3072,1440,1424,2795
501,"THEFT/OTHER","38.9241911629","-77.0519060013",0,24,42,1535,1412,3103,1371,1240,2680
501,"THEFT/OTHER","38.9241911629","-77.0519060013",0,24,38,1535,1412,3072,1371,1240,2795
501,"THEFT/OTHER","38.9241911629","-77.0519060013",0,38,42,1535,1537,3103,1371,1424,2680
501,"THEFT/OTHER","38.9241911629","-77.0519060013",0,38,38,1535,1537,3072,1371,1424,2795
501,"THEFT F/AUTO","38.9233702999","-77.0543386501",18,24,42,1691,1412,3103,1440,1240,2680
501,"THEFT F/AUTO","38.9233702999","-77.0543386501",18,24,38,1691,1412,3072,1440,1240,2795
501,"THEFT F/AUTO","38.9233702999","-77.0543386501",18,38,42,1691,1537,3103,1440,1424,2680
501,"THEFT F/AUTO","38.9233702999","-77.0543386501",18,38,38,1691,1537,3072,1440,1424,2795
501,"THEFT F/AUTO","38.9233702999","-77.0543386501",0,24,42,1535,1412,3103,1371,1240,2680
501,"THEFT F/AUTO","38.9233702999","-77.0543386501",0,24,38,1535,1412,3072,1371,1240,2795
501,"THEFT F/AUTO","38.9233702999","-77.0543386501",0,38,42,1535,1537,3103,1371,1424,2680
501,"THEFT F/AUTO","38.9233702999","-77.0543386501",0,38,38,1535,1537,3072,1371,1424,2795
501,"THEFT/OTHER","38.9273252328","-77.0537304354",18,24,42,1691,1412,3103,1440,1240,2680
501,"THEFT/OTHER","38.9273252328","-77.0537304354",18,24,38,1691,1412,3072,1440,1240,2795
501,"THEFT/OTHER","38.9273252328","-77.0537304354",18,38,42,1691,1537,3103,1440,1424,2680
501,"THEFT/OTHER","38.9273252328","-77.0537304354",18,38,38,1691,1537,3072,1440,1424,2795
501,"THEFT/OTHER","38.9273252328","-77.0537304354",0,24,42,1535,1412,3103,1371,1240,2680
501,"THEFT/OTHER","38.9273252328","-77.0537304354",0,24,38,1535,1412,3072,1371,1240,2795
501,"THEFT/OTHER","38.9273252328","-77.0537304354",0,38,42,1535,1537,3103,1371,1424,2680
501,"THEFT/OTHER","38.9273252328","-77.0537304354",0,38,38,1535,1537,3072,1371,1424,2795
501,"THEFT/OTHER","38.9241911629","-77.0519060013",18,24,42,1691,1412,3103,1440,1240,2680
501,"THEFT/OTHER","38.9241911629","-77.0519060013",18,24,38,1691,1412,3072,1440,1240,2795
501,"THEFT/OTHER","38.9241911629","-77.0519060013",18,38,42,1691,1537,3103,1440,1424,2680
501,"THEFT/OTHER","38.9241911629","-77.0519060013",18,38,38,1691,1537,3072,1440,1424,2795
501,"THEFT/OTHER","38.9241911629","-77.0519060013",0,24,42,1535,1412,3103,1371,1240,2680
501,"THEFT/OTHER","38.9241911629","-77.0519060013",0,24,38,1535,1412,3072,1371,1240,2795
501,"THEFT/OTHER","38.9241911629","-77.0519060013",0,38,42,1535,1537,3103,1371,1424,2680
501,"THEFT/OTHER","38.9241911629","-77.0519060013",0,38,38,1535,1537,3072,1371,1424,2795
501,"THEFT/OTHER","38.9266688557","-77.0509852043",18,24,42,1691,1412,3103,1440,1240,2680
501,"THEFT/OTHER","38.9266688557","-77.0509852043",18,24,38,1691,1412,3072,1440,1240,2795
501,"THEFT/OTHER","38.9266688557","-77.0509852043",18,38,42,1691,1537,3103,1440,1424,2680
501,"THEFT/OTHER","38.9266688557","-77.0509852043",18,38,38,1691,1537,3072,1440,1424,2795
501,"THEFT/OTHER","38.9266688557","-77.0509852043",0,24,42,1535,1412,3103,1371,1240,2680
501,"THEFT/OTHER","38.9266688557","-77.0509852043",0,24,38,1535,1412,3072,1371,1240,2795
501,"THEFT/OTHER","38.9266688557","-77.0509852043",0,38,42,1535,1537,3103,1371,1424,2680
501,"THEFT/OTHER","38.9266688557","-77.0509852043",0,38,38,1535,1537,3072,1371,1424,2795
501,"THEFT F/AUTO","38.9244168523","-77.0508106121",18,24,42,1691,1412,3103,1440,1240,2680
501,"THEFT F/AUTO","38.9244168523","-77.0508106121",18,24,38,1691,1412,3072,1440,1240,2795
501,"THEFT F/AUTO","38.9244168523","-77.0508106121",18,38,42,1691,1537,3103,1440,1424,2680
501,"THEFT F/AUTO","38.9244168523","-77.0508106121",18,38,38,1691,1537,3072,1440,1424,2795
501,"THEFT F/AUTO","38.9244168523","-77.0508106121",0,24,42,1535,1412,3103,1371,1240,2680
501,"THEFT F/AUTO","38.9244168523","-77.0508106121",0,24,38,1535,1412,3072,1371,1240,2795
501,"THEFT F/AUTO","38.9244168523","-77.0508106121",0,38,42,1535,1537,3103,1371,1424,2680
501,"THEFT F/AUTO","38.9244168523","-77.0508106121",0,38,38,1535,1537,3072,1371,1424,2795
501,"ASSAULT W/DANGEROUS WEAPON","38.9285590405","-77.0544463995",18,24,42,1691,1412,3103,1440,1240,2680
501,"ASSAULT W/DANGEROUS WEAPON","38.9285590405","-77.0544463995",18,24,38,1691,1412,3072,1440,1240,2795
501,"ASSAULT W/DANGEROUS WEAPON","38.9285590405","-77.0544463995",18,38,42,1691,1537,3103,1440,1424,2680
501,"ASSAULT W/DANGEROUS WEAPON","38.9285590405","-77.0544463995",18,38,38,1691,1537,3072,1440,1424,2795
501,"ASSAULT W/DANGEROUS WEAPON","38.9285590405","-77.0544463995",0,24,42,1535,1412,3103,1371,1240,2680
501,"ASSAULT W/DANGEROUS WEAPON","38.9285590405","-77.0544463995",0,24,38,1535,1412,3072,1371,1240,2795
501,"ASSAULT W/DANGEROUS WEAPON","38.9285590405","-77.0544463995",0,38,42,1535,1537,3103,1371,1424,2680
501,"ASSAULT W/DANGEROUS WEAPON","38.9285590405","-77.0544463995",0,38,38,1535,1537,3072,1371,1424,2795
501,"THEFT/OTHER","38.9244168523","-77.0508106121",18,24,42,1691,1412,3103,1440,1240,2680
501,"THEFT/OTHER","38.9244168523","-77.0508106121",18,24,38,1691,1412,3072,1440,1240,2795
501,"THEFT/OTHER","38.9244168523","-77.0508106121",18,38,42,1691,1537,3103,1440,1424,2680
501,"THEFT/OTHER","38.9244168523","-77.0508106121",18,38,38,1691,1537,3072,1440,1424,2795
501,"THEFT/OTHER","38.9244168523","-77.0508106121",0,24,42,1535,1412,3103,1371,1240,2680
501,"THEFT/OTHER","38.9244168523","-77.0508106121",0,24,38,1535,1412,3072,1371,1240,2795
501,"THEFT/OTHER","38.9244168523","-77.0508106121",0,38,42,1535,1537,3103,1371,1424,2680
501,"THEFT/OTHER","38.9244168523","-77.0508106121",0,38,38,1535,1537,3072,1371,1424,2795
501,"THEFT F/AUTO","38.9241911629","-77.0519060013",18,24,42,1691,1412,3103,1440,1240,2680
501,"THEFT F/AUTO","38.9241911629","-77.0519060013",18,24,38,1691,1412,3072,1440,1240,2795
501,"THEFT F/AUTO","38.9241911629","-77.0519060013",18,38,42,1691,1537,3103,1440,1424,2680
501,"THEFT F/AUTO","38.9241911629","-77.0519060013",18,38,38,1691,1537,3072,1440,1424,2795
501,"THEFT F/AUTO","38.9241911629","-77.0519060013",0,24,42,1535,1412,3103,1371,1240,2680
501,"THEFT F/AUTO","38.9241911629","-77.0519060013",0,24,38,1535,1412,3072,1371,1240,2795
501,"THEFT F/AUTO","38.9241911629","-77.0519060013",0,38,42,1535,1537,3103,1371,1424,2680
501,"THEFT F/AUTO","38.9241911629","-77.0519060013",0,38,38,1535,1537,3072,1371,1424,2795
501,"THEFT/OTHER","38.9241911629","-77.0519060013",18,24,42,1691,1412,3103,1440,1240,2680
501,"THEFT/OTHER","38.9241911629","-77.0519060013",18,24,38,1691,1412,3072,1440,1240,2795
501,"THEFT/OTHER","38.9241911629","-77.0519060013",18,38,42,1691,1537,3103,1440,1424,2680
501,"THEFT/OTHER","38.9241911629","-77.0519060013",18,38,38,1691,1537,3072,1440,1424,2795
501,"THEFT/OTHER","38.9241911629","-77.0519060013",0,24,42,1535,1412,3103,1371,1240,2680
501,"THEFT/OTHER","38.9241911629","-77.0519060013",0,24,38,1535,1412,3072,1371,1240,2795
501,"THEFT/OTHER","38.9241911629","-77.0519060013",0,38,42,1535,1537,3103,1371,1424,2680
501,"THEFT/OTHER","38.9241911629","-77.0519060013",0,38,38,1535,1537,3072,1371,1424,2795
501,"THEFT F/AUTO","38.9241911629","-77.0519060013",18,24,42,1691,1412,3103,1440,1240,2680
501,"THEFT F/AUTO","38.9241911629","-77.0519060013",18,24,38,1691,1412,3072,1440,1240,2795
501,"THEFT F/AUTO","38.9241911629","-77.0519060013",18,38,42,1691,1537,3103,1440,1424,2680
501,"THEFT F/AUTO","38.9241911629","-77.0519060013",18,38,38,1691,1537,3072,1440,1424,2795
501,"THEFT F/AUTO","38.9241911629","-77.0519060013",0,24,42,1535,1412,3103,1371,1240,2680
501,"THEFT F/AUTO","38.9241911629","-77.0519060013",0,24,38,1535,1412,3072,1371,1240,2795
501,"THEFT F/AUTO","38.9241911629","-77.0519060013",0,38,42,1535,1537,3103,1371,1424,2680
501,"THEFT F/AUTO","38.9241911629","-77.0519060013",0,38,38,1535,1537,3072,1371,1424,2795
501,"THEFT/OTHER","38.9241911629","-77.0519060013",18,24,42,1691,1412,3103,1440,1240,2680
501,"THEFT/OTHER","38.9241911629","-77.0519060013",18,24,38,1691,1412,3072,1440,1240,2795
501,"THEFT/OTHER","38.9241911629","-77.0519060013",18,38,42,1691,1537,3103,1440,1424,2680
501,"THEFT/OTHER","38.9241911629","-77.0519060013",18,38,38,1691,1537,3072,1440,1424,2795
501,"THEFT/OTHER","38.9241911629","-77.0519060013",0,24,42,1535,1412,3103,1371,1240,2680
501,"THEFT/OTHER","38.9241911629","-77.0519060013",0,24,38,1535,1412,3072,1371,1240,2795
501,"THEFT/OTHER","38.9241911629","-77.0519060013",0,38,42,1535,1537,3103,1371,1424,2680
501,"THEFT/OTHER","38.9241911629","-77.0519060013",0,38,38,1535,1537,3072,1371,1424,2795
501,"THEFT F/AUTO","38.9233702999","-77.0543386501",18,24,42,1691,1412,3103,1440,1240,2680
501,"THEFT F/AUTO","38.9233702999","-77.0543386501",18,24,38,1691,1412,3072,1440,1240,2795
501,"THEFT F/AUTO","38.9233702999","-77.0543386501",18,38,42,1691,1537,3103,1440,1424,2680
501,"THEFT F/AUTO","38.9233702999","-77.0543386501",18,38,38,1691,1537,3072,1440,1424,2795
501,"THEFT F/AUTO","38.9233702999","-77.0543386501",0,24,42,1535,1412,3103,1371,1240,2680
501,"THEFT F/AUTO","38.9233702999","-77.0543386501",0,24,38,1535,1412,3072,1371,1240,2795
501,"THEFT F/AUTO","38.9233702999","-77.0543386501",0,38,42,1535,1537,3103,1371,1424,2680
501,"THEFT F/AUTO","38.9233702999","-77.0543386501",0,38,38,1535,1537,3072,1371,1424,2795
501,"THEFT/OTHER","38.9241911629","-77.0519060013",18,24,42,1691,1412,3103,1440,1240,2680
501,"THEFT/OTHER","38.9241911629","-77.0519060013",18,24,38,1691,1412,3072,1440,1240,2795
501,"THEFT/OTHER","38.9241911629","-77.0519060013",18,38,42,1691,1537,3103,1440,1424,2680
501,"THEFT/OTHER","38.9241911629","-77.0519060013",18,38,38,1691,1537,3072,1440,1424,2795
501,"THEFT/OTHER","38.9241911629","-77.0519060013",0,24,42,1535,1412,3103,1371,1240,2680
501,"THEFT/OTHER","38.9241911629","-77.0519060013",0,24,38,1535,1412,3072,1371,1240,2795
501,"THEFT/OTHER","38.9241911629","-77.0519060013",0,38,42,1535,1537,3103,1371,1424,2680
501,"THEFT/OTHER","38.9241911629","-77.0519060013",0,38,38,1535,1537,3072,1371,1424,2795
501,"MOTOR VEHICLE THEFT","38.9233702999","-77.0543386501",18,24,42,1691,1412,3103,1440,1240,2680
501,"MOTOR VEHICLE THEFT","38.9233702999","-77.0543386501",18,24,38,1691,1412,3072,1440,1240,2795
501,"MOTOR VEHICLE THEFT","38.9233702999","-77.0543386501",18,38,42,1691,1537,3103,1440,1424,2680
501,"MOTOR VEHICLE THEFT","38.9233702999","-77.0543386501",18,38,38,1691,1537,3072,1440,1424,2795
501,"MOTOR VEHICLE THEFT","38.9233702999","-77.0543386501",0,24,42,1535,1412,3103,1371,1240,2680
501,"MOTOR VEHICLE THEFT","38.9233702999","-77.0543386501",0,24,38,1535,1412,3072,1371,1240,2795
501,"MOTOR VEHICLE THEFT","38.9233702999","-77.0543386501",0,38,42,1535,1537,3103,1371,1424,2680
501,"MOTOR VEHICLE THEFT","38.9233702999","-77.0543386501",0,38,38,1535,1537,3072,1371,1424,2795
501,"THEFT F/AUTO","38.9303602085","-77.0554972872",18,24,42,1691,1412,3103,1440,1240,2680
501,"THEFT F/AUTO","38.9303602085","-77.0554972872",18,24,38,1691,1412,3072,1440,1240,2795
501,"THEFT F/AUTO","38.9303602085","-77.0554972872",18,38,42,1691,1537,3103,1440,1424,2680
501,"THEFT F/AUTO","38.9303602085","-77.0554972872",18,38,38,1691,1537,3072,1440,1424,2795
501,"THEFT F/AUTO","38.9303602085","-77.0554972872",0,24,42,1535,1412,3103,1371,1240,2680
501,"THEFT F/AUTO","38.9303602085","-77.0554972872",0,24,38,1535,1412,3072,1371,1240,2795
501,"THEFT F/AUTO","38.9303602085","-77.0554972872",0,38,42,1535,1537,3103,1371,1424,2680
501,"THEFT F/AUTO","38.9303602085","-77.0554972872",0,38,38,1535,1537,3072,1371,1424,2795
501,"THEFT/OTHER","38.9246839341","-77.0576378561",18,24,42,1691,1412,3103,1440,1240,2680
501,"THEFT/OTHER","38.9246839341","-77.0576378561",18,24,38,1691,1412,3072,1440,1240,2795
501,"THEFT/OTHER","38.9246839341","-77.0576378561",18,38,42,1691,1537,3103,1440,1424,2680
501,"THEFT/OTHER","38.9246839341","-77.0576378561",18,38,38,1691,1537,3072,1440,1424,2795
501,"THEFT/OTHER","38.9246839341","-77.0576378561",0,24,42,1535,1412,3103,1371,1240,2680
501,"THEFT/OTHER","38.9246839341","-77.0576378561",0,24,38,1535,1412,3072,1371,1240,2795
501,"THEFT/OTHER","38.9246839341","-77.0576378561",0,38,42,1535,1537,3103,1371,1424,2680
501,"THEFT/OTHER","38.9246839341","-77.0576378561",0,38,38,1535,1537,3072,1371,1424,2795
501,"THEFT/OTHER","38.9241911629","-77.0519060013",18,24,42,1691,1412,3103,1440,1240,2680
501,"THEFT/OTHER","38.9241911629","-77.0519060013",18,24,38,1691,1412,3072,1440,1240,2795
501,"THEFT/OTHER","38.9241911629","-77.0519060013",18,38,42,1691,1537,3103,1440,1424,2680
501,"THEFT/OTHER","38.9241911629","-77.0519060013",18,38,38,1691,1537,3072,1440,1424,2795
501,"THEFT/OTHER","38.9241911629","-77.0519060013",0,24,42,1535,1412,3103,1371,1240,2680
501,"THEFT/OTHER","38.9241911629","-77.0519060013",0,24,38,1535,1412,3072,1371,1240,2795
501,"THEFT/OTHER","38.9241911629","-77.0519060013",0,38,42,1535,1537,3103,1371,1424,2680
501,"THEFT/OTHER","38.9241911629","-77.0519060013",0,38,38,1535,1537,3072,1371,1424,2795
501,"THEFT/OTHER","38.9233702999","-77.0543386501",18,24,42,1691,1412,3103,1440,1240,2680
501,"THEFT/OTHER","38.9233702999","-77.0543386501",18,24,38,1691,1412,3072,1440,1240,2795
501,"THEFT/OTHER","38.9233702999","-77.0543386501",18,38,42,1691,1537,3103,1440,1424,2680
501,"THEFT/OTHER","38.9233702999","-77.0543386501",18,38,38,1691,1537,3072,1440,1424,2795
501,"THEFT/OTHER","38.9233702999","-77.0543386501",0,24,42,1535,1412,3103,1371,1240,2680
501,"THEFT/OTHER","38.9233702999","-77.0543386501",0,24,38,1535,1412,3072,1371,1240,2795
501,"THEFT/OTHER","38.9233702999","-77.0543386501",0,38,42,1535,1537,3103,1371,1424,2680
501,"THEFT/OTHER","38.9233702999","-77.0543386501",0,38,38,1535,1537,3072,1371,1424,2795
501,"MOTOR VEHICLE THEFT","38.9233702999","-77.0543386501",18,24,42,1691,1412,3103,1440,1240,2680
501,"MOTOR VEHICLE THEFT","38.9233702999","-77.0543386501",18,24,38,1691,1412,3072,1440,1240,2795
501,"MOTOR VEHICLE THEFT","38.9233702999","-77.0543386501",18,38,42,1691,1537,3103,1440,1424,2680
501,"MOTOR VEHICLE THEFT","38.9233702999","-77.0543386501",18,38,38,1691,1537,3072,1440,1424,2795
501,"MOTOR VEHICLE THEFT","38.9233702999","-77.0543386501",0,24,42,1535,1412,3103,1371,1240,2680
501,"MOTOR VEHICLE THEFT","38.9233702999","-77.0543386501",0,24,38,1535,1412,3072,1371,1240,2795
501,"MOTOR VEHICLE THEFT","38.9233702999","-77.0543386501",0,38,42,1535,1537,3103,1371,1424,2680
501,"MOTOR VEHICLE THEFT","38.9233702999","-77.0543386501",0,38,38,1535,1537,3072,1371,1424,2795
501,"THEFT/OTHER","38.9246839341","-77.0576378561",18,24,42,1691,1412,3103,1440,1240,2680
501,"THEFT/OTHER","38.9246839341","-77.0576378561",18,24,38,1691,1412,3072,1440,1240,2795
501,"THEFT/OTHER","38.9246839341","-77.0576378561",18,38,42,1691,1537,3103,1440,1424,2680
501,"THEFT/OTHER","38.9246839341","-77.0576378561",18,38,38,1691,1537,3072,1440,1424,2795
501,"THEFT/OTHER","38.9246839341","-77.0576378561",0,24,42,1535,1412,3103,1371,1240,2680
501,"THEFT/OTHER","38.9246839341","-77.0576378561",0,24,38,1535,1412,3072,1371,1240,2795
501,"THEFT/OTHER","38.9246839341","-77.0576378561",0,38,42,1535,1537,3103,1371,1424,2680
501,"THEFT/OTHER","38.9246839341","-77.0576378561",0,38,38,1535,1537,3072,1371,1424,2795
501,"THEFT/OTHER","38.9285590405","-77.0544463995",18,24,42,1691,1412,3103,1440,1240,2680
501,"THEFT/OTHER","38.9285590405","-77.0544463995",18,24,38,1691,1412,3072,1440,1240,2795
501,"THEFT/OTHER","38.9285590405","-77.0544463995",18,38,42,1691,1537,3103,1440,1424,2680
501,"THEFT/OTHER","38.9285590405","-77.0544463995",18,38,38,1691,1537,3072,1440,1424,2795
501,"THEFT/OTHER","38.9285590405","-77.0544463995",0,24,42,1535,1412,3103,1371,1240,2680
501,"THEFT/OTHER","38.9285590405","-77.0544463995",0,24,38,1535,1412,3072,1371,1240,2795
501,"THEFT/OTHER","38.9285590405","-77.0544463995",0,38,42,1535,1537,3103,1371,1424,2680
501,"THEFT/OTHER","38.9285590405","-77.0544463995",0,38,38,1535,1537,3072,1371,1424,2795
501,"HOMICIDE","38.9285590405","-77.0544463995",18,24,42,1691,1412,3103,1440,1240,2680
501,"HOMICIDE","38.9285590405","-77.0544463995",18,24,38,1691,1412,3072,1440,1240,2795
501,"HOMICIDE","38.9285590405","-77.0544463995",18,38,42,1691,1537,3103,1440,1424,2680
501,"HOMICIDE","38.9285590405","-77.0544463995",18,38,38,1691,1537,3072,1440,1424,2795
501,"HOMICIDE","38.9285590405","-77.0544463995",0,24,42,1535,1412,3103,1371,1240,2680
501,"HOMICIDE","38.9285590405","-77.0544463995",0,24,38,1535,1412,3072,1371,1240,2795
501,"HOMICIDE","38.9285590405","-77.0544463995",0,38,42,1535,1537,3103,1371,1424,2680
501,"HOMICIDE","38.9285590405","-77.0544463995",0,38,38,1535,1537,3072,1371,1424,2795
502,"MOTOR VEHICLE THEFT","38.9274855139","-77.0576516533",0,0,0,0,0,0,0,0,0
502,"THEFT/OTHER","38.9303602085","-77.0554972872",0,0,0,0,0,0,0,0,0
502,"THEFT F/AUTO","38.9273252328","-77.0537304354",0,0,0,0,0,0,0,0,0
502,"THEFT/OTHER","38.9303602085","-77.0554972872",0,0,0,0,0,0,0,0,0
502,"THEFT/OTHER","38.9303602085","-77.0554972872",0,0,0,0,0,0,0,0,0
502,"MOTOR VEHICLE THEFT","38.9307462243","-77.0582540143",0,0,0,0,0,0,0,0,0
502,"MOTOR VEHICLE THEFT","38.9302663253","-77.0629937217",0,0,0,0,0,0,0,0,0
502,"THEFT F/AUTO","38.9274855139","-77.0576516533",0,0,0,0,0,0,0,0,0
502,"THEFT F/AUTO","38.9272879166","-77.0564521024",0,0,0,0,0,0,0,0,0
502,"THEFT/OTHER","38.9275586955","-77.0553451824",0,0,0,0,0,0,0,0,0
502,"BURGLARY","38.9303602085","-77.0554972872",0,0,0,0,0,0,0,0,0
502,"THEFT F/AUTO","38.9290055332","-77.0623006348",0,0,0,0,0,0,0,0,0
502,"THEFT/OTHER","38.9303602085","-77.0554972872",0,0,0,0,0,0,0,0,0
502,"THEFT/OTHER","38.9303602085","-77.0554972872",0,0,0,0,0,0,0,0,0
502,"BURGLARY","38.9303602085","-77.0554972872",0,0,0,0,0,0,0,0,0
502,"THEFT/OTHER","38.9266583512","-77.0543065581",0,0,0,0,0,0,0,0,0
502,"BURGLARY","38.9260463894","-77.0529913978",0,0,0,0,0,0,0,0,0
502,"THEFT/OTHER","38.9266379484","-77.0592193883",0,0,0,0,0,0,0,0,0
502,"BURGLARY","38.9303602085","-77.0554972872",0,0,0,0,0,0,0,0,0
502,"THEFT F/AUTO","38.9286356783","-77.0632575361",0,0,0,0,0,0,0,0,0
502,"THEFT/OTHER","38.9303602085","-77.0554972872",0,0,0,0,0,0,0,0,0
502,"THEFT F/AUTO","38.929004497","-77.0642150928",0,0,0,0,0,0,0,0,0
502,"THEFT/OTHER","38.9303602085","-77.0554972872",0,0,0,0,0,0,0,0,0
502,"THEFT F/AUTO","38.9263335705","-77.055332699",0,0,0,0,0,0,0,0,0
502,"THEFT F/AUTO","38.9284412465","-77.0558994414",0,0,0,0,0,0,0,0,0
502,"MOTOR VEHICLE THEFT","38.9272879166","-77.0564521024",0,0,0,0,0,0,0,0,0
502,"THEFT/OTHER","38.9272879166","-77.0564521024",0,0,0,0,0,0,0,0,0
502,"THEFT F/AUTO","38.9302653161","-77.0648390151",0,0,0,0,0,0,0,0,0
502,"THEFT F/AUTO","38.9294900798","-77.0657724802",0,0,0,0,0,0,0,0,0
502,"THEFT F/AUTO","38.9296454534","-77.0616784125",0,0,0,0,0,0,0,0,0
502,"THEFT F/AUTO","38.9272879166","-77.0564521024",0,0,0,0,0,0,0,0,0
502,"THEFT F/AUTO","38.9307462243","-77.0582540143",0,0,0,0,0,0,0,0,0
502,"THEFT F/AUTO","38.9260895254","-77.0570393068",0,0,0,0,0,0,0,0,0
502,"THEFT/OTHER","38.9266583512","-77.0543065581",0,0,0,0,0,0,0,0,0
502,"THEFT/OTHER","38.9303602085","-77.0554972872",0,0,0,0,0,0,0,0,0
502,"ROBBERY","38.9303602085","-77.0554972872",0,0,0,0,0,0,0,0,0
502,"THEFT/OTHER","38.9266583512","-77.0543065581",0,0,0,0,0,0,0,0,0
502,"THEFT/OTHER","38.9308458058","-77.057262242",0,0,0,0,0,0,0,0,0
502,"MOTOR VEHICLE THEFT","38.9303602085","-77.0554972872",0,0,0,0,0,0,0,0,0
502,"THEFT/OTHER","38.9290070111","-77.0594635464",0,0,0,0,0,0,0,0,0
502,"THEFT F/AUTO","38.9275586955","-77.0553451824",0,0,0,0,0,0,0,0,0
502,"THEFT F/AUTO","38.9273252328","-77.0537304354",0,0,0,0,0,0,0,0,0
502,"MOTOR VEHICLE THEFT","38.9262151879","-77.0579620019",0,0,0,0,0,0,0,0,0
502,"THEFT F/AUTO","38.9290070111","-77.0594635464",0,0,0,0,0,0,0,0,0
502,"THEFT/OTHER","38.9303602085","-77.0554972872",0,0,0,0,0,0,0,0,0
502,"THEFT F/AUTO","38.9294900798","-77.0657724802",0,0,0,0,0,0,0,0,0
502,"MOTOR VEHICLE THEFT","38.9303602085","-77.0554972872",0,0,0,0,0,0,0,0,0
502,"THEFT/OTHER","38.9308458058","-77.057262242",0,0,0,0,0,0,0,0,0
502,"MOTOR VEHICLE THEFT","38.9254222899","-77.0582957943",0,0,0,0,0,0,0,0,0
600,"THEFT F/AUTO","38.9325338937","-77.0675168398",74,159,233,2314,1423,3737,1991,1204,3195
600,"THEFT F/AUTO","38.9401764089","-77.0612030661",74,159,233,2314,1423,3737,1991,1204,3195
600,"THEFT/OTHER","38.9355400517","-77.0719025847",74,159,233,2314,1423,3737,1991,1204,3195
600,"BURGLARY","38.9334822461","-77.0630772982",74,159,233,2314,1423,3737,1991,1204,3195
600,"THEFT F/AUTO","38.9334784445","-77.069766788",74,159,233,2314,1423,3737,1991,1204,3195
600,"THEFT F/AUTO","38.9355305726","-77.0620328666",74,159,233,2314,1423,3737,1991,1204,3195
600,"THEFT/OTHER","38.936186926","-77.0588812982",74,159,233,2314,1423,3737,1991,1204,3195
600,"THEFT F/AUTO","38.9366475941","-77.0726764878",74,159,233,2314,1423,3737,1991,1204,3195
600,"THEFT F/AUTO","38.9413604873","-77.0701320827",74,159,233,2314,1423,3737,1991,1204,3195
600,"THEFT F/AUTO","38.9350784134","-77.0598492275",74,159,233,2314,1423,3737,1991,1204,3195
600,"THEFT F/AUTO","38.9362836334","-77.0634373326",74,159,233,2314,1423,3737,1991,1204,3195
600,"THEFT/OTHER","38.9377097259","-77.0740270829",74,159,233,2314,1423,3737,1991,1204,3195
600,"THEFT F/AUTO","38.9388492391","-77.0666000622",74,159,233,2314,1423,3737,1991,1204,3195
600,"THEFT F/AUTO","38.9334784445","-77.069766788",74,159,233,2314,1423,3737,1991,1204,3195
600,"THEFT F/AUTO","38.9397973525","-77.0625407579",74,159,233,2314,1423,3737,1991,1204,3195
600,"THEFT F/AUTO","38.9381445833","-77.0700366444",74,159,233,2314,1423,3737,1991,1204,3195
600,"THEFT F/AUTO","38.9346303412","-77.071694059",74,159,233,2314,1423,3737,1991,1204,3195
600,"THEFT/OTHER","38.936186926","-77.0588812982",74,159,233,2314,1423,3737,1991,1204,3195
600,"THEFT/OTHER","38.9330083636","-77.0724767083",74,159,233,2314,1423,3737,1991,1204,3195
600,"MOTOR VEHICLE THEFT","38.934818063","-77.0580843338",74,159,233,2314,1423,3737,1991,1204,3195
600,"THEFT F/AUTO","38.9368799009","-77.0601852304",74,159,233,2314,1423,3737,1991,1204,3195
600,"THEFT F/AUTO","38.9408511118","-77.0629338655",74,159,233,2314,1423,3737,1991,1204,3195
600,"THEFT/OTHER","38.9316677758","-77.0697650163",74,159,233,2314,1423,3737,1991,1204,3195
600,"THEFT F/AUTO","38.9330106821","-77.068636044",74,159,233,2314,1423,3737,1991,1204,3195
600,"THEFT/OTHER","38.9368018331","-77.0708888523",74,159,233,2314,1423,3737,1991,1204,3195
600,"THEFT/OTHER","38.9340556449","-77.0686370499",74,159,233,2314,1423,3737,1991,1204,3195
600,"ROBBERY","38.934818063","-77.0580843338",74,159,233,2314,1423,3737,1991,1204,3195
600,"BURGLARY","38.9334822461","-77.0630772982",74,159,233,2314,1423,3737,1991,1204,3195
600,"THEFT F/AUTO","38.9340623633","-77.0724316449",74,159,233,2314,1423,3737,1991,1204,3195
600,"THEFT F/AUTO","38.9381460629","-77.0675221545",74,159,233,2314,1423,3737,1991,1204,3195
600,"THEFT/OTHER","38.9334822461","-77.0630772982",74,159,233,2314,1423,3737,1991,1204,3195
600,"THEFT/OTHER","38.936186926","-77.0588812982",74,159,233,2314,1423,3737,1991,1204,3195
600,"THEFT F/AUTO","38.934818063","-77.0580843338",74,159,233,2314,1423,3737,1991,1204,3195
600,"BURGLARY","38.9334784445","-77.069766788",74,159,233,2314,1423,3737,1991,1204,3195
600,"THEFT/OTHER","38.9362787107","-77.0719379318",74,159,233,2314,1423,3737,1991,1204,3195
600,"BURGLARY","38.9377400381","-77.0686405969",74,159,233,2314,1423,3737,1991,1204,3195
600,"THEFT/OTHER","38.934818063","-77.0580843338",74,159,233,2314,1423,3737,1991,1204,3195
600,"ASSAULT W/DANGEROUS WEAPON","38.9340623633","-77.0724316449",74,159,233,2314,1423,3737,1991,1204,3195
600,"THEFT F/AUTO","38.9334933283","-77.059109746",74,159,233,2314,1423,3737,1991,1204,3195
600,"MOTOR VEHICLE THEFT","38.9316677758","-77.0697650163",74,159,233,2314,1423,3737,1991,1204,3195
600,"THEFT/OTHER","38.937301395","-77.0637611965",74,159,233,2314,1423,3737,1991,1204,3195
600,"THEFT/OTHER","38.9330083636","-77.0724767083",74,159,233,2314,1423,3737,1991,1204,3195
600,"THEFT/OTHER","38.9362836334","-77.0634373326",74,159,233,2314,1423,3737,1991,1204,3195
600,"THEFT F/AUTO","38.9373239418","-77.0715006857",74,159,233,2314,1423,3737,1991,1204,3195
600,"THEFT/OTHER","38.934818063","-77.0580843338",74,159,233,2314,1423,3737,1991,1204,3195
600,"THEFT/OTHER","38.9375197619","-77.0596551944",74,159,233,2314,1423,3737,1991,1204,3195
600,"THEFT/OTHER","38.937301395","-77.0637611965",74,159,233,2314,1423,3737,1991,1204,3195
600,"THEFT/OTHER","38.936186926","-77.0588812982",74,159,233,2314,1423,3737,1991,1204,3195
600,"THEFT/OTHER","38.9377097259","-77.0740270829",74,159,233,2314,1423,3737,1991,1204,3195
600,"BURGLARY","38.936186926","-77.0588812982",74,159,233,2314,1423,3737,1991,1204,3195
600,"THEFT/OTHER","38.934818063","-77.0580843338",74,159,233,2314,1423,3737,1991,1204,3195
600,"ROBBERY","38.934818063","-77.0580843338",74,159,233,2314,1423,3737,1991,1204,3195
600,"THEFT/OTHER","38.9368799009","-77.0601852304",74,159,233,2314,1423,3737,1991,1204,3195
600,"THEFT F/AUTO","38.9346415081","-77.0680839917",74,159,233,2314,1423,3737,1991,1204,3195
600,"THEFT F/AUTO","38.9330083636","-77.0724767083",74,159,233,2314,1423,3737,1991,1204,3195
600,"THEFT F/AUTO","38.936186926","-77.0588812982",74,159,233,2314,1423,3737,1991,1204,3195
600,"THEFT F/AUTO","38.9325325729","-77.0697658625",74,159,233,2314,1423,3737,1991,1204,3195
600,"THEFT/OTHER","38.9340623633","-77.0724316449",74,159,233,2314,1423,3737,1991,1204,3195
600,"THEFT/OTHER","38.9382395174","-77.0614090222",74,159,233,2314,1423,3737,1991,1204,3195
600,"THEFT/OTHER","38.935071128","-77.0726979486",74,159,233,2314,1423,3737,1991,1204,3195
600,"THEFT F/AUTO","38.9377377552","-77.0724238445",74,159,233,2314,1423,3737,1991,1204,3195
600,"THEFT F/AUTO","38.9334773001","-77.0716582987",74,159,233,2314,1423,3737,1991,1204,3195
600,"THEFT F/AUTO","38.9352824831","-77.0656624846",74,159,233,2314,1423,3737,1991,1204,3195
600,"THEFT F/AUTO","38.9350902568","-77.0708871505",74,159,233,2314,1423,3737,1991,1204,3195
600,"THEFT/OTHER","38.936186926","-77.0588812982",74,159,233,2314,1423,3737,1991,1204,3195
600,"THEFT F/AUTO","38.937301395","-77.0637611965",74,159,233,2314,1423,3737,1991,1204,3195
600,"THEFT/OTHER","38.936186926","-77.0588812982",74,159,233,2314,1423,3737,1991,1204,3195
600,"BURGLARY","38.9390828118","-77.0677191284",74,159,233,2314,1423,3737,1991,1204,3195
600,"THEFT/OTHER","38.9387985544","-77.0604060049",74,159,233,2314,1423,3737,1991,1204,3195
600,"THEFT/OTHER","38.9375197619","-77.0596551944",74,159,233,2314,1423,3737,1991,1204,3195
600,"THEFT F/AUTO","38.9381515612","-77.0733470141",74,159,233,2314,1423,3737,1991,1204,3195
600,"THEFT/OTHER","38.936186926","-77.0588812982",74,159,233,2314,1423,3737,1991,1204,3195
600,"THEFT/OTHER","38.936186926","-77.0588812982",74,159,233,2314,1423,3737,1991,1204,3195
600,"THEFT F/AUTO","38.9334933283","-77.059109746",74,159,233,2314,1423,3737,1991,1204,3195
600,"BURGLARY","38.9330083636","-77.0724767083",74,159,233,2314,1423,3737,1991,1204,3195
600,"THEFT F/AUTO","38.9346315068","-77.0697679163",74,159,233,2314,1423,3737,1991,1204,3195
600,"MOTOR VEHICLE THEFT","38.9401720184","-77.0690812567",74,159,233,2314,1423,3737,1991,1204,3195
600,"THEFT F/AUTO","38.9334933283","-77.059109746",74,159,233,2314,1423,3737,1991,1204,3195
600,"THEFT/OTHER","38.935071128","-77.0726979486",74,159,233,2314,1423,3737,1991,1204,3195
600,"THEFT F/AUTO","38.9316677758","-77.0697650163",74,159,233,2314,1423,3737,1991,1204,3195
600,"MOTOR VEHICLE THEFT","38.9373263082","-77.0675213781",74,159,233,2314,1423,3737,1991,1204,3195
600,"THEFT/OTHER","38.9375197619","-77.0596551944",74,159,233,2314,1423,3737,1991,1204,3195
600,"THEFT F/AUTO","38.9381515612","-77.0733470141",74,159,233,2314,1423,3737,1991,1204,3195
600,"THEFT/OTHER","38.936186926","-77.0588812982",74,159,233,2314,1423,3737,1991,1204,3195
600,"THEFT F/AUTO","38.9388353662","-77.0746511134",74,159,233,2314,1423,3737,1991,1204,3195
600,"THEFT/OTHER","38.9373229428","-77.073115477",74,159,233,2314,1423,3737,1991,1204,3195
600,"THEFT/OTHER","38.936186926","-77.0588812982",74,159,233,2314,1423,3737,1991,1204,3195
600,"BURGLARY","38.9334822461","-77.0630772982",74,159,233,2314,1423,3737,1991,1204,3195
600,"THEFT F/AUTO","38.9362816712","-77.0669552198",74,159,233,2314,1423,3737,1991,1204,3195
600,"THEFT/OTHER","38.9346429134","-77.0656272942",74,159,233,2314,1423,3737,1991,1204,3195
600,"THEFT/OTHER","38.937301395","-77.0637611965",74,159,233,2314,1423,3737,1991,1204,3195
600,"THEFT/OTHER","38.9368799009","-77.0601852304",74,159,233,2314,1423,3737,1991,1204,3195
600,"BURGLARY","38.936186926","-77.0588812982",74,159,233,2314,1423,3737,1991,1204,3195
600,"THEFT F/AUTO","38.9354615911","-77.0675196122",74,159,233,2314,1423,3737,1991,1204,3195
600,"THEFT F/AUTO","38.9350902568","-77.0708871505",74,159,233,2314,1423,3737,1991,1204,3195
600,"THEFT/OTHER","38.9325936475","-77.0567907737",74,159,233,2314,1423,3737,1991,1204,3195
600,"THEFT F/AUTO","38.9320738187","-77.0686351422",74,159,233,2314,1423,3737,1991,1204,3195
600,"THEFT F/AUTO","38.9340556449","-77.0686370499",74,159,233,2314,1423,3737,1991,1204,3195
600,"THEFT/OTHER","38.937301395","-77.0637611965",74,159,233,2314,1423,3737,1991,1204,3195
600,"MOTOR VEHICLE THEFT","38.937301395","-77.0637611965",74,159,233,2314,1423,3737,1991,1204,3195
600,"THEFT F/AUTO","38.9334773001","-77.0716582987",74,159,233,2314,1423,3737,1991,1204,3195
600,"THEFT F/AUTO","38.9397973525","-77.0625407579",74,159,233,2314,1423,3737,1991,1204,3195
600,"THEFT/OTHER","38.9377097259","-77.0740270829",74,159,233,2314,1423,3737,1991,1204,3195
600,"THEFT F/AUTO","38.9377400381","-77.0686405969",74,159,233,2314,1423,3737,1991,1204,3195
600,"THEFT F/AUTO","38.9397973525","-77.0625407579",74,159,233,2314,1423,3737,1991,1204,3195
702,"THEFT/OTHER","38.9254319244","-77.0731955432",38,124,162,1754,1059,2813,1458,884,2342
702,"THEFT F/AUTO","38.9258602414","-77.0794465315",38,124,162,1754,1059,2813,1458,884,2342
702,"BURGLARY","38.9236175461","-77.0788904962",38,124,162,1754,1059,2813,1458,884,2342
702,"THEFT F/AUTO","38.9254319244","-77.0731955432",38,124,162,1754,1059,2813,1458,884,2342
702,"MOTOR VEHICLE THEFT","38.9258602414","-77.0794465315",38,124,162,1754,1059,2813,1458,884,2342
702,"MOTOR VEHICLE THEFT","38.9243389458","-77.0777957418",38,124,162,1754,1059,2813,1458,884,2342
702,"THEFT F/AUTO","38.9258602414","-77.0794465315",38,124,162,1754,1059,2813,1458,884,2342
702,"THEFT/OTHER","38.9252496231","-77.0765281846",38,124,162,1754,1059,2813,1458,884,2342
702,"THEFT/OTHER","38.922111881","-77.0807569776",38,124,162,1754,1059,2813,1458,884,2342
702,"MOTOR VEHICLE THEFT","38.9252496231","-77.0765281846",38,124,162,1754,1059,2813,1458,884,2342
702,"THEFT F/AUTO","38.9236175461","-77.0788904962",38,124,162,1754,1059,2813,1458,884,2342
702,"THEFT F/AUTO","38.9258602414","-77.0794465315",38,124,162,1754,1059,2813,1458,884,2342
702,"THEFT F/AUTO","38.9246981062","-77.0795374943",38,124,162,1754,1059,2813,1458,884,2342
702,"MOTOR VEHICLE THEFT","38.9246971402","-77.0809444204",38,124,162,1754,1059,2813,1458,884,2342
702,"MOTOR VEHICLE THEFT","38.9230886069","-77.0750151828",38,124,162,1754,1059,2813,1458,884,2342
702,"THEFT F/AUTO","38.9252496231","-77.0765281846",38,124,162,1754,1059,2813,1458,884,2342
702,"THEFT F/AUTO","38.9252390506","-77.0788807578",38,124,162,1754,1059,2813,1458,884,2342
702,"ASSAULT W/DANGEROUS WEAPON","38.9254319244","-77.0731955432",38,124,162,1754,1059,2813,1458,884,2342
702,"THEFT/OTHER","38.9236175461","-77.0788904962",38,124,162,1754,1059,2813,1458,884,2342
702,"THEFT/OTHER","38.9236250228","-77.0811277157",38,124,162,1754,1059,2813,1458,884,2342
702,"THEFT/OTHER","38.9236192764","-77.0762842627",38,124,162,1754,1059,2813,1458,884,2342
702,"THEFT/OTHER","38.9252496231","-77.0765281846",38,124,162,1754,1059,2813,1458,884,2342
702,"THEFT/OTHER","38.9258602414","-77.0794465315",38,124,162,1754,1059,2813,1458,884,2342
702,"THEFT F/AUTO","38.9236192764","-77.0762842627",38,124,162,1754,1059,2813,1458,884,2342
702,"THEFT/OTHER","38.9252496231","-77.0765281846",38,124,162,1754,1059,2813,1458,884,2342
702,"THEFT/OTHER","38.9254319244","-77.0731955432",38,124,162,1754,1059,2813,1458,884,2342
702,"THEFT/OTHER","38.9258602414","-77.0794465315",38,124,162,1754,1059,2813,1458,884,2342
703,"THEFT F/AUTO","38.9303924994","-77.0778484789",43,0,43,1589,1475,3064,1390,1102,2492
703,"THEFT F/AUTO","38.9269781584","-77.0781330653",43,0,43,1589,1475,3064,1390,1102,2492
703,"THEFT/OTHER","38.9268853799","-77.0820655611",43,0,43,1589,1475,3064,1390,1102,2492
703,"THEFT F/AUTO","38.9269781584","-77.0781330653",43,0,43,1589,1475,3064,1390,1102,2492
703,"ROBBERY","38.926185504","-77.0780168725",43,0,43,1589,1475,3064,1390,1102,2492
703,"THEFT F/AUTO","38.9303924994","-77.0778484789",43,0,43,1589,1475,3064,1390,1102,2492
703,"THEFT/OTHER","38.9324190053","-77.0783927631",43,0,43,1589,1475,3064,1390,1102,2492
703,"MOTOR VEHICLE THEFT","38.926185504","-77.0780168725",43,0,43,1589,1475,3064,1390,1102,2492
704,"THEFT/OTHER","38.9288098817","-77.0734527335",49,0,49,1116,903,2019,1043,747,1790
704,"SEX ABUSE","38.9304407462","-77.0728777576",49,0,49,1116,903,2019,1043,747,1790
704,"THEFT/OTHER","38.9304407462","-77.0728777576",49,0,49,1116,903,2019,1043,747,1790
704,"THEFT F/AUTO","38.9268552377","-77.0731970042",49,0,49,1116,903,2019,1043,747,1790
704,"ASSAULT W/DANGEROUS WEAPON","38.9293859179","-77.0742375673",49,0,49,1116,903,2019,1043,747,1790
704,"THEFT F/AUTO","38.9268543333","-77.074627038",49,0,49,1116,903,2019,1043,747,1790
704,"BURGLARY","38.9268552377","-77.0731970042",49,0,49,1116,903,2019,1043,747,1790
704,"THEFT F/AUTO","38.9288098817","-77.0734527335",49,0,49,1116,903,2019,1043,747,1790
704,"THEFT/OTHER","38.9330083636","-77.0724767083",49,0,49,1116,903,2019,1043,747,1790
704,"ROBBERY","38.9268552377","-77.0731970042",49,0,49,1116,903,2019,1043,747,1790
704,"THEFT/OTHER","38.932206546","-77.0726027607",49,0,49,1116,903,2019,1043,747,1790
704,"THEFT/OTHER","38.9290151498","-77.0764514957",49,0,49,1116,903,2019,1043,747,1790
704,"THEFT F/AUTO","38.9275287788","-77.0764499021",49,0,49,1116,903,2019,1043,747,1790
704,"THEFT F/AUTO","38.9258724273","-77.0746260104",49,0,49,1116,903,2019,1043,747,1790
704,"THEFT/OTHER","38.9293859179","-77.0742375673",49,0,49,1116,903,2019,1043,747,1790
704,"THEFT/OTHER","38.9304407462","-77.0728777576",49,0,49,1116,903,2019,1043,747,1790
704,"THEFT/OTHER","38.9293859179","-77.0742375673",49,0,49,1116,903,2019,1043,747,1790
704,"THEFT/OTHER","38.9304407462","-77.0728777576",49,0,49,1116,903,2019,1043,747,1790
704,"THEFT F/AUTO","38.9324190053","-77.0783927631",49,0,49,1116,903,2019,1043,747,1790
704,"THEFT/OTHER","38.9330083636","-77.0724767083",49,0,49,1116,903,2019,1043,747,1790
704,"BURGLARY","38.9304407462","-77.0728777576",49,0,49,1116,903,2019,1043,747,1790
704,"THEFT/OTHER","38.9305829708","-77.0758765197",49,0,49,1116,903,2019,1043,747,1790
704,"THEFT/OTHER","38.9288098817","-77.0734527335",49,0,49,1116,903,2019,1043,747,1790
704,"THEFT/OTHER","38.9304407462","-77.0728777576",49,0,49,1116,903,2019,1043,747,1790
704,"THEFT/OTHER","38.9304407462","-77.0728777576",49,0,49,1116,903,2019,1043,747,1790
704,"THEFT F/AUTO","38.9261791643","-77.0739113208",49,0,49,1116,903,2019,1043,747,1790
704,"THEFT/OTHER","38.9304407462","-77.0728777576",49,0,49,1116,903,2019,1043,747,1790
704,"THEFT/OTHER","38.9268552377","-77.0731970042",49,0,49,1116,903,2019,1043,747,1790
704,"MOTOR VEHICLE THEFT","38.9308361377","-77.0744236081",49,0,49,1116,903,2019,1043,747,1790
704,"THEFT/OTHER","38.9304407462","-77.0728777576",49,0,49,1116,903,2019,1043,747,1790
704,"THEFT/OTHER","38.9304407462","-77.0728777576",49,0,49,1116,903,2019,1043,747,1790
704,"SEX ABUSE","38.9330083636","-77.0724767083",49,0,49,1116,903,2019,1043,747,1790
704,"MOTOR VEHICLE THEFT","38.9293859179","-77.0742375673",49,0,49,1116,903,2019,1043,747,1790
704,"MOTOR VEHICLE THEFT","38.9290151498","-77.0764514957",49,0,49,1116,903,2019,1043,747,1790
704,"MOTOR VEHICLE THEFT","38.9304407462","-77.0728777576",49,0,49,1116,903,2019,1043,747,1790
802,"THEFT/OTHER","38.9115656035","-77.0897038986",0,0,0,1282,647,1929,1176,647,1823
802,"THEFT/OTHER","38.9115656035","-77.0897038986",0,0,14,1282,647,2981,1176,647,2671
802,"THEFT/OTHER","38.9115656035","-77.0897038986",0,0,0,1282,1438,1929,1176,1268,1823
802,"THEFT/OTHER","38.9115656035","-77.0897038986",0,0,14,1282,1438,2981,1176,1268,2671
802,"THEFT/OTHER","38.9115656035","-77.0897038986",14,0,0,1543,647,1929,1403,647,1823
802,"THEFT/OTHER","38.9115656035","-77.0897038986",14,0,14,1543,647,2981,1403,647,2671
802,"THEFT/OTHER","38.9115656035","-77.0897038986",14,0,0,1543,1438,1929,1403,1268,1823
802,"THEFT/OTHER","38.9115656035","-77.0897038986",14,0,14,1543,1438,2981,1403,1268,2671
802,"THEFT/OTHER","38.9073009201","-77.0825503208",0,0,0,1282,647,1929,1176,647,1823
802,"THEFT/OTHER","38.9073009201","-77.0825503208",0,0,14,1282,647,2981,1176,647,2671
802,"THEFT/OTHER","38.9073009201","-77.0825503208",0,0,0,1282,1438,1929,1176,1268,1823
802,"THEFT/OTHER","38.9073009201","-77.0825503208",0,0,14,1282,1438,2981,1176,1268,2671
802,"THEFT/OTHER","38.9073009201","-77.0825503208",14,0,0,1543,647,1929,1403,647,1823
802,"THEFT/OTHER","38.9073009201","-77.0825503208",14,0,14,1543,647,2981,1403,647,2671
802,"THEFT/OTHER","38.9073009201","-77.0825503208",14,0,0,1543,1438,1929,1403,1268,1823
802,"THEFT/OTHER","38.9073009201","-77.0825503208",14,0,14,1543,1438,2981,1403,1268,2671
802,"THEFT F/AUTO","38.9101486132","-77.0810432079",0,0,0,1282,647,1929,1176,647,1823
802,"THEFT F/AUTO","38.9101486132","-77.0810432079",0,0,14,1282,647,2981,1176,647,2671
802,"THEFT F/AUTO","38.9101486132","-77.0810432079",0,0,0,1282,1438,1929,1176,1268,1823
802,"THEFT F/AUTO","38.9101486132","-77.0810432079",0,0,14,1282,1438,2981,1176,1268,2671
802,"THEFT F/AUTO","38.9101486132","-77.0810432079",14,0,0,1543,647,1929,1403,647,1823
802,"THEFT F/AUTO","38.9101486132","-77.0810432079",14,0,14,1543,647,2981,1403,647,2671
802,"THEFT F/AUTO","38.9101486132","-77.0810432079",14,0,0,1543,1438,1929,1403,1268,1823
802,"THEFT F/AUTO","38.9101486132","-77.0810432079",14,0,14,1543,1438,2981,1403,1268,2671
802,"MOTOR VEHICLE THEFT","38.9094949662","-77.0880179534",0,0,0,1282,647,1929,1176,647,1823
802,"MOTOR VEHICLE THEFT","38.9094949662","-77.0880179534",0,0,14,1282,647,2981,1176,647,2671
802,"MOTOR VEHICLE THEFT","38.9094949662","-77.0880179534",0,0,0,1282,1438,1929,1176,1268,1823
802,"MOTOR VEHICLE THEFT","38.9094949662","-77.0880179534",0,0,14,1282,1438,2981,1176,1268,2671
802,"MOTOR VEHICLE THEFT","38.9094949662","-77.0880179534",14,0,0,1543,647,1929,1403,647,1823
802,"MOTOR VEHICLE THEFT","38.9094949662","-77.0880179534",14,0,14,1543,647,2981,1403,647,2671
802,"MOTOR VEHICLE THEFT","38.9094949662","-77.0880179534",14,0,0,1543,1438,1929,1403,1268,1823
802,"MOTOR VEHICLE THEFT","38.9094949662","-77.0880179534",14,0,14,1543,1438,2981,1403,1268,2671
802,"MOTOR VEHICLE THEFT","38.9116870536","-77.0838582972",0,0,0,1282,647,1929,1176,647,1823
802,"MOTOR VEHICLE THEFT","38.9116870536","-77.0838582972",0,0,14,1282,647,2981,1176,647,2671
802,"MOTOR VEHICLE THEFT","38.9116870536","-77.0838582972",0,0,0,1282,1438,1929,1176,1268,1823
802,"MOTOR VEHICLE THEFT","38.9116870536","-77.0838582972",0,0,14,1282,1438,2981,1176,1268,2671
802,"MOTOR VEHICLE THEFT","38.9116870536","-77.0838582972",14,0,0,1543,647,1929,1403,647,1823
802,"MOTOR VEHICLE THEFT","38.9116870536","-77.0838582972",14,0,14,1543,647,2981,1403,647,2671
802,"MOTOR VEHICLE THEFT","38.9116870536","-77.0838582972",14,0,0,1543,1438,1929,1403,1268,1823
802,"MOTOR VEHICLE THEFT","38.9116870536","-77.0838582972",14,0,14,1543,1438,2981,1403,1268,2671
802,"THEFT F/AUTO","38.915059712","-77.0911611531",0,0,0,1282,647,1929,1176,647,1823
802,"THEFT F/AUTO","38.915059712","-77.0911611531",0,0,14,1282,647,2981,1176,647,2671
802,"THEFT F/AUTO","38.915059712","-77.0911611531",0,0,0,1282,1438,1929,1176,1268,1823
802,"THEFT F/AUTO","38.915059712","-77.0911611531",0,0,14,1282,1438,2981,1176,1268,2671
802,"THEFT F/AUTO","38.915059712","-77.0911611531",14,0,0,1543,647,1929,1403,647,1823
802,"THEFT F/AUTO","38.915059712","-77.0911611531",14,0,14,1543,647,2981,1403,647,2671
802,"THEFT F/AUTO","38.915059712","-77.0911611531",14,0,0,1543,1438,1929,1403,1268,1823
802,"THEFT F/AUTO","38.915059712","-77.0911611531",14,0,14,1543,1438,2981,1403,1268,2671
802,"MOTOR VEHICLE THEFT","38.9126791989","-77.0821299267",0,0,0,1282,647,1929,1176,647,1823
802,"MOTOR VEHICLE THEFT","38.9126791989","-77.0821299267",0,0,14,1282,647,2981,1176,647,2671
802,"MOTOR VEHICLE THEFT","38.9126791989","-77.0821299267",0,0,0,1282,1438,1929,1176,1268,1823
802,"MOTOR VEHICLE THEFT","38.9126791989","-77.0821299267",0,0,14,1282,1438,2981,1176,1268,2671
802,"MOTOR VEHICLE THEFT","38.9126791989","-77.0821299267",14,0,0,1543,647,1929,1403,647,1823
802,"MOTOR VEHICLE THEFT","38.9126791989","-77.0821299267",14,0,14,1543,647,2981,1403,647,2671
802,"MOTOR VEHICLE THEFT","38.9126791989","-77.0821299267",14,0,0,1543,1438,1929,1403,1268,1823
802,"MOTOR VEHICLE THEFT","38.9126791989","-77.0821299267",14,0,14,1543,1438,2981,1403,1268,2671
802,"THEFT F/AUTO","38.90690461","-77.0824691569",0,0,0,1282,647,1929,1176,647,1823
802,"THEFT F/AUTO","38.90690461","-77.0824691569",0,0,14,1282,647,2981,1176,647,2671
802,"THEFT F/AUTO","38.90690461","-77.0824691569",0,0,0,1282,1438,1929,1176,1268,1823
802,"THEFT F/AUTO","38.90690461","-77.0824691569",0,0,14,1282,1438,2981,1176,1268,2671
802,"THEFT F/AUTO","38.90690461","-77.0824691569",14,0,0,1543,647,1929,1403,647,1823
802,"THEFT F/AUTO","38.90690461","-77.0824691569",14,0,14,1543,647,2981,1403,647,2671
802,"THEFT F/AUTO","38.90690461","-77.0824691569",14,0,0,1543,1438,1929,1403,1268,1823
802,"THEFT F/AUTO","38.90690461","-77.0824691569",14,0,14,1543,1438,2981,1403,1268,2671
802,"MOTOR VEHICLE THEFT","38.9116870536","-77.0838582972",0,0,0,1282,647,1929,1176,647,1823
802,"MOTOR VEHICLE THEFT","38.9116870536","-77.0838582972",0,0,14,1282,647,2981,1176,647,2671
802,"MOTOR VEHICLE THEFT","38.9116870536","-77.0838582972",0,0,0,1282,1438,1929,1176,1268,1823
802,"MOTOR VEHICLE THEFT","38.9116870536","-77.0838582972",0,0,14,1282,1438,2981,1176,1268,2671
802,"MOTOR VEHICLE THEFT","38.9116870536","-77.0838582972",14,0,0,1543,647,1929,1403,647,1823
802,"MOTOR VEHICLE THEFT","38.9116870536","-77.0838582972",14,0,14,1543,647,2981,1403,647,2671
802,"MOTOR VEHICLE THEFT","38.9116870536","-77.0838582972",14,0,0,1543,1438,1929,1403,1268,1823
802,"MOTOR VEHICLE THEFT","38.9116870536","-77.0838582972",14,0,14,1543,1438,2981,1403,1268,2671
802,"THEFT F/AUTO","38.9115656035","-77.0897038986",0,0,0,1282,647,1929,1176,647,1823
802,"THEFT F/AUTO","38.9115656035","-77.0897038986",0,0,14,1282,647,2981,1176,647,2671
802,"THEFT F/AUTO","38.9115656035","-77.0897038986",0,0,0,1282,1438,1929,1176,1268,1823
802,"THEFT F/AUTO","38.9115656035","-77.0897038986",0,0,14,1282,1438,2981,1176,1268,2671
802,"THEFT F/AUTO","38.9115656035","-77.0897038986",14,0,0,1543,647,1929,1403,647,1823
802,"THEFT F/AUTO","38.9115656035","-77.0897038986",14,0,14,1543,647,2981,1403,647,2671
802,"THEFT F/AUTO","38.9115656035","-77.0897038986",14,0,0,1543,1438,1929,1403,1268,1823
802,"THEFT F/AUTO","38.9115656035","-77.0897038986",14,0,14,1543,1438,2981,1403,1268,2671
802,"THEFT F/AUTO","38.9171253272","-77.0876237867",0,0,0,1282,647,1929,1176,647,1823
802,"THEFT F/AUTO","38.9171253272","-77.0876237867",0,0,14,1282,647,2981,1176,647,2671
802,"THEFT F/AUTO","38.9171253272","-77.0876237867",0,0,0,1282,1438,1929,1176,1268,1823
802,"THEFT F/AUTO","38.9171253272","-77.0876237867",0,0,14,1282,1438,2981,1176,1268,2671
802,"THEFT F/AUTO","38.9171253272","-77.0876237867",14,0,0,1543,647,1929,1403,647,1823
802,"THEFT F/AUTO","38.9171253272","-77.0876237867",14,0,14,1543,647,2981,1403,647,2671
802,"THEFT F/AUTO","38.9171253272","-77.0876237867",14,0,0,1543,1438,1929,1403,1268,1823
802,"THEFT F/AUTO","38.9171253272","-77.0876237867",14,0,14,1543,1438,2981,1403,1268,2671
802,"MOTOR VEHICLE THEFT","38.907405248","-77.0877271398",0,0,0,1282,647,1929,1176,647,1823
802,"MOTOR VEHICLE THEFT","38.907405248","-77.0877271398",0,0,14,1282,647,2981,1176,647,2671
802,"MOTOR VEHICLE THEFT","38.907405248","-77.0877271398",0,0,0,1282,1438,1929,1176,1268,1823
802,"MOTOR VEHICLE THEFT","38.907405248","-77.0877271398",0,0,14,1282,1438,2981,1176,1268,2671
802,"MOTOR VEHICLE THEFT","38.907405248","-77.0877271398",14,0,0,1543,647,1929,1403,647,1823
802,"MOTOR VEHICLE THEFT","38.907405248","-77.0877271398",14,0,14,1543,647,2981,1403,647,2671
802,"MOTOR VEHICLE THEFT","38.907405248","-77.0877271398",14,0,0,1543,1438,1929,1403,1268,1823
802,"MOTOR VEHICLE THEFT","38.907405248","-77.0877271398",14,0,14,1543,1438,2981,1403,1268,2671
802,"THEFT F/AUTO","38.9111642715","-77.0842727626",0,0,0,1282,647,1929,1176,647,1823
802,"THEFT F/AUTO","38.9111642715","-77.0842727626",0,0,14,1282,647,2981,1176,647,2671
802,"THEFT F/AUTO","38.9111642715","-77.0842727626",0,0,0,1282,1438,1929,1176,1268,1823
802,"THEFT F/AUTO","38.9111642715","-77.0842727626",0,0,14,1282,1438,2981,1176,1268,2671
802,"THEFT F/AUTO","38.9111642715","-77.0842727626",14,0,0,1543,647,1929,1403,647,1823
802,"THEFT F/AUTO","38.9111642715","-77.0842727626",14,0,14,1543,647,2981,1403,647,2671
802,"THEFT F/AUTO","38.9111642715","-77.0842727626",14,0,0,1543,1438,1929,1403,1268,1823
802,"THEFT F/AUTO","38.9111642715","-77.0842727626",14,0,14,1543,1438,2981,1403,1268,2671
802,"THEFT F/AUTO","38.9171253272","-77.0876237867",0,0,0,1282,647,1929,1176,647,1823
802,"THEFT F/AUTO","38.9171253272","-77.0876237867",0,0,14,1282,647,2981,1176,647,2671
802,"THEFT F/AUTO","38.9171253272","-77.0876237867",0,0,0,1282,1438,1929,1176,1268,1823
802,"THEFT F/AUTO","38.9171253272","-77.0876237867",0,0,14,1282,1438,2981,1176,1268,2671
802,"THEFT F/AUTO","38.9171253272","-77.0876237867",14,0,0,1543,647,1929,1403,647,1823
802,"THEFT F/AUTO","38.9171253272","-77.0876237867",14,0,14,1543,647,2981,1403,647,2671
802,"THEFT F/AUTO","38.9171253272","-77.0876237867",14,0,0,1543,1438,1929,1403,1268,1823
802,"THEFT F/AUTO","38.9171253272","-77.0876237867",14,0,14,1543,1438,2981,1403,1268,2671
802,"THEFT F/AUTO","38.9191611826","-77.087660882",0,0,0,1282,647,1929,1176,647,1823
802,"THEFT F/AUTO","38.9191611826","-77.087660882",0,0,14,1282,647,2981,1176,647,2671
802,"THEFT F/AUTO","38.9191611826","-77.087660882",0,0,0,1282,1438,1929,1176,1268,1823
802,"THEFT F/AUTO","38.9191611826","-77.087660882",0,0,14,1282,1438,2981,1176,1268,2671
802,"THEFT F/AUTO","38.9191611826","-77.087660882",14,0,0,1543,647,1929,1403,647,1823
802,"THEFT F/AUTO","38.9191611826","-77.087660882",14,0,14,1543,647,2981,1403,647,2671
802,"THEFT F/AUTO","38.9191611826","-77.087660882",14,0,0,1543,1438,1929,1403,1268,1823
802,"THEFT F/AUTO","38.9191611826","-77.087660882",14,0,14,1543,1438,2981,1403,1268,2671
802,"THEFT F/AUTO","38.9054284592","-77.083037563",0,0,0,1282,647,1929,1176,647,1823
802,"THEFT F/AUTO","38.9054284592","-77.083037563",0,0,14,1282,647,2981,1176,647,2671
802,"THEFT F/AUTO","38.9054284592","-77.083037563",0,0,0,1282,1438,1929,1176,1268,1823
802,"THEFT F/AUTO","38.9054284592","-77.083037563",0,0,14,1282,1438,2981,1176,1268,2671
802,"THEFT F/AUTO","38.9054284592","-77.083037563",14,0,0,1543,647,1929,1403,647,1823
802,"THEFT F/AUTO","38.9054284592","-77.083037563",14,0,14,1543,647,2981,1403,647,2671
802,"THEFT F/AUTO","38.9054284592","-77.083037563",14,0,0,1543,1438,1929,1403,1268,1823
802,"THEFT F/AUTO","38.9054284592","-77.083037563",14,0,14,1543,1438,2981,1403,1268,2671
802,"MOTOR VEHICLE THEFT","38.907405248","-77.0877271398",0,0,0,1282,647,1929,1176,647,1823
802,"MOTOR VEHICLE THEFT","38.907405248","-77.0877271398",0,0,14,1282,647,2981,1176,647,2671
802,"MOTOR VEHICLE THEFT","38.907405248","-77.0877271398",0,0,0,1282,1438,1929,1176,1268,1823
802,"MOTOR VEHICLE THEFT","38.907405248","-77.0877271398",0,0,14,1282,1438,2981,1176,1268,2671
802,"MOTOR VEHICLE THEFT","38.907405248","-77.0877271398",14,0,0,1543,647,1929,1403,647,1823
802,"MOTOR VEHICLE THEFT","38.907405248","-77.0877271398",14,0,14,1543,647,2981,1403,647,2671
802,"MOTOR VEHICLE THEFT","38.907405248","-77.0877271398",14,0,0,1543,1438,1929,1403,1268,1823
802,"MOTOR VEHICLE THEFT","38.907405248","-77.0877271398",14,0,14,1543,1438,2981,1403,1268,2671
802,"THEFT F/AUTO","38.9072102802","-77.0833342126",0,0,0,1282,647,1929,1176,647,1823
802,"THEFT F/AUTO","38.9072102802","-77.0833342126",0,0,14,1282,647,2981,1176,647,2671
802,"THEFT F/AUTO","38.9072102802","-77.0833342126",0,0,0,1282,1438,1929,1176,1268,1823
802,"THEFT F/AUTO","38.9072102802","-77.0833342126",0,0,14,1282,1438,2981,1176,1268,2671
802,"THEFT F/AUTO","38.9072102802","-77.0833342126",14,0,0,1543,647,1929,1403,647,1823
802,"THEFT F/AUTO","38.9072102802","-77.0833342126",14,0,14,1543,647,2981,1403,647,2671
802,"THEFT F/AUTO","38.9072102802","-77.0833342126",14,0,0,1543,1438,1929,1403,1268,1823
802,"THEFT F/AUTO","38.9072102802","-77.0833342126",14,0,14,1543,1438,2981,1403,1268,2671
802,"THEFT F/AUTO","38.9110183409","-77.0867284757",0,0,0,1282,647,1929,1176,647,1823
802,"THEFT F/AUTO","38.9110183409","-77.0867284757",0,0,14,1282,647,2981,1176,647,2671
802,"THEFT F/AUTO","38.9110183409","-77.0867284757",0,0,0,1282,1438,1929,1176,1268,1823
802,"THEFT F/AUTO","38.9110183409","-77.0867284757",0,0,14,1282,1438,2981,1176,1268,2671
802,"THEFT F/AUTO","38.9110183409","-77.0867284757",14,0,0,1543,647,1929,1403,647,1823
802,"THEFT F/AUTO","38.9110183409","-77.0867284757",14,0,14,1543,647,2981,1403,647,2671
802,"THEFT F/AUTO","38.9110183409","-77.0867284757",14,0,0,1543,1438,1929,1403,1268,1823
802,"THEFT F/AUTO","38.9110183409","-77.0867284757",14,0,14,1543,1438,2981,1403,1268,2671
802,"THEFT F/AUTO","38.9110640128","-77.0858753122",0,0,0,1282,647,1929,1176,647,1823
802,"THEFT F/AUTO","38.9110640128","-77.0858753122",0,0,14,1282,647,2981,1176,647,2671
802,"THEFT F/AUTO","38.9110640128","-77.0858753122",0,0,0,1282,1438,1929,1176,1268,1823
802,"THEFT F/AUTO","38.9110640128","-77.0858753122",0,0,14,1282,1438,2981,1176,1268,2671
802,"THEFT F/AUTO","38.9110640128","-77.0858753122",14,0,0,1543,647,1929,1403,647,1823
802,"THEFT F/AUTO","38.9110640128","-77.0858753122",14,0,14,1543,647,2981,1403,647,2671
802,"THEFT F/AUTO","38.9110640128","-77.0858753122",14,0,0,1543,1438,1929,1403,1268,1823
802,"THEFT F/AUTO","38.9110640128","-77.0858753122",14,0,14,1543,1438,2981,1403,1268,2671
802,"THEFT F/AUTO","38.9094949662","-77.0880179534",0,0,0,1282,647,1929,1176,647,1823
802,"THEFT F/AUTO","38.9094949662","-77.0880179534",0,0,14,1282,647,2981,1176,647,2671
802,"THEFT F/AUTO","38.9094949662","-77.0880179534",0,0,0,1282,1438,1929,1176,1268,1823
802,"THEFT F/AUTO","38.9094949662","-77.0880179534",0,0,14,1282,1438,2981,1176,1268,2671
802,"THEFT F/AUTO","38.9094949662","-77.0880179534",14,0,0,1543,647,1929,1403,647,1823
802,"THEFT F/AUTO","38.9094949662","-77.0880179534",14,0,14,1543,647,2981,1403,647,2671
802,"THEFT F/AUTO","38.9094949662","-77.0880179534",14,0,0,1543,1438,1929,1403,1268,1823
802,"THEFT F/AUTO","38.9094949662","-77.0880179534",14,0,14,1543,1438,2981,1403,1268,2671
802,"THEFT F/AUTO","38.9115656035","-77.0897038986",0,0,0,1282,647,1929,1176,647,1823
802,"THEFT F/AUTO","38.9115656035","-77.0897038986",0,0,14,1282,647,2981,1176,647,2671
802,"THEFT F/AUTO","38.9115656035","-77.0897038986",0,0,0,1282,1438,1929,1176,1268,1823
802,"THEFT F/AUTO","38.9115656035","-77.0897038986",0,0,14,1282,1438,2981,1176,1268,2671
802,"THEFT F/AUTO","38.9115656035","-77.0897038986",14,0,0,1543,647,1929,1403,647,1823
802,"THEFT F/AUTO","38.9115656035","-77.0897038986",14,0,14,1543,647,2981,1403,647,2671
802,"THEFT F/AUTO","38.9115656035","-77.0897038986",14,0,0,1543,1438,1929,1403,1268,1823
802,"THEFT F/AUTO","38.9115656035","-77.0897038986",14,0,14,1543,1438,2981,1403,1268,2671
802,"THEFT F/AUTO","38.9096435675","-77.0818727765",0,0,0,1282,647,1929,1176,647,1823
802,"THEFT F/AUTO","38.9096435675","-77.0818727765",0,0,14,1282,647,2981,1176,647,2671
802,"THEFT F/AUTO","38.9096435675","-77.0818727765",0,0,0,1282,1438,1929,1176,1268,1823
802,"THEFT F/AUTO","38.9096435675","-77.0818727765",0,0,14,1282,1438,2981,1176,1268,2671
802,"THEFT F/AUTO","38.9096435675","-77.0818727765",14,0,0,1543,647,1929,1403,647,1823
802,"THEFT F/AUTO","38.9096435675","-77.0818727765",14,0,14,1543,647,2981,1403,647,2671
802,"THEFT F/AUTO","38.9096435675","-77.0818727765",14,0,0,1543,1438,1929,1403,1268,1823
802,"THEFT F/AUTO","38.9096435675","-77.0818727765",14,0,14,1543,1438,2981,1403,1268,2671
802,"THEFT F/AUTO","38.9067972458","-77.0814198669",0,0,0,1282,647,1929,1176,647,1823
802,"THEFT F/AUTO","38.9067972458","-77.0814198669",0,0,14,1282,647,2981,1176,647,2671
802,"THEFT F/AUTO","38.9067972458","-77.0814198669",0,0,0,1282,1438,1929,1176,1268,1823
802,"THEFT F/AUTO","38.9067972458","-77.0814198669",0,0,14,1282,1438,2981,1176,1268,2671
802,"THEFT F/AUTO","38.9067972458","-77.0814198669",14,0,0,1543,647,1929,1403,647,1823
802,"THEFT F/AUTO","38.9067972458","-77.0814198669",14,0,14,1543,647,2981,1403,647,2671
802,"THEFT F/AUTO","38.9067972458","-77.0814198669",14,0,0,1543,1438,1929,1403,1268,1823
802,"THEFT F/AUTO","38.9067972458","-77.0814198669",14,0,14,1543,1438,2981,1403,1268,2671
802,"THEFT F/AUTO","38.9094949662","-77.0880179534",0,0,0,1282,647,1929,1176,647,1823
802,"THEFT F/AUTO","38.9094949662","-77.0880179534",0,0,14,1282,647,2981,1176,647,2671
802,"THEFT F/AUTO","38.9094949662","-77.0880179534",0,0,0,1282,1438,1929,1176,1268,1823
802,"THEFT F/AUTO","38.9094949662","-77.0880179534",0,0,14,1282,1438,2981,1176,1268,2671
802,"THEFT F/AUTO","38.9094949662","-77.0880179534",14,0,0,1543,647,1929,1403,647,1823
802,"THEFT F/AUTO","38.9094949662","-77.0880179534",14,0,14,1543,647,2981,1403,647,2671
802,"THEFT F/AUTO","38.9094949662","-77.0880179534",14,0,0,1543,1438,1929,1403,1268,1823
802,"THEFT F/AUTO","38.9094949662","-77.0880179534",14,0,14,1543,1438,2981,1403,1268,2671
802,"THEFT/OTHER","38.9111934282","-77.0812634653",0,0,0,1282,647,1929,1176,647,1823
802,"THEFT/OTHER","38.9111934282","-77.0812634653",0,0,14,1282,647,2981,1176,647,2671
802,"THEFT/OTHER","38.9111934282","-77.0812634653",0,0,0,1282,1438,1929,1176,1268,1823
802,"THEFT/OTHER","38.9111934282","-77.0812634653",0,0,14,1282,1438,2981,1176,1268,2671
802,"THEFT/OTHER","38.9111934282","-77.0812634653",14,0,0,1543,647,1929,1403,647,1823
802,"THEFT/OTHER","38.9111934282","-77.0812634653",14,0,14,1543,647,2981,1403,647,2671
802,"THEFT/OTHER","38.9111934282","-77.0812634653",14,0,0,1543,1438,1929,1403,1268,1823
802,"THEFT/OTHER","38.9111934282","-77.0812634653",14,0,14,1543,1438,2981,1403,1268,2671
802,"MOTOR VEHICLE THEFT","38.9111921716","-77.0830506148",0,0,0,1282,647,1929,1176,647,1823
802,"MOTOR VEHICLE THEFT","38.9111921716","-77.0830506148",0,0,14,1282,647,2981,1176,647,2671
802,"MOTOR VEHICLE THEFT","38.9111921716","-77.0830506148",0,0,0,1282,1438,1929,1176,1268,1823
802,"MOTOR VEHICLE THEFT","38.9111921716","-77.0830506148",0,0,14,1282,1438,2981,1176,1268,2671
802,"MOTOR VEHICLE THEFT","38.9111921716","-77.0830506148",14,0,0,1543,647,1929,1403,647,1823
802,"MOTOR VEHICLE THEFT","38.9111921716","-77.0830506148",14,0,14,1543,647,2981,1403,647,2671
802,"MOTOR VEHICLE THEFT","38.9111921716","-77.0830506148",14,0,0,1543,1438,1929,1403,1268,1823
802,"MOTOR VEHICLE THEFT","38.9111921716","-77.0830506148",14,0,14,1543,1438,2981,1403,1268,2671
802,"THEFT F/AUTO","38.9133218202","-77.0902365036",0,0,0,1282,647,1929,1176,647,1823
802,"THEFT F/AUTO","38.9133218202","-77.0902365036",0,0,14,1282,647,2981,1176,647,2671
802,"THEFT F/AUTO","38.9133218202","-77.0902365036",0,0,0,1282,1438,1929,1176,1268,1823
802,"THEFT F/AUTO","38.9133218202","-77.0902365036",0,0,14,1282,1438,2981,1176,1268,2671
802,"THEFT F/AUTO","38.9133218202","-77.0902365036",14,0,0,1543,647,1929,1403,647,1823
802,"THEFT F/AUTO","38.9133218202","-77.0902365036",14,0,14,1543,647,2981,1403,647,2671
802,"THEFT F/AUTO","38.9133218202","-77.0902365036",14,0,0,1543,1438,1929,1403,1268,1823
802,"THEFT F/AUTO","38.9133218202","-77.0902365036",14,0,14,1543,1438,2981,1403,1268,2671
802,"THEFT F/AUTO","38.9134515089","-77.0854861543",0,0,0,1282,647,1929,1176,647,1823
802,"THEFT F/AUTO","38.9134515089","-77.0854861543",0,0,14,1282,647,2981,1176,647,2671
802,"THEFT F/AUTO","38.9134515089","-77.0854861543",0,0,0,1282,1438,1929,1176,1268,1823
802,"THEFT F/AUTO","38.9134515089","-77.0854861543",0,0,14,1282,1438,2981,1176,1268,2671
802,"THEFT F/AUTO","38.9134515089","-77.0854861543",14,0,0,1543,647,1929,1403,647,1823
802,"THEFT F/AUTO","38.9134515089","-77.0854861543",14,0,14,1543,647,2981,1403,647,2671
802,"THEFT F/AUTO","38.9134515089","-77.0854861543",14,0,0,1543,1438,1929,1403,1268,1823
802,"THEFT F/AUTO","38.9134515089","-77.0854861543",14,0,14,1543,1438,2981,1403,1268,2671
802,"THEFT F/AUTO","38.9116870536","-77.0838582972",0,0,0,1282,647,1929,1176,647,1823
802,"THEFT F/AUTO","38.9116870536","-77.0838582972",0,0,14,1282,647,2981,1176,647,2671
802,"THEFT F/AUTO","38.9116870536","-77.0838582972",0,0,0,1282,1438,1929,1176,1268,1823
802,"THEFT F/AUTO","38.9116870536","-77.0838582972",0,0,14,1282,1438,2981,1176,1268,2671
802,"THEFT F/AUTO","38.9116870536","-77.0838582972",14,0,0,1543,647,1929,1403,647,1823
802,"THEFT F/AUTO","38.9116870536","-77.0838582972",14,0,14,1543,647,2981,1403,647,2671
802,"THEFT F/AUTO","38.9116870536","-77.0838582972",14,0,0,1543,1438,1929,1403,1268,1823
802,"THEFT F/AUTO","38.9116870536","-77.0838582972",14,0,14,1543,1438,2981,1403,1268,2671
802,"THEFT/OTHER","38.907405248","-77.0877271398",0,0,0,1282,647,1929,1176,647,1823
802,"THEFT/OTHER","38.907405248","-77.0877271398",0,0,14,1282,647,2981,1176,647,2671
802,"THEFT/OTHER","38.907405248","-77.0877271398",0,0,0,1282,1438,1929,1176,1268,1823
802,"THEFT/OTHER","38.907405248","-77.0877271398",0,0,14,1282,1438,2981,1176,1268,2671
802,"THEFT/OTHER","38.907405248","-77.0877271398",14,0,0,1543,647,1929,1403,647,1823
802,"THEFT/OTHER","38.907405248","-77.0877271398",14,0,14,1543,647,2981,1403,647,2671
802,"THEFT/OTHER","38.907405248","-77.0877271398",14,0,0,1543,1438,1929,1403,1268,1823
802,"THEFT/OTHER","38.907405248","-77.0877271398",14,0,14,1543,1438,2981,1403,1268,2671
802,"THEFT F/AUTO","38.9103876546","-77.0868660673",0,0,0,1282,647,1929,1176,647,1823
802,"THEFT F/AUTO","38.9103876546","-77.0868660673",0,0,14,1282,647,2981,1176,647,2671
802,"THEFT F/AUTO","38.9103876546","-77.0868660673",0,0,0,1282,1438,1929,1176,1268,1823
802,"THEFT F/AUTO","38.9103876546","-77.0868660673",0,0,14,1282,1438,2981,1176,1268,2671
802,"THEFT F/AUTO","38.9103876546","-77.0868660673",14,0,0,1543,647,1929,1403,647,1823
802,"THEFT F/AUTO","38.9103876546","-77.0868660673",14,0,14,1543,647,2981,1403,647,2671
802,"THEFT F/AUTO","38.9103876546","-77.0868660673",14,0,0,1543,1438,1929,1403,1268,1823
802,"THEFT F/AUTO","38.9103876546","-77.0868660673",14,0,14,1543,1438,2981,1403,1268,2671
802,"THEFT/OTHER","38.9084611178","-77.0851688749",0,0,0,1282,647,1929,1176,647,1823
802,"THEFT/OTHER","38.9084611178","-77.0851688749",0,0,14,1282,647,2981,1176,647,2671
802,"THEFT/OTHER","38.9084611178","-77.0851688749",0,0,0,1282,1438,1929,1176,1268,1823
802,"THEFT/OTHER","38.9084611178","-77.0851688749",0,0,14,1282,1438,2981,1176,1268,2671
802,"THEFT/OTHER","38.9084611178","-77.0851688749",14,0,0,1543,647,1929,1403,647,1823
802,"THEFT/OTHER","38.9084611178","-77.0851688749",14,0,14,1543,647,2981,1403,647,2671
802,"THEFT/OTHER","38.9084611178","-77.0851688749",14,0,0,1543,1438,1929,1403,1268,1823
802,"THEFT/OTHER","38.9084611178","-77.0851688749",14,0,14,1543,1438,2981,1403,1268,2671
802,"THEFT/OTHER","38.9162266624","-77.0846823233",0,0,0,1282,647,1929,1176,647,1823
802,"THEFT/OTHER","38.9162266624","-77.0846823233",0,0,14,1282,647,2981,1176,647,2671
802,"THEFT/OTHER","38.9162266624","-77.0846823233",0,0,0,1282,1438,1929,1176,1268,1823
802,"THEFT/OTHER","38.9162266624","-77.0846823233",0,0,14,1282,1438,2981,1176,1268,2671
802,"THEFT/OTHER","38.9162266624","-77.0846823233",14,0,0,1543,647,1929,1403,647,1823
802,"THEFT/OTHER","38.9162266624","-77.0846823233",14,0,14,1543,647,2981,1403,647,2671
802,"THEFT/OTHER","38.9162266624","-77.0846823233",14,0,0,1543,1438,1929,1403,1268,1823
802,"THEFT/OTHER","38.9162266624","-77.0846823233",14,0,14,1543,1438,2981,1403,1268,2671
802,"THEFT/OTHER","38.9111934282","-77.0812634653",0,0,0,1282,647,1929,1176,647,1823
802,"THEFT/OTHER","38.9111934282","-77.0812634653",0,0,14,1282,647,2981,1176,647,2671
802,"THEFT/OTHER","38.9111934282","-77.0812634653",0,0,0,1282,1438,1929,1176,1268,1823
802,"THEFT/OTHER","38.9111934282","-77.0812634653",0,0,14,1282,1438,2981,1176,1268,2671
802,"THEFT/OTHER","38.9111934282","-77.0812634653",14,0,0,1543,647,1929,1403,647,1823
802,"THEFT/OTHER","38.9111934282","-77.0812634653",14,0,14,1543,647,2981,1403,647,2671
802,"THEFT/OTHER","38.9111934282","-77.0812634653",14,0,0,1543,1438,1929,1403,1268,1823
802,"THEFT/OTHER","38.9111934282","-77.0812634653",14,0,14,1543,1438,2981,1403,1268,2671
802,"THEFT F/AUTO","38.9106973569","-77.0821391745",0,0,0,1282,647,1929,1176,647,1823
802,"THEFT F/AUTO","38.9106973569","-77.0821391745",0,0,14,1282,647,2981,1176,647,2671
802,"THEFT F/AUTO","38.9106973569","-77.0821391745",0,0,0,1282,1438,1929,1176,1268,1823
802,"THEFT F/AUTO","38.9106973569","-77.0821391745",0,0,14,1282,1438,2981,1176,1268,2671
802,"THEFT F/AUTO","38.9106973569","-77.0821391745",14,0,0,1543,647,1929,1403,647,1823
802,"THEFT F/AUTO","38.9106973569","-77.0821391745",14,0,14,1543,647,2981,1403,647,2671
802,"THEFT F/AUTO","38.9106973569","-77.0821391745",14,0,0,1543,1438,1929,1403,1268,1823
802,"THEFT F/AUTO","38.9106973569","-77.0821391745",14,0,14,1543,1438,2981,1403,1268,2671
802,"THEFT/OTHER","38.9111642715","-77.0842727626",0,0,0,1282,647,1929,1176,647,1823
802,"THEFT/OTHER","38.9111642715","-77.0842727626",0,0,14,1282,647,2981,1176,647,2671
802,"THEFT/OTHER","38.9111642715","-77.0842727626",0,0,0,1282,1438,1929,1176,1268,1823
802,"THEFT/OTHER","38.9111642715","-77.0842727626",0,0,14,1282,1438,2981,1176,1268,2671
802,"THEFT/OTHER","38.9111642715","-77.0842727626",14,0,0,1543,647,1929,1403,647,1823
802,"THEFT/OTHER","38.9111642715","-77.0842727626",14,0,14,1543,647,2981,1403,647,2671
802,"THEFT/OTHER","38.9111642715","-77.0842727626",14,0,0,1543,1438,1929,1403,1268,1823
802,"THEFT/OTHER","38.9111642715","-77.0842727626",14,0,14,1543,1438,2981,1403,1268,2671
803,"BURGLARY","38.9329634967","-77.0855441486",0,0,0,1277,1144,2421,1160,976,2136
803,"THEFT F/AUTO","38.9302821241","-77.0811929554",0,0,0,1277,1144,2421,1160,976,2136
803,"THEFT/OTHER","38.9302821241","-77.0811929554",0,0,0,1277,1144,2421,1160,976,2136
803,"BURGLARY","38.9329634967","-77.0855441486",0,0,0,1277,1144,2421,1160,976,2136
803,"THEFT/OTHER","38.9302821241","-77.0811929554",0,0,0,1277,1144,2421,1160,976,2136
803,"THEFT/OTHER","38.9329634967","-77.0855441486",0,0,0,1277,1144,2421,1160,976,2136
803,"THEFT/OTHER","38.9329634967","-77.0855441486",0,0,0,1277,1144,2421,1160,976,2136
803,"THEFT F/AUTO","38.9371978418","-77.0849379158",0,0,0,1277,1144,2421,1160,976,2136
803,"THEFT/OTHER","38.9302821241","-77.0811929554",0,0,0,1277,1144,2421,1160,976,2136
803,"BURGLARY","38.9329634967","-77.0855441486",0,0,0,1277,1144,2421,1160,976,2136
804,"THEFT F/AUTO","38.9183779882","-77.0983147201",0,0,0,0,0,0,0,0,0
804,"THEFT/OTHER","38.9266938765","-77.0853175095",0,0,0,0,0,0,0,0,0
804,"THEFT F/AUTO","38.9212513704","-77.0986415672",0,0,0,0,0,0,0,0,0
804,"THEFT F/AUTO","38.9181086263","-77.0972534851",0,0,0,0,0,0,0,0,0
804,"THEFT F/AUTO","38.9224047121","-77.0869498963",0,0,0,0,0,0,0,0,0
804,"THEFT F/AUTO","38.9181003345","-77.0963886394",0,0,0,0,0,0,0,0,0
804,"THEFT F/AUTO","38.9289230799","-77.0917324549",0,0,0,0,0,0,0,0,0
804,"THEFT/OTHER","38.9302821241","-77.0811929554",0,0,0,0,0,0,0,0,0
804,"THEFT F/AUTO","38.9289230799","-77.0917324549",0,0,0,0,0,0,0,0,0
804,"MOTOR VEHICLE THEFT","38.9302667778","-77.0898542895",0,0,0,0,0,0,0,0,0
804,"THEFT F/AUTO","38.9340151557","-77.088647975",0,0,0,0,0,0,0,0,0
804,"THEFT F/AUTO","38.922193147","-77.1033824346",0,0,0,0,0,0,0,0,0
804,"THEFT F/AUTO","38.9170628795","-77.0981860666",0,0,0,0,0,0,0,0,0
804,"THEFT/OTHER","38.9274787676","-77.09545564",0,0,0,0,0,0,0,0,0
804,"THEFT F/AUTO","38.9302667778","-77.0898542895",0,0,0,0,0,0,0,0,0
804,"MOTOR VEHICLE THEFT","38.9288718685","-77.0880418718",0,0,0,0,0,0,0,0,0
804,"THEFT F/AUTO","38.9293704372","-77.0838098961",0,0,0,0,0,0,0,0,0
804,"THEFT F/AUTO","38.9235891942","-77.0929479868",0,0,0,0,0,0,0,0,0
804,"THEFT F/AUTO","38.9302667778","-77.0898542895",0,0,0,0,0,0,0,0,0
804,"MOTOR VEHICLE THEFT","38.9248824775","-77.0863071132",0,0,0,0,0,0,0,0,0
804,"THEFT F/AUTO","38.9171904747","-77.0964104716",0,0,0,0,0,0,0,0,0
804,"THEFT/OTHER","38.9191734956","-77.0949602088",0,0,0,0,0,0,0,0,0
804,"THEFT F/AUTO","38.9162814571","-77.0954060605",0,0,0,0,0,0,0,0,0
804,"MOTOR VEHICLE THEFT","38.9313406028","-77.087433657",0,0,0,0,0,0,0,0,0
804,"MOTOR VEHICLE THEFT","38.9302667778","-77.0898542895",0,0,0,0,0,0,0,0,0
804,"THEFT F/AUTO","38.9248824775","-77.0863071132",0,0,0,0,0,0,0,0,0
804,"THEFT/OTHER","38.923707096","-77.0919448537",0,0,0,0,0,0,0,0,0
804,"THEFT F/AUTO","38.9274787676","-77.09545564",0,0,0,0,0,0,0,0,0
804,"THEFT F/AUTO","38.9302563815","-77.0916419054",0,0,0,0,0,0,0,0,0
804,"THEFT F/AUTO","38.9177483796","-77.0971492142",0,0,0,0,0,0,0,0,0
804,"THEFT F/AUTO","38.9281957922","-77.0886407404",0,0,0,0,0,0,0,0,0
804,"BURGLARY","38.9170021703","-77.0953493699",0,0,0,0,0,0,0,0,0
804,"THEFT F/AUTO","38.9207161438","-77.09218316",0,0,0,0,0,0,0,0,0
804,"MOTOR VEHICLE THEFT","38.9152716344","-77.0964885924",0,0,0,0,0,0,0,0,0
804,"THEFT/OTHER","38.922193147","-77.1033824346",0,0,0,0,0,0,0,0,0
804,"THEFT F/AUTO","38.9250518569","-77.0886829613",0,0,0,0,0,0,0,0,0
804,"THEFT F/AUTO","38.9162814571","-77.0954060605",0,0,0,0,0,0,0,0,0
804,"MOTOR VEHICLE THEFT","38.9202382741","-77.0927245214",0,0,0,0,0,0,0,0,0
804,"THEFT/OTHER","38.9177483796","-77.0971492142",0,0,0,0,0,0,0,0,0
804,"THEFT/OTHER","38.9202382741","-77.0927245214",0,0,0,0,0,0,0,0,0
804,"THEFT F/AUTO","38.9274848967","-77.0954514965",0,0,0,0,0,0,0,0,0
804,"MOTOR VEHICLE THEFT","38.9302667778","-77.0898542895",0,0,0,0,0,0,0,0,0
804,"THEFT/OTHER","38.9162814571","-77.0954060605",0,0,0,0,0,0,0,0,0
804,"BURGLARY","38.9247773223","-77.0941604169",0,0,0,0,0,0,0,0,0
804,"THEFT F/AUTO","38.9181003345","-77.0963886394",0,0,0,0,0,0,0,0,0
804,"THEFT F/AUTO","38.9258810578","-77.0881073734",0,0,0,0,0,0,0,0,0
804,"THEFT/OTHER","38.9329449801","-77.0862246043",0,0,0,0,0,0,0,0,0
804,"THEFT F/AUTO","38.9340151557","-77.088647975",0,0,0,0,0,0,0,0,0
804,"THEFT/OTHER","38.9186405194","-77.0967698995",0,0,0,0,0,0,0,0,0
804,"MOTOR VEHICLE THEFT","38.9231573525","-77.0922439754",0,0,0,0,0,0,0,0,0
804,"THEFT F/AUTO","38.9318729923","-77.086223308",0,0,0,0,0,0,0,0,0
804,"THEFT F/AUTO","38.9170021703","-77.0953493699",0,0,0,0,0,0,0,0,0
804,"THEFT F/AUTO","38.9274787676","-77.09545564",0,0,0,0,0,0,0,0,0
804,"THEFT F/AUTO","38.9295668666","-77.0862205193",0,0,0,0,0,0,0,0,0
804,"THEFT F/AUTO","38.9170021703","-77.0953493699",0,0,0,0,0,0,0,0,0
804,"THEFT F/AUTO","38.9166216458","-77.0979779032",0,0,0,0,0,0,0,0,0
804,"THEFT/OTHER","38.923707096","-77.0919448537",0,0,0,0,0,0,0,0,0
804,"THEFT F/AUTO","38.9271598367","-77.0886394526",0,0,0,0,0,0,0,0,0
804,"BURGLARY","38.9275215283","-77.0868292765",0,0,0,0,0,0,0,0,0
804,"THEFT/OTHER","38.9162814571","-77.0954060605",0,0,0,0,0,0,0,0,0
804,"MOTOR VEHICLE THEFT","38.9276257115","-77.0919499065",0,0,0,0,0,0,0,0,0
902,"MOTOR VEHICLE THEFT","38.9266447508","-77.1016820774",0,0,0,502,333,835,438,327,765
902,"MOTOR VEHICLE THEFT","38.9266447508","-77.1016820774",0,0,60,502,333,1799,438,327,1558
902,"MOTOR VEHICLE THEFT","38.9266447508","-77.1016820774",0,0,0,502,895,835,438,734,765
902,"MOTOR VEHICLE THEFT","38.9266447508","-77.1016820774",0,0,60,502,895,1799,438,734,1558
902,"MOTOR VEHICLE THEFT","38.9266447508","-77.1016820774",60,0,0,904,333,835,824,327,765
902,"MOTOR VEHICLE THEFT","38.9266447508","-77.1016820774",60,0,60,904,333,1799,824,327,1558
902,"MOTOR VEHICLE THEFT","38.9266447508","-77.1016820774",60,0,0,904,895,835,824,734,765
902,"MOTOR VEHICLE THEFT","38.9266447508","-77.1016820774",60,0,60,904,895,1799,824,734,1558
902,"THEFT/OTHER","38.9230433609","-77.0994282168",0,0,0,502,333,835,438,327,765
902,"THEFT/OTHER","38.9230433609","-77.0994282168",0,0,60,502,333,1799,438,327,1558
902,"THEFT/OTHER","38.9230433609","-77.0994282168",0,0,0,502,895,835,438,734,765
902,"THEFT/OTHER","38.9230433609","-77.0994282168",0,0,60,502,895,1799,438,734,1558
902,"THEFT/OTHER","38.9230433609","-77.0994282168",60,0,0,904,333,835,824,327,765
902,"THEFT/OTHER","38.9230433609","-77.0994282168",60,0,60,904,333,1799,824,327,1558
902,"THEFT/OTHER","38.9230433609","-77.0994282168",60,0,0,904,895,835,824,734,765
902,"THEFT/OTHER","38.9230433609","-77.0994282168",60,0,60,904,895,1799,824,734,1558
902,"THEFT F/AUTO","38.9237709991","-77.1017933001",0,0,0,502,333,835,438,327,765
902,"THEFT F/AUTO","38.9237709991","-77.1017933001",0,0,60,502,333,1799,438,327,1558
902,"THEFT F/AUTO","38.9237709991","-77.1017933001",0,0,0,502,895,835,438,734,765
902,"THEFT F/AUTO","38.9237709991","-77.1017933001",0,0,60,502,895,1799,438,734,1558
902,"THEFT F/AUTO","38.9237709991","-77.1017933001",60,0,0,904,333,835,824,327,765
902,"THEFT F/AUTO","38.9237709991","-77.1017933001",60,0,60,904,333,1799,824,327,1558
902,"THEFT F/AUTO","38.9237709991","-77.1017933001",60,0,0,904,895,835,824,734,765
902,"THEFT F/AUTO","38.9237709991","-77.1017933001",60,0,60,904,895,1799,824,734,1558
902,"MOTOR VEHICLE THEFT","38.9256264297","-77.1021188544",0,0,0,502,333,835,438,327,765
902,"MOTOR VEHICLE THEFT","38.9256264297","-77.1021188544",0,0,60,502,333,1799,438,327,1558
902,"MOTOR VEHICLE THEFT","38.9256264297","-77.1021188544",0,0,0,502,895,835,438,734,765
902,"MOTOR VEHICLE THEFT","38.9256264297","-77.1021188544",0,0,60,502,895,1799,438,734,1558
902,"MOTOR VEHICLE THEFT","38.9256264297","-77.1021188544",60,0,0,904,333,835,824,327,765
902,"MOTOR VEHICLE THEFT","38.9256264297","-77.1021188544",60,0,60,904,333,1799,824,327,1558
902,"MOTOR VEHICLE THEFT","38.9256264297","-77.1021188544",60,0,0,904,895,835,824,734,765
902,"MOTOR VEHICLE THEFT","38.9256264297","-77.1021188544",60,0,60,904,895,1799,824,734,1558
902,"BURGLARY","38.9222860914","-77.1000960055",0,0,0,502,333,835,438,327,765
902,"BURGLARY","38.9222860914","-77.1000960055",0,0,60,502,333,1799,438,327,1558
902,"BURGLARY","38.9222860914","-77.1000960055",0,0,0,502,895,835,438,734,765
902,"BURGLARY","38.9222860914","-77.1000960055",0,0,60,502,895,1799,438,734,1558
902,"BURGLARY","38.9222860914","-77.1000960055",60,0,0,904,333,835,824,327,765
902,"BURGLARY","38.9222860914","-77.1000960055",60,0,60,904,333,1799,824,327,1558
902,"BURGLARY","38.9222860914","-77.1000960055",60,0,0,904,895,835,824,734,765
902,"BURGLARY","38.9222860914","-77.1000960055",60,0,60,904,895,1799,824,734,1558
902,"THEFT F/AUTO","38.9212513704","-77.0986415672",0,0,0,502,333,835,438,327,765
902,"THEFT F/AUTO","38.9212513704","-77.0986415672",0,0,60,502,333,1799,438,327,1558
902,"THEFT F/AUTO","38.9212513704","-77.0986415672",0,0,0,502,895,835,438,734,765
902,"THEFT F/AUTO","38.9212513704","-77.0986415672",0,0,60,502,895,1799,438,734,1558
902,"THEFT F/AUTO","38.9212513704","-77.0986415672",60,0,0,904,333,835,824,327,765
902,"THEFT F/AUTO","38.9212513704","-77.0986415672",60,0,60,904,333,1799,824,327,1558
902,"THEFT F/AUTO","38.9212513704","-77.0986415672",60,0,0,904,895,835,824,734,765
902,"THEFT F/AUTO","38.9212513704","-77.0986415672",60,0,60,904,895,1799,824,734,1558
902,"THEFT F/AUTO","38.935103932","-77.111163454",0,0,0,502,333,835,438,327,765
902,"THEFT F/AUTO","38.935103932","-77.111163454",0,0,60,502,333,1799,438,327,1558
902,"THEFT F/AUTO","38.935103932","-77.111163454",0,0,0,502,895,835,438,734,765
902,"THEFT F/AUTO","38.935103932","-77.111163454",0,0,60,502,895,1799,438,734,1558
902,"THEFT F/AUTO","38.935103932","-77.111163454",60,0,0,904,333,835,824,327,765
902,"THEFT F/AUTO","38.935103932","-77.111163454",60,0,60,904,333,1799,824,327,1558
902,"THEFT F/AUTO","38.935103932","-77.111163454",60,0,0,904,895,835,824,734,765
902,"THEFT F/AUTO","38.935103932","-77.111163454",60,0,60,904,895,1799,824,734,1558
902,"THEFT F/AUTO","38.9268233685","-77.1034468102",0,0,0,502,333,835,438,327,765
902,"THEFT F/AUTO","38.9268233685","-77.1034468102",0,0,60,502,333,1799,438,327,1558
902,"THEFT F/AUTO","38.9268233685","-77.1034468102",0,0,0,502,895,835,438,734,765
902,"THEFT F/AUTO","38.9268233685","-77.1034468102",0,0,60,502,895,1799,438,734,1558
902,"THEFT F/AUTO","38.9268233685","-77.1034468102",60,0,0,904,333,835,824,327,765
902,"THEFT F/AUTO","38.9268233685","-77.1034468102",60,0,60,904,333,1799,824,327,1558
902,"THEFT F/AUTO","38.9268233685","-77.1034468102",60,0,0,904,895,835,824,734,765
902,"THEFT F/AUTO","38.9268233685","-77.1034468102",60,0,60,904,895,1799,824,734,1558
902,"THEFT/OTHER","38.9227890225","-77.1018726216",0,0,0,502,333,835,438,327,765
902,"THEFT/OTHER","38.9227890225","-77.1018726216",0,0,60,502,333,1799,438,327,1558
902,"THEFT/OTHER","38.9227890225","-77.1018726216",0,0,0,502,895,835,438,734,765
902,"THEFT/OTHER","38.9227890225","-77.1018726216",0,0,60,502,895,1799,438,734,1558
902,"THEFT/OTHER","38.9227890225","-77.1018726216",60,0,0,904,333,835,824,327,765
902,"THEFT/OTHER","38.9227890225","-77.1018726216",60,0,60,904,333,1799,824,327,1558
902,"THEFT/OTHER","38.9227890225","-77.1018726216",60,0,0,904,895,835,824,734,765
902,"THEFT/OTHER","38.9227890225","-77.1018726216",60,0,60,904,895,1799,824,734,1558
902,"THEFT F/AUTO","38.9237709991","-77.1017933001",0,0,0,502,333,835,438,327,765
902,"THEFT F/AUTO","38.9237709991","-77.1017933001",0,0,60,502,333,1799,438,327,1558
902,"THEFT F/AUTO","38.9237709991","-77.1017933001",0,0,0,502,895,835,438,734,765
902,"THEFT F/AUTO","38.9237709991","-77.1017933001",0,0,60,502,895,1799,438,734,1558
902,"THEFT F/AUTO","38.9237709991","-77.1017933001",60,0,0,904,333,835,824,327,765
902,"THEFT F/AUTO","38.9237709991","-77.1017933001",60,0,60,904,333,1799,824,327,1558
902,"THEFT F/AUTO","38.9237709991","-77.1017933001",60,0,0,904,895,835,824,734,765
902,"THEFT F/AUTO","38.9237709991","-77.1017933001",60,0,60,904,895,1799,824,734,1558
902,"THEFT F/AUTO","38.9297926681","-77.1072685467",0,0,0,502,333,835,438,327,765
902,"THEFT F/AUTO","38.9297926681","-77.1072685467",0,0,60,502,333,1799,438,327,1558
902,"THEFT F/AUTO","38.9297926681","-77.1072685467",0,0,0,502,895,835,438,734,765
902,"THEFT F/AUTO","38.9297926681","-77.1072685467",0,0,60,502,895,1799,438,734,1558
902,"THEFT F/AUTO","38.9297926681","-77.1072685467",60,0,0,904,333,835,824,327,765
902,"THEFT F/AUTO","38.9297926681","-77.1072685467",60,0,60,904,333,1799,824,327,1558
902,"THEFT F/AUTO","38.9297926681","-77.1072685467",60,0,0,904,895,835,824,734,765
902,"THEFT F/AUTO","38.9297926681","-77.1072685467",60,0,60,904,895,1799,824,734,1558
902,"MOTOR VEHICLE THEFT","38.9246013861","-77.0999147407",0,0,0,502,333,835,438,327,765
902,"MOTOR VEHICLE THEFT","38.9246013861","-77.0999147407",0,0,60,502,333,1799,438,327,1558
902,"MOTOR VEHICLE THEFT","38.9246013861","-77.0999147407",0,0,0,502,895,835,438,734,765
902,"MOTOR VEHICLE THEFT","38.9246013861","-77.0999147407",0,0,60,502,895,1799,438,734,1558
902,"MOTOR VEHICLE THEFT","38.9246013861","-77.0999147407",60,0,0,904,333,835,824,327,765
902,"MOTOR VEHICLE THEFT","38.9246013861","-77.0999147407",60,0,60,904,333,1799,824,327,1558
902,"MOTOR VEHICLE THEFT","38.9246013861","-77.0999147407",60,0,0,904,895,835,824,734,765
902,"MOTOR VEHICLE THEFT","38.9246013861","-77.0999147407",60,0,60,904,895,1799,824,734,1558
902,"THEFT F/AUTO","38.9274787676","-77.09545564",0,0,0,502,333,835,438,327,765
902,"THEFT F/AUTO","38.9274787676","-77.09545564",0,0,60,502,333,1799,438,327,1558
902,"THEFT F/AUTO","38.9274787676","-77.09545564",0,0,0,502,895,835,438,734,765
902,"THEFT F/AUTO","38.9274787676","-77.09545564",0,0,60,502,895,1799,438,734,1558
902,"THEFT F/AUTO","38.9274787676","-77.09545564",60,0,0,904,333,835,824,327,765
902,"THEFT F/AUTO","38.9274787676","-77.09545564",60,0,60,904,333,1799,824,327,1558
902,"THEFT F/AUTO","38.9274787676","-77.09545564",60,0,0,904,895,835,824,734,765
902,"THEFT F/AUTO","38.9274787676","-77.09545564",60,0,60,904,895,1799,824,734,1558
902,"THEFT F/AUTO","38.9296015699","-77.1093441969",0,0,0,502,333,835,438,327,765
902,"THEFT F/AUTO","38.9296015699","-77.1093441969",0,0,60,502,333,1799,438,327,1558
902,"THEFT F/AUTO","38.9296015699","-77.1093441969",0,0,0,502,895,835,438,734,765
902,"THEFT F/AUTO","38.9296015699","-77.1093441969",0,0,60,502,895,1799,438,734,1558
902,"THEFT F/AUTO","38.9296015699","-77.1093441969",60,0,0,904,333,835,824,327,765
902,"THEFT F/AUTO","38.9296015699","-77.1093441969",60,0,60,904,333,1799,824,327,1558
902,"THEFT F/AUTO","38.9296015699","-77.1093441969",60,0,0,904,895,835,824,734,765
902,"THEFT F/AUTO","38.9296015699","-77.1093441969",60,0,60,904,895,1799,824,734,1558
902,"THEFT/OTHER","38.9227890225","-77.1018726216",0,0,0,502,333,835,438,327,765
902,"THEFT/OTHER","38.9227890225","-77.1018726216",0,0,60,502,333,1799,438,327,1558
902,"THEFT/OTHER","38.9227890225","-77.1018726216",0,0,0,502,895,835,438,734,765
902,"THEFT/OTHER","38.9227890225","-77.1018726216",0,0,60,502,895,1799,438,734,1558
902,"THEFT/OTHER","38.9227890225","-77.1018726216",60,0,0,904,333,835,824,327,765
902,"THEFT/OTHER","38.9227890225","-77.1018726216",60,0,60,904,333,1799,824,327,1558
902,"THEFT/OTHER","38.9227890225","-77.1018726216",60,0,0,904,895,835,824,734,765
902,"THEFT/OTHER","38.9227890225","-77.1018726216",60,0,60,904,895,1799,824,734,1558
902,"THEFT/OTHER","38.9242763044","-77.100825323",0,0,0,502,333,835,438,327,765
902,"THEFT/OTHER","38.9242763044","-77.100825323",0,0,60,502,333,1799,438,327,1558
902,"THEFT/OTHER","38.9242763044","-77.100825323",0,0,0,502,895,835,438,734,765
902,"THEFT/OTHER","38.9242763044","-77.100825323",0,0,60,502,895,1799,438,734,1558
902,"THEFT/OTHER","38.9242763044","-77.100825323",60,0,0,904,333,835,824,327,765
902,"THEFT/OTHER","38.9242763044","-77.100825323",60,0,60,904,333,1799,824,327,1558
902,"THEFT/OTHER","38.9242763044","-77.100825323",60,0,0,904,895,835,824,734,765
902,"THEFT/OTHER","38.9242763044","-77.100825323",60,0,60,904,895,1799,824,734,1558
902,"THEFT/OTHER","38.9268233685","-77.1034468102",0,0,0,502,333,835,438,327,765
902,"THEFT/OTHER","38.9268233685","-77.1034468102",0,0,60,502,333,1799,438,327,1558
902,"THEFT/OTHER","38.9268233685","-77.1034468102",0,0,0,502,895,835,438,734,765
902,"THEFT/OTHER","38.9268233685","-77.1034468102",0,0,60,502,895,1799,438,734,1558
902,"THEFT/OTHER","38.9268233685","-77.1034468102",60,0,0,904,333,835,824,327,765
902,"THEFT/OTHER","38.9268233685","-77.1034468102",60,0,60,904,333,1799,824,327,1558
902,"THEFT/OTHER","38.9268233685","-77.1034468102",60,0,0,904,895,835,824,734,765
902,"THEFT/OTHER","38.9268233685","-77.1034468102",60,0,60,904,895,1799,824,734,1558
902,"BURGLARY","38.9222860914","-77.1000960055",0,0,0,502,333,835,438,327,765
902,"BURGLARY","38.9222860914","-77.1000960055",0,0,60,502,333,1799,438,327,1558
902,"BURGLARY","38.9222860914","-77.1000960055",0,0,0,502,895,835,438,734,765
902,"BURGLARY","38.9222860914","-77.1000960055",0,0,60,502,895,1799,438,734,1558
902,"BURGLARY","38.9222860914","-77.1000960055",60,0,0,904,333,835,824,327,765
902,"BURGLARY","38.9222860914","-77.1000960055",60,0,60,904,333,1799,824,327,1558
902,"BURGLARY","38.9222860914","-77.1000960055",60,0,0,904,895,835,824,734,765
902,"BURGLARY","38.9222860914","-77.1000960055",60,0,60,904,895,1799,824,734,1558
902,"THEFT/OTHER","38.9285332573","-77.1053406722",0,0,0,502,333,835,438,327,765
902,"THEFT/OTHER","38.9285332573","-77.1053406722",0,0,60,502,333,1799,438,327,1558
902,"THEFT/OTHER","38.9285332573","-77.1053406722",0,0,0,502,895,835,438,734,765
902,"THEFT/OTHER","38.9285332573","-77.1053406722",0,0,60,502,895,1799,438,734,1558
902,"THEFT/OTHER","38.9285332573","-77.1053406722",60,0,0,904,333,835,824,327,765
902,"THEFT/OTHER","38.9285332573","-77.1053406722",60,0,60,904,333,1799,824,327,1558
902,"THEFT/OTHER","38.9285332573","-77.1053406722",60,0,0,904,895,835,824,734,765
902,"THEFT/OTHER","38.9285332573","-77.1053406722",60,0,60,904,895,1799,824,734,1558
902,"THEFT F/AUTO","38.926386678","-77.1081860204",0,0,0,502,333,835,438,327,765
902,"THEFT F/AUTO","38.926386678","-77.1081860204",0,0,60,502,333,1799,438,327,1558
902,"THEFT F/AUTO","38.926386678","-77.1081860204",0,0,0,502,895,835,438,734,765
902,"THEFT F/AUTO","38.926386678","-77.1081860204",0,0,60,502,895,1799,438,734,1558
902,"THEFT F/AUTO","38.926386678","-77.1081860204",60,0,0,904,333,835,824,327,765
902,"THEFT F/AUTO","38.926386678","-77.1081860204",60,0,60,904,333,1799,824,327,1558
902,"THEFT F/AUTO","38.926386678","-77.1081860204",60,0,0,904,895,835,824,734,765
902,"THEFT F/AUTO","38.926386678","-77.1081860204",60,0,60,904,895,1799,824,734,1558
902,"THEFT/OTHER","38.9301886499","-77.0974198914",0,0,0,502,333,835,438,327,765
902,"THEFT/OTHER","38.9301886499","-77.0974198914",0,0,60,502,333,1799,438,327,1558
902,"THEFT/OTHER","38.9301886499","-77.0974198914",0,0,0,502,895,835,438,734,765
902,"THEFT/OTHER","38.9301886499","-77.0974198914",0,0,60,502,895,1799,438,734,1558
902,"THEFT/OTHER","38.9301886499","-77.0974198914",60,0,0,904,333,835,824,327,765
902,"THEFT/OTHER","38.9301886499","-77.0974198914",60,0,60,904,333,1799,824,327,1558
902,"THEFT/OTHER","38.9301886499","-77.0974198914",60,0,0,904,895,835,824,734,765
902,"THEFT/OTHER","38.9301886499","-77.0974198914",60,0,60,904,895,1799,824,734,1558
902,"THEFT/OTHER","38.9230433609","-77.0994282168",0,0,0,502,333,835,438,327,765
902,"THEFT/OTHER","38.9230433609","-77.0994282168",0,0,60,502,333,1799,438,327,1558
902,"THEFT/OTHER","38.9230433609","-77.0994282168",0,0,0,502,895,835,438,734,765
902,"THEFT/OTHER","38.9230433609","-77.0994282168",0,0,60,502,895,1799,438,734,1558
902,"THEFT/OTHER","38.9230433609","-77.0994282168",60,0,0,904,333,835,824,327,765
902,"THEFT/OTHER","38.9230433609","-77.0994282168",60,0,60,904,333,1799,824,327,1558
902,"THEFT/OTHER","38.9230433609","-77.0994282168",60,0,0,904,895,835,824,734,765
902,"THEFT/OTHER","38.9230433609","-77.0994282168",60,0,60,904,895,1799,824,734,1558
902,"THEFT F/AUTO","38.9305187964","-77.1110640406",0,0,0,502,333,835,438,327,765
902,"THEFT F/AUTO","38.9305187964","-77.1110640406",0,0,60,502,333,1799,438,327,1558
902,"THEFT F/AUTO","38.9305187964","-77.1110640406",0,0,0,502,895,835,438,734,765
902,"THEFT F/AUTO","38.9305187964","-77.1110640406",0,0,60,502,895,1799,438,734,1558
902,"THEFT F/AUTO","38.9305187964","-77.1110640406",60,0,0,904,333,835,824,327,765
902,"THEFT F/AUTO","38.9305187964","-77.1110640406",60,0,60,904,333,1799,824,327,1558
902,"THEFT F/AUTO","38.9305187964","-77.1110640406",60,0,0,904,895,835,824,734,765
902,"THEFT F/AUTO","38.9305187964","-77.1110640406",60,0,60,904,895,1799,824,734,1558
902,"THEFT F/AUTO","38.9281250462","-77.1084423783",0,0,0,502,333,835,438,327,765
902,"THEFT F/AUTO","38.9281250462","-77.1084423783",0,0,60,502,333,1799,438,327,1558
902,"THEFT F/AUTO","38.9281250462","-77.1084423783",0,0,0,502,895,835,438,734,765
902,"THEFT F/AUTO","38.9281250462","-77.1084423783",0,0,60,502,895,1799,438,734,1558
902,"THEFT F/AUTO","38.9281250462","-77.1084423783",60,0,0,904,333,835,824,327,765
902,"THEFT F/AUTO","38.9281250462","-77.1084423783",60,0,60,904,333,1799,824,327,1558
902,"THEFT F/AUTO","38.9281250462","-77.1084423783",60,0,0,904,895,835,824,734,765
902,"THEFT F/AUTO","38.9281250462","-77.1084423783",60,0,60,904,895,1799,824,734,1558
902,"MOTOR VEHICLE THEFT","38.9324547556","-77.1119320648",0,0,0,502,333,835,438,327,765
902,"MOTOR VEHICLE THEFT","38.9324547556","-77.1119320648",0,0,60,502,333,1799,438,327,1558
902,"MOTOR VEHICLE THEFT","38.9324547556","-77.1119320648",0,0,0,502,895,835,438,734,765
902,"MOTOR VEHICLE THEFT","38.9324547556","-77.1119320648",0,0,60,502,895,1799,438,734,1558
902,"MOTOR VEHICLE THEFT","38.9324547556","-77.1119320648",60,0,0,904,333,835,824,327,765
902,"MOTOR VEHICLE THEFT","38.9324547556","-77.1119320648",60,0,60,904,333,1799,824,327,1558
902,"MOTOR VEHICLE THEFT","38.9324547556","-77.1119320648",60,0,0,904,895,835,824,734,765
902,"MOTOR VEHICLE THEFT","38.9324547556","-77.1119320648",60,0,60,904,895,1799,824,734,1558
902,"BURGLARY","38.9256264297","-77.1021188544",0,0,0,502,333,835,438,327,765
902,"BURGLARY","38.9256264297","-77.1021188544",0,0,60,502,333,1799,438,327,1558
902,"BURGLARY","38.9256264297","-77.1021188544",0,0,0,502,895,835,438,734,765
902,"BURGLARY","38.9256264297","-77.1021188544",0,0,60,502,895,1799,438,734,1558
902,"BURGLARY","38.9256264297","-77.1021188544",60,0,0,904,333,835,824,327,765
902,"BURGLARY","38.9256264297","-77.1021188544",60,0,60,904,333,1799,824,327,1558
902,"BURGLARY","38.9256264297","-77.1021188544",60,0,0,904,895,835,824,734,765
902,"BURGLARY","38.9256264297","-77.1021188544",60,0,60,904,895,1799,824,734,1558
902,"THEFT F/AUTO","38.9291791889","-77.1082594548",0,0,0,502,333,835,438,327,765
902,"THEFT F/AUTO","38.9291791889","-77.1082594548",0,0,60,502,333,1799,438,327,1558
902,"THEFT F/AUTO","38.9291791889","-77.1082594548",0,0,0,502,895,835,438,734,765
902,"THEFT F/AUTO","38.9291791889","-77.1082594548",0,0,60,502,895,1799,438,734,1558
902,"THEFT F/AUTO","38.9291791889","-77.1082594548",60,0,0,904,333,835,824,327,765
902,"THEFT F/AUTO","38.9291791889","-77.1082594548",60,0,60,904,333,1799,824,327,1558
902,"THEFT F/AUTO","38.9291791889","-77.1082594548",60,0,0,904,895,835,824,734,765
902,"THEFT F/AUTO","38.9291791889","-77.1082594548",60,0,60,904,895,1799,824,734,1558
902,"THEFT F/AUTO","38.9280633168","-77.1070006922",0,0,0,502,333,835,438,327,765
902,"THEFT F/AUTO","38.9280633168","-77.1070006922",0,0,60,502,333,1799,438,327,1558
902,"THEFT F/AUTO","38.9280633168","-77.1070006922",0,0,0,502,895,835,438,734,765
902,"THEFT F/AUTO","38.9280633168","-77.1070006922",0,0,60,502,895,1799,438,734,1558
902,"THEFT F/AUTO","38.9280633168","-77.1070006922",60,0,0,904,333,835,824,327,765
902,"THEFT F/AUTO","38.9280633168","-77.1070006922",60,0,60,904,333,1799,824,327,1558
902,"THEFT F/AUTO","38.9280633168","-77.1070006922",60,0,0,904,895,835,824,734,765
902,"THEFT F/AUTO","38.9280633168","-77.1070006922",60,0,60,904,895,1799,824,734,1558
902,"THEFT F/AUTO","38.9250581065","-77.1030290883",0,0,0,502,333,835,438,327,765
902,"THEFT F/AUTO","38.9250581065","-77.1030290883",0,0,60,502,333,1799,438,327,1558
902,"THEFT F/AUTO","38.9250581065","-77.1030290883",0,0,0,502,895,835,438,734,765
902,"THEFT F/AUTO","38.9250581065","-77.1030290883",0,0,60,502,895,1799,438,734,1558
902,"THEFT F/AUTO","38.9250581065","-77.1030290883",60,0,0,904,333,835,824,327,765
902,"THEFT F/AUTO","38.9250581065","-77.1030290883",60,0,60,904,333,1799,824,327,1558
902,"THEFT F/AUTO","38.9250581065","-77.1030290883",60,0,0,904,895,835,824,734,765
902,"THEFT F/AUTO","38.9250581065","-77.1030290883",60,0,60,904,895,1799,824,734,1558
902,"THEFT F/AUTO","38.9250581065","-77.1030290883",0,0,0,502,333,835,438,327,765
902,"THEFT F/AUTO","38.9250581065","-77.1030290883",0,0,60,502,333,1799,438,327,1558
902,"THEFT F/AUTO","38.9250581065","-77.1030290883",0,0,0,502,895,835,438,734,765
902,"THEFT F/AUTO","38.9250581065","-77.1030290883",0,0,60,502,895,1799,438,734,1558
902,"THEFT F/AUTO","38.9250581065","-77.1030290883",60,0,0,904,333,835,824,327,765
902,"THEFT F/AUTO","38.9250581065","-77.1030290883",60,0,60,904,333,1799,824,327,1558
902,"THEFT F/AUTO","38.9250581065","-77.1030290883",60,0,0,904,895,835,824,734,765
902,"THEFT F/AUTO","38.9250581065","-77.1030290883",60,0,60,904,895,1799,824,734,1558
902,"THEFT F/AUTO","38.9281250462","-77.1084423783",0,0,0,502,333,835,438,327,765
902,"THEFT F/AUTO","38.9281250462","-77.1084423783",0,0,60,502,333,1799,438,327,1558
902,"THEFT F/AUTO","38.9281250462","-77.1084423783",0,0,0,502,895,835,438,734,765
902,"THEFT F/AUTO","38.9281250462","-77.1084423783",0,0,60,502,895,1799,438,734,1558
902,"THEFT F/AUTO","38.9281250462","-77.1084423783",60,0,0,904,333,835,824,327,765
902,"THEFT F/AUTO","38.9281250462","-77.1084423783",60,0,60,904,333,1799,824,327,1558
902,"THEFT F/AUTO","38.9281250462","-77.1084423783",60,0,0,904,895,835,824,734,765
902,"THEFT F/AUTO","38.9281250462","-77.1084423783",60,0,60,904,895,1799,824,734,1558
902,"THEFT F/AUTO","38.9301886499","-77.0974198914",0,0,0,502,333,835,438,327,765
902,"THEFT F/AUTO","38.9301886499","-77.0974198914",0,0,60,502,333,1799,438,327,1558
902,"THEFT F/AUTO","38.9301886499","-77.0974198914",0,0,0,502,895,835,438,734,765
902,"THEFT F/AUTO","38.9301886499","-77.0974198914",0,0,60,502,895,1799,438,734,1558
902,"THEFT F/AUTO","38.9301886499","-77.0974198914",60,0,0,904,333,835,824,327,765
902,"THEFT F/AUTO","38.9301886499","-77.0974198914",60,0,60,904,333,1799,824,327,1558
902,"THEFT F/AUTO","38.9301886499","-77.0974198914",60,0,0,904,895,835,824,734,765
902,"THEFT F/AUTO","38.9301886499","-77.0974198914",60,0,60,904,895,1799,824,734,1558
902,"THEFT F/AUTO","38.9217719431","-77.1008794408",0,0,0,502,333,835,438,327,765
902,"THEFT F/AUTO","38.9217719431","-77.1008794408",0,0,60,502,333,1799,438,327,1558
902,"THEFT F/AUTO","38.9217719431","-77.1008794408",0,0,0,502,895,835,438,734,765
902,"THEFT F/AUTO","38.9217719431","-77.1008794408",0,0,60,502,895,1799,438,734,1558
902,"THEFT F/AUTO","38.9217719431","-77.1008794408",60,0,0,904,333,835,824,327,765
902,"THEFT F/AUTO","38.9217719431","-77.1008794408",60,0,60,904,333,1799,824,327,1558
902,"THEFT F/AUTO","38.9217719431","-77.1008794408",60,0,0,904,895,835,824,734,765
902,"THEFT F/AUTO","38.9217719431","-77.1008794408",60,0,60,904,895,1799,824,734,1558
902,"THEFT/OTHER","38.9294331791","-77.1063453692",0,0,0,502,333,835,438,327,765
902,"THEFT/OTHER","38.9294331791","-77.1063453692",0,0,60,502,333,1799,438,327,1558
902,"THEFT/OTHER","38.9294331791","-77.1063453692",0,0,0,502,895,835,438,734,765
902,"THEFT/OTHER","38.9294331791","-77.1063453692",0,0,60,502,895,1799,438,734,1558
902,"THEFT/OTHER","38.9294331791","-77.1063453692",60,0,0,904,333,835,824,327,765
902,"THEFT/OTHER","38.9294331791","-77.1063453692",60,0,60,904,333,1799,824,327,1558
902,"THEFT/OTHER","38.9294331791","-77.1063453692",60,0,0,904,895,835,824,734,765
902,"THEFT/OTHER","38.9294331791","-77.1063453692",60,0,60,904,895,1799,824,734,1558
902,"THEFT/OTHER","38.9323979115","-77.0947125521",0,0,0,502,333,835,438,327,765
902,"THEFT/OTHER","38.9323979115","-77.0947125521",0,0,60,502,333,1799,438,327,1558
902,"THEFT/OTHER","38.9323979115","-77.0947125521",0,0,0,502,895,835,438,734,765
902,"THEFT/OTHER","38.9323979115","-77.0947125521",0,0,60,502,895,1799,438,734,1558
902,"THEFT/OTHER","38.9323979115","-77.0947125521",60,0,0,904,333,835,824,327,765
902,"THEFT/OTHER","38.9323979115","-77.0947125521",60,0,60,904,333,1799,824,327,1558
902,"THEFT/OTHER","38.9323979115","-77.0947125521",60,0,0,904,895,835,824,734,765
902,"THEFT/OTHER","38.9323979115","-77.0947125521",60,0,60,904,895,1799,824,734,1558
902,"THEFT F/AUTO","38.9250581065","-77.1030290883",0,0,0,502,333,835,438,327,765
902,"THEFT F/AUTO","38.9250581065","-77.1030290883",0,0,60,502,333,1799,438,327,1558
902,"THEFT F/AUTO","38.9250581065","-77.1030290883",0,0,0,502,895,835,438,734,765
902,"THEFT F/AUTO","38.9250581065","-77.1030290883",0,0,60,502,895,1799,438,734,1558
902,"THEFT F/AUTO","38.9250581065","-77.1030290883",60,0,0,904,333,835,824,327,765
902,"THEFT F/AUTO","38.9250581065","-77.1030290883",60,0,60,904,333,1799,824,327,1558
902,"THEFT F/AUTO","38.9250581065","-77.1030290883",60,0,0,904,895,835,824,734,765
902,"THEFT F/AUTO","38.9250581065","-77.1030290883",60,0,60,904,895,1799,824,734,1558
902,"THEFT F/AUTO","38.9250581065","-77.1030290883",0,0,0,502,333,835,438,327,765
902,"THEFT F/AUTO","38.9250581065","-77.1030290883",0,0,60,502,333,1799,438,327,1558
902,"THEFT F/AUTO","38.9250581065","-77.1030290883",0,0,0,502,895,835,438,734,765
902,"THEFT F/AUTO","38.9250581065","-77.1030290883",0,0,60,502,895,1799,438,734,1558
902,"THEFT F/AUTO","38.9250581065","-77.1030290883",60,0,0,904,333,835,824,327,765
902,"THEFT F/AUTO","38.9250581065","-77.1030290883",60,0,60,904,333,1799,824,327,1558
902,"THEFT F/AUTO","38.9250581065","-77.1030290883",60,0,0,904,895,835,824,734,765
902,"THEFT F/AUTO","38.9250581065","-77.1030290883",60,0,60,904,895,1799,824,734,1558
902,"THEFT F/AUTO","38.9250581065","-77.1030290883",0,0,0,502,333,835,438,327,765
902,"THEFT F/AUTO","38.9250581065","-77.1030290883",0,0,60,502,333,1799,438,327,1558
902,"THEFT F/AUTO","38.9250581065","-77.1030290883",0,0,0,502,895,835,438,734,765
902,"THEFT F/AUTO","38.9250581065","-77.1030290883",0,0,60,502,895,1799,438,734,1558
902,"THEFT F/AUTO","38.9250581065","-77.1030290883",60,0,0,904,333,835,824,327,765
902,"THEFT F/AUTO","38.9250581065","-77.1030290883",60,0,60,904,333,1799,824,327,1558
902,"THEFT F/AUTO","38.9250581065","-77.1030290883",60,0,0,904,895,835,824,734,765
902,"THEFT F/AUTO","38.9250581065","-77.1030290883",60,0,60,904,895,1799,824,734,1558
902,"THEFT F/AUTO","38.9256264297","-77.1021188544",0,0,0,502,333,835,438,327,765
902,"THEFT F/AUTO","38.9256264297","-77.1021188544",0,0,60,502,333,1799,438,327,1558
902,"THEFT F/AUTO","38.9256264297","-77.1021188544",0,0,0,502,895,835,438,734,765
902,"THEFT F/AUTO","38.9256264297","-77.1021188544",0,0,60,502,895,1799,438,734,1558
902,"THEFT F/AUTO","38.9256264297","-77.1021188544",60,0,0,904,333,835,824,327,765
902,"THEFT F/AUTO","38.9256264297","-77.1021188544",60,0,60,904,333,1799,824,327,1558
902,"THEFT F/AUTO","38.9256264297","-77.1021188544",60,0,0,904,895,835,824,734,765
902,"THEFT F/AUTO","38.9256264297","-77.1021188544",60,0,60,904,895,1799,824,734,1558
902,"MOTOR VEHICLE THEFT","38.9296015699","-77.1093441969",0,0,0,502,333,835,438,327,765
902,"MOTOR VEHICLE THEFT","38.9296015699","-77.1093441969",0,0,60,502,333,1799,438,327,1558
902,"MOTOR VEHICLE THEFT","38.9296015699","-77.1093441969",0,0,0,502,895,835,438,734,765
902,"MOTOR VEHICLE THEFT","38.9296015699","-77.1093441969",0,0,60,502,895,1799,438,734,1558
902,"MOTOR VEHICLE THEFT","38.9296015699","-77.1093441969",60,0,0,904,333,835,824,327,765
902,"MOTOR VEHICLE THEFT","38.9296015699","-77.1093441969",60,0,60,904,333,1799,824,327,1558
902,"MOTOR VEHICLE THEFT","38.9296015699","-77.1093441969",60,0,0,904,895,835,824,734,765
902,"MOTOR VEHICLE THEFT","38.9296015699","-77.1093441969",60,0,60,904,895,1799,824,734,1558
902,"THEFT F/AUTO","38.9263990237","-77.1045187142",0,0,0,502,333,835,438,327,765
902,"THEFT F/AUTO","38.9263990237","-77.1045187142",0,0,60,502,333,1799,438,327,1558
902,"THEFT F/AUTO","38.9263990237","-77.1045187142",0,0,0,502,895,835,438,734,765
902,"THEFT F/AUTO","38.9263990237","-77.1045187142",0,0,60,502,895,1799,438,734,1558
902,"THEFT F/AUTO","38.9263990237","-77.1045187142",60,0,0,904,333,835,824,327,765
902,"THEFT F/AUTO","38.9263990237","-77.1045187142",60,0,60,904,333,1799,824,327,1558
902,"THEFT F/AUTO","38.9263990237","-77.1045187142",60,0,0,904,895,835,824,734,765
902,"THEFT F/AUTO","38.9263990237","-77.1045187142",60,0,60,904,895,1799,824,734,1558
902,"THEFT F/AUTO","38.9274787676","-77.09545564",0,0,0,502,333,835,438,327,765
902,"THEFT F/AUTO","38.9274787676","-77.09545564",0,0,60,502,333,1799,438,327,1558
902,"THEFT F/AUTO","38.9274787676","-77.09545564",0,0,0,502,895,835,438,734,765
902,"THEFT F/AUTO","38.9274787676","-77.09545564",0,0,60,502,895,1799,438,734,1558
902,"THEFT F/AUTO","38.9274787676","-77.09545564",60,0,0,904,333,835,824,327,765
902,"THEFT F/AUTO","38.9274787676","-77.09545564",60,0,60,904,333,1799,824,327,1558
902,"THEFT F/AUTO","38.9274787676","-77.09545564",60,0,0,904,895,835,824,734,765
902,"THEFT F/AUTO","38.9274787676","-77.09545564",60,0,60,904,895,1799,824,734,1558
902,"BURGLARY","38.9227890225","-77.1018726216",0,0,0,502,333,835,438,327,765
902,"BURGLARY","38.9227890225","-77.1018726216",0,0,60,502,333,1799,438,327,1558
902,"BURGLARY","38.9227890225","-77.1018726216",0,0,0,502,895,835,438,734,765
902,"BURGLARY","38.9227890225","-77.1018726216",0,0,60,502,895,1799,438,734,1558
902,"BURGLARY","38.9227890225","-77.1018726216",60,0,0,904,333,835,824,327,765
902,"BURGLARY","38.9227890225","-77.1018726216",60,0,60,904,333,1799,824,327,1558
902,"BURGLARY","38.9227890225","-77.1018726216",60,0,0,904,895,835,824,734,765
902,"BURGLARY","38.9227890225","-77.1018726216",60,0,60,904,895,1799,824,734,1558
902,"THEFT F/AUTO","38.9227890225","-77.1018726216",0,0,0,502,333,835,438,327,765
902,"THEFT F/AUTO","38.9227890225","-77.1018726216",0,0,60,502,333,1799,438,327,1558
902,"THEFT F/AUTO","38.9227890225","-77.1018726216",0,0,0,502,895,835,438,734,765
902,"THEFT F/AUTO","38.9227890225","-77.1018726216",0,0,60,502,895,1799,438,734,1558
902,"THEFT F/AUTO","38.9227890225","-77.1018726216",60,0,0,904,333,835,824,327,765
902,"THEFT F/AUTO","38.9227890225","-77.1018726216",60,0,60,904,333,1799,824,327,1558
902,"THEFT F/AUTO","38.9227890225","-77.1018726216",60,0,0,904,895,835,824,734,765
902,"THEFT F/AUTO","38.9227890225","-77.1018726216",60,0,60,904,895,1799,824,734,1558
902,"THEFT F/AUTO","38.9237709991","-77.1017933001",0,0,0,502,333,835,438,327,765
902,"THEFT F/AUTO","38.9237709991","-77.1017933001",0,0,60,502,333,1799,438,327,1558
902,"THEFT F/AUTO","38.9237709991","-77.1017933001",0,0,0,502,895,835,438,734,765
902,"THEFT F/AUTO","38.9237709991","-77.1017933001",0,0,60,502,895,1799,438,734,1558
902,"THEFT F/AUTO","38.9237709991","-77.1017933001",60,0,0,904,333,835,824,327,765
902,"THEFT F/AUTO","38.9237709991","-77.1017933001",60,0,60,904,333,1799,824,327,1558
902,"THEFT F/AUTO","38.9237709991","-77.1017933001",60,0,0,904,895,835,824,734,765
902,"THEFT F/AUTO","38.9237709991","-77.1017933001",60,0,60,904,895,1799,824,734,1558
902,"BURGLARY","38.9268233685","-77.1034468102",0,0,0,502,333,835,438,327,765
902,"BURGLARY","38.9268233685","-77.1034468102",0,0,60,502,333,1799,438,327,1558
902,"BURGLARY","38.9268233685","-77.1034468102",0,0,0,502,895,835,438,734,765
902,"BURGLARY","38.9268233685","-77.1034468102",0,0,60,502,895,1799,438,734,1558
902,"BURGLARY","38.9268233685","-77.1034468102",60,0,0,904,333,835,824,327,765
902,"BURGLARY","38.9268233685","-77.1034468102",60,0,60,904,333,1799,824,327,1558
902,"BURGLARY","38.9268233685","-77.1034468102",60,0,0,904,895,835,824,734,765
902,"BURGLARY","38.9268233685","-77.1034468102",60,0,60,904,895,1799,824,734,1558
902,"THEFT F/AUTO","38.9274787676","-77.09545564",0,0,0,502,333,835,438,327,765
902,"THEFT F/AUTO","38.9274787676","-77.09545564",0,0,60,502,333,1799,438,327,1558
902,"THEFT F/AUTO","38.9274787676","-77.09545564",0,0,0,502,895,835,438,734,765
902,"THEFT F/AUTO","38.9274787676","-77.09545564",0,0,60,502,895,1799,438,734,1558
902,"THEFT F/AUTO","38.9274787676","-77.09545564",60,0,0,904,333,835,824,327,765
902,"THEFT F/AUTO","38.9274787676","-77.09545564",60,0,60,904,333,1799,824,327,1558
902,"THEFT F/AUTO","38.9274787676","-77.09545564",60,0,0,904,895,835,824,734,765
902,"THEFT F/AUTO","38.9274787676","-77.09545564",60,0,60,904,895,1799,824,734,1558
902,"MOTOR VEHICLE THEFT","38.9291791889","-77.1082594548",0,0,0,502,333,835,438,327,765
902,"MOTOR VEHICLE THEFT","38.9291791889","-77.1082594548",0,0,60,502,333,1799,438,327,1558
902,"MOTOR VEHICLE THEFT","38.9291791889","-77.1082594548",0,0,0,502,895,835,438,734,765
902,"MOTOR VEHICLE THEFT","38.9291791889","-77.1082594548",0,0,60,502,895,1799,438,734,1558
902,"MOTOR VEHICLE THEFT","38.9291791889","-77.1082594548",60,0,0,904,333,835,824,327,765
902,"MOTOR VEHICLE THEFT","38.9291791889","-77.1082594548",60,0,60,904,333,1799,824,327,1558
902,"MOTOR VEHICLE THEFT","38.9291791889","-77.1082594548",60,0,0,904,895,835,824,734,765
902,"MOTOR VEHICLE THEFT","38.9291791889","-77.1082594548",60,0,60,904,895,1799,824,734,1558
902,"THEFT F/AUTO","38.9309907934","-77.1072472828",0,0,0,502,333,835,438,327,765
902,"THEFT F/AUTO","38.9309907934","-77.1072472828",0,0,60,502,333,1799,438,327,1558
902,"THEFT F/AUTO","38.9309907934","-77.1072472828",0,0,0,502,895,835,438,734,765
902,"THEFT F/AUTO","38.9309907934","-77.1072472828",0,0,60,502,895,1799,438,734,1558
902,"THEFT F/AUTO","38.9309907934","-77.1072472828",60,0,0,904,333,835,824,327,765
902,"THEFT F/AUTO","38.9309907934","-77.1072472828",60,0,60,904,333,1799,824,327,1558
902,"THEFT F/AUTO","38.9309907934","-77.1072472828",60,0,0,904,895,835,824,734,765
902,"THEFT F/AUTO","38.9309907934","-77.1072472828",60,0,60,904,895,1799,824,734,1558
902,"THEFT F/AUTO","38.9261965739","-77.099075108",0,0,0,502,333,835,438,327,765
902,"THEFT F/AUTO","38.9261965739","-77.099075108",0,0,60,502,333,1799,438,327,1558
902,"THEFT F/AUTO","38.9261965739","-77.099075108",0,0,0,502,895,835,438,734,765
902,"THEFT F/AUTO","38.9261965739","-77.099075108",0,0,60,502,895,1799,438,734,1558
902,"THEFT F/AUTO","38.9261965739","-77.099075108",60,0,0,904,333,835,824,327,765
902,"THEFT F/AUTO","38.9261965739","-77.099075108",60,0,60,904,333,1799,824,327,1558
902,"THEFT F/AUTO","38.9261965739","-77.099075108",60,0,0,904,895,835,824,734,765
902,"THEFT F/AUTO","38.9261965739","-77.099075108",60,0,60,904,895,1799,824,734,1558
902,"THEFT F/AUTO","38.9345700579","-77.1136423867",0,0,0,502,333,835,438,327,765
902,"THEFT F/AUTO","38.9345700579","-77.1136423867",0,0,60,502,333,1799,438,327,1558
902,"THEFT F/AUTO","38.9345700579","-77.1136423867",0,0,0,502,895,835,438,734,765
902,"THEFT F/AUTO","38.9345700579","-77.1136423867",0,0,60,502,895,1799,438,734,1558
902,"THEFT F/AUTO","38.9345700579","-77.1136423867",60,0,0,904,333,835,824,327,765
902,"THEFT F/AUTO","38.9345700579","-77.1136423867",60,0,60,904,333,1799,824,327,1558
902,"THEFT F/AUTO","38.9345700579","-77.1136423867",60,0,0,904,895,835,824,734,765
902,"THEFT F/AUTO","38.9345700579","-77.1136423867",60,0,60,904,895,1799,824,734,1558
903,"BURGLARY","38.9451257591","-77.0957907276",74,0,74,1254,1101,2355,1074,1035,2109
903,"THEFT/OTHER","38.9383517373","-77.0955278695",74,0,74,1254,1101,2355,1074,1035,2109
903,"THEFT F/AUTO","38.9393696551","-77.0955523025",74,0,74,1254,1101,2355,1074,1035,2109
903,"MOTOR VEHICLE THEFT","38.940318448","-77.0919086031",74,0,74,1254,1101,2355,1074,1035,2109
903,"THEFT F/AUTO","38.9337287387","-77.097632334",74,0,74,1254,1101,2355,1074,1035,2109
903,"THEFT F/AUTO","38.9451257591","-77.0957907276",74,0,74,1254,1101,2355,1074,1035,2109
903,"THEFT F/AUTO","38.9337287387","-77.097632334",74,0,74,1254,1101,2355,1074,1035,2109
903,"THEFT/OTHER","38.9422089439","-77.0934798036",74,0,74,1254,1101,2355,1074,1035,2109
903,"THEFT F/AUTO","38.945126307","-77.0957816153",74,0,74,1254,1101,2355,1074,1035,2109
903,"THEFT F/AUTO","38.9417398181","-77.0943443096",74,0,74,1254,1101,2355,1074,1035,2109
903,"THEFT/OTHER","38.940318448","-77.0919086031",74,0,74,1254,1101,2355,1074,1035,2109
903,"MOTOR VEHICLE THEFT","38.9378669034","-77.0935317822",74,0,74,1254,1101,2355,1074,1035,2109
903,"MOTOR VEHICLE THEFT","38.9383517373","-77.0955278695",74,0,74,1254,1101,2355,1074,1035,2109
903,"THEFT F/AUTO","38.9431625661","-77.0950383032",74,0,74,1254,1101,2355,1074,1035,2109
903,"THEFT/OTHER","38.9373163942","-77.0947767571",74,0,74,1254,1101,2355,1074,1035,2109
903,"BURGLARY","38.945126307","-77.0957816153",74,0,74,1254,1101,2355,1074,1035,2109
903,"THEFT F/AUTO","38.9389841249","-77.0932910233",74,0,74,1254,1101,2355,1074,1035,2109
903,"THEFT F/AUTO","38.9403155252","-77.0955535702",74,0,74,1254,1101,2355,1074,1035,2109
903,"THEFT F/AUTO","38.9334345544","-77.0938604424",74,0,74,1254,1101,2355,1074,1035,2109
903,"THEFT/OTHER","38.945126307","-77.0957816153",74,0,74,1254,1101,2355,1074,1035,2109
903,"THEFT F/AUTO","38.9393620484","-77.0938221077",74,0,74,1254,1101,2355,1074,1035,2109
903,"THEFT F/AUTO","38.9451257591","-77.0957907276",74,0,74,1254,1101,2355,1074,1035,2109
903,"BURGLARY","38.9451257591","-77.0957907276",74,0,74,1254,1101,2355,1074,1035,2109
903,"MOTOR VEHICLE THEFT","38.9393620484","-77.0938221077",74,0,74,1254,1101,2355,1074,1035,2109
903,"THEFT F/AUTO","38.9387310504","-77.0943403281",74,0,74,1254,1101,2355,1074,1035,2109
904,"THEFT F/AUTO","38.938633217","-77.1034985491",0,0,0,0,0,0,0,0,0
904,"THEFT F/AUTO","38.9319095765","-77.1073178649",0,0,0,0,0,0,0,0,0
904,"THEFT/OTHER","38.9415979486","-77.1023608954",0,0,0,0,0,0,0,0,0
904,"THEFT F/AUTO","38.9422054722","-77.0977246879",0,0,0,0,0,0,0,0,0
904,"THEFT F/AUTO","38.9312081185","-77.1060135523",0,0,0,0,0,0,0,0,0
904,"THEFT F/AUTO","38.9447969924","-77.10109659",0,0,0,0,0,0,0,0,0
904,"MOTOR VEHICLE THEFT","38.9302670379","-77.1005915991",0,0,0,0,0,0,0,0,0
904,"ROBBERY","38.94267872","-77.1026162195",0,0,0,0,0,0,0,0,0
904,"THEFT F/AUTO","38.9422036588","-77.0998701999",0,0,0,0,0,0,0,0,0
904,"THEFT F/AUTO","38.9359536913","-77.0977507209",0,0,0,0,0,0,0,0,0
904,"THEFT F/AUTO","38.9302670379","-77.1005915991",0,0,0,0,0,0,0,0,0
904,"THEFT F/AUTO","38.938633217","-77.1034985491",0,0,0,0,0,0,0,0,0
904,"THEFT/OTHER","38.9390683012","-77.1004194647",0,0,0,0,0,0,0,0,0
904,"THEFT F/AUTO","38.9410415902","-77.099868572",0,0,0,0,0,0,0,0,0
904,"THEFT F/AUTO","38.9422036588","-77.0998701999",0,0,0,0,0,0,0,0,0
904,"THEFT F/AUTO","38.9368225405","-77.1035074548",0,0,0,0,0,0,0,0,0
904,"THEFT F/AUTO","38.9431577048","-77.1008404914",0,0,0,0,0,0,0,0,0
904,"THEFT/OTHER","38.9349307888","-77.1035162424",0,0,0,0,0,0,0,0,0
904,"THEFT F/AUTO","38.9369176075","-77.09771744",0,0,0,0,0,0,0,0,0
904,"THEFT/OTHER","38.9460435662","-77.0970493462",0,0,0,0,0,0,0,0,0
904,"THEFT F/AUTO","38.9422036588","-77.0998701999",0,0,0,0,0,0,0,0,0
904,"THEFT F/AUTO","38.9348392127","-77.1051885153",0,0,0,0,0,0,0,0,0
904,"THEFT F/AUTO","38.9454003273","-77.1013512275",0,0,0,0,0,0,0,0,0
904,"THEFT F/AUTO","38.9471210777","-77.101157565",0,0,0,0,0,0,0,0,0
904,"THEFT F/AUTO","38.9439232592","-77.1010146038",0,0,0,0,0,0,0,0,0
904,"THEFT F/AUTO","38.9315206973","-77.0988287734",0,0,0,0,0,0,0,0,0
904,"THEFT F/AUTO","38.9386007476","-77.0993922408",0,0,0,0,0,0,0,0,0
904,"BURGLARY","38.9294331791","-77.1063453692",0,0,0,0,0,0,0,0,0
904,"THEFT F/AUTO","38.9340912644","-77.1054757546",0,0,0,0,0,0,0,0,0
904,"THEFT F/AUTO","38.9331622264","-77.1067776728",0,0,0,0,0,0,0,0,0
904,"THEFT F/AUTO","38.9363464897","-77.1019265952",0,0,0,0,0,0,0,0,0
904,"THEFT/OTHER","38.9357365117","-77.109042188",0,0,0,0,0,0,0,0,0
904,"THEFT/OTHER","38.9357365117","-77.109042188",0,0,0,0,0,0,0,0,0
904,"THEFT F/AUTO","38.9353159543","-77.1059619906",0,0,0,0,0,0,0,0,0
904,"THEFT F/AUTO","38.9417378379","-77.0967666461",0,0,0,0,0,0,0,0,0
904,"THEFT F/AUTO","38.9447969924","-77.10109659",0,0,0,0,0,0,0,0,0
904,"MOTOR VEHICLE THEFT","38.9413405611","-77.0978619209",0,0,0,0,0,0,0,0,0
904,"THEFT F/AUTO","38.9302670379","-77.1005915991",0,0,0,0,0,0,0,0,0
904,"THEFT F/AUTO","38.9380160772","-77.0983648689",0,0,0,0,0,0,0,0,0
904,"THEFT F/AUTO","38.9441647717","-77.1029759541",0,0,0,0,0,0,0,0,0
904,"THEFT F/AUTO","38.9435835365","-77.0979688171",0,0,0,0,0,0,0,0,0
904,"THEFT F/AUTO","38.9373656949","-77.1004632035",0,0,0,0,0,0,0,0,0
904,"THEFT F/AUTO","38.9327758655","-77.1056814118",0,0,0,0,0,0,0,0,0
904,"THEFT/OTHER","38.9357365117","-77.109042188",0,0,0,0,0,0,0,0,0
904,"THEFT/OTHER","38.933530603","-77.1078277841",0,0,0,0,0,0,0,0,0
904,"MOTOR VEHICLE THEFT","38.9435835365","-77.0979688171",0,0,0,0,0,0,0,0,0
904,"THEFT F/AUTO","38.9357314378","-77.1047400064",0,0,0,0,0,0,0,0,0
904,"THEFT F/AUTO","38.9422036588","-77.0998701999",0,0,0,0,0,0,0,0,0
904,"THEFT F/AUTO","38.9343596213","-77.1075522277",0,0,0,0,0,0,0,0,0
904,"MOTOR VEHICLE THEFT","38.9443636019","-77.1022379774",0,0,0,0,0,0,0,0,0
904,"MOTOR VEHICLE THEFT","38.9431577048","-77.1008404914",0,0,0,0,0,0,0,0,0
904,"THEFT F/AUTO","38.9353159543","-77.1059619906",0,0,0,0,0,0,0,0,0
904,"THEFT F/AUTO","38.9398370802","-77.0967756009",0,0,0,0,0,0,0,0,0
904,"THEFT F/AUTO","38.9309157448","-77.100465649",0,0,0,0,0,0,0,0,0
904,"THEFT F/AUTO","38.9422036588","-77.0998701999",0,0,0,0,0,0,0,0,0
904,"MOTOR VEHICLE THEFT","38.9298530323","-77.10015276",0,0,0,0,0,0,0,0,0
904,"THEFT F/AUTO","38.931979661","-77.0993714779",0,0,0,0,0,0,0,0,0
904,"THEFT F/AUTO","38.9327758655","-77.1056814118",0,0,0,0,0,0,0,0,0
904,"THEFT F/AUTO","38.9363464897","-77.1019265952",0,0,0,0,0,0,0,0,0
904,"MOTOR VEHICLE THEFT","38.9327758655","-77.1056814118",0,0,0,0,0,0,0,0,0
904,"THEFT/OTHER","38.9463315048","-77.0974419517",0,0,0,0,0,0,0,0,0
904,"MOTOR VEHICLE THEFT","38.9479055232","-77.100316554",0,0,0,0,0,0,0,0,0
904,"THEFT F/AUTO","38.9435835365","-77.0979688171",0,0,0,0,0,0,0,0,0
1002,"THEFT/OTHER","38.9342861774","-77.0746463504",4,0,4,1096,1123,2219,972,936,1908
1002,"THEFT/OTHER","38.9342861774","-77.0746463504",4,0,201,1096,1123,2571,972,936,2447
1002,"THEFT/OTHER","38.9342861774","-77.0746463504",4,115,4,1096,1015,2219,972,979,1908
1002,"THEFT/OTHER","38.9342861774","-77.0746463504",4,115,201,1096,1015,2571,972,979,2447
1002,"THEFT/OTHER","38.9342861774","-77.0746463504",86,0,4,1556,1123,2219,1468,936,1908
1002,"THEFT/OTHER","38.9342861774","-77.0746463504",86,0,201,1556,1123,2571,1468,936,2447
1002,"THEFT/OTHER","38.9342861774","-77.0746463504",86,115,4,1556,1015,2219,1468,979,1908
1002,"THEFT/OTHER","38.9342861774","-77.0746463504",86,115,201,1556,1015,2571,1468,979,2447
1002,"THEFT/OTHER","38.935829924","-77.0830677796",4,0,4,1096,1123,2219,972,936,1908
1002,"THEFT/OTHER","38.935829924","-77.0830677796",4,0,201,1096,1123,2571,972,936,2447
1002,"THEFT/OTHER","38.935829924","-77.0830677796",4,115,4,1096,1015,2219,972,979,1908
1002,"THEFT/OTHER","38.935829924","-77.0830677796",4,115,201,1096,1015,2571,972,979,2447
1002,"THEFT/OTHER","38.935829924","-77.0830677796",86,0,4,1556,1123,2219,1468,936,1908
1002,"THEFT/OTHER","38.935829924","-77.0830677796",86,0,201,1556,1123,2571,1468,936,2447
1002,"THEFT/OTHER","38.935829924","-77.0830677796",86,115,4,1556,1015,2219,1468,979,1908
1002,"THEFT/OTHER","38.935829924","-77.0830677796",86,115,201,1556,1015,2571,1468,979,2447
1002,"THEFT/OTHER","38.9360879986","-77.0743944881",4,0,4,1096,1123,2219,972,936,1908
1002,"THEFT/OTHER","38.9360879986","-77.0743944881",4,0,201,1096,1123,2571,972,936,2447
1002,"THEFT/OTHER","38.9360879986","-77.0743944881",4,115,4,1096,1015,2219,972,979,1908
1002,"THEFT/OTHER","38.9360879986","-77.0743944881",4,115,201,1096,1015,2571,972,979,2447
1002,"THEFT/OTHER","38.9360879986","-77.0743944881",86,0,4,1556,1123,2219,1468,936,1908
1002,"THEFT/OTHER","38.9360879986","-77.0743944881",86,0,201,1556,1123,2571,1468,936,2447
1002,"THEFT/OTHER","38.9360879986","-77.0743944881",86,115,4,1556,1015,2219,1468,979,1908
1002,"THEFT/OTHER","38.9360879986","-77.0743944881",86,115,201,1556,1015,2571,1468,979,2447
1002,"MOTOR VEHICLE THEFT","38.9345909028","-77.0770456977",4,0,4,1096,1123,2219,972,936,1908
1002,"MOTOR VEHICLE THEFT","38.9345909028","-77.0770456977",4,0,201,1096,1123,2571,972,936,2447
1002,"MOTOR VEHICLE THEFT","38.9345909028","-77.0770456977",4,115,4,1096,1015,2219,972,979,1908
1002,"MOTOR VEHICLE THEFT","38.9345909028","-77.0770456977",4,115,201,1096,1015,2571,972,979,2447
1002,"MOTOR VEHICLE THEFT","38.9345909028","-77.0770456977",86,0,4,1556,1123,2219,1468,936,1908
1002,"MOTOR VEHICLE THEFT","38.9345909028","-77.0770456977",86,0,201,1556,1123,2571,1468,936,2447
1002,"MOTOR VEHICLE THEFT","38.9345909028","-77.0770456977",86,115,4,1556,1015,2219,1468,979,1908
1002,"MOTOR VEHICLE THEFT","38.9345909028","-77.0770456977",86,115,201,1556,1015,2571,1468,979,2447
1002,"THEFT F/AUTO","38.9342861774","-77.0746463504",4,0,4,1096,1123,2219,972,936,1908
1002,"THEFT F/AUTO","38.9342861774","-77.0746463504",4,0,201,1096,1123,2571,972,936,2447
1002,"THEFT F/AUTO","38.9342861774","-77.0746463504",4,115,4,1096,1015,2219,972,979,1908
1002,"THEFT F/AUTO","38.9342861774","-77.0746463504",4,115,201,1096,1015,2571,972,979,2447
1002,"THEFT F/AUTO","38.9342861774","-77.0746463504",86,0,4,1556,1123,2219,1468,936,1908
1002,"THEFT F/AUTO","38.9342861774","-77.0746463504",86,0,201,1556,1123,2571,1468,936,2447
1002,"THEFT F/AUTO","38.9342861774","-77.0746463504",86,115,4,1556,1015,2219,1468,979,1908
1002,"THEFT F/AUTO","38.9342861774","-77.0746463504",86,115,201,1556,1015,2571,1468,979,2447
1002,"THEFT F/AUTO","38.9408795279","-77.0757721301",4,0,4,1096,1123,2219,972,936,1908
1002,"THEFT F/AUTO","38.9408795279","-77.0757721301",4,0,201,1096,1123,2571,972,936,2447
1002,"THEFT F/AUTO","38.9408795279","-77.0757721301",4,115,4,1096,1015,2219,972,979,1908
1002,"THEFT F/AUTO","38.9408795279","-77.0757721301",4,115,201,1096,1015,2571,972,979,2447
1002,"THEFT F/AUTO","38.9408795279","-77.0757721301",86,0,4,1556,1123,2219,1468,936,1908
1002,"THEFT F/AUTO","38.9408795279","-77.0757721301",86,0,201,1556,1123,2571,1468,936,2447
1002,"THEFT F/AUTO","38.9408795279","-77.0757721301",86,115,4,1556,1015,2219,1468,979,1908
1002,"THEFT F/AUTO","38.9408795279","-77.0757721301",86,115,201,1556,1015,2571,1468,979,2447
1002,"THEFT/OTHER","38.935071128","-77.0726979486",4,0,4,1096,1123,2219,972,936,1908
1002,"THEFT/OTHER","38.935071128","-77.0726979486",4,0,201,1096,1123,2571,972,936,2447
1002,"THEFT/OTHER","38.935071128","-77.0726979486",4,115,4,1096,1015,2219,972,979,1908
1002,"THEFT/OTHER","38.935071128","-77.0726979486",4,115,201,1096,1015,2571,972,979,2447
1002,"THEFT/OTHER","38.935071128","-77.0726979486",86,0,4,1556,1123,2219,1468,936,1908
1002,"THEFT/OTHER","38.935071128","-77.0726979486",86,0,201,1556,1123,2571,1468,936,2447
1002,"THEFT/OTHER","38.935071128","-77.0726979486",86,115,4,1556,1015,2219,1468,979,1908
1002,"THEFT/OTHER","38.935071128","-77.0726979486",86,115,201,1556,1015,2571,1468,979,2447
1002,"THEFT/OTHER","38.9367702985","-77.0779707842",4,0,4,1096,1123,2219,972,936,1908
1002,"THEFT/OTHER","38.9367702985","-77.0779707842",4,0,201,1096,1123,2571,972,936,2447
1002,"THEFT/OTHER","38.9367702985","-77.0779707842",4,115,4,1096,1015,2219,972,979,1908
1002,"THEFT/OTHER","38.9367702985","-77.0779707842",4,115,201,1096,1015,2571,972,979,2447
1002,"THEFT/OTHER","38.9367702985","-77.0779707842",86,0,4,1556,1123,2219,1468,936,1908
1002,"THEFT/OTHER","38.9367702985","-77.0779707842",86,0,201,1556,1123,2571,1468,936,2447
1002,"THEFT/OTHER","38.9367702985","-77.0779707842",86,115,4,1556,1015,2219,1468,979,1908
1002,"THEFT/OTHER","38.9367702985","-77.0779707842",86,115,201,1556,1015,2571,1468,979,2447
1002,"THEFT/OTHER","38.9426805302","-77.0767775979",4,0,4,1096,1123,2219,972,936,1908
1002,"THEFT/OTHER","38.9426805302","-77.0767775979",4,0,201,1096,1123,2571,972,936,2447
1002,"THEFT/OTHER","38.9426805302","-77.0767775979",4,115,4,1096,1015,2219,972,979,1908
1002,"THEFT/OTHER","38.9426805302","-77.0767775979",4,115,201,1096,1015,2571,972,979,2447
1002,"THEFT/OTHER","38.9426805302","-77.0767775979",86,0,4,1556,1123,2219,1468,936,1908
1002,"THEFT/OTHER","38.9426805302","-77.0767775979",86,0,201,1556,1123,2571,1468,936,2447
1002,"THEFT/OTHER","38.9426805302","-77.0767775979",86,115,4,1556,1015,2219,1468,979,1908
1002,"THEFT/OTHER","38.9426805302","-77.0767775979",86,115,201,1556,1015,2571,1468,979,2447
1002,"THEFT/OTHER","38.9443644692","-77.0777022411",4,0,4,1096,1123,2219,972,936,1908
1002,"THEFT/OTHER","38.9443644692","-77.0777022411",4,0,201,1096,1123,2571,972,936,2447
1002,"THEFT/OTHER","38.9443644692","-77.0777022411",4,115,4,1096,1015,2219,972,979,1908
1002,"THEFT/OTHER","38.9443644692","-77.0777022411",4,115,201,1096,1015,2571,972,979,2447
1002,"THEFT/OTHER","38.9443644692","-77.0777022411",86,0,4,1556,1123,2219,1468,936,1908
1002,"THEFT/OTHER","38.9443644692","-77.0777022411",86,0,201,1556,1123,2571,1468,936,2447
1002,"THEFT/OTHER","38.9443644692","-77.0777022411",86,115,4,1556,1015,2219,1468,979,1908
1002,"THEFT/OTHER","38.9443644692","-77.0777022411",86,115,201,1556,1015,2571,1468,979,2447
1002,"THEFT/OTHER","38.9340623633","-77.0724316449",4,0,4,1096,1123,2219,972,936,1908
1002,"THEFT/OTHER","38.9340623633","-77.0724316449",4,0,201,1096,1123,2571,972,936,2447
1002,"THEFT/OTHER","38.9340623633","-77.0724316449",4,115,4,1096,1015,2219,972,979,1908
1002,"THEFT/OTHER","38.9340623633","-77.0724316449",4,115,201,1096,1015,2571,972,979,2447
1002,"THEFT/OTHER","38.9340623633","-77.0724316449",86,0,4,1556,1123,2219,1468,936,1908
1002,"THEFT/OTHER","38.9340623633","-77.0724316449",86,0,201,1556,1123,2571,1468,936,2447
1002,"THEFT/OTHER","38.9340623633","-77.0724316449",86,115,4,1556,1015,2219,1468,979,1908
1002,"THEFT/OTHER","38.9340623633","-77.0724316449",86,115,201,1556,1015,2571,1468,979,2447
1002,"BURGLARY","38.943554022","-77.0772514834",4,0,4,1096,1123,2219,972,936,1908
1002,"BURGLARY","38.943554022","-77.0772514834",4,0,201,1096,1123,2571,972,936,2447
1002,"BURGLARY","38.943554022","-77.0772514834",4,115,4,1096,1015,2219,972,979,1908
1002,"BURGLARY","38.943554022","-77.0772514834",4,115,201,1096,1015,2571,972,979,2447
1002,"BURGLARY","38.943554022","-77.0772514834",86,0,4,1556,1123,2219,1468,936,1908
1002,"BURGLARY","38.943554022","-77.0772514834",86,0,201,1556,1123,2571,1468,936,2447
1002,"BURGLARY","38.943554022","-77.0772514834",86,115,4,1556,1015,2219,1468,979,1908
1002,"BURGLARY","38.943554022","-77.0772514834",86,115,201,1556,1015,2571,1468,979,2447
1002,"THEFT/OTHER","38.9443644692","-77.0777022411",4,0,4,1096,1123,2219,972,936,1908
1002,"THEFT/OTHER","38.9443644692","-77.0777022411",4,0,201,1096,1123,2571,972,936,2447
1002,"THEFT/OTHER","38.9443644692","-77.0777022411",4,115,4,1096,1015,2219,972,979,1908
1002,"THEFT/OTHER","38.9443644692","-77.0777022411",4,115,201,1096,1015,2571,972,979,2447
1002,"THEFT/OTHER","38.9443644692","-77.0777022411",86,0,4,1556,1123,2219,1468,936,1908
1002,"THEFT/OTHER","38.9443644692","-77.0777022411",86,0,201,1556,1123,2571,1468,936,2447
1002,"THEFT/OTHER","38.9443644692","-77.0777022411",86,115,4,1556,1015,2219,1468,979,1908
1002,"THEFT/OTHER","38.9443644692","-77.0777022411",86,115,201,1556,1015,2571,1468,979,2447
1002,"MOTOR VEHICLE THEFT","38.9443644692","-77.0777022411",4,0,4,1096,1123,2219,972,936,1908
1002,"MOTOR VEHICLE THEFT","38.9443644692","-77.0777022411",4,0,201,1096,1123,2571,972,936,2447
1002,"MOTOR VEHICLE THEFT","38.9443644692","-77.0777022411",4,115,4,1096,1015,2219,972,979,1908
1002,"MOTOR VEHICLE THEFT","38.9443644692","-77.0777022411",4,115,201,1096,1015,2571,972,979,2447
1002,"MOTOR VEHICLE THEFT","38.9443644692","-77.0777022411",86,0,4,1556,1123,2219,1468,936,1908
1002,"MOTOR VEHICLE THEFT","38.9443644692","-77.0777022411",86,0,201,1556,1123,2571,1468,936,2447
1002,"MOTOR VEHICLE THEFT","38.9443644692","-77.0777022411",86,115,4,1556,1015,2219,1468,979,1908
1002,"MOTOR VEHICLE THEFT","38.9443644692","-77.0777022411",86,115,201,1556,1015,2571,1468,979,2447
1002,"BURGLARY","38.943554022","-77.0772514834",4,0,4,1096,1123,2219,972,936,1908
1002,"BURGLARY","38.943554022","-77.0772514834",4,0,201,1096,1123,2571,972,936,2447
1002,"BURGLARY","38.943554022","-77.0772514834",4,115,4,1096,1015,2219,972,979,1908
1002,"BURGLARY","38.943554022","-77.0772514834",4,115,201,1096,1015,2571,972,979,2447
1002,"BURGLARY","38.943554022","-77.0772514834",86,0,4,1556,1123,2219,1468,936,1908
1002,"BURGLARY","38.943554022","-77.0772514834",86,0,201,1556,1123,2571,1468,936,2447
1002,"BURGLARY","38.943554022","-77.0772514834",86,115,4,1556,1015,2219,1468,979,1908
1002,"BURGLARY","38.943554022","-77.0772514834",86,115,201,1556,1015,2571,1468,979,2447
1002,"THEFT/OTHER","38.9360879986","-77.0743944881",4,0,4,1096,1123,2219,972,936,1908
1002,"THEFT/OTHER","38.9360879986","-77.0743944881",4,0,201,1096,1123,2571,972,936,2447
1002,"THEFT/OTHER","38.9360879986","-77.0743944881",4,115,4,1096,1015,2219,972,979,1908
1002,"THEFT/OTHER","38.9360879986","-77.0743944881",4,115,201,1096,1015,2571,972,979,2447
1002,"THEFT/OTHER","38.9360879986","-77.0743944881",86,0,4,1556,1123,2219,1468,936,1908
1002,"THEFT/OTHER","38.9360879986","-77.0743944881",86,0,201,1556,1123,2571,1468,936,2447
1002,"THEFT/OTHER","38.9360879986","-77.0743944881",86,115,4,1556,1015,2219,1468,979,1908
1002,"THEFT/OTHER","38.9360879986","-77.0743944881",86,115,201,1556,1015,2571,1468,979,2447
1002,"THEFT/OTHER","38.9443644692","-77.0777022411",4,0,4,1096,1123,2219,972,936,1908
1002,"THEFT/OTHER","38.9443644692","-77.0777022411",4,0,201,1096,1123,2571,972,936,2447
1002,"THEFT/OTHER","38.9443644692","-77.0777022411",4,115,4,1096,1015,2219,972,979,1908
1002,"THEFT/OTHER","38.9443644692","-77.0777022411",4,115,201,1096,1015,2571,972,979,2447
1002,"THEFT/OTHER","38.9443644692","-77.0777022411",86,0,4,1556,1123,2219,1468,936,1908
1002,"THEFT/OTHER","38.9443644692","-77.0777022411",86,0,201,1556,1123,2571,1468,936,2447
1002,"THEFT/OTHER","38.9443644692","-77.0777022411",86,115,4,1556,1015,2219,1468,979,1908
1002,"THEFT/OTHER","38.9443644692","-77.0777022411",86,115,201,1556,1015,2571,1468,979,2447
1002,"THEFT/OTHER","38.9347464547","-77.073297376",4,0,4,1096,1123,2219,972,936,1908
1002,"THEFT/OTHER","38.9347464547","-77.073297376",4,0,201,1096,1123,2571,972,936,2447
1002,"THEFT/OTHER","38.9347464547","-77.073297376",4,115,4,1096,1015,2219,972,979,1908
1002,"THEFT/OTHER","38.9347464547","-77.073297376",4,115,201,1096,1015,2571,972,979,2447
1002,"THEFT/OTHER","38.9347464547","-77.073297376",86,0,4,1556,1123,2219,1468,936,1908
1002,"THEFT/OTHER","38.9347464547","-77.073297376",86,0,201,1556,1123,2571,1468,936,2447
1002,"THEFT/OTHER","38.9347464547","-77.073297376",86,115,4,1556,1015,2219,1468,979,1908
1002,"THEFT/OTHER","38.9347464547","-77.073297376",86,115,201,1556,1015,2571,1468,979,2447
1002,"BURGLARY","38.935071128","-77.0726979486",4,0,4,1096,1123,2219,972,936,1908
1002,"BURGLARY","38.935071128","-77.0726979486",4,0,201,1096,1123,2571,972,936,2447
1002,"BURGLARY","38.935071128","-77.0726979486",4,115,4,1096,1015,2219,972,979,1908
1002,"BURGLARY","38.935071128","-77.0726979486",4,115,201,1096,1015,2571,972,979,2447
1002,"BURGLARY","38.935071128","-77.0726979486",86,0,4,1556,1123,2219,1468,936,1908
1002,"BURGLARY","38.935071128","-77.0726979486",86,0,201,1556,1123,2571,1468,936,2447
1002,"BURGLARY","38.935071128","-77.0726979486",86,115,4,1556,1015,2219,1468,979,1908
1002,"BURGLARY","38.935071128","-77.0726979486",86,115,201,1556,1015,2571,1468,979,2447
1002,"THEFT F/AUTO","38.9431563609","-77.079188962",4,0,4,1096,1123,2219,972,936,1908
1002,"THEFT F/AUTO","38.9431563609","-77.079188962",4,0,201,1096,1123,2571,972,936,2447
1002,"THEFT F/AUTO","38.9431563609","-77.079188962",4,115,4,1096,1015,2219,972,979,1908
1002,"THEFT F/AUTO","38.9431563609","-77.079188962",4,115,201,1096,1015,2571,972,979,2447
1002,"THEFT F/AUTO","38.9431563609","-77.079188962",86,0,4,1556,1123,2219,1468,936,1908
1002,"THEFT F/AUTO","38.9431563609","-77.079188962",86,0,201,1556,1123,2571,1468,936,2447
1002,"THEFT F/AUTO","38.9431563609","-77.079188962",86,115,4,1556,1015,2219,1468,979,1908
1002,"THEFT F/AUTO","38.9431563609","-77.079188962",86,115,201,1556,1015,2571,1468,979,2447
1002,"BURGLARY","38.9443817755","-77.0787635144",4,0,4,1096,1123,2219,972,936,1908
1002,"BURGLARY","38.9443817755","-77.0787635144",4,0,201,1096,1123,2571,972,936,2447
1002,"BURGLARY","38.9443817755","-77.0787635144",4,115,4,1096,1015,2219,972,979,1908
1002,"BURGLARY","38.9443817755","-77.0787635144",4,115,201,1096,1015,2571,972,979,2447
1002,"BURGLARY","38.9443817755","-77.0787635144",86,0,4,1556,1123,2219,1468,936,1908
1002,"BURGLARY","38.9443817755","-77.0787635144",86,0,201,1556,1123,2571,1468,936,2447
1002,"BURGLARY","38.9443817755","-77.0787635144",86,115,4,1556,1015,2219,1468,979,1908
1002,"BURGLARY","38.9443817755","-77.0787635144",86,115,201,1556,1015,2571,1468,979,2447
1002,"THEFT/OTHER","38.9340623633","-77.0724316449",4,0,4,1096,1123,2219,972,936,1908
1002,"THEFT/OTHER","38.9340623633","-77.0724316449",4,0,201,1096,1123,2571,972,936,2447
1002,"THEFT/OTHER","38.9340623633","-77.0724316449",4,115,4,1096,1015,2219,972,979,1908
1002,"THEFT/OTHER","38.9340623633","-77.0724316449",4,115,201,1096,1015,2571,972,979,2447
1002,"THEFT/OTHER","38.9340623633","-77.0724316449",86,0,4,1556,1123,2219,1468,936,1908
1002,"THEFT/OTHER","38.9340623633","-77.0724316449",86,0,201,1556,1123,2571,1468,936,2447
1002,"THEFT/OTHER","38.9340623633","-77.0724316449",86,115,4,1556,1015,2219,1468,979,1908
1002,"THEFT/OTHER","38.9340623633","-77.0724316449",86,115,201,1556,1015,2571,1468,979,2447
1002,"MOTOR VEHICLE THEFT","38.935829924","-77.0830677796",4,0,4,1096,1123,2219,972,936,1908
1002,"MOTOR VEHICLE THEFT","38.935829924","-77.0830677796",4,0,201,1096,1123,2571,972,936,2447
1002,"MOTOR VEHICLE THEFT","38.935829924","-77.0830677796",4,115,4,1096,1015,2219,972,979,1908
1002,"MOTOR VEHICLE THEFT","38.935829924","-77.0830677796",4,115,201,1096,1015,2571,972,979,2447
1002,"MOTOR VEHICLE THEFT","38.935829924","-77.0830677796",86,0,4,1556,1123,2219,1468,936,1908
1002,"MOTOR VEHICLE THEFT","38.935829924","-77.0830677796",86,0,201,1556,1123,2571,1468,936,2447
1002,"MOTOR VEHICLE THEFT","38.935829924","-77.0830677796",86,115,4,1556,1015,2219,1468,979,1908
1002,"MOTOR VEHICLE THEFT","38.935829924","-77.0830677796",86,115,201,1556,1015,2571,1468,979,2447
1002,"THEFT/OTHER","38.9340623633","-77.0724316449",4,0,4,1096,1123,2219,972,936,1908
1002,"THEFT/OTHER","38.9340623633","-77.0724316449",4,0,201,1096,1123,2571,972,936,2447
1002,"THEFT/OTHER","38.9340623633","-77.0724316449",4,115,4,1096,1015,2219,972,979,1908
1002,"THEFT/OTHER","38.9340623633","-77.0724316449",4,115,201,1096,1015,2571,972,979,2447
1002,"THEFT/OTHER","38.9340623633","-77.0724316449",86,0,4,1556,1123,2219,1468,936,1908
1002,"THEFT/OTHER","38.9340623633","-77.0724316449",86,0,201,1556,1123,2571,1468,936,2447
1002,"THEFT/OTHER","38.9340623633","-77.0724316449",86,115,4,1556,1015,2219,1468,979,1908
1002,"THEFT/OTHER","38.9340623633","-77.0724316449",86,115,201,1556,1015,2571,1468,979,2447
1002,"THEFT/OTHER","38.935829924","-77.0830677796",4,0,4,1096,1123,2219,972,936,1908
1002,"THEFT/OTHER","38.935829924","-77.0830677796",4,0,201,1096,1123,2571,972,936,2447
1002,"THEFT/OTHER","38.935829924","-77.0830677796",4,115,4,1096,1015,2219,972,979,1908
1002,"THEFT/OTHER","38.935829924","-77.0830677796",4,115,201,1096,1015,2571,972,979,2447
1002,"THEFT/OTHER","38.935829924","-77.0830677796",86,0,4,1556,1123,2219,1468,936,1908
1002,"THEFT/OTHER","38.935829924","-77.0830677796",86,0,201,1556,1123,2571,1468,936,2447
1002,"THEFT/OTHER","38.935829924","-77.0830677796",86,115,4,1556,1015,2219,1468,979,1908
1002,"THEFT/OTHER","38.935829924","-77.0830677796",86,115,201,1556,1015,2571,1468,979,2447
1002,"THEFT F/AUTO","38.9356816464","-77.0759165476",4,0,4,1096,1123,2219,972,936,1908
1002,"THEFT F/AUTO","38.9356816464","-77.0759165476",4,0,201,1096,1123,2571,972,936,2447
1002,"THEFT F/AUTO","38.9356816464","-77.0759165476",4,115,4,1096,1015,2219,972,979,1908
1002,"THEFT F/AUTO","38.9356816464","-77.0759165476",4,115,201,1096,1015,2571,972,979,2447
1002,"THEFT F/AUTO","38.9356816464","-77.0759165476",86,0,4,1556,1123,2219,1468,936,1908
1002,"THEFT F/AUTO","38.9356816464","-77.0759165476",86,0,201,1556,1123,2571,1468,936,2447
1002,"THEFT F/AUTO","38.9356816464","-77.0759165476",86,115,4,1556,1015,2219,1468,979,1908
1002,"THEFT F/AUTO","38.9356816464","-77.0759165476",86,115,201,1556,1015,2571,1468,979,2447
1002,"BURGLARY","38.9373740385","-77.0776946227",4,0,4,1096,1123,2219,972,936,1908
1002,"BURGLARY","38.9373740385","-77.0776946227",4,0,201,1096,1123,2571,972,936,2447
1002,"BURGLARY","38.9373740385","-77.0776946227",4,115,4,1096,1015,2219,972,979,1908
1002,"BURGLARY","38.9373740385","-77.0776946227",4,115,201,1096,1015,2571,972,979,2447
1002,"BURGLARY","38.9373740385","-77.0776946227",86,0,4,1556,1123,2219,1468,936,1908
1002,"BURGLARY","38.9373740385","-77.0776946227",86,0,201,1556,1123,2571,1468,936,2447
1002,"BURGLARY","38.9373740385","-77.0776946227",86,115,4,1556,1015,2219,1468,979,1908
1002,"BURGLARY","38.9373740385","-77.0776946227",86,115,201,1556,1015,2571,1468,979,2447
1002,"THEFT/OTHER","38.935071128","-77.0726979486",4,0,4,1096,1123,2219,972,936,1908
1002,"THEFT/OTHER","38.935071128","-77.0726979486",4,0,201,1096,1123,2571,972,936,2447
1002,"THEFT/OTHER","38.935071128","-77.0726979486",4,115,4,1096,1015,2219,972,979,1908
1002,"THEFT/OTHER","38.935071128","-77.0726979486",4,115,201,1096,1015,2571,972,979,2447
1002,"THEFT/OTHER","38.935071128","-77.0726979486",86,0,4,1556,1123,2219,1468,936,1908
1002,"THEFT/OTHER","38.935071128","-77.0726979486",86,0,201,1556,1123,2571,1468,936,2447
1002,"THEFT/OTHER","38.935071128","-77.0726979486",86,115,4,1556,1015,2219,1468,979,1908
1002,"THEFT/OTHER","38.935071128","-77.0726979486",86,115,201,1556,1015,2571,1468,979,2447
1002,"THEFT/OTHER","38.943554022","-77.0772514834",4,0,4,1096,1123,2219,972,936,1908
1002,"THEFT/OTHER","38.943554022","-77.0772514834",4,0,201,1096,1123,2571,972,936,2447
1002,"THEFT/OTHER","38.943554022","-77.0772514834",4,115,4,1096,1015,2219,972,979,1908
1002,"THEFT/OTHER","38.943554022","-77.0772514834",4,115,201,1096,1015,2571,972,979,2447
1002,"THEFT/OTHER","38.943554022","-77.0772514834",86,0,4,1556,1123,2219,1468,936,1908
1002,"THEFT/OTHER","38.943554022","-77.0772514834",86,0,201,1556,1123,2571,1468,936,2447
1002,"THEFT/OTHER","38.943554022","-77.0772514834",86,115,4,1556,1015,2219,1468,979,1908
1002,"THEFT/OTHER","38.943554022","-77.0772514834",86,115,201,1556,1015,2571,1468,979,2447
1002,"THEFT/OTHER","38.9347464547","-77.073297376",4,0,4,1096,1123,2219,972,936,1908
1002,"THEFT/OTHER","38.9347464547","-77.073297376",4,0,201,1096,1123,2571,972,936,2447
1002,"THEFT/OTHER","38.9347464547","-77.073297376",4,115,4,1096,1015,2219,972,979,1908
1002,"THEFT/OTHER","38.9347464547","-77.073297376",4,115,201,1096,1015,2571,972,979,2447
1002,"THEFT/OTHER","38.9347464547","-77.073297376",86,0,4,1556,1123,2219,1468,936,1908
1002,"THEFT/OTHER","38.9347464547","-77.073297376",86,0,201,1556,1123,2571,1468,936,2447
1002,"THEFT/OTHER","38.9347464547","-77.073297376",86,115,4,1556,1015,2219,1468,979,1908
1002,"THEFT/OTHER","38.9347464547","-77.073297376",86,115,201,1556,1015,2571,1468,979,2447
1002,"THEFT/OTHER","38.9340623633","-77.0724316449",4,0,4,1096,1123,2219,972,936,1908
1002,"THEFT/OTHER","38.9340623633","-77.0724316449",4,0,201,1096,1123,2571,972,936,2447
1002,"THEFT/OTHER","38.9340623633","-77.0724316449",4,115,4,1096,1015,2219,972,979,1908
1002,"THEFT/OTHER","38.9340623633","-77.0724316449",4,115,201,1096,1015,2571,972,979,2447
1002,"THEFT/OTHER","38.9340623633","-77.0724316449",86,0,4,1556,1123,2219,1468,936,1908
1002,"THEFT/OTHER","38.9340623633","-77.0724316449",86,0,201,1556,1123,2571,1468,936,2447
1002,"THEFT/OTHER","38.9340623633","-77.0724316449",86,115,4,1556,1015,2219,1468,979,1908
1002,"THEFT/OTHER","38.9340623633","-77.0724316449",86,115,201,1556,1015,2571,1468,979,2447
1002,"BURGLARY","38.9443644692","-77.0777022411",4,0,4,1096,1123,2219,972,936,1908
1002,"BURGLARY","38.9443644692","-77.0777022411",4,0,201,1096,1123,2571,972,936,2447
1002,"BURGLARY","38.9443644692","-77.0777022411",4,115,4,1096,1015,2219,972,979,1908
1002,"BURGLARY","38.9443644692","-77.0777022411",4,115,201,1096,1015,2571,972,979,2447
1002,"BURGLARY","38.9443644692","-77.0777022411",86,0,4,1556,1123,2219,1468,936,1908
1002,"BURGLARY","38.9443644692","-77.0777022411",86,0,201,1556,1123,2571,1468,936,2447
1002,"BURGLARY","38.9443644692","-77.0777022411",86,115,4,1556,1015,2219,1468,979,1908
1002,"BURGLARY","38.9443644692","-77.0777022411",86,115,201,1556,1015,2571,1468,979,2447
1002,"THEFT F/AUTO","38.9383918066","-77.0779494887",4,0,4,1096,1123,2219,972,936,1908
1002,"THEFT F/AUTO","38.9383918066","-77.0779494887",4,0,201,1096,1123,2571,972,936,2447
1002,"THEFT F/AUTO","38.9383918066","-77.0779494887",4,115,4,1096,1015,2219,972,979,1908
1002,"THEFT F/AUTO","38.9383918066","-77.0779494887",4,115,201,1096,1015,2571,972,979,2447
1002,"THEFT F/AUTO","38.9383918066","-77.0779494887",86,0,4,1556,1123,2219,1468,936,1908
1002,"THEFT F/AUTO","38.9383918066","-77.0779494887",86,0,201,1556,1123,2571,1468,936,2447
1002,"THEFT F/AUTO","38.9383918066","-77.0779494887",86,115,4,1556,1015,2219,1468,979,1908
1002,"THEFT F/AUTO","38.9383918066","-77.0779494887",86,115,201,1556,1015,2571,1468,979,2447
1002,"THEFT/OTHER","38.9356816464","-77.0759165476",4,0,4,1096,1123,2219,972,936,1908
1002,"THEFT/OTHER","38.9356816464","-77.0759165476",4,0,201,1096,1123,2571,972,936,2447
1002,"THEFT/OTHER","38.9356816464","-77.0759165476",4,115,4,1096,1015,2219,972,979,1908
1002,"THEFT/OTHER","38.9356816464","-77.0759165476",4,115,201,1096,1015,2571,972,979,2447
1002,"THEFT/OTHER","38.9356816464","-77.0759165476",86,0,4,1556,1123,2219,1468,936,1908
1002,"THEFT/OTHER","38.9356816464","-77.0759165476",86,0,201,1556,1123,2571,1468,936,2447
1002,"THEFT/OTHER","38.9356816464","-77.0759165476",86,115,4,1556,1015,2219,1468,979,1908
1002,"THEFT/OTHER","38.9356816464","-77.0759165476",86,115,201,1556,1015,2571,1468,979,2447
1002,"THEFT/OTHER","38.943554022","-77.0772514834",4,0,4,1096,1123,2219,972,936,1908
1002,"THEFT/OTHER","38.943554022","-77.0772514834",4,0,201,1096,1123,2571,972,936,2447
1002,"THEFT/OTHER","38.943554022","-77.0772514834",4,115,4,1096,1015,2219,972,979,1908
1002,"THEFT/OTHER","38.943554022","-77.0772514834",4,115,201,1096,1015,2571,972,979,2447
1002,"THEFT/OTHER","38.943554022","-77.0772514834",86,0,4,1556,1123,2219,1468,936,1908
1002,"THEFT/OTHER","38.943554022","-77.0772514834",86,0,201,1556,1123,2571,1468,936,2447
1002,"THEFT/OTHER","38.943554022","-77.0772514834",86,115,4,1556,1015,2219,1468,979,1908
1002,"THEFT/OTHER","38.943554022","-77.0772514834",86,115,201,1556,1015,2571,1468,979,2447
1002,"THEFT/OTHER","38.9347464547","-77.073297376",4,0,4,1096,1123,2219,972,936,1908
1002,"THEFT/OTHER","38.9347464547","-77.073297376",4,0,201,1096,1123,2571,972,936,2447
1002,"THEFT/OTHER","38.9347464547","-77.073297376",4,115,4,1096,1015,2219,972,979,1908
1002,"THEFT/OTHER","38.9347464547","-77.073297376",4,115,201,1096,1015,2571,972,979,2447
1002,"THEFT/OTHER","38.9347464547","-77.073297376",86,0,4,1556,1123,2219,1468,936,1908
1002,"THEFT/OTHER","38.9347464547","-77.073297376",86,0,201,1556,1123,2571,1468,936,2447
1002,"THEFT/OTHER","38.9347464547","-77.073297376",86,115,4,1556,1015,2219,1468,979,1908
1002,"THEFT/OTHER","38.9347464547","-77.073297376",86,115,201,1556,1015,2571,1468,979,2447
1002,"THEFT/OTHER","38.9383750737","-77.0760001565",4,0,4,1096,1123,2219,972,936,1908
1002,"THEFT/OTHER","38.9383750737","-77.0760001565",4,0,201,1096,1123,2571,972,936,2447
1002,"THEFT/OTHER","38.9383750737","-77.0760001565",4,115,4,1096,1015,2219,972,979,1908
1002,"THEFT/OTHER","38.9383750737","-77.0760001565",4,115,201,1096,1015,2571,972,979,2447
1002,"THEFT/OTHER","38.9383750737","-77.0760001565",86,0,4,1556,1123,2219,1468,936,1908
1002,"THEFT/OTHER","38.9383750737","-77.0760001565",86,0,201,1556,1123,2571,1468,936,2447
1002,"THEFT/OTHER","38.9383750737","-77.0760001565",86,115,4,1556,1015,2219,1468,979,1908
1002,"THEFT/OTHER","38.9383750737","-77.0760001565",86,115,201,1556,1015,2571,1468,979,2447
1002,"THEFT/OTHER","38.9368080936","-77.0752833689",4,0,4,1096,1123,2219,972,936,1908
1002,"THEFT/OTHER","38.9368080936","-77.0752833689",4,0,201,1096,1123,2571,972,936,2447
1002,"THEFT/OTHER","38.9368080936","-77.0752833689",4,115,4,1096,1015,2219,972,979,1908
1002,"THEFT/OTHER","38.9368080936","-77.0752833689",4,115,201,1096,1015,2571,972,979,2447
1002,"THEFT/OTHER","38.9368080936","-77.0752833689",86,0,4,1556,1123,2219,1468,936,1908
1002,"THEFT/OTHER","38.9368080936","-77.0752833689",86,0,201,1556,1123,2571,1468,936,2447
1002,"THEFT/OTHER","38.9368080936","-77.0752833689",86,115,4,1556,1015,2219,1468,979,1908
1002,"THEFT/OTHER","38.9368080936","-77.0752833689",86,115,201,1556,1015,2571,1468,979,2447
1002,"SEX ABUSE","38.9443644692","-77.0777022411",4,0,4,1096,1123,2219,972,936,1908
1002,"SEX ABUSE","38.9443644692","-77.0777022411",4,0,201,1096,1123,2571,972,936,2447
1002,"SEX ABUSE","38.9443644692","-77.0777022411",4,115,4,1096,1015,2219,972,979,1908
1002,"SEX ABUSE","38.9443644692","-77.0777022411",4,115,201,1096,1015,2571,972,979,2447
1002,"SEX ABUSE","38.9443644692","-77.0777022411",86,0,4,1556,1123,2219,1468,936,1908
1002,"SEX ABUSE","38.9443644692","-77.0777022411",86,0,201,1556,1123,2571,1468,936,2447
1002,"SEX ABUSE","38.9443644692","-77.0777022411",86,115,4,1556,1015,2219,1468,979,1908
1002,"SEX ABUSE","38.9443644692","-77.0777022411",86,115,201,1556,1015,2571,1468,979,2447
1002,"BURGLARY","38.9443644692","-77.0777022411",4,0,4,1096,1123,2219,972,936,1908
1002,"BURGLARY","38.9443644692","-77.0777022411",4,0,201,1096,1123,2571,972,936,2447
1002,"BURGLARY","38.9443644692","-77.0777022411",4,115,4,1096,1015,2219,972,979,1908
1002,"BURGLARY","38.9443644692","-77.0777022411",4,115,201,1096,1015,2571,972,979,2447
1002,"BURGLARY","38.9443644692","-77.0777022411",86,0,4,1556,1123,2219,1468,936,1908
1002,"BURGLARY","38.9443644692","-77.0777022411",86,0,201,1556,1123,2571,1468,936,2447
1002,"BURGLARY","38.9443644692","-77.0777022411",86,115,4,1556,1015,2219,1468,979,1908
1002,"BURGLARY","38.9443644692","-77.0777022411",86,115,201,1556,1015,2571,1468,979,2447
1002,"THEFT F/AUTO","38.9394384776","-77.0753438193",4,0,4,1096,1123,2219,972,936,1908
1002,"THEFT F/AUTO","38.9394384776","-77.0753438193",4,0,201,1096,1123,2571,972,936,2447
1002,"THEFT F/AUTO","38.9394384776","-77.0753438193",4,115,4,1096,1015,2219,972,979,1908
1002,"THEFT F/AUTO","38.9394384776","-77.0753438193",4,115,201,1096,1015,2571,972,979,2447
1002,"THEFT F/AUTO","38.9394384776","-77.0753438193",86,0,4,1556,1123,2219,1468,936,1908
1002,"THEFT F/AUTO","38.9394384776","-77.0753438193",86,0,201,1556,1123,2571,1468,936,2447
1002,"THEFT F/AUTO","38.9394384776","-77.0753438193",86,115,4,1556,1015,2219,1468,979,1908
1002,"THEFT F/AUTO","38.9394384776","-77.0753438193",86,115,201,1556,1015,2571,1468,979,2447
1002,"THEFT F/AUTO","38.9362842492","-77.0773704813",4,0,4,1096,1123,2219,972,936,1908
1002,"THEFT F/AUTO","38.9362842492","-77.0773704813",4,0,201,1096,1123,2571,972,936,2447
1002,"THEFT F/AUTO","38.9362842492","-77.0773704813",4,115,4,1096,1015,2219,972,979,1908
1002,"THEFT F/AUTO","38.9362842492","-77.0773704813",4,115,201,1096,1015,2571,972,979,2447
1002,"THEFT F/AUTO","38.9362842492","-77.0773704813",86,0,4,1556,1123,2219,1468,936,1908
1002,"THEFT F/AUTO","38.9362842492","-77.0773704813",86,0,201,1556,1123,2571,1468,936,2447
1002,"THEFT F/AUTO","38.9362842492","-77.0773704813",86,115,4,1556,1015,2219,1468,979,1908
1002,"THEFT F/AUTO","38.9362842492","-77.0773704813",86,115,201,1556,1015,2571,1468,979,2447
1002,"ASSAULT W/DANGEROUS WEAPON","38.9443644692","-77.0777022411",4,0,4,1096,1123,2219,972,936,1908
1002,"ASSAULT W/DANGEROUS WEAPON","38.9443644692","-77.0777022411",4,0,201,1096,1123,2571,972,936,2447
1002,"ASSAULT W/DANGEROUS WEAPON","38.9443644692","-77.0777022411",4,115,4,1096,1015,2219,972,979,1908
1002,"ASSAULT W/DANGEROUS WEAPON","38.9443644692","-77.0777022411",4,115,201,1096,1015,2571,972,979,2447
1002,"ASSAULT W/DANGEROUS WEAPON","38.9443644692","-77.0777022411",86,0,4,1556,1123,2219,1468,936,1908
1002,"ASSAULT W/DANGEROUS WEAPON","38.9443644692","-77.0777022411",86,0,201,1556,1123,2571,1468,936,2447
1002,"ASSAULT W/DANGEROUS WEAPON","38.9443644692","-77.0777022411",86,115,4,1556,1015,2219,1468,979,1908
1002,"ASSAULT W/DANGEROUS WEAPON","38.9443644692","-77.0777022411",86,115,201,1556,1015,2571,1468,979,2447
1002,"THEFT/OTHER","38.9340623633","-77.0724316449",4,0,4,1096,1123,2219,972,936,1908
1002,"THEFT/OTHER","38.9340623633","-77.0724316449",4,0,201,1096,1123,2571,972,936,2447
1002,"THEFT/OTHER","38.9340623633","-77.0724316449",4,115,4,1096,1015,2219,972,979,1908
1002,"THEFT/OTHER","38.9340623633","-77.0724316449",4,115,201,1096,1015,2571,972,979,2447
1002,"THEFT/OTHER","38.9340623633","-77.0724316449",86,0,4,1556,1123,2219,1468,936,1908
1002,"THEFT/OTHER","38.9340623633","-77.0724316449",86,0,201,1556,1123,2571,1468,936,2447
1002,"THEFT/OTHER","38.9340623633","-77.0724316449",86,115,4,1556,1015,2219,1468,979,1908
1002,"THEFT/OTHER","38.9340623633","-77.0724316449",86,115,201,1556,1015,2571,1468,979,2447
1002,"THEFT F/AUTO","38.9356816464","-77.0759165476",4,0,4,1096,1123,2219,972,936,1908
1002,"THEFT F/AUTO","38.9356816464","-77.0759165476",4,0,201,1096,1123,2571,972,936,2447
1002,"THEFT F/AUTO","38.9356816464","-77.0759165476",4,115,4,1096,1015,2219,972,979,1908
1002,"THEFT F/AUTO","38.9356816464","-77.0759165476",4,115,201,1096,1015,2571,972,979,2447
1002,"THEFT F/AUTO","38.9356816464","-77.0759165476",86,0,4,1556,1123,2219,1468,936,1908
1002,"THEFT F/AUTO","38.9356816464","-77.0759165476",86,0,201,1556,1123,2571,1468,936,2447
1002,"THEFT F/AUTO","38.9356816464","-77.0759165476",86,115,4,1556,1015,2219,1468,979,1908
1002,"THEFT F/AUTO","38.9356816464","-77.0759165476",86,115,201,1556,1015,2571,1468,979,2447
1002,"THEFT/OTHER","38.935829924","-77.0830677796",4,0,4,1096,1123,2219,972,936,1908
1002,"THEFT/OTHER","38.935829924","-77.0830677796",4,0,201,1096,1123,2571,972,936,2447
1002,"THEFT/OTHER","38.935829924","-77.0830677796",4,115,4,1096,1015,2219,972,979,1908
1002,"THEFT/OTHER","38.935829924","-77.0830677796",4,115,201,1096,1015,2571,972,979,2447
1002,"THEFT/OTHER","38.935829924","-77.0830677796",86,0,4,1556,1123,2219,1468,936,1908
1002,"THEFT/OTHER","38.935829924","-77.0830677796",86,0,201,1556,1123,2571,1468,936,2447
1002,"THEFT/OTHER","38.935829924","-77.0830677796",86,115,4,1556,1015,2219,1468,979,1908
1002,"THEFT/OTHER","38.935829924","-77.0830677796",86,115,201,1556,1015,2571,1468,979,2447
1002,"THEFT F/AUTO","38.9373740385","-77.0776946227",4,0,4,1096,1123,2219,972,936,1908
1002,"THEFT F/AUTO","38.9373740385","-77.0776946227",4,0,201,1096,1123,2571,972,936,2447
1002,"THEFT F/AUTO","38.9373740385","-77.0776946227",4,115,4,1096,1015,2219,972,979,1908
1002,"THEFT F/AUTO","38.9373740385","-77.0776946227",4,115,201,1096,1015,2571,972,979,2447
1002,"THEFT F/AUTO","38.9373740385","-77.0776946227",86,0,4,1556,1123,2219,1468,936,1908
1002,"THEFT F/AUTO","38.9373740385","-77.0776946227",86,0,201,1556,1123,2571,1468,936,2447
1002,"THEFT F/AUTO","38.9373740385","-77.0776946227",86,115,4,1556,1015,2219,1468,979,1908
1002,"THEFT F/AUTO","38.9373740385","-77.0776946227",86,115,201,1556,1015,2571,1468,979,2447
1002,"THEFT/OTHER","38.9376537384","-77.0770259389",4,0,4,1096,1123,2219,972,936,1908
1002,"THEFT/OTHER","38.9376537384","-77.0770259389",4,0,201,1096,1123,2571,972,936,2447
1002,"THEFT/OTHER","38.9376537384","-77.0770259389",4,115,4,1096,1015,2219,972,979,1908
1002,"THEFT/OTHER","38.9376537384","-77.0770259389",4,115,201,1096,1015,2571,972,979,2447
1002,"THEFT/OTHER","38.9376537384","-77.0770259389",86,0,4,1556,1123,2219,1468,936,1908
1002,"THEFT/OTHER","38.9376537384","-77.0770259389",86,0,201,1556,1123,2571,1468,936,2447
1002,"THEFT/OTHER","38.9376537384","-77.0770259389",86,115,4,1556,1015,2219,1468,979,1908
1002,"THEFT/OTHER","38.9376537384","-77.0770259389",86,115,201,1556,1015,2571,1468,979,2447
1002,"BURGLARY","38.935071128","-77.0726979486",4,0,4,1096,1123,2219,972,936,1908
1002,"BURGLARY","38.935071128","-77.0726979486",4,0,201,1096,1123,2571,972,936,2447
1002,"BURGLARY","38.935071128","-77.0726979486",4,115,4,1096,1015,2219,972,979,1908
1002,"BURGLARY","38.935071128","-77.0726979486",4,115,201,1096,1015,2571,972,979,2447
1002,"BURGLARY","38.935071128","-77.0726979486",86,0,4,1556,1123,2219,1468,936,1908
1002,"BURGLARY","38.935071128","-77.0726979486",86,0,201,1556,1123,2571,1468,936,2447
1002,"BURGLARY","38.935071128","-77.0726979486",86,115,4,1556,1015,2219,1468,979,1908
1002,"BURGLARY","38.935071128","-77.0726979486",86,115,201,1556,1015,2571,1468,979,2447
1002,"THEFT F/AUTO","38.9447777107","-77.0793984009",4,0,4,1096,1123,2219,972,936,1908
1002,"THEFT F/AUTO","38.9447777107","-77.0793984009",4,0,201,1096,1123,2571,972,936,2447
1002,"THEFT F/AUTO","38.9447777107","-77.0793984009",4,115,4,1096,1015,2219,972,979,1908
1002,"THEFT F/AUTO","38.9447777107","-77.0793984009",4,115,201,1096,1015,2571,972,979,2447
1002,"THEFT F/AUTO","38.9447777107","-77.0793984009",86,0,4,1556,1123,2219,1468,936,1908
1002,"THEFT F/AUTO","38.9447777107","-77.0793984009",86,0,201,1556,1123,2571,1468,936,2447
1002,"THEFT F/AUTO","38.9447777107","-77.0793984009",86,115,4,1556,1015,2219,1468,979,1908
1002,"THEFT F/AUTO","38.9447777107","-77.0793984009",86,115,201,1556,1015,2571,1468,979,2447
1002,"THEFT/OTHER","38.943554022","-77.0772514834",4,0,4,1096,1123,2219,972,936,1908
1002,"THEFT/OTHER","38.943554022","-77.0772514834",4,0,201,1096,1123,2571,972,936,2447
1002,"THEFT/OTHER","38.943554022","-77.0772514834",4,115,4,1096,1015,2219,972,979,1908
1002,"THEFT/OTHER","38.943554022","-77.0772514834",4,115,201,1096,1015,2571,972,979,2447
1002,"THEFT/OTHER","38.943554022","-77.0772514834",86,0,4,1556,1123,2219,1468,936,1908
1002,"THEFT/OTHER","38.943554022","-77.0772514834",86,0,201,1556,1123,2571,1468,936,2447
1002,"THEFT/OTHER","38.943554022","-77.0772514834",86,115,4,1556,1015,2219,1468,979,1908
1002,"THEFT/OTHER","38.943554022","-77.0772514834",86,115,201,1556,1015,2571,1468,979,2447
1002,"THEFT F/AUTO","38.9428303321","-77.0817032568",4,0,4,1096,1123,2219,972,936,1908
1002,"THEFT F/AUTO","38.9428303321","-77.0817032568",4,0,201,1096,1123,2571,972,936,2447
1002,"THEFT F/AUTO","38.9428303321","-77.0817032568",4,115,4,1096,1015,2219,972,979,1908
1002,"THEFT F/AUTO","38.9428303321","-77.0817032568",4,115,201,1096,1015,2571,972,979,2447
1002,"THEFT F/AUTO","38.9428303321","-77.0817032568",86,0,4,1556,1123,2219,1468,936,1908
1002,"THEFT F/AUTO","38.9428303321","-77.0817032568",86,0,201,1556,1123,2571,1468,936,2447
1002,"THEFT F/AUTO","38.9428303321","-77.0817032568",86,115,4,1556,1015,2219,1468,979,1908
1002,"THEFT F/AUTO","38.9428303321","-77.0817032568",86,115,201,1556,1015,2571,1468,979,2447
1002,"THEFT F/AUTO","38.9356816464","-77.0759165476",4,0,4,1096,1123,2219,972,936,1908
1002,"THEFT F/AUTO","38.9356816464","-77.0759165476",4,0,201,1096,1123,2571,972,936,2447
1002,"THEFT F/AUTO","38.9356816464","-77.0759165476",4,115,4,1096,1015,2219,972,979,1908
1002,"THEFT F/AUTO","38.9356816464","-77.0759165476",4,115,201,1096,1015,2571,972,979,2447
1002,"THEFT F/AUTO","38.9356816464","-77.0759165476",86,0,4,1556,1123,2219,1468,936,1908
1002,"THEFT F/AUTO","38.9356816464","-77.0759165476",86,0,201,1556,1123,2571,1468,936,2447
1002,"THEFT F/AUTO","38.9356816464","-77.0759165476",86,115,4,1556,1015,2219,1468,979,1908
1002,"THEFT F/AUTO","38.9356816464","-77.0759165476",86,115,201,1556,1015,2571,1468,979,2447
1002,"ASSAULT W/DANGEROUS WEAPON","38.9451298886","-77.0781298887",4,0,4,1096,1123,2219,972,936,1908
1002,"ASSAULT W/DANGEROUS WEAPON","38.9451298886","-77.0781298887",4,0,201,1096,1123,2571,972,936,2447
1002,"ASSAULT W/DANGEROUS WEAPON","38.9451298886","-77.0781298887",4,115,4,1096,1015,2219,972,979,1908
1002,"ASSAULT W/DANGEROUS WEAPON","38.9451298886","-77.0781298887",4,115,201,1096,1015,2571,972,979,2447
1002,"ASSAULT W/DANGEROUS WEAPON","38.9451298886","-77.0781298887",86,0,4,1556,1123,2219,1468,936,1908
1002,"ASSAULT W/DANGEROUS WEAPON","38.9451298886","-77.0781298887",86,0,201,1556,1123,2571,1468,936,2447
1002,"ASSAULT W/DANGEROUS WEAPON","38.9451298886","-77.0781298887",86,115,4,1556,1015,2219,1468,979,1908
1002,"ASSAULT W/DANGEROUS WEAPON","38.9451298886","-77.0781298887",86,115,201,1556,1015,2571,1468,979,2447
1002,"THEFT/OTHER","38.9394384776","-77.0753438193",4,0,4,1096,1123,2219,972,936,1908
1002,"THEFT/OTHER","38.9394384776","-77.0753438193",4,0,201,1096,1123,2571,972,936,2447
1002,"THEFT/OTHER","38.9394384776","-77.0753438193",4,115,4,1096,1015,2219,972,979,1908
1002,"THEFT/OTHER","38.9394384776","-77.0753438193",4,115,201,1096,1015,2571,972,979,2447
1002,"THEFT/OTHER","38.9394384776","-77.0753438193",86,0,4,1556,1123,2219,1468,936,1908
1002,"THEFT/OTHER","38.9394384776","-77.0753438193",86,0,201,1556,1123,2571,1468,936,2447
1002,"THEFT/OTHER","38.9394384776","-77.0753438193",86,115,4,1556,1015,2219,1468,979,1908
1002,"THEFT/OTHER","38.9394384776","-77.0753438193",86,115,201,1556,1015,2571,1468,979,2447
1002,"THEFT/OTHER","38.9340623633","-77.0724316449",4,0,4,1096,1123,2219,972,936,1908
1002,"THEFT/OTHER","38.9340623633","-77.0724316449",4,0,201,1096,1123,2571,972,936,2447
1002,"THEFT/OTHER","38.9340623633","-77.0724316449",4,115,4,1096,1015,2219,972,979,1908
1002,"THEFT/OTHER","38.9340623633","-77.0724316449",4,115,201,1096,1015,2571,972,979,2447
1002,"THEFT/OTHER","38.9340623633","-77.0724316449",86,0,4,1556,1123,2219,1468,936,1908
1002,"THEFT/OTHER","38.9340623633","-77.0724316449",86,0,201,1556,1123,2571,1468,936,2447
1002,"THEFT/OTHER","38.9340623633","-77.0724316449",86,115,4,1556,1015,2219,1468,979,1908
1002,"THEFT/OTHER","38.9340623633","-77.0724316449",86,115,201,1556,1015,2571,1468,979,2447
1002,"THEFT/OTHER","38.935829924","-77.0830677796",4,0,4,1096,1123,2219,972,936,1908
1002,"THEFT/OTHER","38.935829924","-77.0830677796",4,0,201,1096,1123,2571,972,936,2447
1002,"THEFT/OTHER","38.935829924","-77.0830677796",4,115,4,1096,1015,2219,972,979,1908
1002,"THEFT/OTHER","38.935829924","-77.0830677796",4,115,201,1096,1015,2571,972,979,2447
1002,"THEFT/OTHER","38.935829924","-77.0830677796",86,0,4,1556,1123,2219,1468,936,1908
1002,"THEFT/OTHER","38.935829924","-77.0830677796",86,0,201,1556,1123,2571,1468,936,2447
1002,"THEFT/OTHER","38.935829924","-77.0830677796",86,115,4,1556,1015,2219,1468,979,1908
1002,"THEFT/OTHER","38.935829924","-77.0830677796",86,115,201,1556,1015,2571,1468,979,2447
1002,"THEFT/OTHER","38.9340623633","-77.0724316449",4,0,4,1096,1123,2219,972,936,1908
1002,"THEFT/OTHER","38.9340623633","-77.0724316449",4,0,201,1096,1123,2571,972,936,2447
1002,"THEFT/OTHER","38.9340623633","-77.0724316449",4,115,4,1096,1015,2219,972,979,1908
1002,"THEFT/OTHER","38.9340623633","-77.0724316449",4,115,201,1096,1015,2571,972,979,2447
1002,"THEFT/OTHER","38.9340623633","-77.0724316449",86,0,4,1556,1123,2219,1468,936,1908
1002,"THEFT/OTHER","38.9340623633","-77.0724316449",86,0,201,1556,1123,2571,1468,936,2447
1002,"THEFT/OTHER","38.9340623633","-77.0724316449",86,115,4,1556,1015,2219,1468,979,1908
1002,"THEFT/OTHER","38.9340623633","-77.0724316449",86,115,201,1556,1015,2571,1468,979,2447
1002,"THEFT/OTHER","38.9355750514","-77.0735635086",4,0,4,1096,1123,2219,972,936,1908
1002,"THEFT/OTHER","38.9355750514","-77.0735635086",4,0,201,1096,1123,2571,972,936,2447
1002,"THEFT/OTHER","38.9355750514","-77.0735635086",4,115,4,1096,1015,2219,972,979,1908
1002,"THEFT/OTHER","38.9355750514","-77.0735635086",4,115,201,1096,1015,2571,972,979,2447
1002,"THEFT/OTHER","38.9355750514","-77.0735635086",86,0,4,1556,1123,2219,1468,936,1908
1002,"THEFT/OTHER","38.9355750514","-77.0735635086",86,0,201,1556,1123,2571,1468,936,2447
1002,"THEFT/OTHER","38.9355750514","-77.0735635086",86,115,4,1556,1015,2219,1468,979,1908
1002,"THEFT/OTHER","38.9355750514","-77.0735635086",86,115,201,1556,1015,2571,1468,979,2447
1002,"ASSAULT W/DANGEROUS WEAPON","38.935829924","-77.0830677796",4,0,4,1096,1123,2219,972,936,1908
1002,"ASSAULT W/DANGEROUS WEAPON","38.935829924","-77.0830677796",4,0,201,1096,1123,2571,972,936,2447
1002,"ASSAULT W/DANGEROUS WEAPON","38.935829924","-77.0830677796",4,115,4,1096,1015,2219,972,979,1908
1002,"ASSAULT W/DANGEROUS WEAPON","38.935829924","-77.0830677796",4,115,201,1096,1015,2571,972,979,2447
1002,"ASSAULT W/DANGEROUS WEAPON","38.935829924","-77.0830677796",86,0,4,1556,1123,2219,1468,936,1908
1002,"ASSAULT W/DANGEROUS WEAPON","38.935829924","-77.0830677796",86,0,201,1556,1123,2571,1468,936,2447
1002,"ASSAULT W/DANGEROUS WEAPON","38.935829924","-77.0830677796",86,115,4,1556,1015,2219,1468,979,1908
1002,"ASSAULT W/DANGEROUS WEAPON","38.935829924","-77.0830677796",86,115,201,1556,1015,2571,1468,979,2447
1002,"THEFT F/AUTO","38.9383918066","-77.0779494887",4,0,4,1096,1123,2219,972,936,1908
1002,"THEFT F/AUTO","38.9383918066","-77.0779494887",4,0,201,1096,1123,2571,972,936,2447
1002,"THEFT F/AUTO","38.9383918066","-77.0779494887",4,115,4,1096,1015,2219,972,979,1908
1002,"THEFT F/AUTO","38.9383918066","-77.0779494887",4,115,201,1096,1015,2571,972,979,2447
1002,"THEFT F/AUTO","38.9383918066","-77.0779494887",86,0,4,1556,1123,2219,1468,936,1908
1002,"THEFT F/AUTO","38.9383918066","-77.0779494887",86,0,201,1556,1123,2571,1468,936,2447
1002,"THEFT F/AUTO","38.9383918066","-77.0779494887",86,115,4,1556,1015,2219,1468,979,1908
1002,"THEFT F/AUTO","38.9383918066","-77.0779494887",86,115,201,1556,1015,2571,1468,979,2447
1002,"THEFT/OTHER","38.9383750737","-77.0760001565",4,0,4,1096,1123,2219,972,936,1908
1002,"THEFT/OTHER","38.9383750737","-77.0760001565",4,0,201,1096,1123,2571,972,936,2447
1002,"THEFT/OTHER","38.9383750737","-77.0760001565",4,115,4,1096,1015,2219,972,979,1908
1002,"THEFT/OTHER","38.9383750737","-77.0760001565",4,115,201,1096,1015,2571,972,979,2447
1002,"THEFT/OTHER","38.9383750737","-77.0760001565",86,0,4,1556,1123,2219,1468,936,1908
1002,"THEFT/OTHER","38.9383750737","-77.0760001565",86,0,201,1556,1123,2571,1468,936,2447
1002,"THEFT/OTHER","38.9383750737","-77.0760001565",86,115,4,1556,1015,2219,1468,979,1908
1002,"THEFT/OTHER","38.9383750737","-77.0760001565",86,115,201,1556,1015,2571,1468,979,2447
1002,"THEFT/OTHER","38.9370699614","-77.0743032392",4,0,4,1096,1123,2219,972,936,1908
1002,"THEFT/OTHER","38.9370699614","-77.0743032392",4,0,201,1096,1123,2571,972,936,2447
1002,"THEFT/OTHER","38.9370699614","-77.0743032392",4,115,4,1096,1015,2219,972,979,1908
1002,"THEFT/OTHER","38.9370699614","-77.0743032392",4,115,201,1096,1015,2571,972,979,2447
1002,"THEFT/OTHER","38.9370699614","-77.0743032392",86,0,4,1556,1123,2219,1468,936,1908
1002,"THEFT/OTHER","38.9370699614","-77.0743032392",86,0,201,1556,1123,2571,1468,936,2447
1002,"THEFT/OTHER","38.9370699614","-77.0743032392",86,115,4,1556,1015,2219,1468,979,1908
1002,"THEFT/OTHER","38.9370699614","-77.0743032392",86,115,201,1556,1015,2571,1468,979,2447
1002,"THEFT F/AUTO","38.9426805302","-77.0767775979",4,0,4,1096,1123,2219,972,936,1908
1002,"THEFT F/AUTO","38.9426805302","-77.0767775979",4,0,201,1096,1123,2571,972,936,2447
1002,"THEFT F/AUTO","38.9426805302","-77.0767775979",4,115,4,1096,1015,2219,972,979,1908
1002,"THEFT F/AUTO","38.9426805302","-77.0767775979",4,115,201,1096,1015,2571,972,979,2447
1002,"THEFT F/AUTO","38.9426805302","-77.0767775979",86,0,4,1556,1123,2219,1468,936,1908
1002,"THEFT F/AUTO","38.9426805302","-77.0767775979",86,0,201,1556,1123,2571,1468,936,2447
1002,"THEFT F/AUTO","38.9426805302","-77.0767775979",86,115,4,1556,1015,2219,1468,979,1908
1002,"THEFT F/AUTO","38.9426805302","-77.0767775979",86,115,201,1556,1015,2571,1468,979,2447
1002,"THEFT/OTHER","38.9340623633","-77.0724316449",4,0,4,1096,1123,2219,972,936,1908
1002,"THEFT/OTHER","38.9340623633","-77.0724316449",4,0,201,1096,1123,2571,972,936,2447
1002,"THEFT/OTHER","38.9340623633","-77.0724316449",4,115,4,1096,1015,2219,972,979,1908
1002,"THEFT/OTHER","38.9340623633","-77.0724316449",4,115,201,1096,1015,2571,972,979,2447
1002,"THEFT/OTHER","38.9340623633","-77.0724316449",86,0,4,1556,1123,2219,1468,936,1908
1002,"THEFT/OTHER","38.9340623633","-77.0724316449",86,0,201,1556,1123,2571,1468,936,2447
1002,"THEFT/OTHER","38.9340623633","-77.0724316449",86,115,4,1556,1015,2219,1468,979,1908
1002,"THEFT/OTHER","38.9340623633","-77.0724316449",86,115,201,1556,1015,2571,1468,979,2447
1002,"THEFT F/AUTO","38.9362842492","-77.0773704813",4,0,4,1096,1123,2219,972,936,1908
1002,"THEFT F/AUTO","38.9362842492","-77.0773704813",4,0,201,1096,1123,2571,972,936,2447
1002,"THEFT F/AUTO","38.9362842492","-77.0773704813",4,115,4,1096,1015,2219,972,979,1908
1002,"THEFT F/AUTO","38.9362842492","-77.0773704813",4,115,201,1096,1015,2571,972,979,2447
1002,"THEFT F/AUTO","38.9362842492","-77.0773704813",86,0,4,1556,1123,2219,1468,936,1908
1002,"THEFT F/AUTO","38.9362842492","-77.0773704813",86,0,201,1556,1123,2571,1468,936,2447
1002,"THEFT F/AUTO","38.9362842492","-77.0773704813",86,115,4,1556,1015,2219,1468,979,1908
1002,"THEFT F/AUTO","38.9362842492","-77.0773704813",86,115,201,1556,1015,2571,1468,979,2447
1002,"THEFT/OTHER","38.9367702985","-77.0779707842",4,0,4,1096,1123,2219,972,936,1908
1002,"THEFT/OTHER","38.9367702985","-77.0779707842",4,0,201,1096,1123,2571,972,936,2447
1002,"THEFT/OTHER","38.9367702985","-77.0779707842",4,115,4,1096,1015,2219,972,979,1908
1002,"THEFT/OTHER","38.9367702985","-77.0779707842",4,115,201,1096,1015,2571,972,979,2447
1002,"THEFT/OTHER","38.9367702985","-77.0779707842",86,0,4,1556,1123,2219,1468,936,1908
1002,"THEFT/OTHER","38.9367702985","-77.0779707842",86,0,201,1556,1123,2571,1468,936,2447
1002,"THEFT/OTHER","38.9367702985","-77.0779707842",86,115,4,1556,1015,2219,1468,979,1908
1002,"THEFT/OTHER","38.9367702985","-77.0779707842",86,115,201,1556,1015,2571,1468,979,2447
1002,"THEFT/OTHER","38.9347464547","-77.073297376",4,0,4,1096,1123,2219,972,936,1908
1002,"THEFT/OTHER","38.9347464547","-77.073297376",4,0,201,1096,1123,2571,972,936,2447
1002,"THEFT/OTHER","38.9347464547","-77.073297376",4,115,4,1096,1015,2219,972,979,1908
1002,"THEFT/OTHER","38.9347464547","-77.073297376",4,115,201,1096,1015,2571,972,979,2447
1002,"THEFT/OTHER","38.9347464547","-77.073297376",86,0,4,1556,1123,2219,1468,936,1908
1002,"THEFT/OTHER","38.9347464547","-77.073297376",86,0,201,1556,1123,2571,1468,936,2447
1002,"THEFT/OTHER","38.9347464547","-77.073297376",86,115,4,1556,1015,2219,1468,979,1908
1002,"THEFT/OTHER","38.9347464547","-77.073297376",86,115,201,1556,1015,2571,1468,979,2447
1002,"THEFT F/AUTO","38.9447777107","-77.0793984009",4,0,4,1096,1123,2219,972,936,1908
1002,"THEFT F/AUTO","38.9447777107","-77.0793984009",4,0,201,1096,1123,2571,972,936,2447
1002,"THEFT F/AUTO","38.9447777107","-77.0793984009",4,115,4,1096,1015,2219,972,979,1908
1002,"THEFT F/AUTO","38.9447777107","-77.0793984009",4,115,201,1096,1015,2571,972,979,2447
1002,"THEFT F/AUTO","38.9447777107","-77.0793984009",86,0,4,1556,1123,2219,1468,936,1908
1002,"THEFT F/AUTO","38.9447777107","-77.0793984009",86,0,201,1556,1123,2571,1468,936,2447
1002,"THEFT F/AUTO","38.9447777107","-77.0793984009",86,115,4,1556,1015,2219,1468,979,1908
1002,"THEFT F/AUTO","38.9447777107","-77.0793984009",86,115,201,1556,1015,2571,1468,979,2447
1002,"THEFT/OTHER","38.9376537384","-77.0770259389",4,0,4,1096,1123,2219,972,936,1908
1002,"THEFT/OTHER","38.9376537384","-77.0770259389",4,0,201,1096,1123,2571,972,936,2447
1002,"THEFT/OTHER","38.9376537384","-77.0770259389",4,115,4,1096,1015,2219,972,979,1908
1002,"THEFT/OTHER","38.9376537384","-77.0770259389",4,115,201,1096,1015,2571,972,979,2447
1002,"THEFT/OTHER","38.9376537384","-77.0770259389",86,0,4,1556,1123,2219,1468,936,1908
1002,"THEFT/OTHER","38.9376537384","-77.0770259389",86,0,201,1556,1123,2571,1468,936,2447
1002,"THEFT/OTHER","38.9376537384","-77.0770259389",86,115,4,1556,1015,2219,1468,979,1908
1002,"THEFT/OTHER","38.9376537384","-77.0770259389",86,115,201,1556,1015,2571,1468,979,2447
1002,"THEFT/OTHER","38.9340623633","-77.0724316449",4,0,4,1096,1123,2219,972,936,1908
1002,"THEFT/OTHER","38.9340623633","-77.0724316449",4,0,201,1096,1123,2571,972,936,2447
1002,"THEFT/OTHER","38.9340623633","-77.0724316449",4,115,4,1096,1015,2219,972,979,1908
1002,"THEFT/OTHER","38.9340623633","-77.0724316449",4,115,201,1096,1015,2571,972,979,2447
1002,"THEFT/OTHER","38.9340623633","-77.0724316449",86,0,4,1556,1123,2219,1468,936,1908
1002,"THEFT/OTHER","38.9340623633","-77.0724316449",86,0,201,1556,1123,2571,1468,936,2447
1002,"THEFT/OTHER","38.9340623633","-77.0724316449",86,115,4,1556,1015,2219,1468,979,1908
1002,"THEFT/OTHER","38.9340623633","-77.0724316449",86,115,201,1556,1015,2571,1468,979,2447
1002,"THEFT F/AUTO","38.9370699614","-77.0743032392",4,0,4,1096,1123,2219,972,936,1908
1002,"THEFT F/AUTO","38.9370699614","-77.0743032392",4,0,201,1096,1123,2571,972,936,2447
1002,"THEFT F/AUTO","38.9370699614","-77.0743032392",4,115,4,1096,1015,2219,972,979,1908
1002,"THEFT F/AUTO","38.9370699614","-77.0743032392",4,115,201,1096,1015,2571,972,979,2447
1002,"THEFT F/AUTO","38.9370699614","-77.0743032392",86,0,4,1556,1123,2219,1468,936,1908
1002,"THEFT F/AUTO","38.9370699614","-77.0743032392",86,0,201,1556,1123,2571,1468,936,2447
1002,"THEFT F/AUTO","38.9370699614","-77.0743032392",86,115,4,1556,1015,2219,1468,979,1908
1002,"THEFT F/AUTO","38.9370699614","-77.0743032392",86,115,201,1556,1015,2571,1468,979,2447
1002,"THEFT F/AUTO","38.9408795279","-77.0757721301",4,0,4,1096,1123,2219,972,936,1908
1002,"THEFT F/AUTO","38.9408795279","-77.0757721301",4,0,201,1096,1123,2571,972,936,2447
1002,"THEFT F/AUTO","38.9408795279","-77.0757721301",4,115,4,1096,1015,2219,972,979,1908
1002,"THEFT F/AUTO","38.9408795279","-77.0757721301",4,115,201,1096,1015,2571,972,979,2447
1002,"THEFT F/AUTO","38.9408795279","-77.0757721301",86,0,4,1556,1123,2219,1468,936,1908
1002,"THEFT F/AUTO","38.9408795279","-77.0757721301",86,0,201,1556,1123,2571,1468,936,2447
1002,"THEFT F/AUTO","38.9408795279","-77.0757721301",86,115,4,1556,1015,2219,1468,979,1908
1002,"THEFT F/AUTO","38.9408795279","-77.0757721301",86,115,201,1556,1015,2571,1468,979,2447
1002,"THEFT/OTHER","38.9340623633","-77.0724316449",4,0,4,1096,1123,2219,972,936,1908
1002,"THEFT/OTHER","38.9340623633","-77.0724316449",4,0,201,1096,1123,2571,972,936,2447
1002,"THEFT/OTHER","38.9340623633","-77.0724316449",4,115,4,1096,1015,2219,972,979,1908
1002,"THEFT/OTHER","38.9340623633","-77.0724316449",4,115,201,1096,1015,2571,972,979,2447
1002,"THEFT/OTHER","38.9340623633","-77.0724316449",86,0,4,1556,1123,2219,1468,936,1908
1002,"THEFT/OTHER","38.9340623633","-77.0724316449",86,0,201,1556,1123,2571,1468,936,2447
1002,"THEFT/OTHER","38.9340623633","-77.0724316449",86,115,4,1556,1015,2219,1468,979,1908
1002,"THEFT/OTHER","38.9340623633","-77.0724316449",86,115,201,1556,1015,2571,1468,979,2447
1002,"THEFT/OTHER","38.9340623633","-77.0724316449",4,0,4,1096,1123,2219,972,936,1908
1002,"THEFT/OTHER","38.9340623633","-77.0724316449",4,0,201,1096,1123,2571,972,936,2447
1002,"THEFT/OTHER","38.9340623633","-77.0724316449",4,115,4,1096,1015,2219,972,979,1908
1002,"THEFT/OTHER","38.9340623633","-77.0724316449",4,115,201,1096,1015,2571,972,979,2447
1002,"THEFT/OTHER","38.9340623633","-77.0724316449",86,0,4,1556,1123,2219,1468,936,1908
1002,"THEFT/OTHER","38.9340623633","-77.0724316449",86,0,201,1556,1123,2571,1468,936,2447
1002,"THEFT/OTHER","38.9340623633","-77.0724316449",86,115,4,1556,1015,2219,1468,979,1908
1002,"THEFT/OTHER","38.9340623633","-77.0724316449",86,115,201,1556,1015,2571,1468,979,2447
1002,"THEFT/OTHER","38.9355750514","-77.0735635086",4,0,4,1096,1123,2219,972,936,1908
1002,"THEFT/OTHER","38.9355750514","-77.0735635086",4,0,201,1096,1123,2571,972,936,2447
1002,"THEFT/OTHER","38.9355750514","-77.0735635086",4,115,4,1096,1015,2219,972,979,1908
1002,"THEFT/OTHER","38.9355750514","-77.0735635086",4,115,201,1096,1015,2571,972,979,2447
1002,"THEFT/OTHER","38.9355750514","-77.0735635086",86,0,4,1556,1123,2219,1468,936,1908
1002,"THEFT/OTHER","38.9355750514","-77.0735635086",86,0,201,1556,1123,2571,1468,936,2447
1002,"THEFT/OTHER","38.9355750514","-77.0735635086",86,115,4,1556,1015,2219,1468,979,1908
1002,"THEFT/OTHER","38.9355750514","-77.0735635086",86,115,201,1556,1015,2571,1468,979,2447
1002,"THEFT/OTHER","38.9340623633","-77.0724316449",4,0,4,1096,1123,2219,972,936,1908
1002,"THEFT/OTHER","38.9340623633","-77.0724316449",4,0,201,1096,1123,2571,972,936,2447
1002,"THEFT/OTHER","38.9340623633","-77.0724316449",4,115,4,1096,1015,2219,972,979,1908
1002,"THEFT/OTHER","38.9340623633","-77.0724316449",4,115,201,1096,1015,2571,972,979,2447
1002,"THEFT/OTHER","38.9340623633","-77.0724316449",86,0,4,1556,1123,2219,1468,936,1908
1002,"THEFT/OTHER","38.9340623633","-77.0724316449",86,0,201,1556,1123,2571,1468,936,2447
1002,"THEFT/OTHER","38.9340623633","-77.0724316449",86,115,4,1556,1015,2219,1468,979,1908
1002,"THEFT/OTHER","38.9340623633","-77.0724316449",86,115,201,1556,1015,2571,1468,979,2447
1002,"THEFT/OTHER","38.9347464547","-77.073297376",4,0,4,1096,1123,2219,972,936,1908
1002,"THEFT/OTHER","38.9347464547","-77.073297376",4,0,201,1096,1123,2571,972,936,2447
1002,"THEFT/OTHER","38.9347464547","-77.073297376",4,115,4,1096,1015,2219,972,979,1908
1002,"THEFT/OTHER","38.9347464547","-77.073297376",4,115,201,1096,1015,2571,972,979,2447
1002,"THEFT/OTHER","38.9347464547","-77.073297376",86,0,4,1556,1123,2219,1468,936,1908
1002,"THEFT/OTHER","38.9347464547","-77.073297376",86,0,201,1556,1123,2571,1468,936,2447
1002,"THEFT/OTHER","38.9347464547","-77.073297376",86,115,4,1556,1015,2219,1468,979,1908
1002,"THEFT/OTHER","38.9347464547","-77.073297376",86,115,201,1556,1015,2571,1468,979,2447
1002,"THEFT/OTHER","38.9347464547","-77.073297376",4,0,4,1096,1123,2219,972,936,1908
1002,"THEFT/OTHER","38.9347464547","-77.073297376",4,0,201,1096,1123,2571,972,936,2447
1002,"THEFT/OTHER","38.9347464547","-77.073297376",4,115,4,1096,1015,2219,972,979,1908
1002,"THEFT/OTHER","38.9347464547","-77.073297376",4,115,201,1096,1015,2571,972,979,2447
1002,"THEFT/OTHER","38.9347464547","-77.073297376",86,0,4,1556,1123,2219,1468,936,1908
1002,"THEFT/OTHER","38.9347464547","-77.073297376",86,0,201,1556,1123,2571,1468,936,2447
1002,"THEFT/OTHER","38.9347464547","-77.073297376",86,115,4,1556,1015,2219,1468,979,1908
1002,"THEFT/OTHER","38.9347464547","-77.073297376",86,115,201,1556,1015,2571,1468,979,2447
1002,"THEFT/OTHER","38.9340623633","-77.0724316449",4,0,4,1096,1123,2219,972,936,1908
1002,"THEFT/OTHER","38.9340623633","-77.0724316449",4,0,201,1096,1123,2571,972,936,2447
1002,"THEFT/OTHER","38.9340623633","-77.0724316449",4,115,4,1096,1015,2219,972,979,1908
1002,"THEFT/OTHER","38.9340623633","-77.0724316449",4,115,201,1096,1015,2571,972,979,2447
1002,"THEFT/OTHER","38.9340623633","-77.0724316449",86,0,4,1556,1123,2219,1468,936,1908
1002,"THEFT/OTHER","38.9340623633","-77.0724316449",86,0,201,1556,1123,2571,1468,936,2447
1002,"THEFT/OTHER","38.9340623633","-77.0724316449",86,115,4,1556,1015,2219,1468,979,1908
1002,"THEFT/OTHER","38.9340623633","-77.0724316449",86,115,201,1556,1015,2571,1468,979,2447
1003,"THEFT F/AUTO","38.9466867474","-77.0926204942",28,1,29,1554,1407,2961,1356,1266,2622
1003,"THEFT/OTHER","38.947907335","-77.0981824064",28,1,29,1554,1407,2961,1356,1266,2622
1003,"THEFT F/AUTO","38.9479004967","-77.0955637373",28,1,29,1554,1407,2961,1356,1266,2622
1003,"MOTOR VEHICLE THEFT","38.9487940039","-77.0934769028",28,1,29,1554,1407,2961,1356,1266,2622
1003,"THEFT F/AUTO","38.9470987604","-77.0955626625",28,1,29,1554,1407,2961,1356,1266,2622
1003,"THEFT F/AUTO","38.9521078662","-77.0949464001",28,1,29,1554,1407,2961,1356,1266,2622
1003,"MOTOR VEHICLE THEFT","38.9533086256","-77.0916138584",28,1,29,1554,1407,2961,1356,1266,2622
1003,"THEFT/OTHER","38.9487940039","-77.0934769028",28,1,29,1554,1407,2961,1356,1266,2622
1003,"THEFT F/AUTO","38.9533150953","-77.0947980294",28,1,29,1554,1407,2961,1356,1266,2622
1003,"THEFT F/AUTO","38.9515708036","-77.0906194825",28,1,29,1554,1407,2961,1356,1266,2622
1003,"THEFT F/AUTO","38.9515692395","-77.0926153017",28,1,29,1554,1407,2961,1356,1266,2622
1003,"THEFT F/AUTO","38.954001471","-77.092618462",28,1,29,1554,1407,2961,1356,1266,2622
1003,"THEFT/OTHER","38.9521030561","-77.0896280094",28,1,29,1554,1407,2961,1356,1266,2622
1003,"MOTOR VEHICLE THEFT","38.9455360169","-77.0896312885",28,1,29,1554,1407,2961,1356,1266,2622
1003,"MOTOR VEHICLE THEFT","38.9503644604","-77.0896258234",28,1,29,1554,1407,2961,1356,1266,2622
1003,"THEFT/OTHER","38.9515692395","-77.0926153017",28,1,29,1554,1407,2961,1356,1266,2622
1003,"THEFT F/AUTO","38.951033784","-77.0974945254",28,1,29,1554,1407,2961,1356,1266,2622
1003,"THEFT/OTHER","38.9451257591","-77.0957907276",28,1,29,1554,1407,2961,1356,1266,2622
1003,"THEFT/OTHER","38.9462837039","-77.0896322286",28,1,29,1554,1407,2961,1356,1266,2622
1003,"MOTOR VEHICLE THEFT","38.954695898","-77.0916156414",28,1,29,1554,1407,2961,1356,1266,2622
1003,"THEFT F/AUTO","38.9447793215","-77.0896303372",28,1,29,1554,1407,2961,1356,1266,2622
1003,"MOTOR VEHICLE THEFT","38.94395803","-77.0916133774",28,1,29,1554,1407,2961,1356,1266,2622
1003,"MOTOR VEHICLE THEFT","38.9435608657","-77.0926279683",28,1,29,1554,1407,2961,1356,1266,2622
1003,"THEFT F/AUTO","38.9487954743","-77.0916195943",28,1,29,1554,1407,2961,1356,1266,2622
1003,"THEFT F/AUTO","38.9496872931","-77.0916207405",28,1,29,1554,1407,2961,1356,1266,2622
1003,"THEFT/OTHER","38.9451257591","-77.0957907276",28,1,29,1554,1407,2961,1356,1266,2622
1003,"MOTOR VEHICLE THEFT","38.9483473553","-77.0886427259",28,1,29,1554,1407,2961,1356,1266,2622
1003,"MOTOR VEHICLE THEFT","38.952705854","-77.0906093888",28,1,29,1554,1407,2961,1356,1266,2622
1003,"THEFT F/AUTO","38.9510385335","-77.0916224773",28,1,29,1554,1407,2961,1356,1266,2622
1003,"THEFT/OTHER","38.9455344788","-77.0916154033",28,1,29,1554,1407,2961,1356,1266,2622
1003,"BURGLARY","38.9451257591","-77.0957907276",28,1,29,1554,1407,2961,1356,1266,2622
1003,"THEFT/OTHER","38.9451257591","-77.0957907276",28,1,29,1554,1407,2961,1356,1266,2622
1003,"THEFT/OTHER","38.9479052023","-77.0896227315",28,1,29,1554,1407,2961,1356,1266,2622
1003,"MOTOR VEHICLE THEFT","38.9482750403","-77.1001094259",28,1,29,1554,1407,2961,1356,1266,2622
1003,"MOTOR VEHICLE THEFT","38.9515929004","-77.0967684879",28,1,29,1554,1407,2961,1356,1266,2622
1003,"THEFT F/AUTO","38.9455329993","-77.0934841624",28,1,29,1554,1407,2961,1356,1266,2622
1003,"ASSAULT W/DANGEROUS WEAPON","38.9496908564","-77.0983232977",28,1,29,1554,1407,2961,1356,1266,2622
1003,"THEFT F/AUTO","38.9496858228","-77.0934780723",28,1,29,1554,1407,2961,1356,1266,2622
1003,"THEFT F/AUTO","38.951566872","-77.095557116",28,1,29,1554,1407,2961,1356,1266,2622
1003,"THEFT F/AUTO","38.9451257591","-77.0957907276",28,1,29,1554,1407,2961,1356,1266,2622
1003,"THEFT F/AUTO","38.9451257591","-77.0957907276",28,1,29,1554,1407,2961,1356,1266,2622
1003,"THEFT F/AUTO","38.9470929106","-77.0916174061",28,1,29,1554,1407,2961,1356,1266,2622
1003,"MOTOR VEHICLE THEFT","38.9439595681","-77.0896293065",28,1,29,1554,1407,2961,1356,1266,2622
1003,"THEFT/OTHER","38.9527119149","-77.0943357583",28,1,29,1554,1407,2961,1356,1266,2622
1003,"THEFT F/AUTO","38.9533161544","-77.0934828331",28,1,29,1554,1407,2961,1356,1266,2622
1003,"THEFT F/AUTO","38.9451257591","-77.0957907276",28,1,29,1554,1407,2961,1356,1266,2622
1003,"THEFT F/AUTO","38.9451257591","-77.0957907276",28,1,29,1554,1407,2961,1356,1266,2622
1003,"THEFT F/AUTO","38.9503597641","-77.0955554979",28,1,29,1554,1407,2961,1356,1266,2622
1003,"THEFT F/AUTO","38.9435608657","-77.0926279683",28,1,29,1554,1407,2961,1356,1266,2622
1004,"BURGLARY","38.9483536271","-77.0799445766",0,0,0,0,0,0,0,0,0
1004,"THEFT/OTHER","38.9585297026","-77.0845941314",0,0,0,0,0,0,0,0,0
1004,"THEFT/OTHER","38.9599074542","-77.0852995778",0,0,0,0,0,0,0,0,0
1004,"BURGLARY","38.9564855749","-77.0835533454",0,0,0,0,0,0,0,0,0
1004,"THEFT/OTHER","38.9483536271","-77.0799445766",0,0,0,0,0,0,0,0,0
1004,"THEFT/OTHER","38.9520970399","-77.0856363301",0,0,0,0,0,0,0,0,0
1004,"THEFT/OTHER","38.9599074542","-77.0852995778",0,0,0,0,0,0,0,0,0
1004,"THEFT F/AUTO","38.9515741364","-77.0862125289",0,0,0,0,0,0,0,0,0
1004,"THEFT F/AUTO","38.959033485","-77.0855292868",0,0,0,0,0,0,0,0,0
1004,"BURGLARY","38.9533140618","-77.0843918157",0,0,0,0,0,0,0,0,0
1004,"THEFT F/AUTO","38.9553476996","-77.0874284938",0,0,0,0,0,0,0,0,0
1004,"ASSAULT W/DANGEROUS WEAPON","38.949245201","-77.0803031975",0,0,0,0,0,0,0,0,0
1004,"THEFT F/AUTO","38.9570160142","-77.085007682",0,0,0,0,0,0,0,0,0
1004,"THEFT F/AUTO","38.9570160142","-77.085007682",0,0,0,0,0,0,0,0,0
1004,"MOTOR VEHICLE THEFT","38.9503710524","-77.0805698017",0,0,0,0,0,0,0,0,0
1004,"ASSAULT W/DANGEROUS WEAPON","38.9479115869","-77.0808669565",0,0,0,0,0,0,0,0,0
1004,"THEFT F/AUTO","38.9547004537","-77.0856048468",0,0,0,0,0,0,0,0,0
1004,"THEFT/OTHER","38.9478992028","-77.0856082153",0,0,0,0,0,0,0,0,0
1004,"BURGLARY","38.9589144325","-77.0881482079",0,0,0,0,0,0,0,0,0
1004,"THEFT F/AUTO","38.9491997301","-77.0809260986",0,0,0,0,0,0,0,0,0
1004,"THEFT F/AUTO","38.9589144325","-77.0881482079",0,0,0,0,0,0,0,0,0
1004,"THEFT F/AUTO","38.9481608889","-77.0849971223",0,0,0,0,0,0,0,0,0
1004,"THEFT/OTHER","38.9599074542","-77.0852995778",0,0,0,0,0,0,0,0,0
1004,"THEFT F/AUTO","38.9564836399","-77.0862184671",0,0,0,0,0,0,0,0,0
1004,"ROBBERY","38.9585297026","-77.0845941314",0,0,0,0,0,0,0,0,0
1004,"HOMICIDE","38.9576791169","-77.0897042464",0,0,0,0,0,0,0,0,0
1004,"THEFT/OTHER","38.9483536271","-77.0799445766",0,0,0,0,0,0,0,0,0
1004,"BURGLARY","38.9599074542","-77.0852995778",0,0,0,0,0,0,0,0,0
1004,"ROBBERY","38.9564855749","-77.0835533454",0,0,0,0,0,0,0,0,0
1004,"THEFT/OTHER","38.9436946496","-77.0823848278",0,0,0,0,0,0,0,0,0
1004,"BURGLARY","38.9564855749","-77.0835533454",0,0,0,0,0,0,0,0,0
1004,"THEFT/OTHER","38.9483536271","-77.0799445766",0,0,0,0,0,0,0,0,0
1004,"THEFT/OTHER","38.9599074542","-77.0852995778",0,0,0,0,0,0,0,0,0
1004,"THEFT/OTHER","38.9599074542","-77.0852995778",0,0,0,0,0,0,0,0,0
1004,"BURGLARY","38.9599074542","-77.0852995778",0,0,0,0,0,0,0,0,0
1004,"THEFT F/AUTO","38.9520993289","-77.0824522248",0,0,0,0,0,0,0,0,0
1004,"BURGLARY","38.9483536271","-77.0799445766",0,0,0,0,0,0,0,0,0
1004,"THEFT F/AUTO","38.951559825","-77.0810326068",0,0,0,0,0,0,0,0,0
1004,"THEFT/OTHER","38.9599074542","-77.0852995778",0,0,0,0,0,0,0,0,0
1004,"THEFT F/AUTO","38.9535769523","-77.0820732175",0,0,0,0,0,0,0,0,0
1004,"THEFT F/AUTO","38.959033485","-77.0855292868",0,0,0,0,0,0,0,0,0
1004,"THEFT F/AUTO","38.9455286772","-77.0874279872",0,0,0,0,0,0,0,0,0
1004,"BURGLARY","38.9483536271","-77.0799445766",0,0,0,0,0,0,0,0,0
1004,"THEFT/OTHER","38.9599074542","-77.0852995778",0,0,0,0,0,0,0,0,0
1004,"BURGLARY","38.9599074542","-77.0852995778",0,0,0,0,0,0,0,0,0
1004,"THEFT F/AUTO","38.9491997301","-77.0809260986",0,0,0,0,0,0,0,0,0
1004,"MOTOR VEHICLE THEFT","38.9503710524","-77.0805698017",0,0,0,0,0,0,0,0,0
1004,"THEFT F/AUTO","38.9546990961","-77.0874392352",0,0,0,0,0,0,0,0,0
1004,"BURGLARY","38.9527034656","-77.0816222797",0,0,0,0,0,0,0,0,0
1004,"THEFT/OTHER","38.9483536271","-77.0799445766",0,0,0,0,0,0,0,0,0
1004,"THEFT/OTHER","38.9483536271","-77.0799445766",0,0,0,0,0,0,0,0,0
1004,"THEFT F/AUTO","38.9483536271","-77.0799445766",0,0,0,0,0,0,0,0,0
1004,"ASSAULT W/DANGEROUS WEAPON","38.9483536271","-77.0799445766",0,0,0,0,0,0,0,0,0
1004,"THEFT F/AUTO","38.959033485","-77.0855292868",0,0,0,0,0,0,0,0,0
1004,"MOTOR VEHICLE THEFT","38.9589144325","-77.0881482079",0,0,0,0,0,0,0,0,0
1004,"THEFT F/AUTO","38.9553476996","-77.0874284938",0,0,0,0,0,0,0,0,0
1004,"THEFT/OTHER","38.9576791169","-77.0897042464",0,0,0,0,0,0,0,0,0
1004,"THEFT F/AUTO","38.9542523368","-77.0824085674",0,0,0,0,0,0,0,0,0
1004,"THEFT F/AUTO","38.9564855749","-77.0835533454",0,0,0,0,0,0,0,0,0
1004,"THEFT F/AUTO","38.9470888958","-77.08500738",0,0,0,0,0,0,0,0,0
1004,"THEFT F/AUTO","38.9479115869","-77.0808669565",0,0,0,0,0,0,0,0,0
1004,"THEFT F/AUTO","38.9491997301","-77.0809260986",0,0,0,0,0,0,0,0,0
1004,"BURGLARY","38.9585297026","-77.0845941314",0,0,0,0,0,0,0,0,0
1004,"THEFT/OTHER","38.9599074542","-77.0852995778",0,0,0,0,0,0,0,0,0
1004,"THEFT/OTHER","38.9483536271","-77.0799445766",0,0,0,0,0,0,0,0,0
1004,"THEFT/OTHER","38.9599074542","-77.0852995778",0,0,0,0,0,0,0,0,0
1004,"THEFT F/AUTO","38.9491997301","-77.0809260986",0,0,0,0,0,0,0,0,0
1004,"THEFT/OTHER","38.9483536271","-77.0799445766",0,0,0,0,0,0,0,0,0
1004,"THEFT F/AUTO","38.9431589103","-77.0882094731",0,0,0,0,0,0,0,0,0
1004,"THEFT F/AUTO","38.9488019757","-77.0829098545",0,0,0,0,0,0,0,0,0
1004,"MOTOR VEHICLE THEFT","38.9496905086","-77.0874215553",0,0,0,0,0,0,0,0,0
1004,"THEFT/OTHER","38.9483536271","-77.0799445766",0,0,0,0,0,0,0,0,0
1004,"THEFT/OTHER","38.9599074542","-77.0852995778",0,0,0,0,0,0,0,0,0
1004,"THEFT F/AUTO","38.9455286772","-77.0874279872",0,0,0,0,0,0,0,0,0
1004,"BURGLARY","38.9599074542","-77.0852995778",0,0,0,0,0,0,0,0,0
1004,"THEFT/OTHER","38.9483536271","-77.0799445766",0,0,0,0,0,0,0,0,0
1004,"THEFT F/AUTO","38.9479115869","-77.0808669565",0,0,0,0,0,0,0,0,0
1004,"THEFT/OTHER","38.9496905086","-77.0874215553",0,0,0,0,0,0,0,0,0
1004,"THEFT/OTHER","38.9599074542","-77.0852995778",0,0,0,0,0,0,0,0,0
1004,"THEFT F/AUTO","38.949245201","-77.0803031975",0,0,0,0,0,0,0,0,0
1004,"ASSAULT W/DANGEROUS WEAPON","38.9483536271","-77.0799445766",0,0,0,0,0,0,0,0,0
1004,"THEFT F/AUTO","38.9478978538","-77.0874308929",0,0,0,0,0,0,0,0,0
1004,"THEFT/OTHER","38.9462812881","-77.0805767151",0,0,0,0,0,0,0,0,0
1004,"THEFT F/AUTO","38.959033485","-77.0855292868",0,0,0,0,0,0,0,0,0
1004,"MOTOR VEHICLE THEFT","38.9503589072","-77.0849997432",0,0,0,0,0,0,0,0,0
1004,"THEFT F/AUTO","38.9466826363","-77.086218149",0,0,0,0,0,0,0,0,0
1004,"ASSAULT W/DANGEROUS WEAPON","38.9483536271","-77.0799445766",0,0,0,0,0,0,0,0,0
1004,"BURGLARY","38.9599074542","-77.0852995778",0,0,0,0,0,0,0,0,0
1004,"BURGLARY","38.9535769523","-77.0820732175",0,0,0,0,0,0,0,0,0
1004,"THEFT/OTHER","38.9564855749","-77.0835533454",0,0,0,0,0,0,0,0,0
1004,"BURGLARY","38.9483536271","-77.0799445766",0,0,0,0,0,0,0,0,0
1004,"MOTOR VEHICLE THEFT","38.9455304639","-77.0850055216",0,0,0,0,0,0,0,0,0
1004,"THEFT F/AUTO","38.9547004537","-77.0856048468",0,0,0,0,0,0,0,0,0
1004,"THEFT F/AUTO","38.9491997301","-77.0809260986",0,0,0,0,0,0,0,0,0
1004,"THEFT/OTHER","38.9503710524","-77.0805698017",0,0,0,0,0,0,0,0,0
1004,"THEFT F/AUTO","38.9599074542","-77.0852995778",0,0,0,0,0,0,0,0,0
1004,"THEFT/OTHER","38.9483536271","-77.0799445766",0,0,0,0,0,0,0,0,0
1004,"THEFT/OTHER","38.9428300897","-77.0820493102",0,0,0,0,0,0,0,0,0
1004,"THEFT F/AUTO","38.9472705446","-77.0829426809",0,0,0,0,0,0,0,0,0
1004,"BURGLARY","38.9589144325","-77.0881482079",0,0,0,0,0,0,0,0,0
1004,"THEFT/OTHER","38.9599074542","-77.0852995778",0,0,0,0,0,0,0,0,0
1004,"MOTOR VEHICLE THEFT","38.9496861209","-77.0810074044",0,0,0,0,0,0,0,0,0
1004,"THEFT F/AUTO","38.9447809901","-77.0874270703",0,0,0,0,0,0,0,0,0
1004,"THEFT F/AUTO","38.9550243018","-77.0862167019",0,0,0,0,0,0,0,0,0
1004,"BURGLARY","38.951559825","-77.0810326068",0,0,0,0,0,0,0,0,0
1004,"THEFT/OTHER","38.9483536271","-77.0799445766",0,0,0,0,0,0,0,0,0
1004,"THEFT F/AUTO","38.9462812881","-77.0805767151",0,0,0,0,0,0,0,0,0
1004,"BURGLARY","38.9599074542","-77.0852995778",0,0,0,0,0,0,0,0,0
1004,"THEFT F/AUTO","38.9492439915","-77.0820451565",0,0,0,0,0,0,0,0,0
1004,"THEFT F/AUTO","38.9455286772","-77.0874279872",0,0,0,0,0,0,0,0,0
1004,"THEFT F/AUTO","38.947901556","-77.08233201",0,0,0,0,0,0,0,0,0
1004,"THEFT F/AUTO","38.9474915693","-77.0886416618",0,0,0,0,0,0,0,0,0
1004,"THEFT/OTHER","38.9483536271","-77.0799445766",0,0,0,0,0,0,0,0,0
1004,"THEFT F/AUTO","38.9474915693","-77.0886416618",0,0,0,0,0,0,0,0,0
1004,"BURGLARY","38.9599074542","-77.0852995778",0,0,0,0,0,0,0,0,0
1004,"THEFT F/AUTO","38.9496905086","-77.0874215553",0,0,0,0,0,0,0,0,0
1004,"THEFT/OTHER","38.9599074542","-77.0852995778",0,0,0,0,0,0,0,0,0
1004,"THEFT/OTHER","38.9478992028","-77.0856082153",0,0,0,0,0,0,0,0,0
1004,"THEFT F/AUTO","38.9470961174","-77.0874299096",0,0,0,0,0,0,0,0,0
1004,"THEFT/OTHER","38.9599074542","-77.0852995778",0,0,0,0,0,0,0,0,0
1004,"THEFT/OTHER","38.9589144325","-77.0881482079",0,0,0,0,0,0,0,0,0
1004,"THEFT/OTHER","38.9483536271","-77.0799445766",0,0,0,0,0,0,0,0,0
1004,"THEFT F/AUTO","38.9478992028","-77.0856082153",0,0,0,0,0,0,0,0,0
1004,"THEFT F/AUTO","38.9483473553","-77.0886427259",0,0,0,0,0,0,0,0,0
1004,"BURGLARY","38.9483536271","-77.0799445766",0,0,0,0,0,0,0,0,0
1004,"THEFT F/AUTO","38.9510327408","-77.0874232015",0,0,0,0,0,0,0,0,0
1004,"THEFT F/AUTO","38.9564855749","-77.0835533454",0,0,0,0,0,0,0,0,0
1004,"THEFT/OTHER","38.9599074542","-77.0852995778",0,0,0,0,0,0,0,0,0
1004,"THEFT/OTHER","38.9503710524","-77.0805698017",0,0,0,0,0,0,0,0,0
1004,"THEFT F/AUTO","38.9431578311","-77.0896282985",0,0,0,0,0,0,0,0,0
1004,"THEFT F/AUTO","38.9547004537","-77.0856048468",0,0,0,0,0,0,0,0,0
1004,"MOTOR VEHICLE THEFT","38.9540072635","-77.0849925569",0,0,0,0,0,0,0,0,0
1004,"THEFT F/AUTO","38.9491997301","-77.0809260986",0,0,0,0,0,0,0,0,0
1004,"BURGLARY","38.9564855749","-77.0835533454",0,0,0,0,0,0,0,0,0
1004,"THEFT/OTHER","38.9483536271","-77.0799445766",0,0,0,0,0,0,0,0,0
1004,"THEFT/OTHER","38.9599074542","-77.0852995778",0,0,0,0,0,0,0,0,0
1004,"THEFT F/AUTO","38.959033485","-77.0855292868",0,0,0,0,0,0,0,0,0
1004,"THEFT/OTHER","38.9483536271","-77.0799445766",0,0,0,0,0,0,0,0,0
1004,"MOTOR VEHICLE THEFT","38.9599074542","-77.0852995778",0,0,0,0,0,0,0,0,0
1004,"THEFT/OTHER","38.9483536271","-77.0799445766",0,0,0,0,0,0,0,0,0
1004,"BURGLARY","38.9527034656","-77.0816222797",0,0,0,0,0,0,0,0,0
1004,"MOTOR VEHICLE THEFT","38.9590324211","-77.0869715037",0,0,0,0,0,0,0,0,0
1004,"THEFT F/AUTO","38.9439540149","-77.0850036419",0,0,0,0,0,0,0,0,0
1004,"THEFT/OTHER","38.9496861209","-77.0810074044",0,0,0,0,0,0,0,0,0
1004,"MOTOR VEHICLE THEFT","38.9590324211","-77.0869715037",0,0,0,0,0,0,0,0,0
1004,"THEFT F/AUTO","38.9503710524","-77.0805698017",0,0,0,0,0,0,0,0,0
1004,"BURGLARY","38.9589144325","-77.0881482079",0,0,0,0,0,0,0,0,0
1004,"THEFT F/AUTO","38.9599074542","-77.0852995778",0,0,0,0,0,0,0,0,0
1004,"THEFT F/AUTO","38.9559532323","-77.0847410578",0,0,0,0,0,0,0,0,0
1004,"THEFT F/AUTO","38.9478978538","-77.0874308929",0,0,0,0,0,0,0,0,0
1004,"THEFT/OTHER","38.9483536271","-77.0799445766",0,0,0,0,0,0,0,0,0
1100,"THEFT/OTHER","38.9630829713","-77.0787264896",17,16,33,2316,1486,3802,2082,1296,3378
1100,"THEFT/OTHER","38.9600190912","-77.0803037984",17,16,33,2316,1486,3802,2082,1296,3378
1100,"THEFT/OTHER","38.9599074542","-77.0852995778",17,16,33,2316,1486,3802,2082,1296,3378
1100,"THEFT/OTHER","38.949245201","-77.0803031975",17,16,33,2316,1486,3802,2082,1296,3378
1100,"THEFT F/AUTO","38.9644454663","-77.0753125628",17,16,33,2316,1486,3802,2082,1296,3378
1100,"THEFT F/AUTO","38.9620720375","-77.0816560853",17,16,33,2316,1486,3802,2082,1296,3378
1100,"THEFT F/AUTO","38.949245201","-77.0803031975",17,16,33,2316,1486,3802,2082,1296,3378
1100,"THEFT/OTHER","38.9599074542","-77.0852995778",17,16,33,2316,1486,3802,2082,1296,3378
1100,"THEFT F/AUTO","38.9599074542","-77.0852995778",17,16,33,2316,1486,3802,2082,1296,3378
1100,"THEFT F/AUTO","38.9600346792","-77.0837651883",17,16,33,2316,1486,3802,2082,1296,3378
1100,"THEFT F/AUTO","38.96206714","-77.0755408144",17,16,33,2316,1486,3802,2082,1296,3378
1100,"THEFT F/AUTO","38.9620740475","-77.0787253752",17,16,33,2316,1486,3802,2082,1296,3378
1100,"THEFT/OTHER","38.9496780951","-77.0795769026",17,16,33,2316,1486,3802,2082,1296,3378
1100,"THEFT F/AUTO","38.951407178","-77.0803171696",17,16,33,2316,1486,3802,2082,1296,3378
1100,"THEFT F/AUTO","38.9620740475","-77.0787253752",17,16,33,2316,1486,3802,2082,1296,3378
1100,"THEFT F/AUTO","38.9521004807","-77.0808024889",17,16,33,2316,1486,3802,2082,1296,3378
1100,"ASSAULT W/DANGEROUS WEAPON","38.9553588377","-77.0709880678",17,16,33,2316,1486,3802,2082,1296,3378
1100,"THEFT F/AUTO","38.9600346792","-77.0837651883",17,16,33,2316,1486,3802,2082,1296,3378
1100,"THEFT/OTHER","38.9487689772","-77.078514568",17,16,33,2316,1486,3802,2082,1296,3378
1100,"THEFT F/AUTO","38.9635449749","-77.0747923799",17,16,33,2316,1486,3802,2082,1296,3378
1100,"THEFT F/AUTO","38.9521004807","-77.0808024889",17,16,33,2316,1486,3802,2082,1296,3378
1100,"THEFT/OTHER","38.9599074542","-77.0852995778",17,16,33,2316,1486,3802,2082,1296,3378
1100,"THEFT/OTHER","38.949245201","-77.0803031975",17,16,33,2316,1486,3802,2082,1296,3378
1100,"THEFT/OTHER","38.9599074542","-77.0852995778",17,16,33,2316,1486,3802,2082,1296,3378
1100,"MOTOR VEHICLE THEFT","38.9560958593","-77.0736654483",17,16,33,2316,1486,3802,2082,1296,3378
1100,"THEFT/OTHER","38.9487868308","-77.0787568455",17,16,33,2316,1486,3802,2082,1296,3378
1100,"THEFT F/AUTO","38.9590221339","-77.0758721817",17,16,33,2316,1486,3802,2082,1296,3378
1100,"THEFT F/AUTO","38.9599074542","-77.0852995778",17,16,33,2316,1486,3802,2082,1296,3378
1100,"MOTOR VEHICLE THEFT","38.9483536271","-77.0799445766",17,16,33,2316,1486,3802,2082,1296,3378
1100,"THEFT/OTHER","38.951407178","-77.0803171696",17,16,33,2316,1486,3802,2082,1296,3378
1100,"THEFT/OTHER","38.9644454663","-77.0753125628",17,16,33,2316,1486,3802,2082,1296,3378
1100,"THEFT/OTHER","38.9599074542","-77.0852995778",17,16,33,2316,1486,3802,2082,1296,3378
1100,"THEFT/OTHER","38.949245201","-77.0803031975",17,16,33,2316,1486,3802,2082,1296,3378
1100,"THEFT/OTHER","38.9644454663","-77.0753125628",17,16,33,2316,1486,3802,2082,1296,3378
1100,"THEFT F/AUTO","38.9496780951","-77.0795769026",17,16,33,2316,1486,3802,2082,1296,3378
1100,"THEFT F/AUTO","38.9593546013","-77.077153231",17,16,33,2316,1486,3802,2082,1296,3378
1100,"ROBBERY","38.9599074542","-77.0852995778",17,16,33,2316,1486,3802,2082,1296,3378
1100,"THEFT/OTHER","38.9560958593","-77.0736654483",17,16,33,2316,1486,3802,2082,1296,3378
1100,"THEFT/OTHER","38.949245201","-77.0803031975",17,16,33,2316,1486,3802,2082,1296,3378
1100,"ASSAULT W/DANGEROUS WEAPON","38.9599074542","-77.0852995778",17,16,33,2316,1486,3802,2082,1296,3378
1100,"THEFT/OTHER","38.9599074542","-77.0852995778",17,16,33,2316,1486,3802,2082,1296,3378
1100,"THEFT/OTHER","38.9599074542","-77.0852995778",17,16,33,2316,1486,3802,2082,1296,3378
1100,"THEFT/OTHER","38.9483536271","-77.0799445766",17,16,33,2316,1486,3802,2082,1296,3378
1100,"THEFT F/AUTO","38.9575211524","-77.0840737469",17,16,33,2316,1486,3802,2082,1296,3378
1100,"THEFT/OTHER","38.9599074542","-77.0852995778",17,16,33,2316,1486,3802,2082,1296,3378
1100,"THEFT/OTHER","38.9523382877","-77.0754266742",17,16,33,2316,1486,3802,2082,1296,3378
1100,"THEFT/OTHER","38.9599074542","-77.0852995778",17,16,33,2316,1486,3802,2082,1296,3378
1100,"THEFT F/AUTO","38.9600346792","-77.0837651883",17,16,33,2316,1486,3802,2082,1296,3378
1100,"THEFT F/AUTO","38.9599074542","-77.0852995778",17,16,33,2316,1486,3802,2082,1296,3378
1100,"THEFT F/AUTO","38.9502000699","-77.0803158095",17,16,33,2316,1486,3802,2082,1296,3378
1100,"THEFT F/AUTO","38.949245201","-77.0803031975",17,16,33,2316,1486,3802,2082,1296,3378
1100,"THEFT/OTHER","38.9585297026","-77.0845941314",17,16,33,2316,1486,3802,2082,1296,3378
1100,"THEFT F/AUTO","38.9590184732","-77.0813179924",17,16,33,2316,1486,3802,2082,1296,3378
1100,"THEFT/OTHER","38.9599074542","-77.0852995778",17,16,33,2316,1486,3802,2082,1296,3378
1100,"THEFT/OTHER","38.9644454663","-77.0753125628",17,16,33,2316,1486,3802,2082,1296,3378
1100,"THEFT/OTHER","38.9599074542","-77.0852995778",17,16,33,2316,1486,3802,2082,1296,3378
1100,"ROBBERY","38.9664175303","-77.0764570019",17,16,33,2316,1486,3802,2082,1296,3378
1100,"THEFT/OTHER","38.9487868308","-77.0787568455",17,16,33,2316,1486,3802,2082,1296,3378
1100,"THEFT F/AUTO","38.9600346792","-77.0837651883",17,16,33,2316,1486,3802,2082,1296,3378
1100,"THEFT/OTHER","38.9483536271","-77.0799445766",17,16,33,2316,1486,3802,2082,1296,3378
1100,"THEFT/OTHER","38.9599074542","-77.0852995778",17,16,33,2316,1486,3802,2082,1296,3378
1100,"THEFT/OTHER","38.949245201","-77.0803031975",17,16,33,2316,1486,3802,2082,1296,3378
1100,"THEFT/OTHER","38.9487868308","-77.0787568455",17,16,33,2316,1486,3802,2082,1296,3378
1100,"THEFT/OTHER","38.949245201","-77.0803031975",17,16,33,2316,1486,3802,2082,1296,3378
1100,"THEFT F/AUTO","38.9644454663","-77.0753125628",17,16,33,2316,1486,3802,2082,1296,3378
1100,"THEFT F/AUTO","38.9600346792","-77.0837651883",17,16,33,2316,1486,3802,2082,1296,3378
1100,"THEFT/OTHER","38.949245201","-77.0803031975",17,16,33,2316,1486,3802,2082,1296,3378
1100,"THEFT F/AUTO","38.9653369469","-77.0758327493",17,16,33,2316,1486,3802,2082,1296,3378
1100,"BURGLARY","38.9507249518","-77.0767401167",17,16,33,2316,1486,3802,2082,1296,3378
1100,"THEFT F/AUTO","38.9559467616","-77.0811645038",17,16,33,2316,1486,3802,2082,1296,3378
1100,"THEFT F/AUTO","38.951407178","-77.0803171696",17,16,33,2316,1486,3802,2082,1296,3378
1100,"THEFT/OTHER","38.9599074542","-77.0852995778",17,16,33,2316,1486,3802,2082,1296,3378
1100,"THEFT F/AUTO","38.9600346792","-77.0837651883",17,16,33,2316,1486,3802,2082,1296,3378
1100,"THEFT F/AUTO","38.957687028","-77.0787205297",17,16,33,2316,1486,3802,2082,1296,3378
1100,"THEFT/OTHER","38.949245201","-77.0803031975",17,16,33,2316,1486,3802,2082,1296,3378
1100,"THEFT/OTHER","38.9599074542","-77.0852995778",17,16,33,2316,1486,3802,2082,1296,3378
1100,"THEFT F/AUTO","38.9635449749","-77.0747923799",17,16,33,2316,1486,3802,2082,1296,3378
1100,"MOTOR VEHICLE THEFT","38.9553594152","-77.070030485",17,16,33,2316,1486,3802,2082,1296,3378
1100,"THEFT F/AUTO","38.9600346792","-77.0837651883",17,16,33,2316,1486,3802,2082,1296,3378
1100,"HOMICIDE","38.9545129345","-77.0695335618",17,16,33,2316,1486,3802,2082,1296,3378
1100,"ASSAULT W/DANGEROUS WEAPON","38.962576241","-77.0820258892",17,16,33,2316,1486,3802,2082,1296,3378
1100,"THEFT/OTHER","38.9599074542","-77.0852995778",17,16,33,2316,1486,3802,2082,1296,3378
1100,"THEFT F/AUTO","38.9507230858","-77.0795319236",17,16,33,2316,1486,3802,2082,1296,3378
1100,"THEFT/OTHER","38.949245201","-77.0803031975",17,16,33,2316,1486,3802,2082,1296,3378
1100,"THEFT F/AUTO","38.9644454663","-77.0753125628",17,16,33,2316,1486,3802,2082,1296,3378
1100,"THEFT/OTHER","38.949245201","-77.0803031975",17,16,33,2316,1486,3802,2082,1296,3378
1100,"THEFT F/AUTO","38.9559486974","-77.0783263435",17,16,33,2316,1486,3802,2082,1296,3378
1100,"THEFT F/AUTO","38.9507230858","-77.0795319236",17,16,33,2316,1486,3802,2082,1296,3378
1100,"THEFT/OTHER","38.9644454663","-77.0753125628",17,16,33,2316,1486,3802,2082,1296,3378
1100,"THEFT/OTHER","38.9487868308","-77.0787568455",17,16,33,2316,1486,3802,2082,1296,3378
1100,"THEFT F/AUTO","38.9644454663","-77.0753125628",17,16,33,2316,1486,3802,2082,1296,3378
1100,"THEFT/OTHER","38.9599074542","-77.0852995778",17,16,33,2316,1486,3802,2082,1296,3378
1100,"THEFT/OTHER","38.9487868308","-77.0787568455",17,16,33,2316,1486,3802,2082,1296,3378
1100,"THEFT F/AUTO","38.9585297026","-77.0845941314",17,16,33,2316,1486,3802,2082,1296,3378
1100,"THEFT F/AUTO","38.9562565988","-77.0758692379",17,16,33,2316,1486,3802,2082,1296,3378
1100,"THEFT/OTHER","38.9580276693","-77.0811668734",17,16,33,2316,1486,3802,2082,1296,3378
1100,"THEFT/OTHER","38.9644454663","-77.0753125628",17,16,33,2316,1486,3802,2082,1296,3378
1100,"MOTOR VEHICLE THEFT","38.9575211524","-77.0840737469",17,16,33,2316,1486,3802,2082,1296,3378
1100,"THEFT F/AUTO","38.9600346792","-77.0837651883",17,16,33,2316,1486,3802,2082,1296,3378
1100,"BURGLARY","38.9653369469","-77.0758327493",17,16,33,2316,1486,3802,2082,1296,3378
1100,"THEFT F/AUTO","38.9521004807","-77.0808024889",17,16,33,2316,1486,3802,2082,1296,3378
1100,"THEFT F/AUTO","38.9600346792","-77.0837651883",17,16,33,2316,1486,3802,2082,1296,3378
1100,"THEFT F/AUTO","38.9487868308","-77.0787568455",17,16,33,2316,1486,3802,2082,1296,3378
1100,"THEFT/OTHER","38.9487868308","-77.0787568455",17,16,33,2316,1486,3802,2082,1296,3378
1100,"THEFT/OTHER","38.9599074542","-77.0852995778",17,16,33,2316,1486,3802,2082,1296,3378
1100,"THEFT/OTHER","38.9599074542","-77.0852995778",17,16,33,2316,1486,3802,2082,1296,3378
1100,"THEFT F/AUTO","38.9630848779","-77.0758418915",17,16,33,2316,1486,3802,2082,1296,3378
1100,"MOTOR VEHICLE THEFT","38.9554908891","-77.07587996",17,16,33,2316,1486,3802,2082,1296,3378
1100,"THEFT/OTHER","38.9599074542","-77.0852995778",17,16,33,2316,1486,3802,2082,1296,3378
1100,"THEFT/OTHER","38.949245201","-77.0803031975",17,16,33,2316,1486,3802,2082,1296,3378
1100,"THEFT/OTHER","38.9644454663","-77.0753125628",17,16,33,2316,1486,3802,2082,1296,3378
1100,"THEFT F/AUTO","38.9585122842","-77.0837633991",17,16,33,2316,1486,3802,2082,1296,3378
1100,"THEFT/OTHER","38.949245201","-77.0803031975",17,16,33,2316,1486,3802,2082,1296,3378
1100,"THEFT/OTHER","38.9599074542","-77.0852995778",17,16,33,2316,1486,3802,2082,1296,3378
1100,"BURGLARY","38.949245201","-77.0803031975",17,16,33,2316,1486,3802,2082,1296,3378
1100,"THEFT F/AUTO","38.9575211524","-77.0840737469",17,16,33,2316,1486,3802,2082,1296,3378
1100,"BURGLARY","38.9530785395","-77.0729470496",17,16,33,2316,1486,3802,2082,1296,3378
1100,"THEFT/OTHER","38.9483536271","-77.0799445766",17,16,33,2316,1486,3802,2082,1296,3378
1100,"MOTOR VEHICLE THEFT","38.9527043685","-77.0803186312",17,16,33,2316,1486,3802,2082,1296,3378
1100,"THEFT/OTHER","38.9599074542","-77.0852995778",17,16,33,2316,1486,3802,2082,1296,3378
1100,"THEFT/OTHER","38.9487868308","-77.0787568455",17,16,33,2316,1486,3802,2082,1296,3378
1100,"THEFT/OTHER","38.9599074542","-77.0852995778",17,16,33,2316,1486,3802,2082,1296,3378
1100,"THEFT/OTHER","38.9599074542","-77.0852995778",17,16,33,2316,1486,3802,2082,1296,3378
1100,"THEFT/OTHER","38.949245201","-77.0803031975",17,16,33,2316,1486,3802,2082,1296,3378
1100,"THEFT/OTHER","38.9599074542","-77.0852995778",17,16,33,2316,1486,3802,2082,1296,3378
1100,"MOTOR VEHICLE THEFT","38.9599074542","-77.0852995778",17,16,33,2316,1486,3802,2082,1296,3378
1100,"THEFT F/AUTO","38.9624309812","-77.0836180068",17,16,33,2316,1486,3802,2082,1296,3378
1100,"ASSAULT W/DANGEROUS WEAPON","38.9585297026","-77.0845941314",17,16,33,2316,1486,3802,2082,1296,3378
1100,"THEFT/OTHER","38.9599074542","-77.0852995778",17,16,33,2316,1486,3802,2082,1296,3378
1100,"THEFT/OTHER","38.9599074542","-77.0852995778",17,16,33,2316,1486,3802,2082,1296,3378
1100,"THEFT F/AUTO","38.9496780951","-77.0795769026",17,16,33,2316,1486,3802,2082,1296,3378
1100,"THEFT/OTHER","38.9545129345","-77.0695335618",17,16,33,2316,1486,3802,2082,1296,3378
1100,"THEFT F/AUTO","38.9644454663","-77.0753125628",17,16,33,2316,1486,3802,2082,1296,3378
1100,"THEFT/OTHER","38.9599074542","-77.0852995778",17,16,33,2316,1486,3802,2082,1296,3378
1100,"BURGLARY","38.9496780951","-77.0795769026",17,16,33,2316,1486,3802,2082,1296,3378
1100,"THEFT/OTHER","38.9599074542","-77.0852995778",17,16,33,2316,1486,3802,2082,1296,3378
1100,"THEFT F/AUTO","38.9620740475","-77.0787253752",17,16,33,2316,1486,3802,2082,1296,3378
1100,"THEFT F/AUTO","38.9573526475","-77.0803007942",17,16,33,2316,1486,3802,2082,1296,3378
1100,"THEFT F/AUTO","38.9507230858","-77.0795319236",17,16,33,2316,1486,3802,2082,1296,3378
1100,"BURGLARY","38.9502000699","-77.0803158095",17,16,33,2316,1486,3802,2082,1296,3378
1100,"MOTOR VEHICLE THEFT","38.9610160139","-77.0845509302",17,16,33,2316,1486,3802,2082,1296,3378
1100,"THEFT/OTHER","38.9599074542","-77.0852995778",17,16,33,2316,1486,3802,2082,1296,3378
1100,"THEFT/OTHER","38.9559467616","-77.0811645038",17,16,33,2316,1486,3802,2082,1296,3378
1100,"THEFT/OTHER","38.9599074542","-77.0852995778",17,16,33,2316,1486,3802,2082,1296,3378
1100,"THEFT/OTHER","38.9599074542","-77.0852995778",17,16,33,2316,1486,3802,2082,1296,3378
1100,"THEFT F/AUTO","38.9624309812","-77.0836180068",17,16,33,2316,1486,3802,2082,1296,3378
1100,"THEFT/OTHER","38.949245201","-77.0803031975",17,16,33,2316,1486,3802,2082,1296,3378
1100,"THEFT/OTHER","38.9599074542","-77.0852995778",17,16,33,2316,1486,3802,2082,1296,3378
1100,"THEFT/OTHER","38.9599074542","-77.0852995778",17,16,33,2316,1486,3802,2082,1296,3378
1100,"THEFT F/AUTO","38.9585297026","-77.0845941314",17,16,33,2316,1486,3802,2082,1296,3378
1100,"THEFT/OTHER","38.9649030087","-77.0781746428",17,16,33,2316,1486,3802,2082,1296,3378
1100,"THEFT/OTHER","38.9487868308","-77.0787568455",17,16,33,2316,1486,3802,2082,1296,3378
1100,"THEFT/OTHER","38.949245201","-77.0803031975",17,16,33,2316,1486,3802,2082,1296,3378
1100,"THEFT/OTHER","38.9615458832","-77.0736249287",17,16,33,2316,1486,3802,2082,1296,3378
1100,"MOTOR VEHICLE THEFT","38.9610175054","-77.0824625418",17,16,33,2316,1486,3802,2082,1296,3378
1100,"THEFT F/AUTO","38.9620740475","-77.0787253752",17,16,33,2316,1486,3802,2082,1296,3378
1100,"THEFT/OTHER","38.9599074542","-77.0852995778",17,16,33,2316,1486,3802,2082,1296,3378
1100,"THEFT/OTHER","38.949245201","-77.0803031975",17,16,33,2316,1486,3802,2082,1296,3378
1100,"THEFT/OTHER","38.9644454663","-77.0753125628",17,16,33,2316,1486,3802,2082,1296,3378
1100,"THEFT F/AUTO","38.9538567807","-77.0812544193",17,16,33,2316,1486,3802,2082,1296,3378
1100,"THEFT/OTHER","38.9585297026","-77.0845941314",17,16,33,2316,1486,3802,2082,1296,3378
1100,"THEFT F/AUTO","38.9600346792","-77.0837651883",17,16,33,2316,1486,3802,2082,1296,3378
1100,"THEFT F/AUTO","38.9644454663","-77.0753125628",17,16,33,2316,1486,3802,2082,1296,3378
1100,"THEFT/OTHER","38.9487868308","-77.0787568455",17,16,33,2316,1486,3802,2082,1296,3378
1100,"THEFT F/AUTO","38.9644871907","-77.0802972942",17,16,33,2316,1486,3802,2082,1296,3378
1100,"THEFT/OTHER","38.9599074542","-77.0852995778",17,16,33,2316,1486,3802,2082,1296,3378
1100,"THEFT F/AUTO","38.9590221339","-77.0758721817",17,16,33,2316,1486,3802,2082,1296,3378
1100,"THEFT/OTHER","38.9599074542","-77.0852995778",17,16,33,2316,1486,3802,2082,1296,3378
1100,"THEFT/OTHER","38.9599074542","-77.0852995778",17,16,33,2316,1486,3802,2082,1296,3378
1100,"THEFT F/AUTO","38.9635449749","-77.0747923799",17,16,33,2316,1486,3802,2082,1296,3378
1100,"THEFT F/AUTO","38.9546946053","-77.081174615",17,16,33,2316,1486,3802,2082,1296,3378
1100,"THEFT F/AUTO","38.9644454663","-77.0753125628",17,16,33,2316,1486,3802,2082,1296,3378
1100,"THEFT/OTHER","38.9599074542","-77.0852995778",17,16,33,2316,1486,3802,2082,1296,3378
1100,"THEFT/OTHER","38.9644454663","-77.0753125628",17,16,33,2316,1486,3802,2082,1296,3378
1100,"THEFT F/AUTO","38.9644454663","-77.0753125628",17,16,33,2316,1486,3802,2082,1296,3378
1100,"ROBBERY","38.9546834555","-77.0705951358",17,16,33,2316,1486,3802,2082,1296,3378
1100,"ASSAULT W/DANGEROUS WEAPON","38.9553239365","-77.0829520521",17,16,33,2316,1486,3802,2082,1296,3378
1100,"THEFT F/AUTO","38.9496780951","-77.0795769026",17,16,33,2316,1486,3802,2082,1296,3378
1100,"THEFT/OTHER","38.949245201","-77.0803031975",17,16,33,2316,1486,3802,2082,1296,3378
1100,"BURGLARY","38.9535769523","-77.0820732175",17,16,33,2316,1486,3802,2082,1296,3378
1100,"THEFT/OTHER","38.9599074542","-77.0852995778",17,16,33,2316,1486,3802,2082,1296,3378
1100,"THEFT/OTHER","38.9599074542","-77.0852995778",17,16,33,2316,1486,3802,2082,1296,3378
1100,"BURGLARY","38.9487868308","-77.0787568455",17,16,33,2316,1486,3802,2082,1296,3378
1100,"BURGLARY","38.9535769523","-77.0820732175",17,16,33,2316,1486,3802,2082,1296,3378
1100,"THEFT/OTHER","38.9566201271","-77.0707701143",17,16,33,2316,1486,3802,2082,1296,3378
1100,"THEFT/OTHER","38.9620720375","-77.0816560853",17,16,33,2316,1486,3802,2082,1296,3378
1100,"THEFT/OTHER","38.949245201","-77.0803031975",17,16,33,2316,1486,3802,2082,1296,3378
1100,"ROBBERY","38.9610160139","-77.0845509302",17,16,33,2316,1486,3802,2082,1296,3378
1100,"THEFT/OTHER","38.9487689772","-77.078514568",17,16,33,2316,1486,3802,2082,1296,3378
1100,"THEFT F/AUTO","38.9658301198","-77.07927185",17,16,33,2316,1486,3802,2082,1296,3378
1100,"THEFT/OTHER","38.949245201","-77.0803031975",17,16,33,2316,1486,3802,2082,1296,3378
1100,"THEFT F/AUTO","38.9644454663","-77.0753125628",17,16,33,2316,1486,3802,2082,1296,3378
1100,"ROBBERY","38.9635449749","-77.0747923799",17,16,33,2316,1486,3802,2082,1296,3378
1100,"THEFT/OTHER","38.9599074542","-77.0852995778",17,16,33,2316,1486,3802,2082,1296,3378
1100,"THEFT F/AUTO","38.9644454663","-77.0753125628",17,16,33,2316,1486,3802,2082,1296,3378
1100,"THEFT F/AUTO","38.9560427736","-77.0721194005",17,16,33,2316,1486,3802,2082,1296,3378
1100,"THEFT/OTHER","38.9610160139","-77.0845509302",17,16,33,2316,1486,3802,2082,1296,3378
1100,"THEFT/OTHER","38.949245201","-77.0803031975",17,16,33,2316,1486,3802,2082,1296,3378
1100,"THEFT F/AUTO","38.9600346792","-77.0837651883",17,16,33,2316,1486,3802,2082,1296,3378
1100,"THEFT F/AUTO","38.961012958","-77.0758743009",17,16,33,2316,1486,3802,2082,1296,3378
1100,"THEFT F/AUTO","38.9644454663","-77.0753125628",17,16,33,2316,1486,3802,2082,1296,3378
1100,"ROBBERY","38.9600172794","-77.0828998249",17,16,33,2316,1486,3802,2082,1296,3378
1100,"THEFT F/AUTO","38.9564855749","-77.0835533454",17,16,33,2316,1486,3802,2082,1296,3378
1100,"BURGLARY","38.9553239365","-77.0829520521",17,16,33,2316,1486,3802,2082,1296,3378
1100,"ROBBERY","38.9523382877","-77.0754266742",17,16,33,2316,1486,3802,2082,1296,3378
1100,"THEFT/OTHER","38.9599074542","-77.0852995778",17,16,33,2316,1486,3802,2082,1296,3378
1100,"THEFT/OTHER","38.9599074542","-77.0852995778",17,16,33,2316,1486,3802,2082,1296,3378
1100,"THEFT/OTHER","38.949245201","-77.0803031975",17,16,33,2316,1486,3802,2082,1296,3378
1100,"THEFT/OTHER","38.9496780951","-77.0795769026",17,16,33,2316,1486,3802,2082,1296,3378
1100,"MOTOR VEHICLE THEFT","38.9503632861","-77.0787470509",17,16,33,2316,1486,3802,2082,1296,3378
1100,"THEFT/OTHER","38.9483536271","-77.0799445766",17,16,33,2316,1486,3802,2082,1296,3378
1100,"THEFT/OTHER","38.9644454663","-77.0753125628",17,16,33,2316,1486,3802,2082,1296,3378
1100,"THEFT/OTHER","38.9599074542","-77.0852995778",17,16,33,2316,1486,3802,2082,1296,3378
1100,"THEFT F/AUTO","38.9487868308","-77.0787568455",17,16,33,2316,1486,3802,2082,1296,3378
1100,"THEFT F/AUTO","38.9566341077","-77.0771502863",17,16,33,2316,1486,3802,2082,1296,3378
1100,"THEFT F/AUTO","38.9546946053","-77.081174615",17,16,33,2316,1486,3802,2082,1296,3378
1100,"THEFT F/AUTO","38.9644454663","-77.0753125628",17,16,33,2316,1486,3802,2082,1296,3378
1100,"BURGLARY","38.9585297026","-77.0845941314",17,16,33,2316,1486,3802,2082,1296,3378
1100,"THEFT/OTHER","38.949245201","-77.0803031975",17,16,33,2316,1486,3802,2082,1296,3378
1100,"THEFT F/AUTO","38.9630848779","-77.0758418915",17,16,33,2316,1486,3802,2082,1296,3378
1100,"THEFT/OTHER","38.9487868308","-77.0787568455",17,16,33,2316,1486,3802,2082,1296,3378
1100,"BURGLARY","38.9585297026","-77.0845941314",17,16,33,2316,1486,3802,2082,1296,3378
1100,"THEFT/OTHER","38.949245201","-77.0803031975",17,16,33,2316,1486,3802,2082,1296,3378
1100,"THEFT/OTHER","38.9483536271","-77.0799445766",17,16,33,2316,1486,3802,2082,1296,3378
1100,"THEFT/OTHER","38.9599074542","-77.0852995778",17,16,33,2316,1486,3802,2082,1296,3378
1100,"THEFT/OTHER","38.961012958","-77.0758743009",17,16,33,2316,1486,3802,2082,1296,3378
1100,"THEFT/OTHER","38.949245201","-77.0803031975",17,16,33,2316,1486,3802,2082,1296,3378
1100,"BURGLARY","38.9635449749","-77.0747923799",17,16,33,2316,1486,3802,2082,1296,3378
1100,"THEFT/OTHER","38.9599074542","-77.0852995778",17,16,33,2316,1486,3802,2082,1296,3378
1100,"THEFT F/AUTO","38.9625814526","-77.0742259911",17,16,33,2316,1486,3802,2082,1296,3378
1100,"THEFT F/AUTO","38.9487868308","-77.0787568455",17,16,33,2316,1486,3802,2082,1296,3378
1100,"MOTOR VEHICLE THEFT","38.9630848779","-77.0758418915",17,16,33,2316,1486,3802,2082,1296,3378
1100,"THEFT F/AUTO","38.9487868308","-77.0787568455",17,16,33,2316,1486,3802,2082,1296,3378
1100,"BURGLARY","38.9527034656","-77.0816222797",17,16,33,2316,1486,3802,2082,1296,3378
1100,"THEFT/OTHER","38.9566201271","-77.0707701143",17,16,33,2316,1486,3802,2082,1296,3378
1100,"MOTOR VEHICLE THEFT","38.9553594152","-77.070030485",17,16,33,2316,1486,3802,2082,1296,3378
1100,"THEFT F/AUTO","38.9644454663","-77.0753125628",17,16,33,2316,1486,3802,2082,1296,3378
1100,"THEFT F/AUTO","38.9503710524","-77.0805698017",17,16,33,2316,1486,3802,2082,1296,3378
1100,"THEFT/OTHER","38.9599074542","-77.0852995778",17,16,33,2316,1486,3802,2082,1296,3378
1100,"THEFT/OTHER","38.9599074542","-77.0852995778",17,16,33,2316,1486,3802,2082,1296,3378
1100,"THEFT/OTHER","38.949245201","-77.0803031975",17,16,33,2316,1486,3802,2082,1296,3378
1100,"THEFT F/AUTO","38.9610175054","-77.0824625418",17,16,33,2316,1486,3802,2082,1296,3378
1100,"THEFT F/AUTO","38.9658301198","-77.07927185",17,16,33,2316,1486,3802,2082,1296,3378
1100,"BURGLARY","38.9564855749","-77.0835533454",17,16,33,2316,1486,3802,2082,1296,3378
1100,"THEFT/OTHER","38.949245201","-77.0803031975",17,16,33,2316,1486,3802,2082,1296,3378
1100,"THEFT/OTHER","38.949245201","-77.0803031975",17,16,33,2316,1486,3802,2082,1296,3378
1100,"THEFT F/AUTO","38.951559825","-77.0810326068",17,16,33,2316,1486,3802,2082,1296,3378
1100,"THEFT F/AUTO","38.9590266815","-77.0824602385",17,16,33,2316,1486,3802,2082,1296,3378
1100,"THEFT/OTHER","38.9644454663","-77.0753125628",17,16,33,2316,1486,3802,2082,1296,3378
1100,"THEFT/OTHER","38.9483536271","-77.0799445766",17,16,33,2316,1486,3802,2082,1296,3378
1100,"THEFT/OTHER","38.9585297026","-77.0845941314",17,16,33,2316,1486,3802,2082,1296,3378
1100,"THEFT F/AUTO","38.9590221339","-77.0758721817",17,16,33,2316,1486,3802,2082,1296,3378
1100,"THEFT F/AUTO","38.9576817326","-77.0729979108",17,16,33,2316,1486,3802,2082,1296,3378
1100,"THEFT/OTHER","38.961020152","-77.0786203685",17,16,33,2316,1486,3802,2082,1296,3378
1100,"THEFT/OTHER","38.949245201","-77.0803031975",17,16,33,2316,1486,3802,2082,1296,3378
1100,"THEFT/OTHER","38.9599074542","-77.0852995778",17,16,33,2316,1486,3802,2082,1296,3378
1100,"THEFT/OTHER","38.9478946999","-77.0792172976",17,16,33,2316,1486,3802,2082,1296,3378
1100,"THEFT/OTHER","38.949245201","-77.0803031975",17,16,33,2316,1486,3802,2082,1296,3378
1100,"THEFT/OTHER","38.9599074542","-77.0852995778",17,16,33,2316,1486,3802,2082,1296,3378
1100,"ROBBERY","38.9570194607","-77.0801273576",17,16,33,2316,1486,3802,2082,1296,3378
1100,"THEFT F/AUTO","38.9644454663","-77.0753125628",17,16,33,2316,1486,3802,2082,1296,3378
1100,"THEFT F/AUTO","38.9585297026","-77.0845941314",17,16,33,2316,1486,3802,2082,1296,3378
1100,"THEFT/OTHER","38.949245201","-77.0803031975",17,16,33,2316,1486,3802,2082,1296,3378
1100,"THEFT F/AUTO","38.9527034656","-77.0816222797",17,16,33,2316,1486,3802,2082,1296,3378
1100,"THEFT F/AUTO","38.9653541029","-77.0771481872",17,16,33,2316,1486,3802,2082,1296,3378
1100,"THEFT/OTHER","38.9599074542","-77.0852995778",17,16,33,2316,1486,3802,2082,1296,3378
1100,"THEFT F/AUTO","38.9644454663","-77.0753125628",17,16,33,2316,1486,3802,2082,1296,3378
1100,"THEFT F/AUTO","38.9575211524","-77.0840737469",17,16,33,2316,1486,3802,2082,1296,3378
1100,"THEFT/OTHER","38.949245201","-77.0803031975",17,16,33,2316,1486,3802,2082,1296,3378
1100,"THEFT F/AUTO","38.9570132926","-77.0758700433",17,16,33,2316,1486,3802,2082,1296,3378
1100,"THEFT/OTHER","38.949245201","-77.0803031975",17,16,33,2316,1486,3802,2082,1296,3378
1100,"THEFT/OTHER","38.9599074542","-77.0852995778",17,16,33,2316,1486,3802,2082,1296,3378
1100,"THEFT/OTHER","38.9539716281","-77.070882854",17,16,33,2316,1486,3802,2082,1296,3378
1100,"THEFT/OTHER","38.9599074542","-77.0852995778",17,16,33,2316,1486,3802,2082,1296,3378
1100,"BURGLARY","38.9635449749","-77.0747923799",17,16,33,2316,1486,3802,2082,1296,3378
1100,"THEFT F/AUTO","38.9590221339","-77.0758721817",17,16,33,2316,1486,3802,2082,1296,3378
1100,"BURGLARY","38.9585297026","-77.0845941314",17,16,33,2316,1486,3802,2082,1296,3378
1100,"THEFT/OTHER","38.9599074542","-77.0852995778",17,16,33,2316,1486,3802,2082,1296,3378
1100,"THEFT F/AUTO","38.9600346792","-77.0837651883",17,16,33,2316,1486,3802,2082,1296,3378
1100,"THEFT F/AUTO","38.9599074542","-77.0852995778",17,16,33,2316,1486,3802,2082,1296,3378
1100,"THEFT F/AUTO","38.9553257812","-77.0803100479",17,16,33,2316,1486,3802,2082,1296,3378
1100,"THEFT/OTHER","38.9483536271","-77.0799445766",17,16,33,2316,1486,3802,2082,1296,3378
1100,"THEFT/OTHER","38.9644454663","-77.0753125628",17,16,33,2316,1486,3802,2082,1296,3378
1100,"THEFT F/AUTO","38.9644454663","-77.0753125628",17,16,33,2316,1486,3802,2082,1296,3378
1100,"THEFT/OTHER","38.9599074542","-77.0852995778",17,16,33,2316,1486,3802,2082,1296,3378
1100,"THEFT F/AUTO","38.9610160139","-77.0845509302",17,16,33,2316,1486,3802,2082,1296,3378
1100,"THEFT/OTHER","38.9644454663","-77.0753125628",17,16,33,2316,1486,3802,2082,1296,3378
1100,"THEFT/OTHER","38.9545129345","-77.0695335618",17,16,33,2316,1486,3802,2082,1296,3378
1100,"THEFT/OTHER","38.9599074542","-77.0852995778",17,16,33,2316,1486,3802,2082,1296,3378
1100,"MOTOR VEHICLE THEFT","38.9610160139","-77.0845509302",17,16,33,2316,1486,3802,2082,1296,3378
1100,"THEFT/OTHER","38.9610160139","-77.0845509302",17,16,33,2316,1486,3802,2082,1296,3378
1100,"THEFT/OTHER","38.9599074542","-77.0852995778",17,16,33,2316,1486,3802,2082,1296,3378
1100,"THEFT/OTHER","38.9599074542","-77.0852995778",17,16,33,2316,1486,3802,2082,1296,3378
1100,"THEFT/OTHER","38.949245201","-77.0803031975",17,16,33,2316,1486,3802,2082,1296,3378
1100,"ROBBERY","38.9507249518","-77.0767401167",17,16,33,2316,1486,3802,2082,1296,3378
1100,"MOTOR VEHICLE THEFT","38.9615458832","-77.0736249287",17,16,33,2316,1486,3802,2082,1296,3378
1100,"THEFT F/AUTO","38.9600346792","-77.0837651883",17,16,33,2316,1486,3802,2082,1296,3378
1100,"THEFT F/AUTO","38.9600346792","-77.0837651883",17,16,33,2316,1486,3802,2082,1296,3378
1100,"THEFT/OTHER","38.9599074542","-77.0852995778",17,16,33,2316,1486,3802,2082,1296,3378
1100,"THEFT/OTHER","38.9496780951","-77.0795769026",17,16,33,2316,1486,3802,2082,1296,3378
1100,"THEFT/OTHER","38.949245201","-77.0803031975",17,16,33,2316,1486,3802,2082,1296,3378
1100,"ROBBERY","38.9599074542","-77.0852995778",17,16,33,2316,1486,3802,2082,1296,3378
1100,"THEFT F/AUTO","38.9542255716","-77.0820393535",17,16,33,2316,1486,3802,2082,1296,3378
1100,"ROBBERY","38.9507275689","-77.0767328516",17,16,33,2316,1486,3802,2082,1296,3378
1100,"THEFT/OTHER","38.9599074542","-77.0852995778",17,16,33,2316,1486,3802,2082,1296,3378
1100,"BURGLARY","38.9535769523","-77.0820732175",17,16,33,2316,1486,3802,2082,1296,3378
1100,"THEFT F/AUTO","38.96206714","-77.0755408144",17,16,33,2316,1486,3802,2082,1296,3378
1100,"THEFT/OTHER","38.9478946999","-77.0792172976",17,16,33,2316,1486,3802,2082,1296,3378
1100,"THEFT/OTHER","38.9644454663","-77.0753125628",17,16,33,2316,1486,3802,2082,1296,3378
1100,"THEFT F/AUTO","38.9600346792","-77.0837651883",17,16,33,2316,1486,3802,2082,1296,3378
1100,"THEFT/OTHER","38.9644454663","-77.0753125628",17,16,33,2316,1486,3802,2082,1296,3378
1100,"BURGLARY","38.9590343649","-77.0843178245",17,16,33,2316,1486,3802,2082,1296,3378
1100,"THEFT/OTHER","38.9487868308","-77.0787568455",17,16,33,2316,1486,3802,2082,1296,3378
1200,"THEFT F/AUTO","38.9447738798","-77.0713697324",48,14,62,2297,2047,4344,2031,1710,3741
1200,"BURGLARY","38.9451706856","-77.0706433931",48,14,62,2297,2047,4344,2031,1710,3741
1200,"MOTOR VEHICLE THEFT","38.945913315","-77.078569101",48,14,62,2297,2047,4344,2031,1710,3741
1200,"THEFT F/AUTO","38.94789253","-77.068385046",48,14,62,2297,2047,4344,2031,1710,3741
1200,"THEFT F/AUTO","38.9461020095","-77.0646457774",48,14,62,2297,2047,4344,2031,1710,3741
1200,"ROBBERY","38.9514043838","-77.070695717",48,14,62,2297,2047,4344,2031,1710,3741
1200,"THEFT F/AUTO","38.9415615531","-77.0651491966",48,14,62,2297,2047,4344,2031,1710,3741
1200,"THEFT F/AUTO","38.9473087274","-77.0653505583",48,14,62,2297,2047,4344,2031,1710,3741
1200,"THEFT F/AUTO","38.9526938846","-77.068481946",48,14,62,2297,2047,4344,2031,1710,3741
1200,"THEFT/OTHER","38.9483533506","-77.0659513888",48,14,62,2297,2047,4344,2031,1710,3741
1200,"THEFT F/AUTO","38.9470862041","-77.0758248705",48,14,62,2297,2047,4344,2031,1710,3741
1200,"BURGLARY","38.9443644692","-77.0777022411",48,14,62,2297,2047,4344,2031,1710,3741
1200,"THEFT/OTHER","38.9520890192","-77.0706848594",48,14,62,2297,2047,4344,2031,1710,3741
1200,"THEFT F/AUTO","38.9443644692","-77.0777022411",48,14,62,2297,2047,4344,2031,1710,3741
1200,"THEFT/OTHER","38.9422141979","-77.0735126842",48,14,62,2297,2047,4344,2031,1710,3741
1200,"THEFT F/AUTO","38.9443678616","-77.0724190447",48,14,62,2297,2047,4344,2031,1710,3741
1200,"THEFT F/AUTO","38.9466755465","-77.069848918",48,14,62,2297,2047,4344,2031,1710,3741
1200,"THEFT F/AUTO","38.9514043838","-77.070695717",48,14,62,2297,2047,4344,2031,1710,3741
1200,"MOTOR VEHICLE THEFT","38.9455292457","-77.0735161027",48,14,62,2297,2047,4344,2031,1710,3741
1200,"THEFT F/AUTO","38.9517483395","-77.0679272825",48,14,62,2297,2047,4344,2031,1710,3741
1200,"THEFT F/AUTO","38.9447738798","-77.0713697324",48,14,62,2297,2047,4344,2031,1710,3741
1200,"ROBBERY","38.9526930723","-77.0698548147",48,14,62,2297,2047,4344,2031,1710,3741
1200,"THEFT F/AUTO","38.9443644692","-77.0777022411",48,14,62,2297,2047,4344,2031,1710,3741
1200,"MOTOR VEHICLE THEFT","38.9473087274","-77.0653505583",48,14,62,2297,2047,4344,2031,1710,3741
1200,"THEFT F/AUTO","38.9439632962","-77.0711036089",48,14,62,2297,2047,4344,2031,1710,3741
1200,"MOTOR VEHICLE THEFT","38.9473087274","-77.0653505583",48,14,62,2297,2047,4344,2031,1710,3741
1200,"SEX ABUSE","38.9526930723","-77.0698548147",48,14,62,2297,2047,4344,2031,1710,3741
1200,"THEFT F/AUTO","38.9517472042","-77.0698538877",48,14,62,2297,2047,4344,2031,1710,3741
1200,"THEFT F/AUTO","38.9470876995","-77.0734831024",48,14,62,2297,2047,4344,2031,1710,3741
1200,"THEFT F/AUTO","38.9478893635","-77.0735992882",48,14,62,2297,2047,4344,2031,1710,3741
1200,"THEFT F/AUTO","38.9510615149","-77.0716067568",48,14,62,2297,2047,4344,2031,1710,3741
1200,"THEFT F/AUTO","38.9486716455","-77.0758496291",48,14,62,2297,2047,4344,2031,1710,3741
1200,"THEFT/OTHER","38.9487181611","-77.0735424635",48,14,62,2297,2047,4344,2031,1710,3741
1200,"MOTOR VEHICLE THEFT","38.9526938846","-77.068481946",48,14,62,2297,2047,4344,2031,1710,3741
1200,"THEFT/OTHER","38.9526938846","-77.068481946",48,14,62,2297,2047,4344,2031,1710,3741
1200,"SEX ABUSE","38.9473087274","-77.0653505583",48,14,62,2297,2047,4344,2031,1710,3741
1200,"THEFT F/AUTO","38.9478893635","-77.0735992882",48,14,62,2297,2047,4344,2031,1710,3741
1200,"ROBBERY","38.9448682747","-77.0639179252",48,14,62,2297,2047,4344,2031,1710,3741
1200,"BURGLARY","38.9473087274","-77.0653505583",48,14,62,2297,2047,4344,2031,1710,3741
1200,"THEFT F/AUTO","38.9439708132","-77.0735144956",48,14,62,2297,2047,4344,2031,1710,3741
1200,"THEFT F/AUTO","38.9470862041","-77.0758248705",48,14,62,2297,2047,4344,2031,1710,3741
1200,"THEFT F/AUTO","38.9470817851","-77.0683842682",48,14,62,2297,2047,4344,2031,1710,3741
1200,"THEFT F/AUTO","38.9447738798","-77.0713697324",48,14,62,2297,2047,4344,2031,1710,3741
1200,"MOTOR VEHICLE THEFT","38.9473087274","-77.0653505583",48,14,62,2297,2047,4344,2031,1710,3741
1200,"THEFT F/AUTO","38.9435647462","-77.0746099247",48,14,62,2297,2047,4344,2031,1710,3741
1200,"THEFT/OTHER","38.9473087274","-77.0653505583",48,14,62,2297,2047,4344,2031,1710,3741
1200,"MOTOR VEHICLE THEFT","38.9455292457","-77.0735161027",48,14,62,2297,2047,4344,2031,1710,3741
1200,"THEFT/OTHER","38.945526545","-77.0776919722",48,14,62,2297,2047,4344,2031,1710,3741
1200,"ROBBERY","38.9520890192","-77.0706848594",48,14,62,2297,2047,4344,2031,1710,3741
1200,"THEFT F/AUTO","38.9473087274","-77.0653505583",48,14,62,2297,2047,4344,2031,1710,3741
1200,"THEFT F/AUTO","38.9526930723","-77.0698548147",48,14,62,2297,2047,4344,2031,1710,3741
1200,"THEFT/OTHER","38.9462769328","-77.0735168737",48,14,62,2297,2047,4344,2031,1710,3741
1200,"THEFT F/AUTO","38.9470817851","-77.0683842682",48,14,62,2297,2047,4344,2031,1710,3741
1200,"THEFT F/AUTO","38.9507182363","-77.0731638258",48,14,62,2297,2047,4344,2031,1710,3741
1200,"THEFT F/AUTO","38.9462769328","-77.0735168737",48,14,62,2297,2047,4344,2031,1710,3741
1200,"MOTOR VEHICLE THEFT","38.9526938846","-77.068481946",48,14,62,2297,2047,4344,2031,1710,3741
1200,"THEFT/OTHER","38.9439693321","-77.0758330907",48,14,62,2297,2047,4344,2031,1710,3741
1200,"THEFT F/AUTO","38.9447710766","-77.0758224081",48,14,62,2297,2047,4344,2031,1710,3741
1200,"THEFT F/AUTO","38.94789253","-77.068385046",48,14,62,2297,2047,4344,2031,1710,3741
1200,"THEFT F/AUTO","38.9520900322","-77.0689889772",48,14,62,2297,2047,4344,2031,1710,3741
1200,"THEFT/OTHER","38.9415615531","-77.0651491966",48,14,62,2297,2047,4344,2031,1710,3741
1200,"THEFT F/AUTO","38.9496762289","-77.0682829311",48,14,62,2297,2047,4344,2031,1710,3741
1200,"THEFT F/AUTO","38.9470850766","-77.0775437052",48,14,62,2297,2047,4344,2031,1710,3741
1200,"THEFT F/AUTO","38.949674614","-77.0709939435",48,14,62,2297,2047,4344,2031,1710,3741
1200,"MOTOR VEHICLE THEFT","38.9473087274","-77.0653505583",48,14,62,2297,2047,4344,2031,1710,3741
1200,"THEFT F/AUTO","38.9470801609","-77.0711067178",48,14,62,2297,2047,4344,2031,1710,3741
1200,"THEFT/OTHER","38.9473087274","-77.0653505583",48,14,62,2297,2047,4344,2031,1710,3741
1200,"THEFT/OTHER","38.9426805302","-77.0767775979",48,14,62,2297,2047,4344,2031,1710,3741
1200,"THEFT F/AUTO","38.9507210061","-77.0685954146",48,14,62,2297,2047,4344,2031,1710,3741
1200,"THEFT F/AUTO","38.9451486324","-77.077034037",48,14,62,2297,2047,4344,2031,1710,3741
1200,"THEFT F/AUTO","38.9514055193","-77.068792194",48,14,62,2297,2047,4344,2031,1710,3741
1200,"THEFT/OTHER","38.9461020095","-77.0646457774",48,14,62,2297,2047,4344,2031,1710,3741
1200,"THEFT F/AUTO","38.94789253","-77.068385046",48,14,62,2297,2047,4344,2031,1710,3741
1200,"BURGLARY","38.9507182363","-77.0731638258",48,14,62,2297,2047,4344,2031,1710,3741
1200,"THEFT F/AUTO","38.9462754592","-77.0758240082",48,14,62,2297,2047,4344,2031,1710,3741
1200,"THEFT/OTHER","38.9431585941","-77.0758206931",48,14,62,2297,2047,4344,2031,1710,3741
1200,"THEFT/OTHER","38.9447725502","-77.0735153223",48,14,62,2297,2047,4344,2031,1710,3741
1200,"THEFT F/AUTO","38.9487181611","-77.0735424635",48,14,62,2297,2047,4344,2031,1710,3741
1200,"THEFT F/AUTO","38.9501977818","-77.0698523694",48,14,62,2297,2047,4344,2031,1710,3741
1200,"THEFT/OTHER","38.9426805302","-77.0767775979",48,14,62,2297,2047,4344,2031,1710,3741
1200,"THEFT F/AUTO","38.945527772","-77.0758232129",48,14,62,2297,2047,4344,2031,1710,3741
1200,"THEFT F/AUTO","38.9422069536","-77.0706519914",48,14,62,2297,2047,4344,2031,1710,3741
1200,"THEFT F/AUTO","38.9462742091","-77.0777273941",48,14,62,2297,2047,4344,2031,1710,3741
1200,"THEFT/OTHER","38.945913315","-77.078569101",48,14,62,2297,2047,4344,2031,1710,3741
1200,"THEFT F/AUTO","38.9443739127","-77.0770447352",48,14,62,2297,2047,4344,2031,1710,3741
1200,"THEFT/OTHER","38.949674614","-77.0709939435",48,14,62,2297,2047,4344,2031,1710,3741
1200,"THEFT/OTHER","38.9439693321","-77.0758330907",48,14,62,2297,2047,4344,2031,1710,3741
1200,"THEFT/OTHER","38.9473087274","-77.0653505583",48,14,62,2297,2047,4344,2031,1710,3741
1200,"THEFT/OTHER","38.9483533506","-77.0659513888",48,14,62,2297,2047,4344,2031,1710,3741
1301,"THEFT F/AUTO","38.9518409623","-77.0634050314",17,16,33,2431,1425,3856,2145,1260,3405
1301,"MOTOR VEHICLE THEFT","38.9501994364","-77.067025974",17,16,33,2431,1425,3856,2145,1260,3405
1301,"THEFT F/AUTO","38.9541837992","-77.062126513",17,16,33,2431,1425,3856,2145,1260,3405
1301,"THEFT F/AUTO","38.9507223567","-77.0662535269",17,16,33,2431,1425,3856,2145,1260,3405
1301,"ROBBERY","38.9483533506","-77.0659513888",17,16,33,2431,1425,3856,2145,1260,3405
1301,"THEFT/OTHER","38.9501994364","-77.067025974",17,16,33,2431,1425,3856,2145,1260,3405
1301,"THEFT F/AUTO","38.9500604243","-77.0574045763",17,16,33,2431,1425,3856,2145,1260,3405
1301,"THEFT F/AUTO","38.9546264075","-77.0598194927",17,16,33,2431,1425,3856,2145,1260,3405
1301,"THEFT F/AUTO","38.9551816899","-77.0658307984",17,16,33,2431,1425,3856,2145,1260,3405
1301,"THEFT/OTHER","38.9492538839","-77.0664713492",17,16,33,2431,1425,3856,2145,1260,3405
1301,"THEFT F/AUTO","38.9546847315","-77.0684492476",17,16,33,2431,1425,3856,2145,1260,3405
1301,"ASSAULT W/DANGEROUS WEAPON","38.9501994364","-77.067025974",17,16,33,2431,1425,3856,2145,1260,3405
1301,"THEFT F/AUTO","38.9564701109","-77.0654051072",17,16,33,2431,1425,3856,2145,1260,3405
1301,"THEFT/OTHER","38.9526938846","-77.068481946",17,16,33,2431,1425,3856,2145,1260,3405
1301,"THEFT/OTHER","38.9492538839","-77.0664713492",17,16,33,2431,1425,3856,2145,1260,3405
1301,"BURGLARY","38.9492538839","-77.0664713492",17,16,33,2431,1425,3856,2145,1260,3405
1301,"THEFT/OTHER","38.951965275","-77.0666469266",17,16,33,2431,1425,3856,2145,1260,3405
1301,"THEFT F/AUTO","38.9533012882","-77.0615604399",17,16,33,2431,1425,3856,2145,1260,3405
1301,"THEFT F/AUTO","38.9491338286","-77.0547851261",17,16,33,2431,1425,3856,2145,1260,3405
1301,"THEFT F/AUTO","38.9483533506","-77.0659513888",17,16,33,2431,1425,3856,2145,1260,3405
1301,"THEFT F/AUTO","38.9464116596","-77.0483574185",17,16,33,2431,1425,3856,2145,1260,3405
1301,"THEFT F/AUTO","38.9526938846","-77.068481946",17,16,33,2431,1425,3856,2145,1260,3405
1301,"BURGLARY","38.9501994364","-77.067025974",17,16,33,2431,1425,3856,2145,1260,3405
1301,"THEFT/OTHER","38.9501994364","-77.067025974",17,16,33,2431,1425,3856,2145,1260,3405
1301,"THEFT F/AUTO","38.9487790878","-77.0616488233",17,16,33,2431,1425,3856,2145,1260,3405
1301,"MOTOR VEHICLE THEFT","38.9526938846","-77.068481946",17,16,33,2431,1425,3856,2145,1260,3405
1301,"THEFT/OTHER","38.9533000568","-77.0638562651",17,16,33,2431,1425,3856,2145,1260,3405
1301,"THEFT F/AUTO","38.9501994364","-77.067025974",17,16,33,2431,1425,3856,2145,1260,3405
1301,"THEFT F/AUTO","38.9533018124","-77.0605567373",17,16,33,2431,1425,3856,2145,1260,3405
1301,"THEFT F/AUTO","38.9562189666","-77.0634320005",17,16,33,2431,1425,3856,2145,1260,3405
1301,"THEFT F/AUTO","38.9512751426","-77.060185848",17,16,33,2431,1425,3856,2145,1260,3405
1301,"THEFT F/AUTO","38.952569655","-77.065182331",17,16,33,2431,1425,3856,2145,1260,3405
1301,"THEFT F/AUTO","38.951965275","-77.0666469266",17,16,33,2431,1425,3856,2145,1260,3405
1301,"THEFT F/AUTO","38.9537058172","-77.063141342",17,16,33,2431,1425,3856,2145,1260,3405
1301,"THEFT F/AUTO","38.9579633787","-77.0516075435",17,16,33,2431,1425,3856,2145,1260,3405
1301,"THEFT F/AUTO","38.9546947796","-77.0666494787",17,16,33,2431,1425,3856,2145,1260,3405
1301,"MOTOR VEHICLE THEFT","38.9526938846","-77.068481946",17,16,33,2431,1425,3856,2145,1260,3405
1301,"THEFT F/AUTO","38.9532982941","-77.0670058142",17,16,33,2431,1425,3856,2145,1260,3405
1301,"THEFT/OTHER","38.9501994364","-77.067025974",17,16,33,2431,1425,3856,2145,1260,3405
1301,"THEFT/OTHER","38.9557755469","-77.0670427547",17,16,33,2431,1425,3856,2145,1260,3405
1301,"THEFT F/AUTO","38.9526938846","-77.068481946",17,16,33,2431,1425,3856,2145,1260,3405
1301,"THEFT F/AUTO","38.9533000568","-77.0638562651",17,16,33,2431,1425,3856,2145,1260,3405
1301,"THEFT F/AUTO","38.9541837992","-77.062126513",17,16,33,2431,1425,3856,2145,1260,3405
1301,"THEFT F/AUTO","38.9483671393","-77.0568494839",17,16,33,2431,1425,3856,2145,1260,3405
1301,"MOTOR VEHICLE THEFT","38.9478865179","-77.063055436",17,16,33,2431,1425,3856,2145,1260,3405
1301,"THEFT F/AUTO","38.952770687","-77.0598525456",17,16,33,2431,1425,3856,2145,1260,3405
1301,"ROBBERY","38.9501994364","-77.067025974",17,16,33,2431,1425,3856,2145,1260,3405
1301,"THEFT F/AUTO","38.9496735292","-77.056458294",17,16,33,2431,1425,3856,2145,1260,3405
1301,"THEFT/OTHER","38.9536574434","-77.0690366417",17,16,33,2431,1425,3856,2145,1260,3405
1301,"THEFT F/AUTO","38.9551816899","-77.0658307984",17,16,33,2431,1425,3856,2145,1260,3405
1301,"THEFT F/AUTO","38.9571915064","-77.0640789629",17,16,33,2431,1425,3856,2145,1260,3405
1301,"THEFT F/AUTO","38.9573070502","-77.0668711332",17,16,33,2431,1425,3856,2145,1260,3405
1301,"MOTOR VEHICLE THEFT","38.9513568635","-77.0589169019",17,16,33,2431,1425,3856,2145,1260,3405
1301,"THEFT F/AUTO","38.9492538839","-77.0664713492",17,16,33,2431,1425,3856,2145,1260,3405
1301,"THEFT F/AUTO","38.9573530171","-77.0652328553",17,16,33,2431,1425,3856,2145,1260,3405
1301,"THEFT F/AUTO","38.9492538839","-77.0664713492",17,16,33,2431,1425,3856,2145,1260,3405
1301,"THEFT F/AUTO","38.949669875","-77.0635761437",17,16,33,2431,1425,3856,2145,1260,3405
1301,"THEFT F/AUTO","38.949669875","-77.0635761437",17,16,33,2431,1425,3856,2145,1260,3405
1301,"THEFT F/AUTO","38.9483533506","-77.0659513888",17,16,33,2431,1425,3856,2145,1260,3405
1301,"MOTOR VEHICLE THEFT","38.9526938846","-77.068481946",17,16,33,2431,1425,3856,2145,1260,3405
1301,"MOTOR VEHICLE THEFT","38.9483533506","-77.0659513888",17,16,33,2431,1425,3856,2145,1260,3405
1303,"THEFT/OTHER","38.9448682747","-77.0639179252",53,0,53,1929,1140,3069,1605,1073,2678
1303,"THEFT F/AUTO","38.9474123908","-77.0565833977",53,0,53,1929,1140,3069,1605,1073,2678
1303,"THEFT/OTHER","38.9448682747","-77.0639179252",53,0,53,1929,1140,3069,1605,1073,2678
1303,"THEFT/OTHER","38.9448682747","-77.0639179252",53,0,53,1929,1140,3069,1605,1073,2678
1303,"THEFT/OTHER","38.9431488767","-77.0617131656",53,0,53,1929,1140,3069,1605,1073,2678
1303,"THEFT/OTHER","38.9448682747","-77.0639179252",53,0,53,1929,1140,3069,1605,1073,2678
1303,"THEFT/OTHER","38.9448682747","-77.0639179252",53,0,53,1929,1140,3069,1605,1073,2678
1303,"THEFT F/AUTO","38.9420505229","-77.0604549003",53,0,53,1929,1140,3069,1605,1073,2678
1303,"THEFT/OTHER","38.9448682747","-77.0639179252",53,0,53,1929,1140,3069,1605,1073,2678
1303,"THEFT/OTHER","38.9448682747","-77.0639179252",53,0,53,1929,1140,3069,1605,1073,2678
1303,"THEFT/OTHER","38.9448682747","-77.0639179252",53,0,53,1929,1140,3069,1605,1073,2678
1303,"THEFT/OTHER","38.9431488767","-77.0617131656",53,0,53,1929,1140,3069,1605,1073,2678
1303,"THEFT/OTHER","38.943697562","-77.0632478304",53,0,53,1929,1140,3069,1605,1073,2678
1303,"MOTOR VEHICLE THEFT","38.9420505229","-77.0604549003",53,0,53,1929,1140,3069,1605,1073,2678
1303,"THEFT/OTHER","38.9448682747","-77.0639179252",53,0,53,1929,1140,3069,1605,1073,2678
1303,"THEFT/OTHER","38.9448682747","-77.0639179252",53,0,53,1929,1140,3069,1605,1073,2678
1303,"BURGLARY","38.9473087274","-77.0653505583",53,0,53,1929,1140,3069,1605,1073,2678
1303,"THEFT/OTHER","38.9478882391","-77.0597792306",53,0,53,1929,1140,3069,1605,1073,2678
1303,"THEFT/OTHER","38.9448682747","-77.0639179252",53,0,53,1929,1140,3069,1605,1073,2678
1303,"THEFT/OTHER","38.9448682747","-77.0639179252",53,0,53,1929,1140,3069,1605,1073,2678
1303,"THEFT/OTHER","38.9473087274","-77.0653505583",53,0,53,1929,1140,3069,1605,1073,2678
1303,"THEFT/OTHER","38.9431488767","-77.0617131656",53,0,53,1929,1140,3069,1605,1073,2678
1303,"THEFT/OTHER","38.9448682747","-77.0639179252",53,0,53,1929,1140,3069,1605,1073,2678
1303,"THEFT/OTHER","38.9431488767","-77.0617131656",53,0,53,1929,1140,3069,1605,1073,2678
1303,"THEFT/OTHER","38.9448682747","-77.0639179252",53,0,53,1929,1140,3069,1605,1073,2678
1303,"THEFT/OTHER","38.9448682747","-77.0639179252",53,0,53,1929,1140,3069,1605,1073,2678
1303,"THEFT/OTHER","38.9448682747","-77.0639179252",53,0,53,1929,1140,3069,1605,1073,2678
1303,"THEFT/OTHER","38.9448682747","-77.0639179252",53,0,53,1929,1140,3069,1605,1073,2678
1303,"THEFT/OTHER","38.9448682747","-77.0639179252",53,0,53,1929,1140,3069,1605,1073,2678
1303,"THEFT/OTHER","38.9448682747","-77.0639179252",53,0,53,1929,1140,3069,1605,1073,2678
1303,"SEX ABUSE","38.9431488767","-77.0617131656",53,0,53,1929,1140,3069,1605,1073,2678
1303,"THEFT F/AUTO","38.9478882391","-77.0597792306",53,0,53,1929,1140,3069,1605,1073,2678
1303,"THEFT/OTHER","38.9448682747","-77.0639179252",53,0,53,1929,1140,3069,1605,1073,2678
1303,"MOTOR VEHICLE THEFT","38.9420505229","-77.0604549003",53,0,53,1929,1140,3069,1605,1073,2678
1303,"THEFT/OTHER","38.9448682747","-77.0639179252",53,0,53,1929,1140,3069,1605,1073,2678
1303,"THEFT/OTHER","38.9448682747","-77.0639179252",53,0,53,1929,1140,3069,1605,1073,2678
1303,"THEFT/OTHER","38.9448682747","-77.0639179252",53,0,53,1929,1140,3069,1605,1073,2678
1303,"THEFT/OTHER","38.9448682747","-77.0639179252",53,0,53,1929,1140,3069,1605,1073,2678
1303,"THEFT/OTHER","38.9473087274","-77.0653505583",53,0,53,1929,1140,3069,1605,1073,2678
1303,"ROBBERY","38.9442474088","-77.0626138739",53,0,53,1929,1140,3069,1605,1073,2678
1303,"THEFT/OTHER","38.9448682747","-77.0639179252",53,0,53,1929,1140,3069,1605,1073,2678
1303,"THEFT/OTHER","38.9448682747","-77.0639179252",53,0,53,1929,1140,3069,1605,1073,2678
1303,"THEFT/OTHER","38.9448682747","-77.0639179252",53,0,53,1929,1140,3069,1605,1073,2678
1303,"THEFT/OTHER","38.9448682747","-77.0639179252",53,0,53,1929,1140,3069,1605,1073,2678
1303,"THEFT/OTHER","38.9448682747","-77.0639179252",53,0,53,1929,1140,3069,1605,1073,2678
1303,"THEFT/OTHER","38.9448682747","-77.0639179252",53,0,53,1929,1140,3069,1605,1073,2678
1303,"THEFT/OTHER","38.9414912179","-77.0619654985",53,0,53,1929,1140,3069,1605,1073,2678
1303,"THEFT/OTHER","38.9431488767","-77.0617131656",53,0,53,1929,1140,3069,1605,1073,2678
1303,"THEFT/OTHER","38.9448682747","-77.0639179252",53,0,53,1929,1140,3069,1605,1073,2678
1303,"BURGLARY","38.9431488767","-77.0617131656",53,0,53,1929,1140,3069,1605,1073,2678
1303,"THEFT/OTHER","38.9448682747","-77.0639179252",53,0,53,1929,1140,3069,1605,1073,2678
1303,"THEFT/OTHER","38.9448682747","-77.0639179252",53,0,53,1929,1140,3069,1605,1073,2678
1303,"MOTOR VEHICLE THEFT","38.9420505229","-77.0604549003",53,0,53,1929,1140,3069,1605,1073,2678
1303,"THEFT F/AUTO","38.9462225511","-77.0581051617",53,0,53,1929,1140,3069,1605,1073,2678
1303,"THEFT/OTHER","38.9431488767","-77.0617131656",53,0,53,1929,1140,3069,1605,1073,2678
1303,"THEFT/OTHER","38.9448682747","-77.0639179252",53,0,53,1929,1140,3069,1605,1073,2678
1303,"BURGLARY","38.9431488767","-77.0617131656",53,0,53,1929,1140,3069,1605,1073,2678
1303,"THEFT/OTHER","38.9448682747","-77.0639179252",53,0,53,1929,1140,3069,1605,1073,2678
1303,"ROBBERY","38.9448682747","-77.0639179252",53,0,53,1929,1140,3069,1605,1073,2678
1303,"THEFT/OTHER","38.9448682747","-77.0639179252",53,0,53,1929,1140,3069,1605,1073,2678
1303,"BURGLARY","38.9431488767","-77.0617131656",53,0,53,1929,1140,3069,1605,1073,2678
1303,"BURGLARY","38.9431488767","-77.0617131656",53,0,53,1929,1140,3069,1605,1073,2678
1303,"THEFT/OTHER","38.9448682747","-77.0639179252",53,0,53,1929,1140,3069,1605,1073,2678
1303,"THEFT/OTHER","38.9448682747","-77.0639179252",53,0,53,1929,1140,3069,1605,1073,2678
1303,"THEFT/OTHER","38.9448682747","-77.0639179252",53,0,53,1929,1140,3069,1605,1073,2678
1303,"MOTOR VEHICLE THEFT","38.943697562","-77.0632478304",53,0,53,1929,1140,3069,1605,1073,2678
1303,"THEFT F/AUTO","38.9414912179","-77.0619654985",53,0,53,1929,1140,3069,1605,1073,2678
1303,"THEFT F/AUTO","38.9473087274","-77.0653505583",53,0,53,1929,1140,3069,1605,1073,2678
1303,"THEFT F/AUTO","38.9450796565","-77.0557279203",53,0,53,1929,1140,3069,1605,1073,2678
1303,"THEFT/OTHER","38.9448682747","-77.0639179252",53,0,53,1929,1140,3069,1605,1073,2678
1303,"THEFT/OTHER","38.9448682747","-77.0639179252",53,0,53,1929,1140,3069,1605,1073,2678
1303,"THEFT/OTHER","38.9431488767","-77.0617131656",53,0,53,1929,1140,3069,1605,1073,2678
1303,"THEFT/OTHER","38.9448682747","-77.0639179252",53,0,53,1929,1140,3069,1605,1073,2678
1303,"THEFT/OTHER","38.9448682747","-77.0639179252",53,0,53,1929,1140,3069,1605,1073,2678
1303,"THEFT/OTHER","38.9448682747","-77.0639179252",53,0,53,1929,1140,3069,1605,1073,2678
1303,"THEFT/OTHER","38.9448682747","-77.0639179252",53,0,53,1929,1140,3069,1605,1073,2678
1303,"THEFT/OTHER","38.9448682747","-77.0639179252",53,0,53,1929,1140,3069,1605,1073,2678
1303,"THEFT/OTHER","38.9448682747","-77.0639179252",53,0,53,1929,1140,3069,1605,1073,2678
1303,"ROBBERY","38.9431488767","-77.0617131656",53,0,53,1929,1140,3069,1605,1073,2678
1303,"THEFT/OTHER","38.9448682747","-77.0639179252",53,0,53,1929,1140,3069,1605,1073,2678
1303,"MOTOR VEHICLE THEFT","38.9409606808","-77.0601425361",53,0,53,1929,1140,3069,1605,1073,2678
1303,"SEX ABUSE","38.9431488767","-77.0617131656",53,0,53,1929,1140,3069,1605,1073,2678
1303,"THEFT/OTHER","38.9448682747","-77.0639179252",53,0,53,1929,1140,3069,1605,1073,2678
1303,"THEFT/OTHER","38.9448682747","-77.0639179252",53,0,53,1929,1140,3069,1605,1073,2678
1303,"THEFT/OTHER","38.9448682747","-77.0639179252",53,0,53,1929,1140,3069,1605,1073,2678
1303,"THEFT/OTHER","38.9448682747","-77.0639179252",53,0,53,1929,1140,3069,1605,1073,2678
1303,"THEFT/OTHER","38.9448682747","-77.0639179252",53,0,53,1929,1140,3069,1605,1073,2678
1303,"THEFT/OTHER","38.9448682747","-77.0639179252",53,0,53,1929,1140,3069,1605,1073,2678
1303,"THEFT/OTHER","38.9448682747","-77.0639179252",53,0,53,1929,1140,3069,1605,1073,2678
1303,"BURGLARY","38.9431488767","-77.0617131656",53,0,53,1929,1140,3069,1605,1073,2678
1303,"THEFT F/AUTO","38.9409606808","-77.0601425361",53,0,53,1929,1140,3069,1605,1073,2678
1303,"BURGLARY","38.9448682747","-77.0639179252",53,0,53,1929,1140,3069,1605,1073,2678
1303,"THEFT/OTHER","38.9414912179","-77.0619654985",53,0,53,1929,1140,3069,1605,1073,2678
1303,"THEFT/OTHER","38.9448682747","-77.0639179252",53,0,53,1929,1140,3069,1605,1073,2678
1303,"THEFT/OTHER","38.9448682747","-77.0639179252",53,0,53,1929,1140,3069,1605,1073,2678
1303,"THEFT/OTHER","38.9448682747","-77.0639179252",53,0,53,1929,1140,3069,1605,1073,2678
1303,"THEFT F/AUTO","38.9473087274","-77.0653505583",53,0,53,1929,1140,3069,1605,1073,2678
1303,"THEFT/OTHER","38.9448682747","-77.0639179252",53,0,53,1929,1140,3069,1605,1073,2678
1303,"THEFT F/AUTO","38.9473087274","-77.0653505583",53,0,53,1929,1140,3069,1605,1073,2678
1303,"THEFT F/AUTO","38.9473087274","-77.0653505583",53,0,53,1929,1140,3069,1605,1073,2678
1303,"THEFT/OTHER","38.9448682747","-77.0639179252",53,0,53,1929,1140,3069,1605,1073,2678
1303,"THEFT/OTHER","38.9448682747","-77.0639179252",53,0,53,1929,1140,3069,1605,1073,2678
1303,"THEFT/OTHER","38.9431488767","-77.0617131656",53,0,53,1929,1140,3069,1605,1073,2678
1303,"THEFT/OTHER","38.9448682747","-77.0639179252",53,0,53,1929,1140,3069,1605,1073,2678
1303,"THEFT F/AUTO","38.9423320419","-77.0559103331",53,0,53,1929,1140,3069,1605,1073,2678
1303,"THEFT/OTHER","38.9448682747","-77.0639179252",53,0,53,1929,1140,3069,1605,1073,2678
1303,"THEFT/OTHER","38.9448682747","-77.0639179252",53,0,53,1929,1140,3069,1605,1073,2678
1303,"THEFT/OTHER","38.9448682747","-77.0639179252",53,0,53,1929,1140,3069,1605,1073,2678
1304,"THEFT/OTHER","38.9348242806","-77.0580805327",0,0,0,2262,2065,4327,1958,1841,3799
1304,"THEFT/OTHER","38.936186926","-77.0588812982",0,0,0,2262,2065,4327,1958,1841,3799
1304,"THEFT F/AUTO","38.9368370506","-77.0557676142",0,0,0,2262,2065,4327,1958,1841,3799
1304,"THEFT/OTHER","38.9368370506","-77.0557676142",0,0,0,2262,2065,4327,1958,1841,3799
1304,"THEFT/OTHER","38.936186926","-77.0588812982",0,0,0,2262,2065,4327,1958,1841,3799
1304,"THEFT/OTHER","38.9348242806","-77.0580805327",0,0,0,2262,2065,4327,1958,1841,3799
1304,"THEFT/OTHER","38.9348242806","-77.0580805327",0,0,0,2262,2065,4327,1958,1841,3799
1304,"THEFT/OTHER","38.936186926","-77.0588812982",0,0,0,2262,2065,4327,1958,1841,3799
1304,"THEFT/OTHER","38.936186926","-77.0588812982",0,0,0,2262,2065,4327,1958,1841,3799
1304,"THEFT/OTHER","38.9348242806","-77.0580805327",0,0,0,2262,2065,4327,1958,1841,3799
1304,"THEFT/OTHER","38.936186926","-77.0588812982",0,0,0,2262,2065,4327,1958,1841,3799
1304,"THEFT/OTHER","38.936186926","-77.0588812982",0,0,0,2262,2065,4327,1958,1841,3799
1304,"THEFT/OTHER","38.9348242806","-77.0580805327",0,0,0,2262,2065,4327,1958,1841,3799
1304,"THEFT/OTHER","38.936186926","-77.0588812982",0,0,0,2262,2065,4327,1958,1841,3799
1304,"THEFT/OTHER","38.9348242806","-77.0580805327",0,0,0,2262,2065,4327,1958,1841,3799
1304,"THEFT F/AUTO","38.9368370506","-77.0557676142",0,0,0,2262,2065,4327,1958,1841,3799
1304,"THEFT/OTHER","38.9401764089","-77.0612030661",0,0,0,2262,2065,4327,1958,1841,3799
1304,"THEFT/OTHER","38.9348242806","-77.0580805327",0,0,0,2262,2065,4327,1958,1841,3799
1304,"THEFT/OTHER","38.9348242806","-77.0580805327",0,0,0,2262,2065,4327,1958,1841,3799
1304,"BURGLARY","38.9338924835","-77.0533086384",0,0,0,2262,2065,4327,1958,1841,3799
1304,"THEFT/OTHER","38.936186926","-77.0588812982",0,0,0,2262,2065,4327,1958,1841,3799
1304,"THEFT/OTHER","38.9348242806","-77.0580805327",0,0,0,2262,2065,4327,1958,1841,3799
1304,"THEFT/OTHER","38.9348242806","-77.0580805327",0,0,0,2262,2065,4327,1958,1841,3799
1304,"THEFT/OTHER","38.9348242806","-77.0580805327",0,0,0,2262,2065,4327,1958,1841,3799
1304,"THEFT/OTHER","38.9348242806","-77.0580805327",0,0,0,2262,2065,4327,1958,1841,3799
1304,"THEFT/OTHER","38.9348242806","-77.0580805327",0,0,0,2262,2065,4327,1958,1841,3799
1304,"THEFT/OTHER","38.9348242806","-77.0580805327",0,0,0,2262,2065,4327,1958,1841,3799
1304,"THEFT/OTHER","38.9356209856","-77.0556513235",0,0,0,2262,2065,4327,1958,1841,3799
1304,"THEFT F/AUTO","38.9334947121","-77.0563070797",0,0,0,2262,2065,4327,1958,1841,3799
1304,"THEFT/OTHER","38.9348242806","-77.0580805327",0,0,0,2262,2065,4327,1958,1841,3799
1304,"THEFT F/AUTO","38.9350259167","-77.0567350417",0,0,0,2262,2065,4327,1958,1841,3799
1304,"THEFT/OTHER","38.9348242806","-77.0580805327",0,0,0,2262,2065,4327,1958,1841,3799
1304,"THEFT/OTHER","38.936186926","-77.0588812982",0,0,0,2262,2065,4327,1958,1841,3799
1304,"THEFT F/AUTO","38.940961679","-77.0581700829",0,0,0,2262,2065,4327,1958,1841,3799
1304,"THEFT/OTHER","38.936186926","-77.0588812982",0,0,0,2262,2065,4327,1958,1841,3799
1304,"BURGLARY","38.9348242806","-77.0580805327",0,0,0,2262,2065,4327,1958,1841,3799
1304,"THEFT F/AUTO","38.9356209856","-77.0556513235",0,0,0,2262,2065,4327,1958,1841,3799
1304,"THEFT F/AUTO","38.9409355525","-77.0563360261",0,0,0,2262,2065,4327,1958,1841,3799
1304,"THEFT F/AUTO","38.9334947121","-77.0563070797",0,0,0,2262,2065,4327,1958,1841,3799
1304,"THEFT/OTHER","38.936186926","-77.0588812982",0,0,0,2262,2065,4327,1958,1841,3799
1304,"THEFT/OTHER","38.936186926","-77.0588812982",0,0,0,2262,2065,4327,1958,1841,3799
1304,"THEFT/OTHER","38.9348242806","-77.0580805327",0,0,0,2262,2065,4327,1958,1841,3799
1304,"THEFT/OTHER","38.936186926","-77.0588812982",0,0,0,2262,2065,4327,1958,1841,3799
1304,"THEFT/OTHER","38.936186926","-77.0588812982",0,0,0,2262,2065,4327,1958,1841,3799
1304,"THEFT F/AUTO","38.9338735398","-77.0553039494",0,0,0,2262,2065,4327,1958,1841,3799
1304,"THEFT/OTHER","38.936186926","-77.0588812982",0,0,0,2262,2065,4327,1958,1841,3799
1304,"THEFT F/AUTO","38.9368370506","-77.0557676142",0,0,0,2262,2065,4327,1958,1841,3799
1304,"THEFT/OTHER","38.9348242806","-77.0580805327",0,0,0,2262,2065,4327,1958,1841,3799
1304,"BURGLARY","38.9348242806","-77.0580805327",0,0,0,2262,2065,4327,1958,1841,3799
1304,"THEFT/OTHER","38.9348242806","-77.0580805327",0,0,0,2262,2065,4327,1958,1841,3799
1304,"THEFT/OTHER","38.9348242806","-77.0580805327",0,0,0,2262,2065,4327,1958,1841,3799
1304,"THEFT/OTHER","38.9348242806","-77.0580805327",0,0,0,2262,2065,4327,1958,1841,3799
1304,"THEFT/OTHER","38.936186926","-77.0588812982",0,0,0,2262,2065,4327,1958,1841,3799
1304,"THEFT/OTHER","38.9401764089","-77.0612030661",0,0,0,2262,2065,4327,1958,1841,3799
1304,"THEFT/OTHER","38.9348242806","-77.0580805327",0,0,0,2262,2065,4327,1958,1841,3799
1304,"THEFT/OTHER","38.9348242806","-77.0580805327",0,0,0,2262,2065,4327,1958,1841,3799
1304,"THEFT/OTHER","38.9401764089","-77.0612030661",0,0,0,2262,2065,4327,1958,1841,3799
1304,"THEFT/OTHER","38.9348242806","-77.0580805327",0,0,0,2262,2065,4327,1958,1841,3799
1304,"ROBBERY","38.9368370506","-77.0557676142",0,0,0,2262,2065,4327,1958,1841,3799
1304,"THEFT/OTHER","38.936186926","-77.0588812982",0,0,0,2262,2065,4327,1958,1841,3799
1304,"THEFT/OTHER","38.936186926","-77.0588812982",0,0,0,2262,2065,4327,1958,1841,3799
1304,"THEFT F/AUTO","38.9397733394","-77.0543555352",0,0,0,2262,2065,4327,1958,1841,3799
1304,"THEFT/OTHER","38.936186926","-77.0588812982",0,0,0,2262,2065,4327,1958,1841,3799
1304,"THEFT/OTHER","38.9348242806","-77.0580805327",0,0,0,2262,2065,4327,1958,1841,3799
1304,"THEFT/OTHER","38.9348242806","-77.0580805327",0,0,0,2262,2065,4327,1958,1841,3799
1304,"ASSAULT W/DANGEROUS WEAPON","38.9334947121","-77.0563070797",0,0,0,2262,2065,4327,1958,1841,3799
1304,"THEFT/OTHER","38.9348242806","-77.0580805327",0,0,0,2262,2065,4327,1958,1841,3799
1304,"THEFT/OTHER","38.9368370506","-77.0557676142",0,0,0,2262,2065,4327,1958,1841,3799
1304,"THEFT/OTHER","38.9348242806","-77.0580805327",0,0,0,2262,2065,4327,1958,1841,3799
1304,"THEFT/OTHER","38.936186926","-77.0588812982",0,0,0,2262,2065,4327,1958,1841,3799
1304,"THEFT/OTHER","38.9348242806","-77.0580805327",0,0,0,2262,2065,4327,1958,1841,3799
1304,"THEFT/OTHER","38.9348242806","-77.0580805327",0,0,0,2262,2065,4327,1958,1841,3799
1304,"THEFT/OTHER","38.936186926","-77.0588812982",0,0,0,2262,2065,4327,1958,1841,3799
1304,"THEFT F/AUTO","38.9401764089","-77.0612030661",0,0,0,2262,2065,4327,1958,1841,3799
1304,"THEFT/OTHER","38.9348242806","-77.0580805327",0,0,0,2262,2065,4327,1958,1841,3799
1304,"BURGLARY","38.9368370506","-77.0557676142",0,0,0,2262,2065,4327,1958,1841,3799
1304,"THEFT/OTHER","38.9348242806","-77.0580805327",0,0,0,2262,2065,4327,1958,1841,3799
1304,"MOTOR VEHICLE THEFT","38.9337965489","-77.0574820213",0,0,0,2262,2065,4327,1958,1841,3799
1304,"THEFT F/AUTO","38.9356209856","-77.0556513235",0,0,0,2262,2065,4327,1958,1841,3799
1304,"THEFT/OTHER","38.936186926","-77.0588812982",0,0,0,2262,2065,4327,1958,1841,3799
1304,"THEFT/OTHER","38.936186926","-77.0588812982",0,0,0,2262,2065,4327,1958,1841,3799
1304,"THEFT/OTHER","38.9348242806","-77.0580805327",0,0,0,2262,2065,4327,1958,1841,3799
1304,"THEFT/OTHER","38.9348242806","-77.0580805327",0,0,0,2262,2065,4327,1958,1841,3799
1304,"THEFT/OTHER","38.9348242806","-77.0580805327",0,0,0,2262,2065,4327,1958,1841,3799
1304,"THEFT/OTHER","38.936186926","-77.0588812982",0,0,0,2262,2065,4327,1958,1841,3799
1304,"THEFT/OTHER","38.9334947121","-77.0563070797",0,0,0,2262,2065,4327,1958,1841,3799
1304,"THEFT F/AUTO","38.9368370506","-77.0557676142",0,0,0,2262,2065,4327,1958,1841,3799
1304,"THEFT/OTHER","38.9348242806","-77.0580805327",0,0,0,2262,2065,4327,1958,1841,3799
1304,"THEFT/OTHER","38.9348242806","-77.0580805327",0,0,0,2262,2065,4327,1958,1841,3799
1304,"THEFT/OTHER","38.936186926","-77.0588812982",0,0,0,2262,2065,4327,1958,1841,3799
1304,"THEFT/OTHER","38.9348242806","-77.0580805327",0,0,0,2262,2065,4327,1958,1841,3799
1304,"MOTOR VEHICLE THEFT","38.936186926","-77.0588812982",0,0,0,2262,2065,4327,1958,1841,3799
1304,"THEFT/OTHER","38.936186926","-77.0588812982",0,0,0,2262,2065,4327,1958,1841,3799
1304,"THEFT F/AUTO","38.9356209856","-77.0556513235",0,0,0,2262,2065,4327,1958,1841,3799
1304,"THEFT/OTHER","38.9348242806","-77.0580805327",0,0,0,2262,2065,4327,1958,1841,3799
1304,"THEFT/OTHER","38.9348242806","-77.0580805327",0,0,0,2262,2065,4327,1958,1841,3799
1304,"THEFT/OTHER","38.9348242806","-77.0580805327",0,0,0,2262,2065,4327,1958,1841,3799
1304,"THEFT/OTHER","38.9334947121","-77.0563070797",0,0,0,2262,2065,4327,1958,1841,3799
1304,"THEFT/OTHER","38.9348242806","-77.0580805327",0,0,0,2262,2065,4327,1958,1841,3799
1304,"THEFT F/AUTO","38.9356209856","-77.0556513235",0,0,0,2262,2065,4327,1958,1841,3799
1304,"THEFT/OTHER","38.936186926","-77.0588812982",0,0,0,2262,2065,4327,1958,1841,3799
1304,"THEFT/OTHER","38.9348242806","-77.0580805327",0,0,0,2262,2065,4327,1958,1841,3799
1304,"THEFT/OTHER","38.9348242806","-77.0580805327",0,0,0,2262,2065,4327,1958,1841,3799
1304,"THEFT F/AUTO","38.9397733394","-77.0543555352",0,0,0,2262,2065,4327,1958,1841,3799
1304,"ROBBERY","38.9356209856","-77.0556513235",0,0,0,2262,2065,4327,1958,1841,3799
1304,"BURGLARY","38.936186926","-77.0588812982",0,0,0,2262,2065,4327,1958,1841,3799
1304,"THEFT/OTHER","38.9348242806","-77.0580805327",0,0,0,2262,2065,4327,1958,1841,3799
1304,"THEFT F/AUTO","38.940961679","-77.0581700829",0,0,0,2262,2065,4327,1958,1841,3799
1304,"THEFT F/AUTO","38.9356209856","-77.0556513235",0,0,0,2262,2065,4327,1958,1841,3799
1304,"THEFT F/AUTO","38.936186926","-77.0588812982",0,0,0,2262,2065,4327,1958,1841,3799
1304,"THEFT/OTHER","38.9348242806","-77.0580805327",0,0,0,2262,2065,4327,1958,1841,3799
1304,"THEFT F/AUTO","38.9356209856","-77.0556513235",0,0,0,2262,2065,4327,1958,1841,3799
1304,"THEFT F/AUTO","38.9356209856","-77.0556513235",0,0,0,2262,2065,4327,1958,1841,3799
1304,"THEFT/OTHER","38.9375197619","-77.0596551944",0,0,0,2262,2065,4327,1958,1841,3799
1304,"MOTOR VEHICLE THEFT","38.9375197619","-77.0596551944",0,0,0,2262,2065,4327,1958,1841,3799
1401,"THEFT/OTHER","38.9648986274","-77.0709167992",72,16,88,1482,1239,2721,1351,1150,2501
1401,"THEFT/OTHER","38.9630881165","-77.0706726912",72,16,88,1482,1239,2721,1351,1150,2501
1401,"THEFT/OTHER","38.9658118232","-77.0651367482",72,16,88,1482,1239,2721,1351,1150,2501
1401,"THEFT F/AUTO","38.9635470885","-77.0714116088",72,16,88,1482,1239,2721,1351,1150,2501
1401,"THEFT F/AUTO","38.9667098889","-77.0699147096",72,16,88,1482,1239,2721,1351,1150,2501
1401,"THEFT/OTHER","38.962153774","-77.066379536",72,16,88,1482,1239,2721,1351,1150,2501
1401,"THEFT F/AUTO","38.9630867277","-77.0729342164",72,16,88,1482,1239,2721,1351,1150,2501
1401,"THEFT F/AUTO","38.9686260134","-77.0741861296",72,16,88,1482,1239,2721,1351,1150,2501
1401,"THEFT/OTHER","38.9644454663","-77.0753125628",72,16,88,1482,1239,2721,1351,1150,2501
1401,"ASSAULT W/DANGEROUS WEAPON","38.9653369469","-77.0758327493",72,16,88,1482,1239,2721,1351,1150,2501
1401,"THEFT F/AUTO","38.9644454663","-77.0753125628",72,16,88,1482,1239,2721,1351,1150,2501
1401,"THEFT F/AUTO","38.9658065656","-77.0739754956",72,16,88,1482,1239,2721,1351,1150,2501
1401,"THEFT F/AUTO","38.967284114","-77.0736654741",72,16,88,1482,1239,2721,1351,1150,2501
1401,"THEFT F/AUTO","38.9644454663","-77.0753125628",72,16,88,1482,1239,2721,1351,1150,2501
1401,"THEFT F/AUTO","38.9620716237","-77.0682486537",72,16,88,1482,1239,2721,1351,1150,2501
1401,"MOTOR VEHICLE THEFT","38.9615458832","-77.0736249287",72,16,88,1482,1239,2721,1351,1150,2501
1401,"THEFT F/AUTO","38.9635449749","-77.0747923799",72,16,88,1482,1239,2721,1351,1150,2501
1401,"THEFT F/AUTO","38.9686260134","-77.0741861296",72,16,88,1482,1239,2721,1351,1150,2501
1401,"THEFT F/AUTO","38.9686260134","-77.0741861296",72,16,88,1482,1239,2721,1351,1150,2501
1401,"THEFT F/AUTO","38.9653369469","-77.0758327493",72,16,88,1482,1239,2721,1351,1150,2501
1401,"THEFT F/AUTO","38.9697524512","-77.0735410913",72,16,88,1482,1239,2721,1351,1150,2501
1401,"MOTOR VEHICLE THEFT","38.9686260134","-77.0741861296",72,16,88,1482,1239,2721,1351,1150,2501
1401,"THEFT/OTHER","38.9644454663","-77.0753125628",72,16,88,1482,1239,2721,1351,1150,2501
1401,"THEFT F/AUTO","38.9620690181","-77.0725754896",72,16,88,1482,1239,2721,1351,1150,2501
1401,"THEFT F/AUTO","38.9697536967","-77.071533223",72,16,88,1482,1239,2721,1351,1150,2501
1401,"THEFT F/AUTO","38.9620716237","-77.0682486537",72,16,88,1482,1239,2721,1351,1150,2501
1401,"THEFT F/AUTO","38.9630867277","-77.0729342164",72,16,88,1482,1239,2721,1351,1150,2501
1401,"THEFT F/AUTO","38.9691853513","-77.0728712216",72,16,88,1482,1239,2721,1351,1150,2501
1401,"THEFT/OTHER","38.9676013166","-77.0705617755",72,16,88,1482,1239,2721,1351,1150,2501
1401,"THEFT F/AUTO","38.9639963515","-77.0732697652",72,16,88,1482,1239,2721,1351,1150,2501
1401,"THEFT F/AUTO","38.9630893533","-77.0685957803",72,16,88,1482,1239,2721,1351,1150,2501
1401,"THEFT/OTHER","38.9686260134","-77.0741861296",72,16,88,1482,1239,2721,1351,1150,2501
1401,"MOTOR VEHICLE THEFT","38.9658093397","-77.0694522725",72,16,88,1482,1239,2721,1351,1150,2501
1401,"THEFT/OTHER","38.9644454663","-77.0753125628",72,16,88,1482,1239,2721,1351,1150,2501
1401,"THEFT/OTHER","38.9630881165","-77.0706726912",72,16,88,1482,1239,2721,1351,1150,2501
1401,"THEFT F/AUTO","38.9653369469","-77.0758327493",72,16,88,1482,1239,2721,1351,1150,2501
1401,"THEFT F/AUTO","38.9639963515","-77.0732697652",72,16,88,1482,1239,2721,1351,1150,2501
1401,"MOTOR VEHICLE THEFT","38.9686278713","-77.0711974533",72,16,88,1482,1239,2721,1351,1150,2501
1401,"MOTOR VEHICLE THEFT","38.9643625095","-77.0632892466",72,16,88,1482,1239,2721,1351,1150,2501
1401,"THEFT F/AUTO","38.9658065656","-77.0739754956",72,16,88,1482,1239,2721,1351,1150,2501
1401,"THEFT F/AUTO","38.9615458832","-77.0736249287",72,16,88,1482,1239,2721,1351,1150,2501
1401,"THEFT/OTHER","38.9615458832","-77.0736249287",72,16,88,1482,1239,2721,1351,1150,2501
1401,"THEFT F/AUTO","38.962001238","-77.065306339",72,16,88,1482,1239,2721,1351,1150,2501
1401,"THEFT F/AUTO","38.9615458832","-77.0736249287",72,16,88,1482,1239,2721,1351,1150,2501
1401,"THEFT/OTHER","38.9610166145","-77.0700129674",72,16,88,1482,1239,2721,1351,1150,2501
1401,"BURGLARY","38.9635389038","-77.0700500607",72,16,88,1482,1239,2721,1351,1150,2501
1401,"THEFT F/AUTO","38.9644454663","-77.0753125628",72,16,88,1482,1239,2721,1351,1150,2501
1401,"THEFT/OTHER","38.9653403868","-77.0703287617",72,16,88,1482,1239,2721,1351,1150,2501
1401,"THEFT F/AUTO","38.9630881165","-77.0706726912",72,16,88,1482,1239,2721,1351,1150,2501
1401,"THEFT/OTHER","38.9615458832","-77.0736249287",72,16,88,1482,1239,2721,1351,1150,2501
1401,"THEFT F/AUTO","38.969562672","-77.0744986698",72,16,88,1482,1239,2721,1351,1150,2501
1401,"THEFT F/AUTO","38.9671503721","-77.0714382975",72,16,88,1482,1239,2721,1351,1150,2501
1401,"THEFT/OTHER","38.9625814526","-77.0742259911",72,16,88,1482,1239,2721,1351,1150,2501
1401,"THEFT F/AUTO","38.9652547356","-77.0625284813",72,16,88,1482,1239,2721,1351,1150,2501
1401,"THEFT F/AUTO","38.9676013166","-77.0705617755",72,16,88,1482,1239,2721,1351,1150,2501
1401,"MOTOR VEHICLE THEFT","38.9630867277","-77.0729342164",72,16,88,1482,1239,2721,1351,1150,2501
1401,"THEFT F/AUTO","38.9686260134","-77.0741861296",72,16,88,1482,1239,2721,1351,1150,2501
1401,"MOTOR VEHICLE THEFT","38.9644486606","-77.0701778797",72,16,88,1482,1239,2721,1351,1150,2501
1402,"MOTOR VEHICLE THEFT","38.9553594152","-77.070030485",96,46,142,1506,1302,2808,1284,1117,2401
1402,"THEFT F/AUTO","38.9658052651","-77.0605789004",96,46,142,1506,1302,2808,1284,1117,2401
1402,"MOTOR VEHICLE THEFT","38.9599688495","-77.0587509524",96,46,142,1506,1302,2808,1284,1117,2401
1402,"THEFT F/AUTO","38.9610123646","-77.0615555621",96,46,142,1506,1302,2808,1284,1117,2401
1402,"THEFT/OTHER","38.9553594152","-77.070030485",96,46,142,1506,1302,2808,1284,1117,2401
1402,"THEFT F/AUTO","38.9603142463","-77.0695507594",96,46,142,1506,1302,2808,1284,1117,2401
1402,"ROBBERY","38.9620510095","-77.0562027195",96,46,142,1506,1302,2808,1284,1117,2401
1402,"THEFT/OTHER","38.9649044824","-77.0604973639",96,46,142,1506,1302,2808,1284,1117,2401
1402,"THEFT F/AUTO","38.9566201271","-77.0707701143",96,46,142,1506,1302,2808,1284,1117,2401
1402,"THEFT F/AUTO","38.9566201271","-77.0707701143",96,46,142,1506,1302,2808,1284,1117,2401
1402,"BURGLARY","38.9553594152","-77.070030485",96,46,142,1506,1302,2808,1284,1117,2401
1402,"MOTOR VEHICLE THEFT","38.9599688495","-77.0587509524",96,46,142,1506,1302,2808,1284,1117,2401
1402,"THEFT/OTHER","38.9620845585","-77.0611526498",96,46,142,1506,1302,2808,1284,1117,2401
1402,"THEFT/OTHER","38.9620845585","-77.0611526498",96,46,142,1506,1302,2808,1284,1117,2401
1402,"MOTOR VEHICLE THEFT","38.960663393","-77.0731163447",96,46,142,1506,1302,2808,1284,1117,2401
1402,"THEFT F/AUTO","38.9629028471","-77.0638879456",96,46,142,1506,1302,2808,1284,1117,2401
1402,"THEFT F/AUTO","38.960663393","-77.0731163447",96,46,142,1506,1302,2808,1284,1117,2401
1402,"MOTOR VEHICLE THEFT","38.960663393","-77.0731163447",96,46,142,1506,1302,2808,1284,1117,2401
1402,"THEFT F/AUTO","38.961010459","-77.0650746699",96,46,142,1506,1302,2808,1284,1117,2401
1402,"THEFT F/AUTO","38.9658052651","-77.0605789004",96,46,142,1506,1302,2808,1284,1117,2401
1402,"THEFT F/AUTO","38.9603116726","-77.0737505713",96,46,142,1506,1302,2808,1284,1117,2401
1402,"THEFT/OTHER","38.9577822832","-77.0706212801",96,46,142,1506,1302,2808,1284,1117,2401
1402,"THEFT/OTHER","38.9566201271","-77.0707701143",96,46,142,1506,1302,2808,1284,1117,2401
1402,"THEFT/OTHER","38.9580429333","-77.0715906955",96,46,142,1506,1302,2808,1284,1117,2401
1402,"THEFT/OTHER","38.9553594152","-77.070030485",96,46,142,1506,1302,2808,1284,1117,2401
1402,"THEFT F/AUTO","38.9580429333","-77.0715906955",96,46,142,1506,1302,2808,1284,1117,2401
1402,"THEFT/OTHER","38.9553594152","-77.070030485",96,46,142,1506,1302,2808,1284,1117,2401
1402,"THEFT F/AUTO","38.9577822832","-77.0706212801",96,46,142,1506,1302,2808,1284,1117,2401
1402,"THEFT/OTHER","38.9553594152","-77.070030485",96,46,142,1506,1302,2808,1284,1117,2401
1402,"BURGLARY","38.9583505836","-77.0693180906",96,46,142,1506,1302,2808,1284,1117,2401
1402,"THEFT F/AUTO","38.9610123646","-77.0615555621",96,46,142,1506,1302,2808,1284,1117,2401
1402,"THEFT F/AUTO","38.9571704265","-77.0694438547",96,46,142,1506,1302,2808,1284,1117,2401
1402,"THEFT F/AUTO","38.9649044824","-77.0604973639",96,46,142,1506,1302,2808,1284,1117,2401
1402,"THEFT/OTHER","38.9566201271","-77.0707701143",96,46,142,1506,1302,2808,1284,1117,2401
1402,"THEFT/OTHER","38.9553594152","-77.070030485",96,46,142,1506,1302,2808,1284,1117,2401
1402,"THEFT/OTHER","38.9553594152","-77.070030485",96,46,142,1506,1302,2808,1284,1117,2401
1402,"ASSAULT W/DANGEROUS WEAPON","38.9629028471","-77.0638879456",96,46,142,1506,1302,2808,1284,1117,2401
1402,"MOTOR VEHICLE THEFT","38.9593500807","-77.0700228682",96,46,142,1506,1302,2808,1284,1117,2401
1402,"THEFT F/AUTO","38.9599688495","-77.0587509524",96,46,142,1506,1302,2808,1284,1117,2401
1402,"THEFT F/AUTO","38.961869041","-77.0598371098",96,46,142,1506,1302,2808,1284,1117,2401
1402,"THEFT/OTHER","38.9595495814","-77.0677847256",96,46,142,1506,1302,2808,1284,1117,2401
1402,"THEFT F/AUTO","38.9583505836","-77.0693180906",96,46,142,1506,1302,2808,1284,1117,2401
1402,"THEFT/OTHER","38.9640500133","-77.0579004636",96,46,142,1506,1302,2808,1284,1117,2401
1402,"THEFT F/AUTO","38.9652547356","-77.0625284813",96,46,142,1506,1302,2808,1284,1117,2401
1402,"THEFT F/AUTO","38.9599688495","-77.0587509524",96,46,142,1506,1302,2808,1284,1117,2401
1402,"BURGLARY","38.9584837518","-77.0561768313",96,46,142,1506,1302,2808,1284,1117,2401
1500,"THEFT F/AUTO","38.9681172323","-77.0663850906",367,246,613,2016,1911,3927,1875,1737,3612
1500,"THEFT F/AUTO","38.9768236407","-77.0580147085",367,246,613,2016,1911,3927,1875,1737,3612
1500,"THEFT F/AUTO","38.9734339989","-77.062939561",367,246,613,2016,1911,3927,1875,1737,3612
1500,"MOTOR VEHICLE THEFT","38.9692176322","-77.0638820674",367,246,613,2016,1911,3927,1875,1737,3612
1500,"THEFT F/AUTO","38.9773787598","-77.0644895011",367,246,613,2016,1911,3927,1875,1737,3612
1500,"THEFT/OTHER","38.9611330191","-77.0544020547",367,246,613,2016,1911,3927,1875,1737,3612
1500,"THEFT F/AUTO","38.9743515541","-77.0652830369",367,246,613,2016,1911,3927,1875,1737,3612
1500,"THEFT F/AUTO","38.9731827777","-77.0610352334",367,246,613,2016,1911,3927,1875,1737,3612
1500,"THEFT/OTHER","38.9721551453","-77.0623498982",367,246,613,2016,1911,3927,1875,1737,3612
1500,"THEFT F/AUTO","38.9800945266","-77.0561707871",367,246,613,2016,1911,3927,1875,1737,3612
1500,"THEFT F/AUTO","38.9720137007","-77.0570876051",367,246,613,2016,1911,3927,1875,1737,3612
1500,"THEFT F/AUTO","38.9697624522","-77.0554010376",367,246,613,2016,1911,3927,1875,1737,3612
1500,"THEFT F/AUTO","38.9850137225","-77.0546742118",367,246,613,2016,1911,3927,1875,1737,3612
1500,"MOTOR VEHICLE THEFT","38.9681172323","-77.0663850906",367,246,613,2016,1911,3927,1875,1737,3612
1500,"MOTOR VEHICLE THEFT","38.9760680279","-77.0557983171",367,246,613,2016,1911,3927,1875,1737,3612
1500,"THEFT F/AUTO","38.9720137007","-77.0570876051",367,246,613,2016,1911,3927,1875,1737,3612
1500,"THEFT F/AUTO","38.9686297603","-77.0680241483",367,246,613,2016,1911,3927,1875,1737,3612
1500,"THEFT F/AUTO","38.9734230827","-77.0663900334",367,246,613,2016,1911,3927,1875,1737,3612
1500,"THEFT/OTHER","38.9712704738","-77.0657533431",367,246,613,2016,1911,3927,1875,1737,3612
1500,"THEFT F/AUTO","38.9741841327","-77.0582087429",367,246,613,2016,1911,3927,1875,1737,3612
1500,"THEFT F/AUTO","38.9765540336","-77.0567104035",367,246,613,2016,1911,3927,1875,1737,3612
1500,"THEFT F/AUTO","38.9760680279","-77.0557983171",367,246,613,2016,1911,3927,1875,1737,3612
1500,"THEFT F/AUTO","38.9769059192","-77.0555335385",367,246,613,2016,1911,3927,1875,1737,3612
1500,"THEFT F/AUTO","38.9679479463","-77.063003951",367,246,613,2016,1911,3927,1875,1737,3612
1500,"THEFT F/AUTO","38.9760680279","-77.0557983171",367,246,613,2016,1911,3927,1875,1737,3612
1500,"THEFT F/AUTO","38.9712687076","-77.0688229083",367,246,613,2016,1911,3927,1875,1737,3612
1500,"THEFT F/AUTO","38.96673315","-77.0605104552",367,246,613,2016,1911,3927,1875,1737,3612
1500,"THEFT F/AUTO","38.9743432728","-77.0639674439",367,246,613,2016,1911,3927,1875,1737,3612
1500,"THEFT F/AUTO","38.9765540336","-77.0567104035",367,246,613,2016,1911,3927,1875,1737,3612
1500,"THEFT/OTHER","38.9720397455","-77.0590609402",367,246,613,2016,1911,3927,1875,1737,3612
1500,"THEFT/OTHER","38.9743515541","-77.0652830369",367,246,613,2016,1911,3927,1875,1737,3612
1500,"MOTOR VEHICLE THEFT","38.9741841327","-77.0582087429",367,246,613,2016,1911,3927,1875,1737,3612
1500,"THEFT F/AUTO","38.9662539147","-77.0638909497",367,246,613,2016,1911,3927,1875,1737,3612
1500,"THEFT/OTHER","38.9743432728","-77.0639674439",367,246,613,2016,1911,3927,1875,1737,3612
1500,"THEFT F/AUTO","38.9685189464","-77.0561732026",367,246,613,2016,1911,3927,1875,1737,3612
1500,"MOTOR VEHICLE THEFT","38.9754625271","-77.0597446609",367,246,613,2016,1911,3927,1875,1737,3612
1500,"THEFT F/AUTO","38.967247578","-77.058630023",367,246,613,2016,1911,3927,1875,1737,3612
1500,"THEFT F/AUTO","38.972052165","-77.0692621794",367,246,613,2016,1911,3927,1875,1737,3612
1500,"THEFT F/AUTO","38.9814016065","-77.054290575",367,246,613,2016,1911,3927,1875,1737,3612
1500,"THEFT F/AUTO","38.9685189464","-77.0561732026",367,246,613,2016,1911,3927,1875,1737,3612
1500,"THEFT F/AUTO","38.9662602423","-77.0686219101",367,246,613,2016,1911,3927,1875,1737,3612
1500,"MOTOR VEHICLE THEFT","38.9755918492","-77.0530974849",367,246,613,2016,1911,3927,1875,1737,3612
1500,"THEFT F/AUTO","38.9697560042","-77.06765596",367,246,613,2016,1911,3927,1875,1737,3612
1500,"THEFT F/AUTO","38.9671623588","-77.0663842011",367,246,613,2016,1911,3927,1875,1737,3612
1500,"THEFT F/AUTO","38.9720137007","-77.0570876051",367,246,613,2016,1911,3927,1875,1737,3612
1500,"THEFT F/AUTO","38.9691304272","-77.0583777058",367,246,613,2016,1911,3927,1875,1737,3612
1500,"MOTOR VEHICLE THEFT","38.9747782826","-77.0589939682",367,246,613,2016,1911,3927,1875,1737,3612
1500,"THEFT/OTHER","38.9720455371","-77.0651193665",367,246,613,2016,1911,3927,1875,1737,3612
1500,"THEFT F/AUTO","38.9710918522","-77.0629490321",367,246,613,2016,1911,3927,1875,1737,3612
1500,"THEFT F/AUTO","38.9676044635","-77.0651383867",367,246,613,2016,1911,3927,1875,1737,3612
1500,"THEFT F/AUTO","38.9761299558","-77.0581180084",367,246,613,2016,1911,3927,1875,1737,3612
1500,"THEFT F/AUTO","38.9712687076","-77.0688229083",367,246,613,2016,1911,3927,1875,1737,3612
1500,"THEFT F/AUTO","38.9705141373","-77.0651179671",367,246,613,2016,1911,3927,1875,1737,3612
1500,"THEFT F/AUTO","38.9752610225","-77.0659301309",367,246,613,2016,1911,3927,1875,1737,3612
1500,"THEFT F/AUTO","38.9734230827","-77.0663900334",367,246,613,2016,1911,3927,1875,1737,3612
1500,"THEFT F/AUTO","38.9741841327","-77.0582087429",367,246,613,2016,1911,3927,1875,1737,3612
1500,"THEFT F/AUTO","38.9667140341","-77.0625989956",367,246,613,2016,1911,3927,1875,1737,3612
1500,"THEFT F/AUTO","38.9705073324","-77.061032942",367,246,613,2016,1911,3927,1875,1737,3612
1500,"THEFT F/AUTO","38.9658118232","-77.0651367482",367,246,613,2016,1911,3927,1875,1737,3612
1500,"THEFT F/AUTO","38.9850137225","-77.0546742118",367,246,613,2016,1911,3927,1875,1737,3612
1500,"THEFT F/AUTO","38.9712687076","-77.0688229083",367,246,613,2016,1911,3927,1875,1737,3612
1500,"THEFT F/AUTO","38.9712687076","-77.0688229083",367,246,613,2016,1911,3927,1875,1737,3612
1500,"THEFT F/AUTO","38.9747782826","-77.0589939682",367,246,613,2016,1911,3927,1875,1737,3612
1500,"MOTOR VEHICLE THEFT","38.972052165","-77.0692621794",367,246,613,2016,1911,3927,1875,1737,3612
1500,"THEFT F/AUTO","38.9717091704","-77.0533830868",367,246,613,2016,1911,3927,1875,1737,3612
1500,"THEFT F/AUTO","38.9805247803","-77.0604644614",367,246,613,2016,1911,3927,1875,1737,3612
1500,"THEFT F/AUTO","38.967247578","-77.058630023",367,246,613,2016,1911,3927,1875,1737,3612
1500,"THEFT F/AUTO","38.9768661335","-77.0629425925",367,246,613,2016,1911,3927,1875,1737,3612
1500,"THEFT F/AUTO","38.9705141373","-77.0651179671",367,246,613,2016,1911,3927,1875,1737,3612
1500,"THEFT F/AUTO","38.9779692866","-77.0546918882",367,246,613,2016,1911,3927,1875,1737,3612
1500,"THEFT F/AUTO","38.9705301815","-77.0685683238",367,246,613,2016,1911,3927,1875,1737,3612
1500,"THEFT F/AUTO","38.9661142727","-77.0550635738",367,246,613,2016,1911,3927,1875,1737,3612
1500,"THEFT F/AUTO","38.9800945266","-77.0561707871",367,246,613,2016,1911,3927,1875,1737,3612
1500,"THEFT F/AUTO","38.9720397455","-77.0590609402",367,246,613,2016,1911,3927,1875,1737,3612
1500,"THEFT F/AUTO","38.9747782826","-77.0589939682",367,246,613,2016,1911,3927,1875,1737,3612
1500,"THEFT F/AUTO","38.9705286129","-77.0544207668",367,246,613,2016,1911,3927,1875,1737,3612
1500,"THEFT F/AUTO","38.9686297603","-77.0680241483",367,246,613,2016,1911,3927,1875,1737,3612
1500,"THEFT F/AUTO","38.9701440859","-77.0663869787",367,246,613,2016,1911,3927,1875,1737,3612
1500,"THEFT F/AUTO","38.9750456612","-77.0644296879",367,246,613,2016,1911,3927,1875,1737,3612
1500,"THEFT F/AUTO","38.9747782826","-77.0589939682",367,246,613,2016,1911,3927,1875,1737,3612
1500,"MOTOR VEHICLE THEFT","38.9686314028","-77.0651393253",367,246,613,2016,1911,3927,1875,1737,3612
1600,"THEFT F/AUTO","38.9827431384","-77.0316585556",102,101,203,1786,1714,3500,1413,1345,2758
1600,"THEFT F/AUTO","38.9844739719","-77.0266155312",102,101,203,1786,1714,3500,1413,1345,2758
1600,"THEFT F/AUTO","38.9832122167","-77.0291542244",102,101,203,1786,1714,3500,1413,1345,2758
1600,"THEFT F/AUTO","38.9844739719","-77.0266155312",102,101,203,1786,1714,3500,1413,1345,2758
1600,"THEFT/OTHER","38.9840415513","-77.0267307876",102,101,203,1786,1714,3500,1413,1345,2758
1600,"THEFT F/AUTO","38.978093888","-77.0351879833",102,101,203,1786,1714,3500,1413,1345,2758
1600,"THEFT F/AUTO","38.9832937093","-77.0274230072",102,101,203,1786,1714,3500,1413,1345,2758
1600,"THEFT/OTHER","38.9844739719","-77.0266155312",102,101,203,1786,1714,3500,1413,1345,2758
1600,"THEFT/OTHER","38.9844739719","-77.0266155312",102,101,203,1786,1714,3500,1413,1345,2758
1600,"THEFT F/AUTO","38.9828849715","-77.0392414525",102,101,203,1786,1714,3500,1413,1345,2758
1600,"MOTOR VEHICLE THEFT","38.9819961991","-77.0287844001",102,101,203,1786,1714,3500,1413,1345,2758
1600,"THEFT F/AUTO","38.9931810957","-77.0399974367",102,101,203,1786,1714,3500,1413,1345,2758
1600,"THEFT F/AUTO","38.9858110694","-77.0436752223",102,101,203,1786,1714,3500,1413,1345,2758
1600,"THEFT F/AUTO","38.9878411579","-77.0339000479",102,101,203,1786,1714,3500,1413,1345,2758
1600,"THEFT F/AUTO","38.9793842021","-77.0271675998",102,101,203,1786,1714,3500,1413,1345,2758
1600,"THEFT F/AUTO","38.983500346","-77.0296852607",102,101,203,1786,1714,3500,1413,1345,2758
1600,"THEFT F/AUTO","38.9844739719","-77.0266155312",102,101,203,1786,1714,3500,1413,1345,2758
1600,"MOTOR VEHICLE THEFT","38.9892511917","-77.0463090523",102,101,203,1786,1714,3500,1413,1345,2758
1600,"THEFT/OTHER","38.9917587663","-77.0370647055",102,101,203,1786,1714,3500,1413,1345,2758
1600,"THEFT F/AUTO","38.9899216781","-77.0351707397",102,101,203,1786,1714,3500,1413,1345,2758
1600,"THEFT F/AUTO","38.9823840793","-77.0265570429",102,101,203,1786,1714,3500,1413,1345,2758
1600,"THEFT/OTHER","38.9844739719","-77.0266155312",102,101,203,1786,1714,3500,1413,1345,2758
1600,"THEFT F/AUTO","38.9935597789","-77.0389933793",102,101,203,1786,1714,3500,1413,1345,2758
1600,"THEFT F/AUTO","38.9788438728","-77.0264518549",102,101,203,1786,1714,3500,1413,1345,2758
1600,"THEFT F/AUTO","38.9844739719","-77.0266155312",102,101,203,1786,1714,3500,1413,1345,2758
1600,"MOTOR VEHICLE THEFT","38.9836897859","-77.0286119583",102,101,203,1786,1714,3500,1413,1345,2758
1600,"THEFT F/AUTO","38.9879749427","-77.0382400647",102,101,203,1786,1714,3500,1413,1345,2758
1600,"THEFT F/AUTO","38.9849037473","-77.0363455396",102,101,203,1786,1714,3500,1413,1345,2758
1600,"THEFT F/AUTO","38.9849730452","-77.0443672252",102,101,203,1786,1714,3500,1413,1345,2758
1600,"THEFT/OTHER","38.9844739719","-77.0266155312",102,101,203,1786,1714,3500,1413,1345,2758
1600,"THEFT F/AUTO","38.9813467517","-77.0320734239",102,101,203,1786,1714,3500,1413,1345,2758
1600,"BURGLARY","38.9899216781","-77.0351707397",102,101,203,1786,1714,3500,1413,1345,2758
1600,"ROBBERY","38.9798794858","-77.0278833379",102,101,203,1786,1714,3500,1413,1345,2758
1600,"THEFT/OTHER","38.9844739719","-77.0266155312",102,101,203,1786,1714,3500,1413,1345,2758
1600,"THEFT/OTHER","38.9853766753","-77.0348763679",102,101,203,1786,1714,3500,1413,1345,2758
1600,"THEFT F/AUTO","38.9870629058","-77.0444839494",102,101,203,1786,1714,3500,1413,1345,2758
1600,"THEFT F/AUTO","38.9849730452","-77.0443672252",102,101,203,1786,1714,3500,1413,1345,2758
1600,"THEFT/OTHER","38.9817444986","-77.0265452631",102,101,203,1786,1714,3500,1413,1345,2758
1600,"THEFT F/AUTO","38.9793838156","-77.0287833448",102,101,203,1786,1714,3500,1413,1345,2758
1600,"THEFT F/AUTO","38.9853726205","-77.0348799439",102,101,203,1786,1714,3500,1413,1345,2758
1600,"THEFT F/AUTO","38.9809218846","-77.0370821508",102,101,203,1786,1714,3500,1413,1345,2758
1600,"THEFT F/AUTO","38.9822744897","-77.0324662527",102,101,203,1786,1714,3500,1413,1345,2758
1600,"THEFT F/AUTO","38.9851584174","-77.027389099",102,101,203,1786,1714,3500,1413,1345,2758
1600,"THEFT F/AUTO","38.9817443448","-77.0272146654",102,101,203,1786,1714,3500,1413,1345,2758
1600,"THEFT F/AUTO","38.9767248917","-77.0343333024",102,101,203,1786,1714,3500,1413,1345,2758
1600,"THEFT/OTHER","38.9788438728","-77.0264518549",102,101,203,1786,1714,3500,1413,1345,2758
1600,"THEFT F/AUTO","38.9844739719","-77.0266155312",102,101,203,1786,1714,3500,1413,1345,2758
1600,"THEFT F/AUTO","38.9851584174","-77.027389099",102,101,203,1786,1714,3500,1413,1345,2758
1600,"THEFT/OTHER","38.9886414513","-77.0385405284",102,101,203,1786,1714,3500,1413,1345,2758
1600,"THEFT/OTHER","38.9823840793","-77.0265570429",102,101,203,1786,1714,3500,1413,1345,2758
1600,"THEFT F/AUTO","38.9788438728","-77.0264518549",102,101,203,1786,1714,3500,1413,1345,2758
1600,"MOTOR VEHICLE THEFT","38.9783558693","-77.0326260394",102,101,203,1786,1714,3500,1413,1345,2758
1600,"MOTOR VEHICLE THEFT","38.9804112928","-77.0264986016",102,101,203,1786,1714,3500,1413,1345,2758
1600,"THEFT F/AUTO","38.9883877323","-77.0428226572",102,101,203,1786,1714,3500,1413,1345,2758
1600,"THEFT F/AUTO","38.9813117954","-77.0278723571",102,101,203,1786,1714,3500,1413,1345,2758
1600,"BURGLARY","38.9844739719","-77.0266155312",102,101,203,1786,1714,3500,1413,1345,2758
1600,"SEX ABUSE","38.9902523709","-77.0429853771",102,101,203,1786,1714,3500,1413,1345,2758
1600,"THEFT F/AUTO","38.9838963996","-77.0308742278",102,101,203,1786,1714,3500,1413,1345,2758
1600,"THEFT F/AUTO","38.9901185353","-77.0393262363",102,101,203,1786,1714,3500,1413,1345,2758
1600,"THEFT F/AUTO","38.9844739719","-77.0266155312",102,101,203,1786,1714,3500,1413,1345,2758
1600,"THEFT/OTHER","38.9844739719","-77.0266155312",102,101,203,1786,1714,3500,1413,1345,2758
1600,"THEFT F/AUTO","38.9798790427","-77.029683752",102,101,203,1786,1714,3500,1413,1345,2758
1600,"THEFT F/AUTO","38.9844739719","-77.0266155312",102,101,203,1786,1714,3500,1413,1345,2758
1600,"THEFT F/AUTO","38.9886875958","-77.0350316199",102,101,203,1786,1714,3500,1413,1345,2758
1600,"THEFT F/AUTO","38.9899216781","-77.0351707397",102,101,203,1786,1714,3500,1413,1345,2758
1600,"MOTOR VEHICLE THEFT","38.9896582769","-77.0417499496",102,101,203,1786,1714,3500,1413,1345,2758
1600,"THEFT F/AUTO","38.9841384956","-77.0348793398",102,101,203,1786,1714,3500,1413,1345,2758
1600,"THEFT/OTHER","38.9840415513","-77.0267307876",102,101,203,1786,1714,3500,1413,1345,2758
1600,"THEFT F/AUTO","38.9844739719","-77.0266155312",102,101,203,1786,1714,3500,1413,1345,2758
1600,"THEFT/OTHER","38.9798794858","-77.0278833379",102,101,203,1786,1714,3500,1413,1345,2758
1600,"THEFT F/AUTO","38.9788438728","-77.0264518549",102,101,203,1786,1714,3500,1413,1345,2758
1600,"THEFT/OTHER","38.9922356661","-77.0387156197",102,101,203,1786,1714,3500,1413,1345,2758
1600,"THEFT F/AUTO","38.9844739719","-77.0266155312",102,101,203,1786,1714,3500,1413,1345,2758
1600,"THEFT F/AUTO","38.9813459455","-77.0348895141",102,101,203,1786,1714,3500,1413,1345,2758
1600,"THEFT F/AUTO","38.9860207653","-77.0363461095",102,101,203,1786,1714,3500,1413,1345,2758
1600,"THEFT/OTHER","38.9844739719","-77.0266155312",102,101,203,1786,1714,3500,1413,1345,2758
1600,"THEFT F/AUTO","38.9886414513","-77.0385405284",102,101,203,1786,1714,3500,1413,1345,2758
1600,"THEFT F/AUTO","38.9870041463","-77.0311987581",102,101,203,1786,1714,3500,1413,1345,2758
1600,"THEFT F/AUTO","38.9811764541","-77.0287725276",102,101,203,1786,1714,3500,1413,1345,2758
1600,"THEFT/OTHER","38.9851584174","-77.027389099",102,101,203,1786,1714,3500,1413,1345,2758
1600,"MOTOR VEHICLE THEFT","38.9793838156","-77.0287833448",102,101,203,1786,1714,3500,1413,1345,2758
1600,"THEFT/OTHER","38.9817444986","-77.0265452631",102,101,203,1786,1714,3500,1413,1345,2758
1600,"THEFT/OTHER","38.9844739719","-77.0266155312",102,101,203,1786,1714,3500,1413,1345,2758
1600,"THEFT F/AUTO","38.9803738957","-77.031957574",102,101,203,1786,1714,3500,1413,1345,2758
1600,"THEFT F/AUTO","38.9804112928","-77.0264986016",102,101,203,1786,1714,3500,1413,1345,2758
1600,"THEFT/OTHER","38.9851584174","-77.027389099",102,101,203,1786,1714,3500,1413,1345,2758
1600,"THEFT F/AUTO","38.9832937093","-77.0274230072",102,101,203,1786,1714,3500,1413,1345,2758
1600,"THEFT F/AUTO","38.9803747198","-77.0287837451",102,101,203,1786,1714,3500,1413,1345,2758
1600,"THEFT F/AUTO","38.9844739719","-77.0266155312",102,101,203,1786,1714,3500,1413,1345,2758
1600,"THEFT F/AUTO","38.9865353932","-77.0323989411",102,101,203,1786,1714,3500,1413,1345,2758
1600,"THEFT F/AUTO","38.9893814125","-77.0344086576",102,101,203,1786,1714,3500,1413,1345,2758
1600,"THEFT F/AUTO","38.9853726205","-77.0348799439",102,101,203,1786,1714,3500,1413,1345,2758
1600,"THEFT F/AUTO","38.9786811743","-77.028783061",102,101,203,1786,1714,3500,1413,1345,2758
1600,"THEFT F/AUTO","38.9822737953","-77.0348784269",102,101,203,1786,1714,3500,1413,1345,2758
1600,"THEFT F/AUTO","38.9868144733","-77.0330223491",102,101,203,1786,1714,3500,1413,1345,2758
1600,"THEFT F/AUTO","38.9885083895","-77.0316726599",102,101,203,1786,1714,3500,1413,1345,2758
1600,"THEFT F/AUTO","38.9886414513","-77.0385405284",102,101,203,1786,1714,3500,1413,1345,2758
1600,"THEFT F/AUTO","38.9851584174","-77.027389099",102,101,203,1786,1714,3500,1413,1345,2758
1600,"THEFT/OTHER","38.9840415513","-77.0267307876",102,101,203,1786,1714,3500,1413,1345,2758
1600,"THEFT F/AUTO","38.9832937093","-77.0274230072",102,101,203,1786,1714,3500,1413,1345,2758
1600,"THEFT F/AUTO","38.9827431384","-77.0316585556",102,101,203,1786,1714,3500,1413,1345,2758
1600,"MOTOR VEHICLE THEFT","38.979032713","-77.0278830066",102,101,203,1786,1714,3500,1413,1345,2758
1600,"THEFT F/AUTO","38.9899216781","-77.0351707397",102,101,203,1786,1714,3500,1413,1345,2758
1600,"ROBBERY","38.9813117954","-77.0278723571",102,101,203,1786,1714,3500,1413,1345,2758
1600,"MOTOR VEHICLE THEFT","38.9878411579","-77.0339000479",102,101,203,1786,1714,3500,1413,1345,2758
1600,"THEFT/OTHER","38.9844739719","-77.0266155312",102,101,203,1786,1714,3500,1413,1345,2758
1600,"MOTOR VEHICLE THEFT","38.9804112928","-77.0264986016",102,101,203,1786,1714,3500,1413,1345,2758
1600,"THEFT F/AUTO","38.9913432087","-77.0406197255",102,101,203,1786,1714,3500,1413,1345,2758
1600,"THEFT F/AUTO","38.9827417762","-77.0363444368",102,101,203,1786,1714,3500,1413,1345,2758
1600,"BURGLARY","38.9902523709","-77.0429853771",102,101,203,1786,1714,3500,1413,1345,2758
1600,"MOTOR VEHICLE THEFT","38.9827426504","-77.0334128757",102,101,203,1786,1714,3500,1413,1345,2758
1600,"THEFT F/AUTO","38.9884315545","-77.0460314994",102,101,203,1786,1714,3500,1413,1345,2758
1600,"THEFT F/AUTO","38.9844739719","-77.0266155312",102,101,203,1786,1714,3500,1413,1345,2758
1600,"THEFT F/AUTO","38.9803738957","-77.031957574",102,101,203,1786,1714,3500,1413,1345,2758
1600,"THEFT F/AUTO","38.9811764541","-77.0287725276",102,101,203,1786,1714,3500,1413,1345,2758
1600,"THEFT F/AUTO","38.9828849715","-77.0392414525",102,101,203,1786,1714,3500,1413,1345,2758
1600,"THEFT F/AUTO","38.9804112928","-77.0264986016",102,101,203,1786,1714,3500,1413,1345,2758
1600,"THEFT F/AUTO","38.978688671","-77.0343804123",102,101,203,1786,1714,3500,1413,1345,2758
1600,"THEFT F/AUTO","38.9832937093","-77.0274230072",102,101,203,1786,1714,3500,1413,1345,2758
1600,"THEFT F/AUTO","38.9858110694","-77.0436752223",102,101,203,1786,1714,3500,1413,1345,2758
1600,"THEFT F/AUTO","38.9905074885","-77.0342360589",102,101,203,1786,1714,3500,1413,1345,2758
1600,"THEFT F/AUTO","38.9894685467","-77.0432850137",102,101,203,1786,1714,3500,1413,1345,2758
1600,"MOTOR VEHICLE THEFT","38.9788438728","-77.0264518549",102,101,203,1786,1714,3500,1413,1345,2758
1600,"THEFT F/AUTO","38.9844739719","-77.0266155312",102,101,203,1786,1714,3500,1413,1345,2758
1600,"MOTOR VEHICLE THEFT","38.9935597789","-77.0389933793",102,101,203,1786,1714,3500,1413,1345,2758
1600,"THEFT F/AUTO","38.9881451925","-77.040918006",102,101,203,1786,1714,3500,1413,1345,2758
1600,"THEFT F/AUTO","38.9767248917","-77.0343333024",102,101,203,1786,1714,3500,1413,1345,2758
1600,"MOTOR VEHICLE THEFT","38.984472545","-77.0322825845",102,101,203,1786,1714,3500,1413,1345,2758
1600,"THEFT/OTHER","38.9823840793","-77.0265570429",102,101,203,1786,1714,3500,1413,1345,2758
1600,"THEFT/OTHER","38.9844739719","-77.0266155312",102,101,203,1786,1714,3500,1413,1345,2758
1600,"THEFT F/AUTO","38.977978922","-77.0271555232",102,101,203,1786,1714,3500,1413,1345,2758
1600,"THEFT F/AUTO","38.9899216781","-77.0351707397",102,101,203,1786,1714,3500,1413,1345,2758
1600,"THEFT F/AUTO","38.9844739719","-77.0266155312",102,101,203,1786,1714,3500,1413,1345,2758
1600,"THEFT/OTHER","38.9840415513","-77.0267307876",102,101,203,1786,1714,3500,1413,1345,2758
1600,"THEFT F/AUTO","38.9786801039","-77.0328454654",102,101,203,1786,1714,3500,1413,1345,2758
1600,"THEFT/OTHER","38.9817444986","-77.0265452631",102,101,203,1786,1714,3500,1413,1345,2758
1600,"THEFT/OTHER","38.983500346","-77.0296852607",102,101,203,1786,1714,3500,1413,1345,2758
1600,"THEFT/OTHER","38.9844739719","-77.0266155312",102,101,203,1786,1714,3500,1413,1345,2758
1600,"THEFT/OTHER","38.9922356661","-77.0387156197",102,101,203,1786,1714,3500,1413,1345,2758
1600,"THEFT F/AUTO","38.9899216781","-77.0351707397",102,101,203,1786,1714,3500,1413,1345,2758
1600,"MOTOR VEHICLE THEFT","38.9859921135","-77.0412514906",102,101,203,1786,1714,3500,1413,1345,2758
1600,"THEFT F/AUTO","38.9915139991","-77.0416586931",102,101,203,1786,1714,3500,1413,1345,2758
1600,"THEFT/OTHER","38.9844739719","-77.0266155312",102,101,203,1786,1714,3500,1413,1345,2758
1600,"THEFT F/AUTO","38.9793923608","-77.0306068323",102,101,203,1786,1714,3500,1413,1345,2758
1600,"THEFT F/AUTO","38.9844739719","-77.0266155312",102,101,203,1786,1714,3500,1413,1345,2758
1600,"THEFT F/AUTO","38.9790312611","-77.0334226763",102,101,203,1786,1714,3500,1413,1345,2758
1600,"THEFT F/AUTO","38.9847250939","-77.0311054249",102,101,203,1786,1714,3500,1413,1345,2758
1600,"THEFT F/AUTO","38.9844739719","-77.0266155312",102,101,203,1786,1714,3500,1413,1345,2758
1600,"THEFT F/AUTO","38.9822749938","-77.0305965291",102,101,203,1786,1714,3500,1413,1345,2758
1600,"THEFT/OTHER","38.9844739719","-77.0266155312",102,101,203,1786,1714,3500,1413,1345,2758
1600,"THEFT/OTHER","38.9844739719","-77.0266155312",102,101,203,1786,1714,3500,1413,1345,2758
1600,"THEFT/OTHER","38.9885762094","-77.0446811173",102,101,203,1786,1714,3500,1413,1345,2758
1600,"THEFT/OTHER","38.9849037473","-77.0363455396",102,101,203,1786,1714,3500,1413,1345,2758
1600,"THEFT F/AUTO","38.9840415513","-77.0267307876",102,101,203,1786,1714,3500,1413,1345,2758
1600,"MOTOR VEHICLE THEFT","38.9828849715","-77.0392414525",102,101,203,1786,1714,3500,1413,1345,2758
1600,"THEFT F/AUTO","38.9844739719","-77.0266155312",102,101,203,1786,1714,3500,1413,1345,2758
1600,"THEFT F/AUTO","38.987481803","-77.0303563758",102,101,203,1786,1714,3500,1413,1345,2758
1600,"THEFT F/AUTO","38.9793923608","-77.0306068323",102,101,203,1786,1714,3500,1413,1345,2758
1600,"THEFT F/AUTO","38.9827417762","-77.0363444368",102,101,203,1786,1714,3500,1413,1345,2758
1600,"MOTOR VEHICLE THEFT","38.9864461961","-77.0290285838",102,101,203,1786,1714,3500,1413,1345,2758
1600,"THEFT F/AUTO","38.9818148009","-77.033423982",102,101,203,1786,1714,3500,1413,1345,2758
1600,"BURGLARY","38.979032713","-77.0278830066",102,101,203,1786,1714,3500,1413,1345,2758
1600,"BURGLARY","38.9869831299","-77.0409288809",102,101,203,1786,1714,3500,1413,1345,2758
1600,"THEFT F/AUTO","38.9855806342","-77.0319945356",102,101,203,1786,1714,3500,1413,1345,2758
1600,"THEFT F/AUTO","38.9844739719","-77.0266155312",102,101,203,1786,1714,3500,1413,1345,2758
1600,"THEFT F/AUTO","38.9817793864","-77.0311849289",102,101,203,1786,1714,3500,1413,1345,2758
1600,"THEFT F/AUTO","38.9879749427","-77.0382400647",102,101,203,1786,1714,3500,1413,1345,2758
1600,"THEFT F/AUTO","38.9786811743","-77.028783061",102,101,203,1786,1714,3500,1413,1345,2758
1600,"MOTOR VEHICLE THEFT","38.98327589","-77.026568917",102,101,203,1786,1714,3500,1413,1345,2758
1600,"THEFT F/AUTO","38.9851584174","-77.027389099",102,101,203,1786,1714,3500,1413,1345,2758
1600,"THEFT F/AUTO","38.9870041463","-77.0311987581",102,101,203,1786,1714,3500,1413,1345,2758
1600,"THEFT F/AUTO","38.9788438728","-77.0264518549",102,101,203,1786,1714,3500,1413,1345,2758
1600,"THEFT F/AUTO","38.9767248917","-77.0343333024",102,101,203,1786,1714,3500,1413,1345,2758
1600,"THEFT F/AUTO","38.9844739719","-77.0266155312",102,101,203,1786,1714,3500,1413,1345,2758
1600,"THEFT F/AUTO","38.9928470594","-77.0420865717",102,101,203,1786,1714,3500,1413,1345,2758
1600,"THEFT F/AUTO","38.9840415513","-77.0267307876",102,101,203,1786,1714,3500,1413,1345,2758
1600,"THEFT/OTHER","38.9840415513","-77.0267307876",102,101,203,1786,1714,3500,1413,1345,2758
1600,"THEFT/OTHER","38.9840415513","-77.0267307876",102,101,203,1786,1714,3500,1413,1345,2758
1600,"THEFT F/AUTO","38.9793923608","-77.0306068323",102,101,203,1786,1714,3500,1413,1345,2758
1600,"THEFT F/AUTO","38.9844739719","-77.0266155312",102,101,203,1786,1714,3500,1413,1345,2758
1600,"MOTOR VEHICLE THEFT","38.9803820662","-77.0348890421",102,101,203,1786,1714,3500,1413,1345,2758
1600,"THEFT/OTHER","38.9859412696","-77.0308520297",102,101,203,1786,1714,3500,1413,1345,2758
1702,"MOTOR VEHICLE THEFT","38.9749630613","-77.017148916",57,40,97,1724,1294,3018,1239,840,2079
1702,"THEFT F/AUTO","38.974837325","-77.0143330525",57,40,97,1724,1294,3018,1239,840,2079
1702,"THEFT F/AUTO","38.9715046302","-77.0111012493",57,40,97,1724,1294,3018,1239,840,2079
1702,"THEFT/OTHER","38.974837325","-77.0143330525",57,40,97,1724,1294,3018,1239,840,2079
1702,"THEFT/OTHER","38.974837325","-77.0143330525",57,40,97,1724,1294,3018,1239,840,2079
1702,"THEFT F/AUTO","38.9729721084","-77.0180370167",57,40,97,1724,1294,3018,1239,840,2079
1702,"THEFT F/AUTO","38.9734498593","-77.0158676035",57,40,97,1724,1294,3018,1239,840,2079
1702,"ASSAULT W/DANGEROUS WEAPON","38.9761518452","-77.0190995488",57,40,97,1724,1294,3018,1239,840,2079
1702,"THEFT F/AUTO","38.9743149625","-77.0133635693",57,40,97,1724,1294,3018,1239,840,2079
1702,"THEFT F/AUTO","38.9736025368","-77.0189719244",57,40,97,1724,1294,3018,1239,840,2079
1702,"THEFT F/AUTO","38.974837325","-77.0143330525",57,40,97,1724,1294,3018,1239,840,2079
1702,"THEFT F/AUTO","38.9743597766","-77.0152215536",57,40,97,1724,1294,3018,1239,840,2079
1702,"THEFT F/AUTO","38.9719907008","-77.0145171174",57,40,97,1724,1294,3018,1239,840,2079
1702,"MOTOR VEHICLE THEFT","38.9747377093","-77.0181182456",57,40,97,1724,1294,3018,1239,840,2079
1702,"THEFT F/AUTO","38.974837325","-77.0143330525",57,40,97,1724,1294,3018,1239,840,2079
1702,"MOTOR VEHICLE THEFT","38.9699731134","-77.0122665015",57,40,97,1724,1294,3018,1239,840,2079
1702,"ROBBERY","38.9749452644","-77.0155794285",57,40,97,1724,1294,3018,1239,840,2079
1702,"THEFT F/AUTO","38.9705931691","-77.0224560863",57,40,97,1724,1294,3018,1239,840,2079
1702,"THEFT F/AUTO","38.974837325","-77.0143330525",57,40,97,1724,1294,3018,1239,840,2079
1702,"THEFT F/AUTO","38.9695135262","-77.0137665493",57,40,97,1724,1294,3018,1239,840,2079
1702,"THEFT F/AUTO","38.9723416623","-77.0171713649",57,40,97,1724,1294,3018,1239,840,2079
1702,"THEFT/OTHER","38.974837325","-77.0143330525",57,40,97,1724,1294,3018,1239,840,2079
1702,"ROBBERY","38.9729802027","-77.0232184785",57,40,97,1724,1294,3018,1239,840,2079
1702,"MOTOR VEHICLE THEFT","38.9723239649","-77.0148403023",57,40,97,1724,1294,3018,1239,840,2079
1702,"MOTOR VEHICLE THEFT","38.9735401069","-77.0145982137",57,40,97,1724,1294,3018,1239,840,2079
1702,"THEFT F/AUTO","38.9729721084","-77.0180370167",57,40,97,1724,1294,3018,1239,840,2079
1702,"THEFT/OTHER","38.974837325","-77.0143330525",57,40,97,1724,1294,3018,1239,840,2079
1702,"THEFT F/AUTO","38.9747821586","-77.0216034248",57,40,97,1724,1294,3018,1239,840,2079
1702,"THEFT/OTHER","38.974837325","-77.0143330525",57,40,97,1724,1294,3018,1239,840,2079
1702,"THEFT F/AUTO","38.9749452644","-77.0155794285",57,40,97,1724,1294,3018,1239,840,2079
1702,"THEFT/OTHER","38.9761518452","-77.0190995488",57,40,97,1724,1294,3018,1239,840,2079
1702,"THEFT F/AUTO","38.9749452644","-77.0155794285",57,40,97,1724,1294,3018,1239,840,2079
1702,"ROBBERY","38.9699729893","-77.0133973737",57,40,97,1724,1294,3018,1239,840,2079
1702,"THEFT/OTHER","38.974837325","-77.0143330525",57,40,97,1724,1294,3018,1239,840,2079
1702,"MOTOR VEHICLE THEFT","38.9720631973","-77.0104897242",57,40,97,1724,1294,3018,1239,840,2079
1702,"THEFT/OTHER","38.9747735899","-77.0190760988",57,40,97,1724,1294,3018,1239,840,2079
1702,"THEFT/OTHER","38.9752870628","-77.0190531555",57,40,97,1724,1294,3018,1239,840,2079
1702,"THEFT/OTHER","38.9671355776","-77.0116775214",57,40,97,1724,1294,3018,1239,840,2079
1702,"THEFT/OTHER","38.974837325","-77.0143330525",57,40,97,1724,1294,3018,1239,840,2079
1702,"THEFT/OTHER","38.9761518452","-77.0190995488",57,40,97,1724,1294,3018,1239,840,2079
1702,"THEFT/OTHER","38.9749452644","-77.0155794285",57,40,97,1724,1294,3018,1239,840,2079
1702,"THEFT F/AUTO","38.9712696942","-77.0170903286",57,40,97,1724,1294,3018,1239,840,2079
1702,"THEFT F/AUTO","38.9715046302","-77.0111012493",57,40,97,1724,1294,3018,1239,840,2079
1702,"MOTOR VEHICLE THEFT","38.975800296","-77.0204496879",57,40,97,1724,1294,3018,1239,840,2079
1702,"THEFT/OTHER","38.974837325","-77.0143330525",57,40,97,1724,1294,3018,1239,840,2079
1702,"THEFT F/AUTO","38.9747823296","-77.020657121",57,40,97,1724,1294,3018,1239,840,2079
1702,"THEFT F/AUTO","38.9715046302","-77.0111012493",57,40,97,1724,1294,3018,1239,840,2079
1702,"MOTOR VEHICLE THEFT","38.9673608964","-77.0104890321",57,40,97,1724,1294,3018,1239,840,2079
1702,"THEFT/OTHER","38.9690904922","-77.0103392749",57,40,97,1724,1294,3018,1239,840,2079
1702,"MOTOR VEHICLE THEFT","38.9712694042","-77.0189713032",57,40,97,1724,1294,3018,1239,840,2079
1702,"ASSAULT W/DANGEROUS WEAPON","38.9736022513","-77.0206567789",57,40,97,1724,1294,3018,1239,840,2079
1702,"THEFT F/AUTO","38.9705675939","-77.0128551238",57,40,97,1724,1294,3018,1239,840,2079
1702,"THEFT F/AUTO","38.9747735899","-77.0190760988",57,40,97,1724,1294,3018,1239,840,2079
1702,"THEFT F/AUTO","38.9728195463","-77.0137902679",57,40,97,1724,1294,3018,1239,840,2079
1702,"ROBBERY","38.9752870628","-77.0190531555",57,40,97,1724,1294,3018,1239,840,2079
1702,"THEFT/OTHER","38.974837325","-77.0143330525",57,40,97,1724,1294,3018,1239,840,2079
1702,"THEFT F/AUTO","38.974837325","-77.0143330525",57,40,97,1724,1294,3018,1239,840,2079
1702,"BURGLARY","38.9749452644","-77.0155794285",57,40,97,1724,1294,3018,1239,840,2079
1702,"THEFT F/AUTO","38.9777825345","-77.0178305004",57,40,97,1724,1294,3018,1239,840,2079
1702,"THEFT F/AUTO","38.9761518452","-77.0190995488",57,40,97,1724,1294,3018,1239,840,2079
1702,"THEFT F/AUTO","38.9721711613","-77.0118976041",57,40,97,1724,1294,3018,1239,840,2079
1702,"THEFT F/AUTO","38.974837325","-77.0143330525",57,40,97,1724,1294,3018,1239,840,2079
1702,"THEFT F/AUTO","38.9735943353","-77.0130864718",57,40,97,1724,1294,3018,1239,840,2079
1702,"MOTOR VEHICLE THEFT","38.9705939343","-77.0180364148",57,40,97,1724,1294,3018,1239,840,2079
1702,"THEFT/OTHER","38.9752870628","-77.0190531555",57,40,97,1724,1294,3018,1239,840,2079
1702,"THEFT F/AUTO","38.9736025368","-77.0189719244",57,40,97,1724,1294,3018,1239,840,2079
1702,"ROBBERY","38.976331875","-77.019907435",57,40,97,1724,1294,3018,1239,840,2079
1702,"BURGLARY","38.974837325","-77.0143330525",57,40,97,1724,1294,3018,1239,840,2079
1702,"MOTOR VEHICLE THEFT","38.9753229554","-77.0198956127",57,40,97,1724,1294,3018,1239,840,2079
1702,"THEFT F/AUTO","38.974837325","-77.0143330525",57,40,97,1724,1294,3018,1239,840,2079
1702,"BURGLARY","38.9740441653","-77.0175295205",57,40,97,1724,1294,3018,1239,840,2079
1702,"THEFT/OTHER","38.9690904922","-77.0103392749",57,40,97,1724,1294,3018,1239,840,2079
1702,"THEFT F/AUTO","38.97315306","-77.011886228",57,40,97,1724,1294,3018,1239,840,2079
1702,"THEFT/OTHER","38.9699731134","-77.0122665015",57,40,97,1724,1294,3018,1239,840,2079
1702,"HOMICIDE","38.9752870628","-77.0190531555",57,40,97,1724,1294,3018,1239,840,2079
1702,"THEFT/OTHER","38.974837325","-77.0143330525",57,40,97,1724,1294,3018,1239,840,2079
1702,"THEFT F/AUTO","38.9735401069","-77.0145982137",57,40,97,1724,1294,3018,1239,840,2079
1702,"THEFT F/AUTO","38.9752870628","-77.0190531555",57,40,97,1724,1294,3018,1239,840,2079
1702,"THEFT F/AUTO","38.974837325","-77.0143330525",57,40,97,1724,1294,3018,1239,840,2079
1702,"MOTOR VEHICLE THEFT","38.9673608964","-77.0104890321",57,40,97,1724,1294,3018,1239,840,2079
1702,"THEFT/OTHER","38.9729721084","-77.0180370167",57,40,97,1724,1294,3018,1239,840,2079
1702,"THEFT/OTHER","38.9668745717","-77.0090465842",57,40,97,1724,1294,3018,1239,840,2079
1702,"HOMICIDE","38.9721711613","-77.0118976041",57,40,97,1724,1294,3018,1239,840,2079
1702,"MOTOR VEHICLE THEFT","38.9761518452","-77.0190995488",57,40,97,1724,1294,3018,1239,840,2079
1702,"THEFT/OTHER","38.974837325","-77.0143330525",57,40,97,1724,1294,3018,1239,840,2079
1702,"ROBBERY","38.9741969247","-77.0199068385",57,40,97,1724,1294,3018,1239,840,2079
1702,"MOTOR VEHICLE THEFT","38.9690904922","-77.0103392749",57,40,97,1724,1294,3018,1239,840,2079
1702,"THEFT/OTHER","38.9729721084","-77.0180370167",57,40,97,1724,1294,3018,1239,840,2079
1702,"THEFT/OTHER","38.974837325","-77.0143330525",57,40,97,1724,1294,3018,1239,840,2079
1702,"THEFT F/AUTO","38.974837325","-77.0143330525",57,40,97,1724,1294,3018,1239,840,2079
1702,"THEFT F/AUTO","38.9699728629","-77.0144590088",57,40,97,1724,1294,3018,1239,840,2079
1702,"THEFT/OTHER","38.9671355776","-77.0116775214",57,40,97,1724,1294,3018,1239,840,2079
1702,"THEFT/OTHER","38.974837325","-77.0143330525",57,40,97,1724,1294,3018,1239,840,2079
1702,"THEFT/OTHER","38.974837325","-77.0143330525",57,40,97,1724,1294,3018,1239,840,2079
1702,"THEFT/OTHER","38.9729721084","-77.0180370167",57,40,97,1724,1294,3018,1239,840,2079
1702,"THEFT F/AUTO","38.9743597766","-77.0152215536",57,40,97,1724,1294,3018,1239,840,2079
1702,"THEFT F/AUTO","38.974837325","-77.0143330525",57,40,97,1724,1294,3018,1239,840,2079
1702,"THEFT F/AUTO","38.9705928167","-77.024221647",57,40,97,1724,1294,3018,1239,840,2079
1702,"THEFT F/AUTO","38.9704233073","-77.0141936897",57,40,97,1724,1294,3018,1239,840,2079
1702,"THEFT F/AUTO","38.9749452644","-77.0155794285",57,40,97,1724,1294,3018,1239,840,2079
1702,"THEFT F/AUTO","38.9706848256","-77.0116665634",57,40,97,1724,1294,3018,1239,840,2079
1702,"THEFT F/AUTO","38.974837325","-77.0143330525",57,40,97,1724,1294,3018,1239,840,2079
1702,"THEFT/OTHER","38.974837325","-77.0143330525",57,40,97,1724,1294,3018,1239,840,2079
1702,"THEFT/OTHER","38.974837325","-77.0143330525",57,40,97,1724,1294,3018,1239,840,2079
1702,"ASSAULT W/DANGEROUS WEAPON","38.9761518452","-77.0190995488",57,40,97,1724,1294,3018,1239,840,2079
1702,"THEFT F/AUTO","38.974837325","-77.0143330525",57,40,97,1724,1294,3018,1239,840,2079
1702,"BURGLARY","38.9671355776","-77.0116775214",57,40,97,1724,1294,3018,1239,840,2079
1702,"BURGLARY","38.9740440881","-77.018037288",57,40,97,1724,1294,3018,1239,840,2079
1702,"THEFT/OTHER","38.974837325","-77.0143330525",57,40,97,1724,1294,3018,1239,840,2079
1702,"THEFT F/AUTO","38.9637216324","-77.0097038785",57,40,97,1724,1294,3018,1239,840,2079
1702,"THEFT F/AUTO","38.9755208948","-77.0212689769",57,40,97,1724,1294,3018,1239,840,2079
1702,"THEFT F/AUTO","38.9729721084","-77.0180370167",57,40,97,1724,1294,3018,1239,840,2079
1702,"THEFT F/AUTO","38.9712696942","-77.0170903286",57,40,97,1724,1294,3018,1239,840,2079
1702,"THEFT F/AUTO","38.9777825345","-77.0178305004",57,40,97,1724,1294,3018,1239,840,2079
1702,"MOTOR VEHICLE THEFT","38.9747735899","-77.0190760988",57,40,97,1724,1294,3018,1239,840,2079
1702,"ROBBERY","38.9712696942","-77.0170903286",57,40,97,1724,1294,3018,1239,840,2079
1702,"THEFT/OTHER","38.974837325","-77.0143330525",57,40,97,1724,1294,3018,1239,840,2079
1702,"ASSAULT W/DANGEROUS WEAPON","38.9749452644","-77.0155794285",57,40,97,1724,1294,3018,1239,840,2079
1702,"THEFT F/AUTO","38.9729802027","-77.0232184785",57,40,97,1724,1294,3018,1239,840,2079
1702,"THEFT F/AUTO","38.9734498593","-77.0158676035",57,40,97,1724,1294,3018,1239,840,2079
1702,"THEFT F/AUTO","38.9736019876","-77.0220992914",57,40,97,1724,1294,3018,1239,840,2079
1702,"ROBBERY","38.9712696942","-77.0170903286",57,40,97,1724,1294,3018,1239,840,2079
1702,"THEFT/OTHER","38.974837325","-77.0143330525",57,40,97,1724,1294,3018,1239,840,2079
1702,"THEFT F/AUTO","38.974837325","-77.0143330525",57,40,97,1724,1294,3018,1239,840,2079
1702,"THEFT F/AUTO","38.974837325","-77.0143330525",57,40,97,1724,1294,3018,1239,840,2079
1702,"THEFT F/AUTO","38.9743597766","-77.0152215536",57,40,97,1724,1294,3018,1239,840,2079
1702,"THEFT/OTHER","38.974837325","-77.0143330525",57,40,97,1724,1294,3018,1239,840,2079
1702,"THEFT F/AUTO","38.9752870628","-77.0190531555",57,40,97,1724,1294,3018,1239,840,2079
1702,"THEFT F/AUTO","38.9715222188","-77.0149439932",57,40,97,1724,1294,3018,1239,840,2079
1702,"THEFT F/AUTO","38.9749452644","-77.0155794285",57,40,97,1724,1294,3018,1239,840,2079
1702,"THEFT/OTHER","38.974837325","-77.0143330525",57,40,97,1724,1294,3018,1239,840,2079
1702,"THEFT F/AUTO","38.9749452644","-77.0155794285",57,40,97,1724,1294,3018,1239,840,2079
1702,"MOTOR VEHICLE THEFT","38.9656854833","-77.0090464333",57,40,97,1724,1294,3018,1239,840,2079
1702,"THEFT/OTHER","38.9735401069","-77.0145982137",57,40,97,1724,1294,3018,1239,840,2079
1702,"THEFT F/AUTO","38.974837325","-77.0143330525",57,40,97,1724,1294,3018,1239,840,2079
1702,"THEFT F/AUTO","38.9749452644","-77.0155794285",57,40,97,1724,1294,3018,1239,840,2079
1702,"BURGLARY","38.9719907008","-77.0145171174",57,40,97,1724,1294,3018,1239,840,2079
1702,"BURGLARY","38.9752870628","-77.0190531555",57,40,97,1724,1294,3018,1239,840,2079
1702,"THEFT F/AUTO","38.970593631","-77.019905832",57,40,97,1724,1294,3018,1239,840,2079
1702,"THEFT/OTHER","38.974837325","-77.0143330525",57,40,97,1724,1294,3018,1239,840,2079
1702,"THEFT F/AUTO","38.9741966576","-77.0214186042",57,40,97,1724,1294,3018,1239,840,2079
1702,"THEFT/OTHER","38.974837325","-77.0143330525",57,40,97,1724,1294,3018,1239,840,2079
1702,"THEFT/OTHER","38.974837325","-77.0143330525",57,40,97,1724,1294,3018,1239,840,2079
1702,"THEFT F/AUTO","38.9743597766","-77.0152215536",57,40,97,1724,1294,3018,1239,840,2079
1702,"THEFT F/AUTO","38.9668745717","-77.0090465842",57,40,97,1724,1294,3018,1239,840,2079
1702,"THEFT/OTHER","38.974837325","-77.0143330525",57,40,97,1724,1294,3018,1239,840,2079
1702,"THEFT/OTHER","38.974837325","-77.0143330525",57,40,97,1724,1294,3018,1239,840,2079
1702,"THEFT F/AUTO","38.974837325","-77.0143330525",57,40,97,1724,1294,3018,1239,840,2079
1702,"MOTOR VEHICLE THEFT","38.9686491955","-77.0090468095",57,40,97,1724,1294,3018,1239,840,2079
1702,"THEFT F/AUTO","38.9712696942","-77.0170903286",57,40,97,1724,1294,3018,1239,840,2079
1702,"THEFT F/AUTO","38.974837325","-77.0143330525",57,40,97,1724,1294,3018,1239,840,2079
1702,"THEFT F/AUTO","38.9752870628","-77.0190531555",57,40,97,1724,1294,3018,1239,840,2079
1702,"MOTOR VEHICLE THEFT","38.9718990657","-77.023956675",57,40,97,1724,1294,3018,1239,840,2079
1702,"ROBBERY","38.9736025368","-77.0189719244",57,40,97,1724,1294,3018,1239,840,2079
1702,"THEFT/OTHER","38.974837325","-77.0143330525",57,40,97,1724,1294,3018,1239,840,2079
1702,"THEFT F/AUTO","38.9735401069","-77.0145982137",57,40,97,1724,1294,3018,1239,840,2079
1702,"THEFT/OTHER","38.9749452644","-77.0155794285",57,40,97,1724,1294,3018,1239,840,2079
1702,"THEFT/OTHER","38.97315306","-77.011886228",57,40,97,1724,1294,3018,1239,840,2079
1702,"THEFT F/AUTO","38.9656854833","-77.0090464333",57,40,97,1724,1294,3018,1239,840,2079
1702,"THEFT F/AUTO","38.9723239649","-77.0148403023",57,40,97,1724,1294,3018,1239,840,2079
1702,"MOTOR VEHICLE THEFT","38.9699733493","-77.0097624274",57,40,97,1724,1294,3018,1239,840,2079
1702,"MOTOR VEHICLE THEFT","38.9749630613","-77.017148916",57,40,97,1724,1294,3018,1239,840,2079
1702,"THEFT/OTHER","38.9706848256","-77.0116665634",57,40,97,1724,1294,3018,1239,840,2079
1702,"THEFT F/AUTO","38.9752870628","-77.0190531555",57,40,97,1724,1294,3018,1239,840,2079
1702,"THEFT F/AUTO","38.974837325","-77.0143330525",57,40,97,1724,1294,3018,1239,840,2079
1702,"THEFT F/AUTO","38.9705939343","-77.0180364148",57,40,97,1724,1294,3018,1239,840,2079
1702,"THEFT/OTHER","38.9664150811","-77.0099119461",57,40,97,1724,1294,3018,1239,840,2079
1702,"THEFT/OTHER","38.9735943353","-77.0130864718",57,40,97,1724,1294,3018,1239,840,2079
1702,"THEFT F/AUTO","38.9719907008","-77.0145171174",57,40,97,1724,1294,3018,1239,840,2079
1702,"THEFT F/AUTO","38.974837325","-77.0143330525",57,40,97,1724,1294,3018,1239,840,2079
1702,"THEFT F/AUTO","38.9723416623","-77.0171713649",57,40,97,1724,1294,3018,1239,840,2079
1702,"THEFT F/AUTO","38.974837325","-77.0143330525",57,40,97,1724,1294,3018,1239,840,2079
1702,"THEFT F/AUTO","38.9729721084","-77.0180370167",57,40,97,1724,1294,3018,1239,840,2079
1702,"THEFT F/AUTO","38.9734498593","-77.0158676035",57,40,97,1724,1294,3018,1239,840,2079
1702,"THEFT F/AUTO","38.9751075275","-77.0146908575",57,40,97,1724,1294,3018,1239,840,2079
1702,"THEFT/OTHER","38.9736022513","-77.0206567789",57,40,97,1724,1294,3018,1239,840,2079
1702,"THEFT/OTHER","38.974837325","-77.0143330525",57,40,97,1724,1294,3018,1239,840,2079
1702,"THEFT F/AUTO","38.9705928167","-77.024221647",57,40,97,1724,1294,3018,1239,840,2079
1702,"THEFT F/AUTO","38.972971538","-77.021418236",57,40,97,1724,1294,3018,1239,840,2079
1702,"THEFT/OTHER","38.974837325","-77.0143330525",57,40,97,1724,1294,3018,1239,840,2079
1702,"THEFT F/AUTO","38.9712696942","-77.0170903286",57,40,97,1724,1294,3018,1239,840,2079
1803,"THEFT F/AUTO","38.9722566423","-77.0348966039",533,493,1026,1339,1349,2688,600,487,1087
1803,"MOTOR VEHICLE THEFT","38.9683110445","-77.0348600541",533,493,1026,1339,1349,2688,600,487,1087
1803,"MOTOR VEHICLE THEFT","38.9703194215","-77.0363727201",533,493,1026,1339,1349,2688,600,487,1087
1803,"THEFT F/AUTO","38.9668426872","-77.0349054919",533,493,1026,1339,1349,2688,600,487,1087
1803,"THEFT F/AUTO","38.9668426872","-77.0349054919",533,493,1026,1339,1349,2688,600,487,1087
1803,"MOTOR VEHICLE THEFT","38.9661310359","-77.0349051433",533,493,1026,1339,1349,2688,600,487,1087
1803,"THEFT/OTHER","38.9651216585","-77.0363931448",533,493,1026,1339,1349,2688,600,487,1087
1803,"THEFT F/AUTO","38.9698149601","-77.0363724626",533,493,1026,1339,1349,2688,600,487,1087
1803,"ROBBERY","38.9637349074","-77.0346847382",533,493,1026,1339,1349,2688,600,487,1087
1803,"ROBBERY","38.9636181664","-77.0334269867",533,493,1026,1339,1349,2688,600,487,1087
1803,"THEFT F/AUTO","38.9626362671","-77.0334265261",533,493,1026,1339,1349,2688,600,487,1087
1803,"ASSAULT W/DANGEROUS WEAPON","38.9651216585","-77.0363931448",533,493,1026,1339,1349,2688,600,487,1087
1803,"THEFT F/AUTO","38.9641853642","-77.034534956",533,493,1026,1339,1349,2688,600,487,1087
1803,"THEFT F/AUTO","38.9647171728","-77.0334275021",533,493,1026,1339,1349,2688,600,487,1087
1803,"THEFT F/AUTO","38.9641853642","-77.034534956",533,493,1026,1339,1349,2688,600,487,1087
1803,"ROBBERY","38.9672026988","-77.0359557231",533,493,1026,1339,1349,2688,600,487,1087
1803,"ROBBERY","38.9714999505","-77.0348962333",533,493,1026,1339,1349,2688,600,487,1087
1803,"ROBBERY","38.9672026988","-77.0359557231",533,493,1026,1339,1349,2688,600,487,1087
1803,"ASSAULT W/DANGEROUS WEAPON","38.9626362671","-77.0334265261",533,493,1026,1339,1349,2688,600,487,1087
1803,"THEFT F/AUTO","38.9687517339","-77.037179672",533,493,1026,1339,1349,2688,600,487,1087
1803,"THEFT F/AUTO","38.9722566423","-77.0348966039",533,493,1026,1339,1349,2688,600,487,1087
1803,"THEFT F/AUTO","38.9687517339","-77.037179672",533,493,1026,1339,1349,2688,600,487,1087
1803,"THEFT/OTHER","38.9647171728","-77.0334275021",533,493,1026,1339,1349,2688,600,487,1087
1803,"THEFT F/AUTO","38.9683110445","-77.0348600541",533,493,1026,1339,1349,2688,600,487,1087
1803,"ROBBERY","38.9675634665","-77.0345019756",533,493,1026,1339,1349,2688,600,487,1087
1803,"ROBBERY","38.9654193845","-77.0349047948",533,493,1026,1339,1349,2688,600,487,1087
1803,"THEFT F/AUTO","38.970716234","-77.0348958496",533,493,1026,1339,1349,2688,600,487,1087
1803,"ROBBERY","38.9661310359","-77.0349051433",533,493,1026,1339,1349,2688,600,487,1087
1803,"ASSAULT W/DANGEROUS WEAPON","38.9626362671","-77.0334265261",533,493,1026,1339,1349,2688,600,487,1087
1803,"ROBBERY","38.9668426872","-77.0349054919",533,493,1026,1339,1349,2688,600,487,1087
1803,"MOTOR VEHICLE THEFT","38.970716234","-77.0348958496",533,493,1026,1339,1349,2688,600,487,1087
1803,"THEFT F/AUTO","38.9714999505","-77.0348962333",533,493,1026,1339,1349,2688,600,487,1087
1803,"THEFT F/AUTO","38.9668426872","-77.0349054919",533,493,1026,1339,1349,2688,600,487,1087
1803,"THEFT F/AUTO","38.9654193845","-77.0349047948",533,493,1026,1339,1349,2688,600,487,1087
1803,"THEFT F/AUTO","38.9651216585","-77.0363931448",533,493,1026,1339,1349,2688,600,487,1087
1803,"THEFT F/AUTO","38.9636181664","-77.0334269867",533,493,1026,1339,1349,2688,600,487,1087
1803,"ROBBERY","38.9636181664","-77.0334269867",533,493,1026,1339,1349,2688,600,487,1087
1803,"THEFT F/AUTO","38.9636181664","-77.0334269867",533,493,1026,1339,1349,2688,600,487,1087
1803,"THEFT/OTHER","38.970716234","-77.0348958496",533,493,1026,1339,1349,2688,600,487,1087
1803,"THEFT F/AUTO","38.9668426872","-77.0349054919",533,493,1026,1339,1349,2688,600,487,1087
1803,"THEFT F/AUTO","38.9657792605","-77.0363934806",533,493,1026,1339,1349,2688,600,487,1087
1803,"THEFT F/AUTO","38.9637349074","-77.0346847382",533,493,1026,1339,1349,2688,600,487,1087
1803,"THEFT/OTHER","38.9651216585","-77.0363931448",533,493,1026,1339,1349,2688,600,487,1087
1804,"MOTOR VEHICLE THEFT","38.9682669405","-77.0315598108",714,313,1027,3139,1348,4487,1055,557,1612
1804,"THEFT F/AUTO","38.969448089","-77.0273138245",714,313,1027,3139,1348,4487,1055,557,1612
1804,"THEFT/OTHER","38.9719073941","-77.0270724308",714,313,1027,3139,1348,4487,1055,557,1612
1804,"MOTOR VEHICLE THEFT","38.9722585611","-77.0277303375",714,313,1027,3139,1348,4487,1055,557,1612
1804,"THEFT F/AUTO","38.9682669405","-77.0315598108",714,313,1027,3139,1348,4487,1055,557,1612
1804,"THEFT F/AUTO","38.9680788094","-77.0274286918",714,313,1027,3139,1348,4487,1055,557,1612
1804,"THEFT/OTHER","38.9682669405","-77.0315598108",714,313,1027,3139,1348,4487,1055,557,1612
1804,"THEFT/OTHER","38.969448089","-77.0273138245",714,313,1027,3139,1348,4487,1055,557,1612
1804,"THEFT/OTHER","38.969448089","-77.0273138245",714,313,1027,3139,1348,4487,1055,557,1612
1804,"ROBBERY","38.9661325927","-77.0292280097",714,313,1027,3139,1348,4487,1055,557,1612
1804,"THEFT/OTHER","38.961971092","-77.0279570992",714,313,1027,3139,1348,4487,1055,557,1612
1804,"THEFT F/AUTO","38.969448089","-77.0273138245",714,313,1027,3139,1348,4487,1055,557,1612
1804,"MOTOR VEHICLE THEFT","38.9668436382","-77.0315591805",714,313,1027,3139,1348,4487,1055,557,1612
1804,"THEFT F/AUTO","38.9643583252","-77.0277618794",714,313,1027,3139,1348,4487,1055,557,1612
1804,"ASSAULT W/DANGEROUS WEAPON","38.961971092","-77.0279570992",714,313,1027,3139,1348,4487,1055,557,1612
1804,"THEFT/OTHER","38.961971092","-77.0279570992",714,313,1027,3139,1348,4487,1055,557,1612
1804,"ROBBERY","38.961971092","-77.0279570992",714,313,1027,3139,1348,4487,1055,557,1612
1804,"ROBBERY","38.9616095416","-77.0326645261",714,313,1027,3139,1348,4487,1055,557,1612
1804,"ROBBERY","38.961971092","-77.0279570992",714,313,1027,3139,1348,4487,1055,557,1612
1804,"MOTOR VEHICLE THEFT","38.9680788094","-77.0274286918",714,313,1027,3139,1348,4487,1055,557,1612
1804,"THEFT/OTHER","38.969448089","-77.0273138245",714,313,1027,3139,1348,4487,1055,557,1612
1804,"THEFT/OTHER","38.961971092","-77.0279570992",714,313,1027,3139,1348,4487,1055,557,1612
1804,"MOTOR VEHICLE THEFT","38.9706912528","-77.0271989047",714,313,1027,3139,1348,4487,1055,557,1612
1804,"THEFT F/AUTO","38.9699160917","-77.0290795479",714,313,1027,3139,1348,4487,1055,557,1612
1804,"BURGLARY","38.968970363","-77.0285252732",714,313,1027,3139,1348,4487,1055,557,1612
1804,"HOMICIDE","38.9632318177","-77.0296998954",714,313,1027,3139,1348,4487,1055,557,1612
1804,"ROBBERY","38.9699160917","-77.0290795479",714,313,1027,3139,1348,4487,1055,557,1612
1804,"HOMICIDE","38.9632318177","-77.0296998954",714,313,1027,3139,1348,4487,1055,557,1612
1804,"THEFT F/AUTO","38.9667095266","-77.0275550936",714,313,1027,3139,1348,4487,1055,557,1612
1804,"THEFT F/AUTO","38.9652136704","-77.0295507176",714,313,1027,3139,1348,4487,1055,557,1612
1804,"THEFT/OTHER","38.969448089","-77.0273138245",714,313,1027,3139,1348,4487,1055,557,1612
1804,"THEFT/OTHER","38.9672044575","-77.0296900119",714,313,1027,3139,1348,4487,1055,557,1612
1804,"THEFT F/AUTO","38.9680788094","-77.0274286918",714,313,1027,3139,1348,4487,1055,557,1612
1804,"THEFT F/AUTO","38.9710873103","-77.0284799618",714,313,1027,3139,1348,4487,1055,557,1612
1804,"THEFT F/AUTO","38.969448089","-77.0273138245",714,313,1027,3139,1348,4487,1055,557,1612
1804,"THEFT/OTHER","38.9686267507","-77.0334293359",714,313,1027,3139,1348,4487,1055,557,1612
1804,"THEFT F/AUTO","38.9699244629","-77.0315374659",714,313,1027,3139,1348,4487,1055,557,1612
1804,"THEFT/OTHER","38.969448089","-77.0273138245",714,313,1027,3139,1348,4487,1055,557,1612
1804,"THEFT/OTHER","38.969448089","-77.0273138245",714,313,1027,3139,1348,4487,1055,557,1612
1804,"ROBBERY","38.9706912528","-77.0271989047",714,313,1027,3139,1348,4487,1055,557,1612
1804,"THEFT/OTHER","38.9719073941","-77.0270724308",714,313,1027,3139,1348,4487,1055,557,1612
1804,"THEFT F/AUTO","38.9649437675","-77.0281544232",714,313,1027,3139,1348,4487,1055,557,1612
1804,"THEFT/OTHER","38.969448089","-77.0273138245",714,313,1027,3139,1348,4487,1055,557,1612
1804,"THEFT/OTHER","38.9679150997","-77.0334290021",714,313,1027,3139,1348,4487,1055,557,1612
1804,"ASSAULT W/DANGEROUS WEAPON","38.9655384302","-77.0276584899",714,313,1027,3139,1348,4487,1055,557,1612
1804,"THEFT F/AUTO","38.9624390916","-77.029699565",714,313,1027,3139,1348,4487,1055,557,1612
1804,"THEFT F/AUTO","38.9642401485","-77.0319503396",714,313,1027,3139,1348,4487,1055,557,1612
1804,"ROBBERY","38.9616640831","-77.0308530588",714,313,1027,3139,1348,4487,1055,557,1612
1804,"THEFT/OTHER","38.969448089","-77.0273138245",714,313,1027,3139,1348,4487,1055,557,1612
1804,"THEFT/OTHER","38.9655384302","-77.0276584899",714,313,1027,3139,1348,4487,1055,557,1612
1804,"THEFT/OTHER","38.969448089","-77.0273138245",714,313,1027,3139,1348,4487,1055,557,1612
1804,"THEFT F/AUTO","38.9675552894","-77.0315594957",714,313,1027,3139,1348,4487,1055,557,1612
1804,"ROBBERY","38.961971092","-77.0279570992",714,313,1027,3139,1348,4487,1055,557,1612
1804,"THEFT/OTHER","38.9682669405","-77.0315598108",714,313,1027,3139,1348,4487,1055,557,1612
1804,"THEFT/OTHER","38.969448089","-77.0273138245",714,313,1027,3139,1348,4487,1055,557,1612
1804,"MOTOR VEHICLE THEFT","38.9616640831","-77.0308530588",714,313,1027,3139,1348,4487,1055,557,1612
1804,"THEFT F/AUTO","38.969448089","-77.0273138245",714,313,1027,3139,1348,4487,1055,557,1612
1804,"ROBBERY","38.9661325927","-77.0292280097",714,313,1027,3139,1348,4487,1055,557,1612
1804,"ASSAULT W/DANGEROUS WEAPON","38.9682669405","-77.0315598108",714,313,1027,3139,1348,4487,1055,557,1612
1804,"THEFT F/AUTO","38.969448089","-77.0273138245",714,313,1027,3139,1348,4487,1055,557,1612
1804,"THEFT/OTHER","38.969448089","-77.0273138245",714,313,1027,3139,1348,4487,1055,557,1612
1804,"THEFT/OTHER","38.9643583252","-77.0277618794",714,313,1027,3139,1348,4487,1055,557,1612
1804,"THEFT/OTHER","38.969448089","-77.0273138245",714,313,1027,3139,1348,4487,1055,557,1612
1804,"ASSAULT W/DANGEROUS WEAPON","38.9655384302","-77.0276584899",714,313,1027,3139,1348,4487,1055,557,1612
1804,"THEFT F/AUTO","38.9655384302","-77.0276584899",714,313,1027,3139,1348,4487,1055,557,1612
1804,"THEFT/OTHER","38.9689785916","-77.031560126",714,313,1027,3139,1348,4487,1055,557,1612
1804,"THEFT/OTHER","38.9619437742","-77.0291570626",714,313,1027,3139,1348,4487,1055,557,1612
1804,"THEFT F/AUTO","38.9649437675","-77.0281544232",714,313,1027,3139,1348,4487,1055,557,1612
1804,"BURGLARY","38.969448089","-77.0273138245",714,313,1027,3139,1348,4487,1055,557,1612
1804,"THEFT F/AUTO","38.9642401485","-77.0319503396",714,313,1027,3139,1348,4487,1055,557,1612
1804,"ROBBERY","38.9642401485","-77.0319503396",714,313,1027,3139,1348,4487,1055,557,1612
1804,"MOTOR VEHICLE THEFT","38.9616640831","-77.0308530588",714,313,1027,3139,1348,4487,1055,557,1612
1804,"THEFT/OTHER","38.969448089","-77.0273138245",714,313,1027,3139,1348,4487,1055,557,1612
1804,"THEFT F/AUTO","38.9642401485","-77.0319503396",714,313,1027,3139,1348,4487,1055,557,1612
1804,"THEFT/OTHER","38.961971092","-77.0279570992",714,313,1027,3139,1348,4487,1055,557,1612
1804,"ROBBERY","38.9657801459","-77.0334280007",714,313,1027,3139,1348,4487,1055,557,1612
1804,"ROBBERY","38.9686267507","-77.0334293359",714,313,1027,3139,1348,4487,1055,557,1612
1804,"THEFT F/AUTO","38.9719073941","-77.0270724308",714,313,1027,3139,1348,4487,1055,557,1612
1804,"THEFT F/AUTO","38.9720595047","-77.0312037551",714,313,1027,3139,1348,4487,1055,557,1612
1804,"ROBBERY","38.9694465039","-77.0334181811",714,313,1027,3139,1348,4487,1055,557,1612
1804,"THEFT F/AUTO","38.963663918","-77.0308423861",714,313,1027,3139,1348,4487,1055,557,1612
1804,"THEFT/OTHER","38.9655384302","-77.0276584899",714,313,1027,3139,1348,4487,1055,557,1612
1804,"THEFT/OTHER","38.9672034485","-77.0334286683",714,313,1027,3139,1348,4487,1055,557,1612
1804,"ASSAULT W/DANGEROUS WEAPON","38.963663918","-77.0308423861",714,313,1027,3139,1348,4487,1055,557,1612
1804,"THEFT/OTHER","38.969448089","-77.0273138245",714,313,1027,3139,1348,4487,1055,557,1612
1804,"THEFT/OTHER","38.9706912528","-77.0271989047",714,313,1027,3139,1348,4487,1055,557,1612
1804,"ROBBERY","38.9699160917","-77.0290795479",714,313,1027,3139,1348,4487,1055,557,1612
1804,"ROBBERY","38.961971092","-77.0279570992",714,313,1027,3139,1348,4487,1055,557,1612
1804,"THEFT/OTHER","38.961971092","-77.0279570992",714,313,1027,3139,1348,4487,1055,557,1612
1804,"THEFT F/AUTO","38.9667095266","-77.0275550936",714,313,1027,3139,1348,4487,1055,557,1612
1804,"THEFT F/AUTO","38.9647171728","-77.0334275021",714,313,1027,3139,1348,4487,1055,557,1612
1804,"BURGLARY","38.9689785916","-77.031560126",714,313,1027,3139,1348,4487,1055,557,1612
1804,"THEFT/OTHER","38.969448089","-77.0273138245",714,313,1027,3139,1348,4487,1055,557,1612
1804,"THEFT F/AUTO","38.9699244629","-77.0315374659",714,313,1027,3139,1348,4487,1055,557,1612
1804,"ROBBERY","38.9680788094","-77.0274286918",714,313,1027,3139,1348,4487,1055,557,1612
1804,"THEFT/OTHER","38.9705186833","-77.0327147682",714,313,1027,3139,1348,4487,1055,557,1612
1804,"THEFT F/AUTO","38.9667095266","-77.0275550936",714,313,1027,3139,1348,4487,1055,557,1612
1804,"THEFT F/AUTO","38.9705186833","-77.0327147682",714,313,1027,3139,1348,4487,1055,557,1612
1804,"BURGLARY","38.968267621","-77.0289288652",714,313,1027,3139,1348,4487,1055,557,1612
1804,"THEFT/OTHER","38.969448089","-77.0273138245",714,313,1027,3139,1348,4487,1055,557,1612
1804,"THEFT/OTHER","38.9705186833","-77.0327147682",714,313,1027,3139,1348,4487,1055,557,1612
1804,"THEFT/OTHER","38.9655384302","-77.0276584899",714,313,1027,3139,1348,4487,1055,557,1612
1804,"ROBBERY","38.9661229786","-77.0315588614",714,313,1027,3139,1348,4487,1055,557,1612
1804,"THEFT/OTHER","38.969448089","-77.0273138245",714,313,1027,3139,1348,4487,1055,557,1612
1804,"THEFT/OTHER","38.9630779796","-77.0323305856",714,313,1027,3139,1348,4487,1055,557,1612
1804,"THEFT/OTHER","38.9655384302","-77.0276584899",714,313,1027,3139,1348,4487,1055,557,1612
1804,"THEFT/OTHER","38.9661229786","-77.0315588614",714,313,1027,3139,1348,4487,1055,557,1612
1804,"THEFT F/AUTO","38.967501966","-77.0287439286",714,313,1027,3139,1348,4487,1055,557,1612
1804,"THEFT/OTHER","38.969448089","-77.0273138245",714,313,1027,3139,1348,4487,1055,557,1612
1804,"THEFT F/AUTO","38.963663918","-77.0308423861",714,313,1027,3139,1348,4487,1055,557,1612
1804,"THEFT F/AUTO","38.969448089","-77.0273138245",714,313,1027,3139,1348,4487,1055,557,1612
1804,"THEFT F/AUTO","38.961971092","-77.0279570992",714,313,1027,3139,1348,4487,1055,557,1612
1804,"MOTOR VEHICLE THEFT","38.9630779796","-77.0323305856",714,313,1027,3139,1348,4487,1055,557,1612
1804,"ROBBERY","38.9711130278","-77.0334189626",714,313,1027,3139,1348,4487,1055,557,1612
1804,"THEFT/OTHER","38.969448089","-77.0273138245",714,313,1027,3139,1348,4487,1055,557,1612
1804,"THEFT F/AUTO","38.9642401485","-77.0319503396",714,313,1027,3139,1348,4487,1055,557,1612
1804,"BURGLARY","38.969448089","-77.0273138245",714,313,1027,3139,1348,4487,1055,557,1612
1804,"MOTOR VEHICLE THEFT","38.9624025439","-77.0316610586",714,313,1027,3139,1348,4487,1055,557,1612
1804,"THEFT/OTHER","38.969448089","-77.0273138245",714,313,1027,3139,1348,4487,1055,557,1612
1804,"THEFT/OTHER","38.9679150997","-77.0334290021",714,313,1027,3139,1348,4487,1055,557,1612
1804,"THEFT/OTHER","38.9668436382","-77.0315591805",714,313,1027,3139,1348,4487,1055,557,1612
1804,"MOTOR VEHICLE THEFT","38.963663918","-77.0308423861",714,313,1027,3139,1348,4487,1055,557,1612
1804,"THEFT F/AUTO","38.9668436382","-77.0315591805",714,313,1027,3139,1348,4487,1055,557,1612
1804,"BURGLARY","38.9667095266","-77.0275550936",714,313,1027,3139,1348,4487,1055,557,1612
1804,"THEFT F/AUTO","38.9616640831","-77.0308530588",714,313,1027,3139,1348,4487,1055,557,1612
1804,"THEFT/OTHER","38.9655384302","-77.0276584899",714,313,1027,3139,1348,4487,1055,557,1612
1901,"THEFT F/AUTO","38.9601619714","-77.0205375044",224,39,263,1542,1572,3114,898,624,1522
1901,"THEFT F/AUTO","38.961971092","-77.0279570992",224,39,263,1542,1572,3114,898,624,1522
1901,"THEFT F/AUTO","38.9692772885","-77.0257444006",224,39,263,1542,1572,3114,898,624,1522
1901,"THEFT F/AUTO","38.9692772885","-77.0257444006",224,39,263,1542,1572,3114,898,624,1522
1901,"THEFT F/AUTO","38.9676020834","-77.0242090914",224,39,263,1542,1572,3114,898,624,1522
1901,"THEFT F/AUTO","38.9672869732","-77.0233320144",224,39,263,1542,1572,3114,898,624,1522
1901,"THEFT F/AUTO","38.9619990852","-77.0235610478",224,39,263,1542,1572,3114,898,624,1522
1901,"THEFT/OTHER","38.9692772885","-77.0257444006",224,39,263,1542,1572,3114,898,624,1522
1901,"THEFT/OTHER","38.961971092","-77.0279570992",224,39,263,1542,1572,3114,898,624,1522
1901,"MOTOR VEHICLE THEFT","38.9672866076","-77.0250974932",224,39,263,1542,1572,3114,898,624,1522
1901,"THEFT/OTHER","38.961971092","-77.0279570992",224,39,263,1542,1572,3114,898,624,1522
1901,"THEFT/OTHER","38.963232272","-77.0278537481",224,39,263,1542,1572,3114,898,624,1522
1901,"THEFT/OTHER","38.9606380928","-77.0270104602",224,39,263,1542,1572,3114,898,624,1522
1901,"THEFT F/AUTO","38.9692779663","-77.0224556719",224,39,263,1542,1572,3114,898,624,1522
1901,"THEFT/OTHER","38.9619989533","-77.0242071881",224,39,263,1542,1572,3114,898,624,1522
1901,"MOTOR VEHICLE THEFT","38.9692782052","-77.0211747985",224,39,263,1542,1572,3114,898,624,1522
1901,"THEFT F/AUTO","38.9667010717","-77.025097287",224,39,263,1542,1572,3114,898,624,1522
1901,"THEFT F/AUTO","38.9655384302","-77.0276584899",224,39,263,1542,1572,3114,898,624,1522
1901,"ASSAULT W/DANGEROUS WEAPON","38.963232272","-77.0278537481",224,39,263,1542,1572,3114,898,624,1522
1901,"THEFT F/AUTO","38.9661249096","-77.023331634",224,39,263,1542,1572,3114,898,624,1522
1901,"MOTOR VEHICLE THEFT","38.964944741","-77.0237697182",224,39,263,1542,1572,3114,898,624,1522
1901,"SEX ABUSE","38.963232272","-77.0278537481",224,39,263,1542,1572,3114,898,624,1522
1901,"THEFT/OTHER","38.9692772885","-77.0257444006",224,39,263,1542,1572,3114,898,624,1522
1901,"MOTOR VEHICLE THEFT","38.9649440768","-77.0268390117",224,39,263,1542,1572,3114,898,624,1522
1901,"THEFT F/AUTO","38.9658368175","-77.0224545876",224,39,263,1542,1572,3114,898,624,1522
1901,"THEFT/OTHER","38.9664220035","-77.0242086905",224,39,263,1542,1572,3114,898,624,1522
1901,"THEFT F/AUTO","38.9686291129","-77.023770947",224,39,263,1542,1572,3114,898,624,1522
1901,"THEFT F/AUTO","38.961315028","-77.0205378366",224,39,263,1542,1572,3114,898,624,1522
1901,"THEFT F/AUTO","38.9614941123","-77.0259723521",224,39,263,1542,1572,3114,898,624,1522
1901,"MOTOR VEHICLE THEFT","38.96494524","-77.0211735112",224,39,263,1542,1572,3114,898,624,1522
1901,"THEFT/OTHER","38.9692772885","-77.0257444006",224,39,263,1542,1572,3114,898,624,1522
1901,"THEFT/OTHER","38.9614941123","-77.0259723521",224,39,263,1542,1572,3114,898,624,1522
1901,"THEFT F/AUTO","38.9643583252","-77.0277618794",224,39,263,1542,1572,3114,898,624,1522
1901,"THEFT F/AUTO","38.9680788094","-77.0274286918",224,39,263,1542,1572,3114,898,624,1522
1901,"THEFT/OTHER","38.9614941123","-77.0259723521",224,39,263,1542,1572,3114,898,624,1522
1901,"THEFT/OTHER","38.961971092","-77.0279570992",224,39,263,1542,1572,3114,898,624,1522
1901,"MOTOR VEHICLE THEFT","38.9655397843","-77.0211736878",224,39,263,1542,1572,3114,898,624,1522
1901,"THEFT F/AUTO","38.9655397843","-77.0211736878",224,39,263,1542,1572,3114,898,624,1522
1901,"THEFT F/AUTO","38.9667095266","-77.0275550936",224,39,263,1542,1572,3114,898,624,1522
1901,"THEFT F/AUTO","38.9655397843","-77.0211736878",224,39,263,1542,1572,3114,898,624,1522
1901,"THEFT F/AUTO","38.9692772885","-77.0257444006",224,39,263,1542,1572,3114,898,624,1522
1901,"THEFT F/AUTO","38.9682780515","-77.0224553568",224,39,263,1542,1572,3114,898,624,1522
1901,"THEFT F/AUTO","38.9692772885","-77.0257444006",224,39,263,1542,1572,3114,898,624,1522
1901,"MOTOR VEHICLE THEFT","38.9686292879","-77.0228939607",224,39,263,1542,1572,3114,898,624,1522
1901,"THEFT/OTHER","38.9680788094","-77.0274286918",224,39,263,1542,1572,3114,898,624,1522
1901,"THEFT/OTHER","38.961971092","-77.0279570992",224,39,263,1542,1572,3114,898,624,1522
1901,"THEFT/OTHER","38.9655384302","-77.0276584899",224,39,263,1542,1572,3114,898,624,1522
1901,"MOTOR VEHICLE THEFT","38.9649444638","-77.0250966684",224,39,263,1542,1572,3114,898,624,1522
1901,"THEFT/OTHER","38.9652422732","-77.0224544003",224,39,263,1542,1572,3114,898,624,1522
1901,"THEFT F/AUTO","38.9686292879","-77.0228939607",224,39,263,1542,1572,3114,898,624,1522
1901,"THEFT/OTHER","38.9692772885","-77.0257444006",224,39,263,1542,1572,3114,898,624,1522
1901,"THEFT F/AUTO","38.9632330837","-77.0242076073",224,39,263,1542,1572,3114,898,624,1522
1901,"THEFT/OTHER","38.9601619714","-77.0205375044",224,39,263,1542,1572,3114,898,624,1522
1901,"THEFT/OTHER","38.9607287894","-77.0242067567",224,39,263,1542,1572,3114,898,624,1522
1901,"THEFT F/AUTO","38.9692772885","-77.0257444006",224,39,263,1542,1572,3114,898,624,1522
1901,"THEFT F/AUTO","38.9692772885","-77.0257444006",224,39,263,1542,1572,3114,898,624,1522
1901,"THEFT F/AUTO","38.9692772885","-77.0257444006",224,39,263,1542,1572,3114,898,624,1522
1901,"THEFT/OTHER","38.9607287894","-77.0242067567",224,39,263,1542,1572,3114,898,624,1522
1901,"MOTOR VEHICLE THEFT","38.9661253203","-77.0211738618",224,39,263,1542,1572,3114,898,624,1522
1901,"THEFT F/AUTO","38.9692772885","-77.0257444006",224,39,263,1542,1572,3114,898,624,1522
1901,"THEFT/OTHER","38.961971092","-77.0279570992",224,39,263,1542,1572,3114,898,624,1522
1901,"THEFT/OTHER","38.9692772885","-77.0257444006",224,39,263,1542,1572,3114,898,624,1522
1901,"THEFT/OTHER","38.9680788094","-77.0274286918",224,39,263,1542,1572,3114,898,624,1522
1901,"THEFT/OTHER","38.9655384302","-77.0276584899",224,39,263,1542,1572,3114,898,624,1522
1901,"THEFT/OTHER","38.9643597038","-77.0211733372",224,39,263,1542,1572,3114,898,624,1522
1901,"THEFT F/AUTO","38.9692772885","-77.0257444006",224,39,263,1542,1572,3114,898,624,1522
1901,"THEFT/OTHER","38.961971092","-77.0279570992",224,39,263,1542,1572,3114,898,624,1522
1901,"THEFT F/AUTO","38.9593509963","-77.0218179657",224,39,263,1542,1572,3114,898,624,1522
1901,"THEFT F/AUTO","38.9692772885","-77.0257444006",224,39,263,1542,1572,3114,898,624,1522
1901,"THEFT F/AUTO","38.9692772885","-77.0257444006",224,39,263,1542,1572,3114,898,624,1522
1901,"THEFT/OTHER","38.9655384302","-77.0276584899",224,39,263,1542,1572,3114,898,624,1522
1901,"THEFT F/AUTO","38.9643583252","-77.0277618794",224,39,263,1542,1572,3114,898,624,1522
1901,"THEFT F/AUTO","38.9619989533","-77.0242071881",224,39,263,1542,1572,3114,898,624,1522
1901,"THEFT/OTHER","38.9655384302","-77.0276584899",224,39,263,1542,1572,3114,898,624,1522
1901,"THEFT F/AUTO","38.964944916","-77.0228927771",224,39,263,1542,1572,3114,898,624,1522
1901,"THEFT/OTHER","38.9692772885","-77.0257444006",224,39,263,1542,1572,3114,898,624,1522
1901,"THEFT/OTHER","38.961971092","-77.0279570992",224,39,263,1542,1572,3114,898,624,1522
1901,"ROBBERY","38.9626931775","-77.0211728421",224,39,263,1542,1572,3114,898,624,1522
1901,"THEFT/OTHER","38.9632330837","-77.0242076073",224,39,263,1542,1572,3114,898,624,1522
1901,"THEFT F/AUTO","38.9692772885","-77.0257444006",224,39,263,1542,1572,3114,898,624,1522
1901,"MOTOR VEHICLE THEFT","38.9679542167","-77.0199050947",224,39,263,1542,1572,3114,898,624,1522
1901,"THEFT F/AUTO","38.9661253203","-77.0211738618",224,39,263,1542,1572,3114,898,624,1522
1901,"THEFT F/AUTO","38.9692772885","-77.0257444006",224,39,263,1542,1572,3114,898,624,1522
1901,"THEFT/OTHER","38.961971092","-77.0279570992",224,39,263,1542,1572,3114,898,624,1522
1901,"THEFT F/AUTO","38.9661253203","-77.0211738618",224,39,263,1542,1572,3114,898,624,1522
1901,"THEFT F/AUTO","38.9672862444","-77.0267360421",224,39,263,1542,1572,3114,898,624,1522
1901,"THEFT/OTHER","38.9667018479","-77.0211740331",224,39,263,1542,1572,3114,898,624,1522
1901,"THEFT/OTHER","38.961971092","-77.0279570992",224,39,263,1542,1572,3114,898,624,1522
1901,"THEFT F/AUTO","38.9613057878","-77.0218185641",224,39,263,1542,1572,3114,898,624,1522
1901,"ROBBERY","38.9679261928","-77.0250977184",224,39,263,1542,1572,3114,898,624,1522
1901,"ASSAULT W/DANGEROUS WEAPON","38.9679542167","-77.0199050947",224,39,263,1542,1572,3114,898,624,1522
1901,"THEFT/OTHER","38.963232272","-77.0278537481",224,39,263,1542,1572,3114,898,624,1522
1901,"THEFT F/AUTO","38.9667095266","-77.0275550936",224,39,263,1542,1572,3114,898,624,1522
1901,"THEFT F/AUTO","38.9692772885","-77.0257444006",224,39,263,1542,1572,3114,898,624,1522
1901,"THEFT F/AUTO","38.9692772885","-77.0257444006",224,39,263,1542,1572,3114,898,624,1522
1901,"THEFT F/AUTO","38.9692772885","-77.0257444006",224,39,263,1542,1572,3114,898,624,1522
1901,"THEFT/OTHER","38.9682232733","-77.0259748045",224,39,263,1542,1572,3114,898,624,1522
1901,"THEFT/OTHER","38.9667018479","-77.0211740331",224,39,263,1542,1572,3114,898,624,1522
1901,"THEFT/OTHER","38.961971092","-77.0279570992",224,39,263,1542,1572,3114,898,624,1522
1901,"THEFT/OTHER","38.961971092","-77.0279570992",224,39,263,1542,1572,3114,898,624,1522
1901,"SEX ABUSE","38.9649444638","-77.0250966684",224,39,263,1542,1572,3114,898,624,1522
1901,"THEFT/OTHER","38.961971092","-77.0279570992",224,39,263,1542,1572,3114,898,624,1522
1901,"ROBBERY","38.9643583252","-77.0277618794",224,39,263,1542,1572,3114,898,624,1522
1901,"ROBBERY","38.9601614476","-77.0233296818",224,39,263,1542,1572,3114,898,624,1522
1901,"THEFT/OTHER","38.9692772885","-77.0257444006",224,39,263,1542,1572,3114,898,624,1522
1901,"THEFT F/AUTO","38.9643583252","-77.0277618794",224,39,263,1542,1572,3114,898,624,1522
1901,"THEFT F/AUTO","38.961971092","-77.0279570992",224,39,263,1542,1572,3114,898,624,1522
1901,"THEFT/OTHER","38.9679261928","-77.0250977184",224,39,263,1542,1572,3114,898,624,1522
1901,"THEFT F/AUTO","38.9667095266","-77.0275550936",224,39,263,1542,1572,3114,898,624,1522
1901,"MOTOR VEHICLE THEFT","38.9686297251","-77.0205399446",224,39,263,1542,1572,3114,898,624,1522
1901,"THEFT F/AUTO","38.9643589276","-77.0250964622",224,39,263,1542,1572,3114,898,624,1522
1901,"THEFT/OTHER","38.961971092","-77.0279570992",224,39,263,1542,1572,3114,898,624,1522
1901,"THEFT F/AUTO","38.9692772885","-77.0257444006",224,39,263,1542,1572,3114,898,624,1522
1901,"THEFT F/AUTO","38.9632336726","-77.0211730027",224,39,263,1542,1572,3114,898,624,1522
1901,"THEFT F/AUTO","38.9658364675","-77.0242084916",224,39,263,1542,1572,3114,898,624,1522
1901,"THEFT/OTHER","38.9680788094","-77.0274286918",224,39,263,1542,1572,3114,898,624,1522
1901,"THEFT F/AUTO","38.9664126164","-77.0259741445",224,39,263,1542,1572,3114,898,624,1522
1901,"THEFT F/AUTO","38.9676024334","-77.0224551439",224,39,263,1542,1572,3114,898,624,1522
1901,"MOTOR VEHICLE THEFT","38.9661249096","-77.023331634",224,39,263,1542,1572,3114,898,624,1522
1901,"MOTOR VEHICLE THEFT","38.9661253203","-77.0211738618",224,39,263,1542,1572,3114,898,624,1522
1901,"THEFT F/AUTO","38.9676024334","-77.0224551439",224,39,263,1542,1572,3114,898,624,1522
1901,"THEFT F/AUTO","38.9655393736","-77.0233314423",224,39,263,1542,1572,3114,898,624,1522
1901,"THEFT/OTHER","38.9692772885","-77.0257444006",224,39,263,1542,1572,3114,898,624,1522
1901,"THEFT/OTHER","38.9667095266","-77.0275550936",224,39,263,1542,1572,3114,898,624,1522
1901,"THEFT F/AUTO","38.9661241677","-77.0267933006",224,39,263,1542,1572,3114,898,624,1522
1901,"THEFT F/AUTO","38.9601617394","-77.0218182139",224,39,263,1542,1572,3114,898,624,1522
1901,"THEFT/OTHER","38.961971092","-77.0279570992",224,39,263,1542,1572,3114,898,624,1522
1901,"THEFT/OTHER","38.961971092","-77.0279570992",224,39,263,1542,1572,3114,898,624,1522
1901,"THEFT F/AUTO","38.9637651594","-77.0211731606",224,39,263,1542,1572,3114,898,624,1522
1901,"MOTOR VEHICLE THEFT","38.9658364675","-77.0242084916",224,39,263,1542,1572,3114,898,624,1522
1901,"THEFT/OTHER","38.9680788094","-77.0274286918",224,39,263,1542,1572,3114,898,624,1522
1901,"THEFT/OTHER","38.9655384302","-77.0276584899",224,39,263,1542,1572,3114,898,624,1522
1901,"MOTOR VEHICLE THEFT","38.961315028","-77.0205378366",224,39,263,1542,1572,3114,898,624,1522
1901,"THEFT/OTHER","38.961971092","-77.0279570992",224,39,263,1542,1572,3114,898,624,1522
1901,"THEFT F/AUTO","38.9692772885","-77.0257444006",224,39,263,1542,1572,3114,898,624,1522
1901,"THEFT F/AUTO","38.967403175","-77.0274976663",224,39,263,1542,1572,3114,898,624,1522
1901,"ROBBERY","38.96494524","-77.0211735112",224,39,263,1542,1572,3114,898,624,1522
1901,"THEFT/OTHER","38.961971092","-77.0279570992",224,39,263,1542,1572,3114,898,624,1522
1901,"THEFT F/AUTO","38.9667095266","-77.0275550936",224,39,263,1542,1572,3114,898,624,1522
1901,"THEFT F/AUTO","38.9680788094","-77.0274286918",224,39,263,1542,1572,3114,898,624,1522
1901,"THEFT/OTHER","38.961971092","-77.0279570992",224,39,263,1542,1572,3114,898,624,1522
1901,"THEFT/OTHER","38.9643583252","-77.0277618794",224,39,263,1542,1572,3114,898,624,1522
1901,"THEFT F/AUTO","38.9626931775","-77.0211728421",224,39,263,1542,1572,3114,898,624,1522
1901,"THEFT F/AUTO","38.9667095266","-77.0275550936",224,39,263,1542,1572,3114,898,624,1522
1901,"THEFT/OTHER","38.9619995421","-77.0211726361",224,39,263,1542,1572,3114,898,624,1522
1901,"THEFT F/AUTO","38.9667095266","-77.0275550936",224,39,263,1542,1572,3114,898,624,1522
1901,"THEFT/OTHER","38.961971092","-77.0279570992",224,39,263,1542,1572,3114,898,624,1522
1901,"THEFT F/AUTO","38.9692772885","-77.0257444006",224,39,263,1542,1572,3114,898,624,1522
1901,"THEFT F/AUTO","38.9692772885","-77.0257444006",224,39,263,1542,1572,3114,898,624,1522
1901,"THEFT/OTHER","38.961971092","-77.0279570992",224,39,263,1542,1572,3114,898,624,1522
1901,"THEFT F/AUTO","38.9667095266","-77.0275550936",224,39,263,1542,1572,3114,898,624,1522
1901,"THEFT F/AUTO","38.9692772885","-77.0257444006",224,39,263,1542,1572,3114,898,624,1522
1901,"THEFT/OTHER","38.9692772885","-77.0257444006",224,39,263,1542,1572,3114,898,624,1522
1901,"MOTOR VEHICLE THEFT","38.961971092","-77.0279570992",224,39,263,1542,1572,3114,898,624,1522
1901,"THEFT F/AUTO","38.961971092","-77.0279570992",224,39,263,1542,1572,3114,898,624,1522
1901,"THEFT F/AUTO","38.9593509963","-77.0218179657",224,39,263,1542,1572,3114,898,624,1522
1901,"THEFT F/AUTO","38.9680788094","-77.0274286918",224,39,263,1542,1572,3114,898,624,1522
1901,"THEFT F/AUTO","38.9692772885","-77.0257444006",224,39,263,1542,1572,3114,898,624,1522
1901,"THEFT F/AUTO","38.9649444638","-77.0250966684",224,39,263,1542,1572,3114,898,624,1522
1901,"THEFT/OTHER","38.961971092","-77.0279570992",224,39,263,1542,1572,3114,898,624,1522
1901,"THEFT/OTHER","38.9667010717","-77.025097287",224,39,263,1542,1572,3114,898,624,1522
1901,"THEFT F/AUTO","38.9692772885","-77.0257444006",224,39,263,1542,1572,3114,898,624,1522
1901,"THEFT/OTHER","38.961971092","-77.0279570992",224,39,263,1542,1572,3114,898,624,1522
1901,"THEFT F/AUTO","38.9680788094","-77.0274286918",224,39,263,1542,1572,3114,898,624,1522
1901,"THEFT/OTHER","38.9692772885","-77.0257444006",224,39,263,1542,1572,3114,898,624,1522
1901,"THEFT/OTHER","38.9655384302","-77.0276584899",224,39,263,1542,1572,3114,898,624,1522
1901,"MOTOR VEHICLE THEFT","38.96494524","-77.0211735112",224,39,263,1542,1572,3114,898,624,1522
1901,"THEFT F/AUTO","38.96494524","-77.0211735112",224,39,263,1542,1572,3114,898,624,1522
1901,"THEFT F/AUTO","38.967403175","-77.0274976663",224,39,263,1542,1572,3114,898,624,1522
1901,"THEFT F/AUTO","38.9652419232","-77.0242082896",224,39,263,1542,1572,3114,898,624,1522
1901,"THEFT/OTHER","38.9692772885","-77.0257444006",224,39,263,1542,1572,3114,898,624,1522
1901,"THEFT/OTHER","38.961971092","-77.0279570992",224,39,263,1542,1572,3114,898,624,1522
1901,"THEFT/OTHER","38.9607287894","-77.0242067567",224,39,263,1542,1572,3114,898,624,1522
1901,"HOMICIDE","38.9652419232","-77.0242082896",224,39,263,1542,1572,3114,898,624,1522
1901,"THEFT/OTHER","38.9637651594","-77.0211731606",224,39,263,1542,1572,3114,898,624,1522
1901,"THEFT/OTHER","38.9692782052","-77.0211747985",224,39,263,1542,1572,3114,898,624,1522
1901,"THEFT F/AUTO","38.967403175","-77.0274976663",224,39,263,1542,1572,3114,898,624,1522
1901,"MOTOR VEHICLE THEFT","38.9667018479","-77.0211740331",224,39,263,1542,1572,3114,898,624,1522
1901,"THEFT F/AUTO","38.9661335523","-77.0250970871",224,39,263,1542,1572,3114,898,624,1522
1901,"THEFT F/AUTO","38.9661241677","-77.0267933006",224,39,263,1542,1572,3114,898,624,1522
1901,"MOTOR VEHICLE THEFT","38.9672784888","-77.0205395552",224,39,263,1542,1572,3114,898,624,1522
1901,"MOTOR VEHICLE THEFT","38.9649440768","-77.0268390117",224,39,263,1542,1572,3114,898,624,1522
1901,"MOTOR VEHICLE THEFT","38.9593509963","-77.0218179657",224,39,263,1542,1572,3114,898,624,1522
1901,"ASSAULT W/DANGEROUS WEAPON","38.967403175","-77.0274976663",224,39,263,1542,1572,3114,898,624,1522
1901,"THEFT/OTHER","38.9649444638","-77.0250966684",224,39,263,1542,1572,3114,898,624,1522
1901,"THEFT F/AUTO","38.9655388166","-77.0259738261",224,39,263,1542,1572,3114,898,624,1522
1901,"THEFT/OTHER","38.961971092","-77.0279570992",224,39,263,1542,1572,3114,898,624,1522
1901,"MOTOR VEHICLE THEFT","38.9661335523","-77.0250970871",224,39,263,1542,1572,3114,898,624,1522
1901,"THEFT F/AUTO","38.9655393736","-77.0233314423",224,39,263,1542,1572,3114,898,624,1522
1901,"MOTOR VEHICLE THEFT","38.964944741","-77.0237697182",224,39,263,1542,1572,3114,898,624,1522
1901,"MOTOR VEHICLE THEFT","38.964944916","-77.0228927771",224,39,263,1542,1572,3114,898,624,1522
1902,"THEFT F/AUTO","38.9679547918","-77.016177938",113,159,272,1028,915,1943,582,367,949
1902,"THEFT F/AUTO","38.969269995","-77.0161782365",113,159,272,1028,915,1943,582,367,949
1902,"THEFT/OTHER","38.9626946032","-77.010719112",113,159,272,1028,915,1943,582,367,949
1902,"THEFT/OTHER","38.9643700274","-77.0118616859",113,159,272,1028,915,1943,582,367,949
1902,"THEFT/OTHER","38.9679549398","-77.0150701762",113,159,272,1028,915,1943,582,367,949
1902,"THEFT/OTHER","38.962963648","-77.0199037009",113,159,272,1028,915,1943,582,367,949
1902,"ROBBERY","38.9699181685","-77.0189709435",113,159,272,1028,915,1943,582,367,949
1902,"THEFT F/AUTO","38.9655405838","-77.0161658511",113,159,272,1028,915,1943,582,367,949
1902,"THEFT/OTHER","38.9635041431","-77.0199038519",113,159,272,1028,915,1943,582,367,949
1902,"THEFT/OTHER","38.9626946032","-77.010719112",113,159,272,1028,915,1943,582,367,949
1902,"THEFT/OTHER","38.9658282711","-77.019904501",113,159,272,1028,915,1943,582,367,949
1902,"BURGLARY","38.9626946032","-77.010719112",113,159,272,1028,915,1943,582,367,949
1902,"THEFT F/AUTO","38.9620096706","-77.0136497177",113,159,272,1028,915,1943,582,367,949
1902,"THEFT F/AUTO","38.9619999204","-77.0189688359",113,159,272,1028,915,1943,582,367,949
1902,"THEFT F/AUTO","38.9605957923","-77.0094150031",113,159,272,1028,915,1943,582,367,949
1902,"THEFT F/AUTO","38.963766126","-77.0149077513",113,159,272,1028,915,1943,582,367,949
1902,"THEFT F/AUTO","38.9661256986","-77.018969934",113,159,272,1028,915,1943,582,367,949
1902,"THEFT F/AUTO","38.9643700274","-77.0118616859",113,159,272,1028,915,1943,582,367,949
1902,"THEFT F/AUTO","38.9655409045","-77.013650394",113,159,272,1028,915,1943,582,367,949
1902,"ASSAULT W/DANGEROUS WEAPON","38.9649459066","-77.0171003508",113,159,272,1028,915,1943,582,367,949
1902,"MOTOR VEHICLE THEFT","38.96436023","-77.0180348372",113,159,272,1028,915,1943,582,367,949
1902,"THEFT F/AUTO","38.9607389127","-77.0180339209",113,159,272,1028,915,1943,582,367,949
1902,"MOTOR VEHICLE THEFT","38.9632344722","-77.0161653281",113,159,272,1028,915,1943,582,367,949
1902,"THEFT F/AUTO","38.9598020541","-77.0180336838",113,159,272,1028,915,1943,582,367,949
1902,"THEFT F/AUTO","38.9672794087","-77.0143776888",113,159,272,1028,915,1943,582,367,949
1902,"THEFT F/AUTO","38.9626938441","-77.0170998105",113,159,272,1028,915,1943,582,367,949
1902,"ROBBERY","38.9679547918","-77.016177938",113,159,272,1028,915,1943,582,367,949
1902,"THEFT/OTHER","38.9594418625","-77.0171105681",113,159,272,1028,915,1943,582,367,949
1902,"THEFT F/AUTO","38.9679460566","-77.0140662653",113,159,272,1028,915,1943,582,367,949
1902,"THEFT F/AUTO","38.9620096706","-77.0136497177",113,159,272,1028,915,1943,582,367,949
1902,"MOTOR VEHICLE THEFT","38.9652427351","-77.0199043374",113,159,272,1028,915,1943,582,367,949
1902,"MOTOR VEHICLE THEFT","38.9626946032","-77.010719112",113,159,272,1028,915,1943,582,367,949
1902,"THEFT F/AUTO","38.9594418625","-77.0171105681",113,159,272,1028,915,1943,582,367,949
1902,"MOTOR VEHICLE THEFT","38.9667119765","-77.0136506183",113,159,272,1028,915,1943,582,367,949
1902,"ROBBERY","38.961315648","-77.0166379554",113,159,272,1028,915,1943,582,367,949
1902,"THEFT F/AUTO","38.9649456183","-77.0189696199",113,159,272,1028,915,1943,582,367,949
1902,"THEFT/OTHER","38.9686306093","-77.0146664437",113,159,272,1028,915,1943,582,367,949
1902,"THEFT F/AUTO","38.9635041431","-77.0199038519",113,159,272,1028,915,1943,582,367,949
1902,"THEFT F/AUTO","38.9646490388","-77.0140656146",113,159,272,1028,915,1943,582,367,949
1902,"THEFT F/AUTO","38.9699181685","-77.0189709435",113,159,272,1028,915,1943,582,367,949
1902,"THEFT F/AUTO","38.9620096706","-77.0136497177",113,159,272,1028,915,1943,582,367,949
1902,"THEFT F/AUTO","38.9643700274","-77.0118616859",113,159,272,1028,915,1943,582,367,949
1902,"THEFT/OTHER","38.9699181685","-77.0189709435",113,159,272,1028,915,1943,582,367,949
1902,"ROBBERY","38.9626938441","-77.0170998105",113,159,272,1028,915,1943,582,367,949
1902,"MOTOR VEHICLE THEFT","38.9655405838","-77.0161658511",113,159,272,1028,915,1943,582,367,949
1902,"THEFT/OTHER","38.9607389127","-77.0180339209",113,159,272,1028,915,1943,582,367,949
1902,"THEFT F/AUTO","38.9605957923","-77.0094150031",113,159,272,1028,915,1943,582,367,949
1902,"ASSAULT W/DANGEROUS WEAPON","38.9626944243","-77.0125190921",113,159,272,1028,915,1943,582,367,949
1902,"THEFT F/AUTO","38.9598020541","-77.0180336838",113,159,272,1028,915,1943,582,367,949
1902,"THEFT/OTHER","38.9626946032","-77.010719112",113,159,272,1028,915,1943,582,367,949
1902,"ASSAULT W/DANGEROUS WEAPON","38.9699181685","-77.0189709435",113,159,272,1028,915,1943,582,367,949
1902,"THEFT F/AUTO","38.9623513901","-77.0180343289",113,159,272,1028,915,1943,582,367,949
1902,"THEFT/OTHER","38.9649456183","-77.0189696199",113,159,272,1028,915,1943,582,367,949
1902,"THEFT F/AUTO","38.9699181685","-77.0189709435",113,159,272,1028,915,1943,582,367,949
1902,"THEFT F/AUTO","38.9626946032","-77.010719112",113,159,272,1028,915,1943,582,367,949
1902,"THEFT F/AUTO","38.9616577547","-77.0180341533",113,159,272,1028,915,1943,582,367,949
1902,"THEFT/OTHER","38.9679549398","-77.0150701762",113,159,272,1028,915,1943,582,367,949
1902,"THEFT F/AUTO","38.9699181685","-77.0189709435",113,159,272,1028,915,1943,582,367,949
2001,"ROBBERY","38.9602135632","-77.0315677827",569,909,1478,968,794,1762,363,465,828
2001,"THEFT F/AUTO","38.960853639","-77.0296989044",569,909,1478,968,794,1762,363,465,828
2001,"THEFT F/AUTO","38.9613030457","-77.0334259009",569,909,1478,968,794,1762,363,465,828
2001,"THEFT F/AUTO","38.9611127842","-77.0370372302",569,909,1478,968,794,1762,363,465,828
2001,"ROBBERY","38.9592847615","-77.0349133283",569,909,1478,968,794,1762,363,465,828
2001,"THEFT F/AUTO","38.956744864","-77.0334353006",569,909,1478,968,794,1762,363,465,828
2001,"THEFT/OTHER","38.9612755825","-77.0349258416",569,909,1478,968,794,1762,363,465,828
2001,"ROBBERY","38.9602128368","-77.0341522793",569,909,1478,968,794,1762,363,465,828
2001,"THEFT F/AUTO","38.9602128368","-77.0341522793",569,909,1478,968,794,1762,363,465,828
2001,"THEFT F/AUTO","38.9588167638","-77.0334362726",569,909,1478,968,794,1762,363,465,828
2001,"THEFT F/AUTO","38.9583479027","-77.0349128694",569,909,1478,968,794,1762,363,465,828
2001,"ROBBERY","38.9613030457","-77.0334259009",569,909,1478,968,794,1762,363,465,828
2001,"THEFT F/AUTO","38.9572759128","-77.0349354192",569,909,1478,968,794,1762,363,465,828
2001,"THEFT F/AUTO","38.9551501845","-77.034184465",569,909,1478,968,794,1762,363,465,828
2001,"THEFT F/AUTO","38.9612755825","-77.0349258416",569,909,1478,968,794,1762,363,465,828
2001,"ROBBERY","38.9569061271","-77.0364004875",569,909,1478,968,794,1762,363,465,828
2001,"ROBBERY","38.956744864","-77.0334353006",569,909,1478,968,794,1762,363,465,828
2001,"THEFT F/AUTO","38.9621753416","-77.0383300664",569,909,1478,968,794,1762,363,465,828
2001,"THEFT F/AUTO","38.9588969525","-77.0364015042",569,909,1478,968,794,1762,363,465,828
2001,"THEFT/OTHER","38.9585092362","-77.0375435342",569,909,1478,968,794,1762,363,465,828
2001,"THEFT/OTHER","38.956744864","-77.0334353006",569,909,1478,968,794,1762,363,465,828
2001,"THEFT F/AUTO","38.9572759128","-77.0349354192",569,909,1478,968,794,1762,363,465,828
2001,"THEFT F/AUTO","38.9578519945","-77.0364009705",569,909,1478,968,794,1762,363,465,828
2001,"THEFT F/AUTO","38.9616640831","-77.0308530588",569,909,1478,968,794,1762,363,465,828
2001,"MOTOR VEHICLE THEFT","38.9597634921","-77.0302753431",569,909,1478,968,794,1762,363,465,828
2001,"THEFT F/AUTO","38.9606094068","-77.0334371136",569,909,1478,968,794,1762,363,465,828
2001,"THEFT F/AUTO","38.9611127842","-77.0370372302",569,909,1478,968,794,1762,363,465,828
2001,"THEFT/OTHER","38.9592766702","-77.0316942834",569,909,1478,968,794,1762,363,465,828
2001,"THEFT F/AUTO","38.9606094068","-77.0334371136",569,909,1478,968,794,1762,363,465,828
2001,"THEFT/OTHER","38.9616095416","-77.0326645261",569,909,1478,968,794,1762,363,465,828
2001,"ROBBERY","38.9599247794","-77.0334367924",569,909,1478,968,794,1762,363,465,828
2001,"THEFT/OTHER","38.9594563501","-77.0334365726",569,909,1478,968,794,1762,363,465,828
2001,"THEFT F/AUTO","38.9592839982","-77.0373824134",569,909,1478,968,794,1762,363,465,828
2001,"THEFT F/AUTO","38.9605004222","-77.0364023231",569,909,1478,968,794,1762,363,465,828
2001,"THEFT F/AUTO","38.956744864","-77.0334353006",569,909,1478,968,794,1762,363,465,828
2001,"ROBBERY","38.961167033","-77.0364026636",569,909,1478,968,794,1762,363,465,828
2001,"THEFT F/AUTO","38.9605004222","-77.0364023231",569,909,1478,968,794,1762,363,465,828
2001,"ROBBERY","38.9578519945","-77.0364009705",569,909,1478,968,794,1762,363,465,828
2001,"MOTOR VEHICLE THEFT","38.9612755825","-77.0349258416",569,909,1478,968,794,1762,363,465,828
2001,"THEFT F/AUTO","38.9606094068","-77.0334371136",569,909,1478,968,794,1762,363,465,828
2001,"THEFT/OTHER","38.9616095416","-77.0326645261",569,909,1478,968,794,1762,363,465,828
2001,"MOTOR VEHICLE THEFT","38.9592766702","-77.0316942834",569,909,1478,968,794,1762,363,465,828
2001,"THEFT/OTHER","38.9572759128","-77.0349354192",569,909,1478,968,794,1762,363,465,828
2001,"THEFT/OTHER","38.9597167039","-77.0364019228",569,909,1478,968,794,1762,363,465,828
2001,"MOTOR VEHICLE THEFT","38.9592766702","-77.0316942834",569,909,1478,968,794,1762,363,465,828
2001,"THEFT F/AUTO","38.9599245726","-77.0341521412",569,909,1478,968,794,1762,363,465,828
2001,"BURGLARY","38.9602135632","-77.0315677827",569,909,1478,968,794,1762,363,465,828
2001,"MOTOR VEHICLE THEFT","38.9602135632","-77.0315677827",569,909,1478,968,794,1762,363,465,828
2001,"HOMICIDE","38.9616095416","-77.0326645261",569,909,1478,968,794,1762,363,465,828
2001,"THEFT F/AUTO","38.9625810303","-77.0373495277",569,909,1478,968,794,1762,363,465,828
2001,"THEFT/OTHER","38.9602135632","-77.0315677827",569,909,1478,968,794,1762,363,465,828
2001,"THEFT/OTHER","38.9597634921","-77.0302753431",569,909,1478,968,794,1762,363,465,828
2001,"MOTOR VEHICLE THEFT","38.9597167039","-77.0364019228",569,909,1478,968,794,1762,363,465,828
2001,"THEFT/OTHER","38.9572759128","-77.0349354192",569,909,1478,968,794,1762,363,465,828
2001,"THEFT F/AUTO","38.9567089945","-77.0328584155",569,909,1478,968,794,1762,363,465,828
2001,"MOTOR VEHICLE THEFT","38.9585092362","-77.0375435342",569,909,1478,968,794,1762,363,465,828
2001,"THEFT/OTHER","38.9599247794","-77.0334367924",569,909,1478,968,794,1762,363,465,828
2001,"THEFT F/AUTO","38.9621753416","-77.0383300664",569,909,1478,968,794,1762,363,465,828
2001,"ROBBERY","38.9583479027","-77.0349128694",569,909,1478,968,794,1762,363,465,828
2001,"THEFT F/AUTO","38.9613030457","-77.0334259009",569,909,1478,968,794,1762,363,465,828
2001,"MOTOR VEHICLE THEFT","38.9592766702","-77.0316942834",569,909,1478,968,794,1762,363,465,828
2001,"THEFT F/AUTO","38.9578078387","-77.0334357993",569,909,1478,968,794,1762,363,465,828
2002,"THEFT F/AUTO","38.9551509209","-77.0315655406",76,48,124,1844,1476,3320,1110,1012,2122
2002,"MOTOR VEHICLE THEFT","38.9486210689","-77.0269943708",76,48,124,1844,1476,3320,1110,1012,2122
2002,"MOTOR VEHICLE THEFT","38.9540789373","-77.0315650659",76,48,124,1844,1476,3320,1110,1012,2122
2002,"THEFT/OTHER","38.950800622","-77.0288756309",76,48,124,1844,1476,3320,1110,1012,2122
2002,"ROBBERY","38.9511792459","-77.0277336737",76,48,124,1844,1476,3320,1110,1012,2122
2002,"THEFT F/AUTO","38.9534848813","-77.0296958342",76,48,124,1844,1476,3320,1110,1012,2122
2002,"THEFT/OTHER","38.957808848","-77.0296976357",76,48,124,1844,1476,3320,1110,1012,2122
2002,"THEFT F/AUTO","38.9466475986","-77.0297045217",76,48,124,1844,1476,3320,1110,1012,2122
2002,"MOTOR VEHICLE THEFT","38.9540796719","-77.0287154421",76,48,124,1844,1476,3320,1110,1012,2122
2002,"THEFT/OTHER","38.9607276915","-77.029029647",76,48,124,1844,1476,3320,1110,1012,2122
2002,"THEFT/OTHER","38.9466483222","-77.0267052304",76,48,124,1844,1476,3320,1110,1012,2122
2002,"BURGLARY","38.9518726828","-77.0285645774",76,48,124,1844,1476,3320,1110,1012,2122
2002,"MOTOR VEHICLE THEFT","38.9489893939","-77.0310782954",76,48,124,1844,1476,3320,1110,1012,2122
2002,"THEFT/OTHER","38.957277013","-77.0310357591",76,48,124,1844,1476,3320,1110,1012,2122
2002,"THEFT/OTHER","38.9507999272","-77.0315636139",76,48,124,1844,1476,3320,1110,1012,2122
2002,"THEFT F/AUTO","38.9484852873","-77.0297052875",76,48,124,1844,1476,3320,1110,1012,2122
2002,"THEFT/OTHER","38.957808848","-77.0296976357",76,48,124,1844,1476,3320,1110,1012,2122
2002,"THEFT F/AUTO","38.9518726828","-77.0285645774",76,48,124,1844,1476,3320,1110,1012,2122
2002,"ROBBERY","38.9546113772","-77.0278157683",76,48,124,1844,1476,3320,1110,1012,2122
2002,"ROBBERY","38.9518719115","-77.0315640886",76,48,124,1844,1476,3320,1110,1012,2122
2002,"THEFT/OTHER","38.9528981448","-77.034091091",76,48,124,1844,1476,3320,1110,1012,2122
2002,"SEX ABUSE","38.9583491146","-77.0305862584",76,48,124,1844,1476,3320,1110,1012,2122
2002,"THEFT/OTHER","38.9567089945","-77.0328584155",76,48,124,1844,1476,3320,1110,1012,2122
2002,"THEFT F/AUTO","38.9556738899","-77.0296967462",76,48,124,1844,1476,3320,1110,1012,2122
2002,"THEFT/OTHER","38.957809211","-77.0282323678",76,48,124,1844,1476,3320,1110,1012,2122
2002,"THEFT/OTHER","38.9583495259","-77.0289709902",76,48,124,1844,1476,3320,1110,1012,2122
2002,"THEFT/OTHER","38.9592771942","-77.0296982475",76,48,124,1844,1476,3320,1110,1012,2122
2002,"THEFT/OTHER","38.9471884556","-77.0282512332",76,48,124,1844,1476,3320,1110,1012,2122
2002,"THEFT/OTHER","38.957809211","-77.0282323678",76,48,124,1844,1476,3320,1110,1012,2122
2002,"ROBBERY","38.9502605241","-77.0272141818",76,48,124,1844,1476,3320,1110,1012,2122
2002,"BURGLARY","38.9566201539","-77.0280934486",76,48,124,1844,1476,3320,1110,1012,2122
2002,"THEFT/OTHER","38.9607276915","-77.029029647",76,48,124,1844,1476,3320,1110,1012,2122
2002,"BURGLARY","38.9596739428","-77.0281408037",76,48,124,1844,1476,3320,1110,1012,2122
2002,"ROBBERY","38.9562145937","-77.0288662869",76,48,124,1844,1476,3320,1110,1012,2122
2002,"ROBBERY","38.9596739428","-77.0281408037",76,48,124,1844,1476,3320,1110,1012,2122
2002,"THEFT F/AUTO","38.9556728807","-77.0334347978",76,48,124,1844,1476,3320,1110,1012,2122
2002,"THEFT F/AUTO","38.9556738899","-77.0296967462",76,48,124,1844,1476,3320,1110,1012,2122
2002,"THEFT F/AUTO","38.9534928804","-77.0334337752",76,48,124,1844,1476,3320,1110,1012,2122
2002,"THEFT F/AUTO","38.9502602274","-77.0284601044",76,48,124,1844,1476,3320,1110,1012,2122
2002,"THEFT F/AUTO","38.9551426274","-77.0287966301",76,48,124,1844,1476,3320,1110,1012,2122
2002,"MOTOR VEHICLE THEFT","38.9502605241","-77.0272141818",76,48,124,1844,1476,3320,1110,1012,2122
2002,"THEFT/OTHER","38.957809211","-77.0282323678",76,48,124,1844,1476,3320,1110,1012,2122
2002,"THEFT/OTHER","38.957808848","-77.0296976357",76,48,124,1844,1476,3320,1110,1012,2122
2002,"ROBBERY","38.9551509209","-77.0315655406",76,48,124,1844,1476,3320,1110,1012,2122
2002,"THEFT F/AUTO","38.9551509209","-77.0315655406",76,48,124,1844,1476,3320,1110,1012,2122
2002,"THEFT F/AUTO","38.9540789373","-77.0315650659",76,48,124,1844,1476,3320,1110,1012,2122
2002,"THEFT F/AUTO","38.9518726828","-77.0285645774",76,48,124,1844,1476,3320,1110,1012,2122
2002,"BURGLARY","38.9528996058","-77.0286457462",76,48,124,1844,1476,3320,1110,1012,2122
2002,"ROBBERY","38.9493597262","-77.02708694",76,48,124,1844,1476,3320,1110,1012,2122
2002,"THEFT/OTHER","38.9540789373","-77.0315650659",76,48,124,1844,1476,3320,1110,1012,2122
2002,"THEFT F/AUTO","38.9513308957","-77.0334327612",76,48,124,1844,1476,3320,1110,1012,2122
2002,"THEFT F/AUTO","38.9551509209","-77.0315655406",76,48,124,1844,1476,3320,1110,1012,2122
2002,"THEFT/OTHER","38.9489901111","-77.0282519472",76,48,124,1844,1476,3320,1110,1012,2122
2002,"MOTOR VEHICLE THEFT","38.9551509209","-77.0315655406",76,48,124,1844,1476,3320,1110,1012,2122
2002,"THEFT/OTHER","38.9482514157","-77.0283208705",76,48,124,1844,1476,3320,1110,1012,2122
2002,"ROBBERY","38.9461165009","-77.0281239162",76,48,124,1844,1476,3320,1110,1012,2122
2002,"THEFT/OTHER","38.9540789373","-77.0315650659",76,48,124,1844,1476,3320,1110,1012,2122
2002,"THEFT F/AUTO","38.9540789373","-77.0315650659",76,48,124,1844,1476,3320,1110,1012,2122
2002,"THEFT F/AUTO","38.9534848813","-77.0296958342",76,48,124,1844,1476,3320,1110,1012,2122
2002,"THEFT/OTHER","38.9497288452","-77.0280215153",76,48,124,1844,1476,3320,1110,1012,2122
2002,"THEFT/OTHER","38.9489901111","-77.0282519472",76,48,124,1844,1476,3320,1110,1012,2122
2002,"THEFT/OTHER","38.9507999272","-77.0315636139",76,48,124,1844,1476,3320,1110,1012,2122
2002,"THEFT F/AUTO","38.9578082581","-77.0319359188",76,48,124,1844,1476,3320,1110,1012,2122
2002,"THEFT/OTHER","38.9507987568","-77.0356359657",76,48,124,1844,1476,3320,1110,1012,2122
2002,"THEFT F/AUTO","38.9551509209","-77.0315655406",76,48,124,1844,1476,3320,1110,1012,2122
2002,"ROBBERY","38.9540789373","-77.0315650659",76,48,124,1844,1476,3320,1110,1012,2122
2002,"THEFT/OTHER","38.9551509209","-77.0315655406",76,48,124,1844,1476,3320,1110,1012,2122
2002,"THEFT F/AUTO","38.9518719115","-77.0315640886",76,48,124,1844,1476,3320,1110,1012,2122
2002,"THEFT/OTHER","38.9562145937","-77.0288662869",76,48,124,1844,1476,3320,1110,1012,2122
2002,"THEFT/OTHER","38.957808848","-77.0296976357",76,48,124,1844,1476,3320,1110,1012,2122
2002,"THEFT/OTHER","38.9471884556","-77.0282512332",76,48,124,1844,1476,3320,1110,1012,2122
2002,"THEFT/OTHER","38.9482514157","-77.0283208705",76,48,124,1844,1476,3320,1110,1012,2122
2002,"THEFT/OTHER","38.957808848","-77.0296976357",76,48,124,1844,1476,3320,1110,1012,2122
2002,"THEFT F/AUTO","38.9482514157","-77.0283208705",76,48,124,1844,1476,3320,1110,1012,2122
2002,"BURGLARY","38.9567089945","-77.0328584155",76,48,124,1844,1476,3320,1110,1012,2122
2002,"THEFT/OTHER","38.9513319019","-77.0297064737",76,48,124,1844,1476,3320,1110,1012,2122
2002,"MOTOR VEHICLE THEFT","38.9592771942","-77.0296982475",76,48,124,1844,1476,3320,1110,1012,2122
2002,"THEFT F/AUTO","38.9477195838","-77.0297049684",76,48,124,1844,1476,3320,1110,1012,2122
2002,"THEFT F/AUTO","38.9497360273","-77.0348163616",76,48,124,1844,1476,3320,1110,1012,2122
2002,"THEFT/OTHER","38.9523858696","-77.029706913",76,48,124,1844,1476,3320,1110,1012,2122
2002,"THEFT F/AUTO","38.9477195838","-77.0297049684",76,48,124,1844,1476,3320,1110,1012,2122
2002,"THEFT F/AUTO","38.9551509209","-77.0315655406",76,48,124,1844,1476,3320,1110,1012,2122
2002,"MOTOR VEHICLE THEFT","38.9546099054","-77.0334342992",76,48,124,1844,1476,3320,1110,1012,2122
2002,"MOTOR VEHICLE THEFT","38.9592771942","-77.0296982475",76,48,124,1844,1476,3320,1110,1012,2122
2002,"THEFT/OTHER","38.9482514157","-77.0283208705",76,48,124,1844,1476,3320,1110,1012,2122
2002,"BURGLARY","38.9596739428","-77.0281408037",76,48,124,1844,1476,3320,1110,1012,2122
2002,"THEFT/OTHER","38.9489968566","-77.0364310571",76,48,124,1844,1476,3320,1110,1012,2122
2002,"MOTOR VEHICLE THEFT","38.9551501845","-77.034184465",76,48,124,1844,1476,3320,1110,1012,2122
2002,"ROBBERY","38.9477202704","-77.0268671347",76,48,124,1844,1476,3320,1110,1012,2122
2002,"THEFT/OTHER","38.957277013","-77.0310357591",76,48,124,1844,1476,3320,1110,1012,2122
2002,"THEFT/OTHER","38.9497288452","-77.0280215153",76,48,124,1844,1476,3320,1110,1012,2122
2002,"THEFT/OTHER","38.9597634921","-77.0302753431",76,48,124,1844,1476,3320,1110,1012,2122
2002,"THEFT/OTHER","38.9482514157","-77.0283208705",76,48,124,1844,1476,3320,1110,1012,2122
2002,"ROBBERY","38.9502605241","-77.0272141818",76,48,124,1844,1476,3320,1110,1012,2122
2002,"ROBBERY","38.9471884556","-77.0282512332",76,48,124,1844,1476,3320,1110,1012,2122
2002,"THEFT/OTHER","38.9497288452","-77.0280215153",76,48,124,1844,1476,3320,1110,1012,2122
2002,"THEFT/OTHER","38.9546109146","-77.0296963033",76,48,124,1844,1476,3320,1110,1012,2122
2002,"THEFT F/AUTO","38.9592771942","-77.0296982475",76,48,124,1844,1476,3320,1110,1012,2122
2002,"THEFT F/AUTO","38.9513308957","-77.0334327612",76,48,124,1844,1476,3320,1110,1012,2122
2002,"BURGLARY","38.9546113772","-77.0278157683",76,48,124,1844,1476,3320,1110,1012,2122
2002,"ROBBERY","38.9567089945","-77.0328584155",76,48,124,1844,1476,3320,1110,1012,2122
2002,"THEFT F/AUTO","38.9489893939","-77.0310782954",76,48,124,1844,1476,3320,1110,1012,2122
2002,"THEFT F/AUTO","38.9482514157","-77.0283208705",76,48,124,1844,1476,3320,1110,1012,2122
2002,"THEFT F/AUTO","38.9518706599","-77.035901843",76,48,124,1844,1476,3320,1110,1012,2122
2002,"THEFT F/AUTO","38.9540789373","-77.0315650659",76,48,124,1844,1476,3320,1110,1012,2122
2002,"THEFT F/AUTO","38.950800622","-77.0288756309",76,48,124,1844,1476,3320,1110,1012,2122
2002,"ROBBERY","38.9571516247","-77.0281628827",76,48,124,1844,1476,3320,1110,1012,2122
2002,"THEFT F/AUTO","38.957808848","-77.0296976357",76,48,124,1844,1476,3320,1110,1012,2122
2002,"MOTOR VEHICLE THEFT","38.9518719115","-77.0315640886",76,48,124,1844,1476,3320,1110,1012,2122
2002,"THEFT F/AUTO","38.9528981448","-77.034091091",76,48,124,1844,1476,3320,1110,1012,2122
2002,"THEFT/OTHER","38.9486286127","-77.0327277943",76,48,124,1844,1476,3320,1110,1012,2122
2002,"ROBBERY","38.957809211","-77.0282323678",76,48,124,1844,1476,3320,1110,1012,2122
2002,"THEFT/OTHER","38.956213896","-77.0315660114",76,48,124,1844,1476,3320,1110,1012,2122
2002,"BURGLARY","38.9596739428","-77.0281408037",76,48,124,1844,1476,3320,1110,1012,2122
2002,"ROBBERY","38.9540789373","-77.0315650659",76,48,124,1844,1476,3320,1110,1012,2122
2002,"ROBBERY","38.9592771942","-77.0296982475",76,48,124,1844,1476,3320,1110,1012,2122
2002,"THEFT F/AUTO","38.9493597262","-77.02708694",76,48,124,1844,1476,3320,1110,1012,2122
2002,"THEFT F/AUTO","38.9529067621","-77.0354062846",76,48,124,1844,1476,3320,1110,1012,2122
2002,"THEFT F/AUTO","38.9551509209","-77.0315655406",76,48,124,1844,1476,3320,1110,1012,2122
2002,"THEFT/OTHER","38.9482514157","-77.0283208705",76,48,124,1844,1476,3320,1110,1012,2122
2002,"ASSAULT W/DANGEROUS WEAPON","38.957808848","-77.0296976357",76,48,124,1844,1476,3320,1110,1012,2122
2002,"THEFT/OTHER","38.9497288452","-77.0280215153",76,48,124,1844,1476,3320,1110,1012,2122
2002,"THEFT F/AUTO","38.9489886883","-77.0336277767",76,48,124,1844,1476,3320,1110,1012,2122
2002,"THEFT/OTHER","38.9607276915","-77.029029647",76,48,124,1844,1476,3320,1110,1012,2122
2002,"THEFT/OTHER","38.9583495259","-77.0289709902",76,48,124,1844,1476,3320,1110,1012,2122
2002,"THEFT/OTHER","38.9489886883","-77.0336277767",76,48,124,1844,1476,3320,1110,1012,2122
2002,"MOTOR VEHICLE THEFT","38.9534853821","-77.0276538131",76,48,124,1844,1476,3320,1110,1012,2122
2002,"ASSAULT W/DANGEROUS WEAPON","38.9562145937","-77.0288662869",76,48,124,1844,1476,3320,1110,1012,2122
2002,"THEFT/OTHER","38.9528996058","-77.0286457462",76,48,124,1844,1476,3320,1110,1012,2122
2002,"THEFT F/AUTO","38.9551509209","-77.0315655406",76,48,124,1844,1476,3320,1110,1012,2122
2002,"THEFT F/AUTO","38.951330003","-77.036420713",76,48,124,1844,1476,3320,1110,1012,2122
2002,"THEFT F/AUTO","38.957277013","-77.0310357591",76,48,124,1844,1476,3320,1110,1012,2122
2002,"THEFT F/AUTO","38.9592771942","-77.0296982475",76,48,124,1844,1476,3320,1110,1012,2122
2002,"THEFT F/AUTO","38.9486017606","-77.0321048351",76,48,124,1844,1476,3320,1110,1012,2122
2002,"THEFT F/AUTO","38.9534848813","-77.0296958342",76,48,124,1844,1476,3320,1110,1012,2122
2002,"THEFT F/AUTO","38.956213896","-77.0315660114",76,48,124,1844,1476,3320,1110,1012,2122
2002,"MOTOR VEHICLE THEFT","38.9596739428","-77.0281408037",76,48,124,1844,1476,3320,1110,1012,2122
2002,"MOTOR VEHICLE THEFT","38.9534853821","-77.0276538131",76,48,124,1844,1476,3320,1110,1012,2122
2002,"THEFT/OTHER","38.9551509209","-77.0315655406",76,48,124,1844,1476,3320,1110,1012,2122
2002,"THEFT F/AUTO","38.9551509209","-77.0315655406",76,48,124,1844,1476,3320,1110,1012,2122
2002,"ROBBERY","38.9546109146","-77.0296963033",76,48,124,1844,1476,3320,1110,1012,2122
2002,"THEFT/OTHER","38.9567458732","-77.0296971928",76,48,124,1844,1476,3320,1110,1012,2122
2002,"BURGLARY","38.9523858696","-77.029706913",76,48,124,1844,1476,3320,1110,1012,2122
2002,"THEFT F/AUTO","38.9556743167","-77.0279661667",76,48,124,1844,1476,3320,1110,1012,2122
2002,"THEFT/OTHER","38.957808848","-77.0296976357",76,48,124,1844,1476,3320,1110,1012,2122
2002,"BURGLARY","38.957809211","-77.0282323678",76,48,124,1844,1476,3320,1110,1012,2122
2002,"THEFT/OTHER","38.9486286127","-77.0327277943",76,48,124,1844,1476,3320,1110,1012,2122
2002,"THEFT/OTHER","38.9540789373","-77.0315650659",76,48,124,1844,1476,3320,1110,1012,2122
2002,"ROBBERY","38.950800622","-77.0288756309",76,48,124,1844,1476,3320,1110,1012,2122
2002,"ASSAULT W/DANGEROUS WEAPON","38.957808848","-77.0296976357",76,48,124,1844,1476,3320,1110,1012,2122
2101,"ROBBERY","38.9583770096","-77.0270557539",707,237,944,1884,1868,3752,1035,917,1952
2101,"THEFT/OTHER","38.9534853821","-77.0276538131",707,237,944,1884,1868,3752,1035,917,1952
2101,"BURGLARY","38.95730504","-77.0269976597",707,237,944,1884,1868,3752,1035,917,1952
2101,"THEFT/OTHER","38.9547203296","-77.0239624383",707,237,944,1884,1868,3752,1035,917,1952
2101,"THEFT F/AUTO","38.9552790094","-77.0231319525",707,237,944,1884,1868,3752,1035,917,1952
2101,"THEFT F/AUTO","38.9562511632","-77.0266049926",707,237,944,1884,1868,3752,1035,917,1952
2101,"MOTOR VEHICLE THEFT","38.9546477236","-77.0264659498",707,237,944,1884,1868,3752,1035,917,1952
2101,"THEFT/OTHER","38.9562511632","-77.0266049926",707,237,944,1884,1868,3752,1035,917,1952
2101,"THEFT/OTHER","38.9534853821","-77.0276538131",707,237,944,1884,1868,3752,1035,917,1952
2101,"ASSAULT W/DANGEROUS WEAPON","38.9534853821","-77.0276538131",707,237,944,1884,1868,3752,1035,917,1952
2101,"THEFT/OTHER","38.9583770096","-77.0270557539",707,237,944,1884,1868,3752,1035,917,1952
2101,"THEFT/OTHER","38.9562511632","-77.0266049926",707,237,944,1884,1868,3752,1035,917,1952
2101,"THEFT/OTHER","38.9534853821","-77.0276538131",707,237,944,1884,1868,3752,1035,917,1952
2101,"THEFT/OTHER","38.9534853821","-77.0276538131",707,237,944,1884,1868,3752,1035,917,1952
2101,"THEFT/OTHER","38.9534853821","-77.0276538131",707,237,944,1884,1868,3752,1035,917,1952
2101,"THEFT F/AUTO","38.9530359737","-77.0230158569",707,237,944,1884,1868,3752,1035,917,1952
2101,"THEFT F/AUTO","38.9574773992","-77.0211597553",707,237,944,1884,1868,3752,1035,917,1952
2101,"ROBBERY","38.9588283994","-77.022440842",707,237,944,1884,1868,3752,1035,917,1952
2101,"SEX ABUSE","38.9579272404","-77.0241135048",707,237,944,1884,1868,3752,1035,917,1952
2101,"ASSAULT W/DANGEROUS WEAPON","38.9596739428","-77.0281408037",707,237,944,1884,1868,3752,1035,917,1952
2101,"THEFT/OTHER","38.9525316822","-77.022127369",707,237,944,1884,1868,3752,1035,917,1952
2101,"ASSAULT W/DANGEROUS WEAPON","38.9574773992","-77.0211597553",707,237,944,1884,1868,3752,1035,917,1952
2101,"THEFT F/AUTO","38.9534853821","-77.0276538131",707,237,944,1884,1868,3752,1035,917,1952
2101,"MOTOR VEHICLE THEFT","38.9534853821","-77.0276538131",707,237,944,1884,1868,3752,1035,917,1952
2101,"THEFT/OTHER","38.9534853821","-77.0276538131",707,237,944,1884,1868,3752,1035,917,1952
2101,"THEFT/OTHER","38.9520454627","-77.0208928008",707,237,944,1884,1868,3752,1035,917,1952
2101,"THEFT/OTHER","38.9556743167","-77.0279661667",707,237,944,1884,1868,3752,1035,917,1952
2101,"THEFT/OTHER","38.9534853821","-77.0276538131",707,237,944,1884,1868,3752,1035,917,1952
2101,"THEFT/OTHER","38.9536486965","-77.0221854001",707,237,944,1884,1868,3752,1035,917,1952
2101,"THEFT/OTHER","38.9534853821","-77.0276538131",707,237,944,1884,1868,3752,1035,917,1952
2101,"THEFT/OTHER","38.9534853821","-77.0276538131",707,237,944,1884,1868,3752,1035,917,1952
2101,"THEFT/OTHER","38.9562511632","-77.0266049926",707,237,944,1884,1868,3752,1035,917,1952
2101,"ROBBERY","38.9556743167","-77.0279661667",707,237,944,1884,1868,3752,1035,917,1952
2101,"THEFT F/AUTO","38.9546659151","-77.0256814382",707,237,944,1884,1868,3752,1035,917,1952
2101,"ROBBERY","38.9524863005","-77.0238578572",707,237,944,1884,1868,3752,1035,917,1952
2101,"THEFT F/AUTO","38.9524863005","-77.0238578572",707,237,944,1884,1868,3752,1035,917,1952
2101,"ASSAULT W/DANGEROUS WEAPON","38.9596739428","-77.0281408037",707,237,944,1884,1868,3752,1035,917,1952
2101,"ASSAULT W/DANGEROUS WEAPON","38.9534853821","-77.0276538131",707,237,944,1884,1868,3752,1035,917,1952
2101,"THEFT/OTHER","38.9534853821","-77.0276538131",707,237,944,1884,1868,3752,1035,917,1952
2101,"THEFT F/AUTO","38.9534853821","-77.0276538131",707,237,944,1884,1868,3752,1035,917,1952
2101,"THEFT/OTHER","38.9534853821","-77.0276538131",707,237,944,1884,1868,3752,1035,917,1952
2101,"THEFT/OTHER","38.9530904117","-77.020950791",707,237,944,1884,1868,3752,1035,917,1952
2101,"MOTOR VEHICLE THEFT","38.9524318874","-77.0255768032",707,237,944,1884,1868,3752,1035,917,1952
2101,"THEFT/OTHER","38.9542704844","-77.0210088227",707,237,944,1884,1868,3752,1035,917,1952
2101,"ASSAULT W/DANGEROUS WEAPON","38.9563509836","-77.0231784496",707,237,944,1884,1868,3752,1035,917,1952
2101,"THEFT/OTHER","38.9574139471","-77.0232364827",707,237,944,1884,1868,3752,1035,917,1952
2101,"THEFT/OTHER","38.9536486965","-77.0221854001",707,237,944,1884,1868,3752,1035,917,1952
2101,"MOTOR VEHICLE THEFT","38.9530359737","-77.0230158569",707,237,944,1884,1868,3752,1035,917,1952
2101,"MOTOR VEHICLE THEFT","38.9552246071","-77.0248509665",707,237,944,1884,1868,3752,1035,917,1952
2101,"THEFT/OTHER","38.9542070372","-77.0230739198",707,237,944,1884,1868,3752,1035,917,1952
2101,"THEFT/OTHER","38.9562511632","-77.0266049926",707,237,944,1884,1868,3752,1035,917,1952
2101,"THEFT/OTHER","38.9546659151","-77.0256814382",707,237,944,1884,1868,3752,1035,917,1952
2101,"THEFT F/AUTO","38.9583770096","-77.0270557539",707,237,944,1884,1868,3752,1035,917,1952
2101,"MOTOR VEHICLE THEFT","38.9530359737","-77.0230158569",707,237,944,1884,1868,3752,1035,917,1952
2101,"THEFT/OTHER","38.9564054265","-77.0211017505",707,237,944,1884,1868,3752,1035,917,1952
2101,"ROBBERY","38.9588370651","-77.0241599634",707,237,944,1884,1868,3752,1035,917,1952
2101,"THEFT/OTHER","38.9546113772","-77.0278157683",707,237,944,1884,1868,3752,1035,917,1952
2101,"THEFT/OTHER","38.9534853821","-77.0276538131",707,237,944,1884,1868,3752,1035,917,1952
2101,"SEX ABUSE","38.9584768385","-77.0236521847",707,237,944,1884,1868,3752,1035,917,1952
2101,"MOTOR VEHICLE THEFT","38.9546113772","-77.0278157683",707,237,944,1884,1868,3752,1035,917,1952
2101,"THEFT F/AUTO","38.9524863005","-77.0238578572",707,237,944,1884,1868,3752,1035,917,1952
2101,"THEFT/OTHER","38.95730504","-77.0269976597",707,237,944,1884,1868,3752,1035,917,1952
2101,"THEFT F/AUTO","38.95730504","-77.0269976597",707,237,944,1884,1868,3752,1035,917,1952
2101,"MOTOR VEHICLE THEFT","38.9540981113","-77.0269387603",707,237,944,1884,1868,3752,1035,917,1952
2101,"THEFT/OTHER","38.9574139471","-77.0232364827",707,237,944,1884,1868,3752,1035,917,1952
2101,"THEFT F/AUTO","38.9553424597","-77.0210552872",707,237,944,1884,1868,3752,1035,917,1952
2101,"SEX ABUSE","38.9557832954","-77.0240089445",707,237,944,1884,1868,3752,1035,917,1952
2101,"THEFT/OTHER","38.9534853821","-77.0276538131",707,237,944,1884,1868,3752,1035,917,1952
2101,"THEFT/OTHER","38.9541616415","-77.0248044481",707,237,944,1884,1868,3752,1035,917,1952
2101,"ROBBERY","38.95730504","-77.0269976597",707,237,944,1884,1868,3752,1035,917,1952
2101,"THEFT/OTHER","38.9546113772","-77.0278157683",707,237,944,1884,1868,3752,1035,917,1952
2101,"THEFT/OTHER","38.9556743167","-77.0279661667",707,237,944,1884,1868,3752,1035,917,1952
2101,"THEFT/OTHER","38.9546113772","-77.0278157683",707,237,944,1884,1868,3752,1035,917,1952
2101,"THEFT F/AUTO","38.9573685515","-77.0249555512",707,237,944,1884,1868,3752,1035,917,1952
2101,"THEFT/OTHER","38.9534853821","-77.0276538131",707,237,944,1884,1868,3752,1035,917,1952
2101,"THEFT/OTHER","38.9523864087","-77.0275034101",707,237,944,1884,1868,3752,1035,917,1952
2101,"THEFT/OTHER","38.9556743167","-77.0279661667",707,237,944,1884,1868,3752,1035,917,1952
2101,"THEFT/OTHER","38.9520454627","-77.0208928008",707,237,944,1884,1868,3752,1035,917,1952
2101,"THEFT F/AUTO","38.9530359737","-77.0230158569",707,237,944,1884,1868,3752,1035,917,1952
2101,"THEFT F/AUTO","38.9578728211","-77.0258441194",707,237,944,1884,1868,3752,1035,917,1952
2101,"THEFT F/AUTO","38.9552246071","-77.0248509665",707,237,944,1884,1868,3752,1035,917,1952
2101,"ASSAULT W/DANGEROUS WEAPON","38.9564054265","-77.0211017505",707,237,944,1884,1868,3752,1035,917,1952
2101,"THEFT F/AUTO","38.9553424597","-77.0210552872",707,237,944,1884,1868,3752,1035,917,1952
2101,"THEFT/OTHER","38.9546113772","-77.0278157683",707,237,944,1884,1868,3752,1035,917,1952
2101,"THEFT/OTHER","38.9574139471","-77.0232364827",707,237,944,1884,1868,3752,1035,917,1952
2101,"MOTOR VEHICLE THEFT","38.952450009","-77.0250922693",707,237,944,1884,1868,3752,1035,917,1952
2101,"THEFT/OTHER","38.9564054265","-77.0211017505",707,237,944,1884,1868,3752,1035,917,1952
2101,"HOMICIDE","38.9574139471","-77.0232364827",707,237,944,1884,1868,3752,1035,917,1952
2101,"THEFT/OTHER","38.9534853821","-77.0276538131",707,237,944,1884,1868,3752,1035,917,1952
2101,"THEFT/OTHER","38.9556743167","-77.0279661667",707,237,944,1884,1868,3752,1035,917,1952
2101,"THEFT F/AUTO","38.9536486965","-77.0221854001",707,237,944,1884,1868,3752,1035,917,1952
2101,"BURGLARY","38.9563509836","-77.0231784496",707,237,944,1884,1868,3752,1035,917,1952
2101,"THEFT/OTHER","38.9564054265","-77.0211017505",707,237,944,1884,1868,3752,1035,917,1952
2101,"THEFT/OTHER","38.9546113772","-77.0278157683",707,237,944,1884,1868,3752,1035,917,1952
2101,"THEFT/OTHER","38.9546113772","-77.0278157683",707,237,944,1884,1868,3752,1035,917,1952
2101,"MOTOR VEHICLE THEFT","38.9562511632","-77.0266049926",707,237,944,1884,1868,3752,1035,917,1952
2101,"THEFT F/AUTO","38.9588283994","-77.022440842",707,237,944,1884,1868,3752,1035,917,1952
2101,"HOMICIDE","38.9556743167","-77.0279661667",707,237,944,1884,1868,3752,1035,917,1952
2101,"THEFT/OTHER","38.9557015399","-77.0271239616",707,237,944,1884,1868,3752,1035,917,1952
2101,"MOTOR VEHICLE THEFT","38.9529271131","-77.0266037519",707,237,944,1884,1868,3752,1035,917,1952
2101,"ROBBERY","38.9557015399","-77.0271239616",707,237,944,1884,1868,3752,1035,917,1952
2101,"THEFT F/AUTO","38.9520454627","-77.0208928008",707,237,944,1884,1868,3752,1035,917,1952
2101,"THEFT/OTHER","38.95730504","-77.0269976597",707,237,944,1884,1868,3752,1035,917,1952
2101,"THEFT/OTHER","38.9566201539","-77.0280934486",707,237,944,1884,1868,3752,1035,917,1952
2101,"ASSAULT W/DANGEROUS WEAPON","38.9556743167","-77.0279661667",707,237,944,1884,1868,3752,1035,917,1952
2101,"ROBBERY","38.9573685515","-77.0249555512",707,237,944,1884,1868,3752,1035,917,1952
2101,"MOTOR VEHICLE THEFT","38.9587916534","-77.0258906034",707,237,944,1884,1868,3752,1035,917,1952
2101,"THEFT/OTHER","38.9530904117","-77.020950791",707,237,944,1884,1868,3752,1035,917,1952
2101,"THEFT F/AUTO","38.9562965806","-77.0248974894",707,237,944,1884,1868,3752,1035,917,1952
2101,"THEFT F/AUTO","38.9542704844","-77.0210088227",707,237,944,1884,1868,3752,1035,917,1952
2101,"THEFT/OTHER","38.9534853821","-77.0276538131",707,237,944,1884,1868,3752,1035,917,1952
2101,"MOTOR VEHICLE THEFT","38.9530904117","-77.020950791",707,237,944,1884,1868,3752,1035,917,1952
2101,"THEFT/OTHER","38.9552246071","-77.0248509665",707,237,944,1884,1868,3752,1035,917,1952
2101,"MOTOR VEHICLE THEFT","38.9536486965","-77.0221854001",707,237,944,1884,1868,3752,1035,917,1952
2101,"THEFT/OTHER","38.9574139471","-77.0232364827",707,237,944,1884,1868,3752,1035,917,1952
2101,"THEFT/OTHER","38.9534853821","-77.0276538131",707,237,944,1884,1868,3752,1035,917,1952
2101,"ROBBERY","38.957809211","-77.0282323678",707,237,944,1884,1868,3752,1035,917,1952
2101,"THEFT/OTHER","38.9552790094","-77.0231319525",707,237,944,1884,1868,3752,1035,917,1952
2101,"ASSAULT W/DANGEROUS WEAPON","38.9566832971","-77.0277358153",707,237,944,1884,1868,3752,1035,917,1952
2101,"THEFT F/AUTO","38.9529271131","-77.0266037519",707,237,944,1884,1868,3752,1035,917,1952
2101,"THEFT F/AUTO","38.9564054265","-77.0211017505",707,237,944,1884,1868,3752,1035,917,1952
2101,"THEFT/OTHER","38.9534853821","-77.0276538131",707,237,944,1884,1868,3752,1035,917,1952
2101,"THEFT/OTHER","38.9534853821","-77.0276538131",707,237,944,1884,1868,3752,1035,917,1952
2101,"THEFT/OTHER","38.9534853821","-77.0276538131",707,237,944,1884,1868,3752,1035,917,1952
2101,"THEFT/OTHER","38.9534853821","-77.0276538131",707,237,944,1884,1868,3752,1035,917,1952
2101,"THEFT/OTHER","38.9574773992","-77.0211597553",707,237,944,1884,1868,3752,1035,917,1952
2101,"BURGLARY","38.9553424597","-77.0210552872",707,237,944,1884,1868,3752,1035,917,1952
2101,"THEFT/OTHER","38.9524863005","-77.0238578572",707,237,944,1884,1868,3752,1035,917,1952
2101,"THEFT/OTHER","38.9584768385","-77.0236521847",707,237,944,1884,1868,3752,1035,917,1952
2101,"ASSAULT W/DANGEROUS WEAPON","38.9573685515","-77.0249555512",707,237,944,1884,1868,3752,1035,917,1952
2101,"THEFT/OTHER","38.9546113772","-77.0278157683",707,237,944,1884,1868,3752,1035,917,1952
2101,"THEFT/OTHER","38.9541616415","-77.0248044481",707,237,944,1884,1868,3752,1035,917,1952
2102,"MOTOR VEHICLE THEFT","38.9564688687","-77.0188519906",531,576,1107,2259,1955,4214,1242,900,2142
2102,"MOTOR VEHICLE THEFT","38.9522355808","-77.0146861437",531,576,1107,2259,1955,4214,1242,900,2142
2102,"ASSAULT W/DANGEROUS WEAPON","38.9549016041","-77.0177440172",531,576,1107,2259,1955,4214,1242,900,2142
2102,"THEFT/OTHER","38.9531628648","-77.0186665276",531,576,1107,2259,1955,4214,1242,900,2142
2102,"THEFT/OTHER","38.9564688687","-77.0188519906",531,576,1107,2259,1955,4214,1242,900,2142
2102,"THEFT F/AUTO","38.9590822069","-77.0116185132",531,576,1107,2259,1955,4214,1242,900,2142
2102,"THEFT/OTHER","38.9565868135","-77.0126333928",531,576,1107,2259,1955,4214,1242,900,2142
2102,"MOTOR VEHICLE THEFT","38.956892741","-77.0155639453",531,576,1107,2259,1955,4214,1242,900,2142
2102,"MOTOR VEHICLE THEFT","38.9580189775","-77.0139489304",531,576,1107,2259,1955,4214,1242,900,2142
2102,"THEFT/OTHER","38.9565868135","-77.0126333928",531,576,1107,2259,1955,4214,1242,900,2142
2102,"THEFT F/AUTO","38.9522355808","-77.0146861437",531,576,1107,2259,1955,4214,1242,900,2142
2102,"THEFT F/AUTO","38.9531628648","-77.0186665276",531,576,1107,2259,1955,4214,1242,900,2142
2102,"THEFT F/AUTO","38.9590824334","-77.0090571329",531,576,1107,2259,1955,4214,1242,900,2142
2102,"ROBBERY","38.9550192668","-77.0136022306",531,576,1107,2259,1955,4214,1242,900,2142
2102,"THEFT F/AUTO","38.9532805343","-77.0147325062",531,576,1107,2259,1955,4214,1242,900,2142
2102,"THEFT/OTHER","38.9565869909","-77.010868179",531,576,1107,2259,1955,4214,1242,900,2142
2102,"THEFT F/AUTO","38.9527218658","-77.0159206729",531,576,1107,2259,1955,4214,1242,900,2142
2102,"THEFT/OTHER","38.9565868135","-77.0126333928",531,576,1107,2259,1955,4214,1242,900,2142
2102,"THEFT/OTHER","38.9565868135","-77.0126333928",531,576,1107,2259,1955,4214,1242,900,2142
2102,"THEFT/OTHER","38.9526675695","-77.0176396307",531,576,1107,2259,1955,4214,1242,900,2142
2102,"THEFT/OTHER","38.9587304107","-77.0156797235",531,576,1107,2259,1955,4214,1242,900,2142
2102,"MOTOR VEHICLE THEFT","38.9570815881","-77.0178483967",531,576,1107,2259,1955,4214,1242,900,2142
2102,"MOTOR VEHICLE THEFT","38.952920781","-77.00905635",531,576,1107,2259,1955,4214,1242,900,2142
2102,"THEFT/OTHER","38.9565868135","-77.0126333928",531,576,1107,2259,1955,4214,1242,900,2142
2102,"THEFT F/AUTO","38.9565868135","-77.0126333928",531,576,1107,2259,1955,4214,1242,900,2142
2102,"THEFT F/AUTO","38.9576590222","-77.0103376166",531,576,1107,2259,1955,4214,1242,900,2142
2102,"MOTOR VEHICLE THEFT","38.9560465986","-77.0096912964",531,576,1107,2259,1955,4214,1242,900,2142
2102,"THEFT/OTHER","38.9565868135","-77.0126333928",531,576,1107,2259,1955,4214,1242,900,2142
2102,"ROBBERY","38.9576587407","-77.0131412336",531,576,1107,2259,1955,4214,1242,900,2142
2102,"MOTOR VEHICLE THEFT","38.9565868135","-77.0126333928",531,576,1107,2259,1955,4214,1242,900,2142
2102,"THEFT/OTHER","38.9554602397","-77.0169134805",531,576,1107,2259,1955,4214,1242,900,2142
2102,"THEFT F/AUTO","38.9560375531","-77.0101297109",531,576,1107,2259,1955,4214,1242,900,2142
2102,"THEFT F/AUTO","38.9550735327","-77.0115947856",531,576,1107,2259,1955,4214,1242,900,2142
2102,"THEFT/OTHER","38.9565868135","-77.0126333928",531,576,1107,2259,1955,4214,1242,900,2142
2102,"ASSAULT W/DANGEROUS WEAPON","38.9559645723","-77.0177904308",531,576,1107,2259,1955,4214,1242,900,2142
2102,"THEFT/OTHER","38.9587307365","-77.0130260543",531,576,1107,2259,1955,4214,1242,900,2142
2102,"THEFT F/AUTO","38.9548754513","-77.0105333431",531,576,1107,2259,1955,4214,1242,900,2142
2102,"THEFT/OTHER","38.9565868135","-77.0126333928",531,576,1107,2259,1955,4214,1242,900,2142
2102,"BURGLARY","38.9560465986","-77.0096912964",531,576,1107,2259,1955,4214,1242,900,2142
2102,"THEFT F/AUTO","38.9585595192","-77.0135567556",531,576,1107,2259,1955,4214,1242,900,2142
2102,"ASSAULT W/DANGEROUS WEAPON","38.9571184062","-77.0116181931",531,576,1107,2259,1955,4214,1242,900,2142
2102,"THEFT/OTHER","38.9579912537","-77.0189216187",531,576,1107,2259,1955,4214,1242,900,2142
2102,"THEFT F/AUTO","38.9594426575","-77.0103378753",531,576,1107,2259,1955,4214,1242,900,2142
2102,"MOTOR VEHICLE THEFT","38.9594426575","-77.0103378753",531,576,1107,2259,1955,4214,1242,900,2142
2102,"THEFT/OTHER","38.9572529221","-77.0166485445",531,576,1107,2259,1955,4214,1242,900,2142
2102,"THEFT F/AUTO","38.9594426575","-77.0103378753",531,576,1107,2259,1955,4214,1242,900,2142
2102,"BURGLARY","38.9571184062","-77.0116181931",531,576,1107,2259,1955,4214,1242,900,2142
2102,"THEFT F/AUTO","38.9576582955","-77.0166371017",531,576,1107,2259,1955,4214,1242,900,2142
2102,"THEFT/OTHER","38.9565868135","-77.0126333928",531,576,1107,2259,1955,4214,1242,900,2142
2102,"MOTOR VEHICLE THEFT","38.9548754513","-77.0105333431",531,576,1107,2259,1955,4214,1242,900,2142
2102,"ROBBERY","38.9539022484","-77.0135443329",531,576,1107,2259,1955,4214,1242,900,2142
2102,"THEFT F/AUTO","38.9539745624","-77.0112023514",531,576,1107,2259,1955,4214,1242,900,2142
2102,"MOTOR VEHICLE THEFT","38.9527942368","-77.0134979755",531,576,1107,2259,1955,4214,1242,900,2142
2102,"MOTOR VEHICLE THEFT","38.9565869909","-77.010868179",531,576,1107,2259,1955,4214,1242,900,2142
2102,"THEFT/OTHER","38.9565868135","-77.0126333928",531,576,1107,2259,1955,4214,1242,900,2142
2102,"ROBBERY","38.956892741","-77.0155639453",531,576,1107,2259,1955,4214,1242,900,2142
2102,"THEFT/OTHER","38.9553888832","-77.0109602936",531,576,1107,2259,1955,4214,1242,900,2142
2102,"THEFT F/AUTO","38.9527942368","-77.0134979755",531,576,1107,2259,1955,4214,1242,900,2142
2102,"MOTOR VEHICLE THEFT","38.9560188708","-77.0160713936",531,576,1107,2259,1955,4214,1242,900,2142
2102,"THEFT/OTHER","38.9565232064","-77.0169714194",531,576,1107,2259,1955,4214,1242,900,2142
2102,"THEFT/OTHER","38.9548754513","-77.0105333431",531,576,1107,2259,1955,4214,1242,900,2142
2102,"THEFT F/AUTO","38.9560369744","-77.0154253113",531,576,1107,2259,1955,4214,1242,900,2142
2102,"THEFT F/AUTO","38.9565780842","-77.0097144433",531,576,1107,2259,1955,4214,1242,900,2142
2102,"THEFT F/AUTO","38.9560188708","-77.0160713936",531,576,1107,2259,1955,4214,1242,900,2142
2102,"THEFT/OTHER","38.9565869909","-77.010868179",531,576,1107,2259,1955,4214,1242,900,2142
2102,"BURGLARY","38.9565686391","-77.0140178706",531,576,1107,2259,1955,4214,1242,900,2142
2102,"THEFT/OTHER","38.9576588504","-77.012125932",531,576,1107,2259,1955,4214,1242,900,2142
2102,"ROBBERY","38.956892741","-77.0155639453",531,576,1107,2259,1955,4214,1242,900,2142
2102,"THEFT F/AUTO","38.9534071203","-77.0103485368",531,576,1107,2259,1955,4214,1242,900,2142
2102,"MOTOR VEHICLE THEFT","38.9587308345","-77.0121145767",531,576,1107,2259,1955,4214,1242,900,2142
2102,"MOTOR VEHICLE THEFT","38.9555235941","-77.0147214327",531,576,1107,2259,1955,4214,1242,900,2142
2102,"THEFT F/AUTO","38.9527942368","-77.0134979755",531,576,1107,2259,1955,4214,1242,900,2142
2102,"THEFT F/AUTO","38.952920781","-77.00905635",531,576,1107,2259,1955,4214,1242,900,2142
2102,"THEFT/OTHER","38.9565868135","-77.0126333928",531,576,1107,2259,1955,4214,1242,900,2142
2102,"MOTOR VEHICLE THEFT","38.9539022484","-77.0135443329",531,576,1107,2259,1955,4214,1242,900,2142
2102,"THEFT/OTHER","38.9560465986","-77.0096912964",531,576,1107,2259,1955,4214,1242,900,2142
2102,"MOTOR VEHICLE THEFT","38.9550192668","-77.0136022306",531,576,1107,2259,1955,4214,1242,900,2142
2102,"MOTOR VEHICLE THEFT","38.9549016041","-77.0177440172",531,576,1107,2259,1955,4214,1242,900,2142
2102,"THEFT/OTHER","38.9581899792","-77.0151950252",531,576,1107,2259,1955,4214,1242,900,2142
2102,"BURGLARY","38.9522355808","-77.0146861437",531,576,1107,2259,1955,4214,1242,900,2142
2102,"THEFT/OTHER","38.9565868135","-77.0126333928",531,576,1107,2259,1955,4214,1242,900,2142
2102,"THEFT/OTHER","38.9565868135","-77.0126333928",531,576,1107,2259,1955,4214,1242,900,2142
2102,"ROBBERY","38.9532805343","-77.0147325062",531,576,1107,2259,1955,4214,1242,900,2142
2102,"THEFT F/AUTO","38.9594426575","-77.0103378753",531,576,1107,2259,1955,4214,1242,900,2142
2102,"MOTOR VEHICLE THEFT","38.9526675695","-77.0176396307",531,576,1107,2259,1955,4214,1242,900,2142
2102,"BURGLARY","38.9565868135","-77.0126333928",531,576,1107,2259,1955,4214,1242,900,2142
2102,"MOTOR VEHICLE THEFT","38.9565780842","-77.0097144433",531,576,1107,2259,1955,4214,1242,900,2142
2102,"ROBBERY","38.9550735327","-77.0115947856",531,576,1107,2259,1955,4214,1242,900,2142
2102,"THEFT/OTHER","38.9538298765","-77.0159670679",531,576,1107,2259,1955,4214,1242,900,2142
2102,"THEFT F/AUTO","38.9565868135","-77.0126333928",531,576,1107,2259,1955,4214,1242,900,2142
2102,"THEFT F/AUTO","38.9560375531","-77.0101297109",531,576,1107,2259,1955,4214,1242,900,2142
2102,"THEFT F/AUTO","38.9545962505","-77.0098987656",531,576,1107,2259,1955,4214,1242,900,2142
2102,"THEFT F/AUTO","38.9585411697","-77.0161758013",531,576,1107,2259,1955,4214,1242,900,2142
2102,"THEFT/OTHER","38.9565868135","-77.0126333928",531,576,1107,2259,1955,4214,1242,900,2142
2102,"ROBBERY","38.9560465986","-77.0096912964",531,576,1107,2259,1955,4214,1242,900,2142
2102,"THEFT/OTHER","38.9564688687","-77.0188519906",531,576,1107,2259,1955,4214,1242,900,2142
2102,"THEFT F/AUTO","38.9576585538","-77.0147103361",531,576,1107,2259,1955,4214,1242,900,2142
2102,"THEFT/OTHER","38.9565868135","-77.0126333928",531,576,1107,2259,1955,4214,1242,900,2142
2102,"THEFT/OTHER","38.9565868135","-77.0126333928",531,576,1107,2259,1955,4214,1242,900,2142
2102,"THEFT/OTHER","38.9565868135","-77.0126333928",531,576,1107,2259,1955,4214,1242,900,2142
2102,"THEFT/OTHER","38.9565868135","-77.0126333928",531,576,1107,2259,1955,4214,1242,900,2142
2102,"THEFT/OTHER","38.9543339248","-77.0187591301",531,576,1107,2259,1955,4214,1242,900,2142
2102,"THEFT F/AUTO","38.9565868135","-77.0126333928",531,576,1107,2259,1955,4214,1242,900,2142
2102,"MOTOR VEHICLE THEFT","38.9526675695","-77.0176396307",531,576,1107,2259,1955,4214,1242,900,2142
2102,"THEFT F/AUTO","38.9576590222","-77.0103376166",531,576,1107,2259,1955,4214,1242,900,2142
2102,"THEFT F/AUTO","38.9587304107","-77.0156797235",531,576,1107,2259,1955,4214,1242,900,2142
2102,"THEFT F/AUTO","38.954028798","-77.0090564908",531,576,1107,2259,1955,4214,1242,900,2142
2102,"BURGLARY","38.9534071203","-77.0103485368",531,576,1107,2259,1955,4214,1242,900,2142
2102,"THEFT/OTHER","38.9537211973","-77.0197626776",531,576,1107,2259,1955,4214,1242,900,2142
2102,"THEFT F/AUTO","38.9552539222","-77.0090566465",531,576,1107,2259,1955,4214,1242,900,2142
2102,"ASSAULT W/DANGEROUS WEAPON","38.9523802214","-77.0098407745",531,576,1107,2259,1955,4214,1242,900,2142
2102,"THEFT/OTHER","38.9528394369","-77.012044355",531,576,1107,2259,1955,4214,1242,900,2142
2102,"THEFT/OTHER","38.9570815881","-77.0178483967",531,576,1107,2259,1955,4214,1242,900,2142
2102,"MOTOR VEHICLE THEFT","38.9587308345","-77.0121145767",531,576,1107,2259,1955,4214,1242,900,2142
2102,"THEFT F/AUTO","38.955405901","-77.0188055609",531,576,1107,2259,1955,4214,1242,900,2142
2102,"THEFT/OTHER","38.9560375531","-77.0101297109",531,576,1107,2259,1955,4214,1242,900,2142
2102,"THEFT/OTHER","38.9526041818","-77.0197046844",531,576,1107,2259,1955,4214,1242,900,2142
2102,"THEFT F/AUTO","38.9587305712","-77.0144336527",531,576,1107,2259,1955,4214,1242,900,2142
2102,"ROBBERY","38.9559645723","-77.0177904308",531,576,1107,2259,1955,4214,1242,900,2142
2102,"THEFT F/AUTO","38.9550192668","-77.0136022306",531,576,1107,2259,1955,4214,1242,900,2142
2102,"THEFT F/AUTO","38.9539745624","-77.0112023514",531,576,1107,2259,1955,4214,1242,900,2142
2102,"THEFT/OTHER","38.9527942368","-77.0134979755",531,576,1107,2259,1955,4214,1242,900,2142
2102,"THEFT F/AUTO","38.9534071203","-77.0103485368",531,576,1107,2259,1955,4214,1242,900,2142
2102,"THEFT F/AUTO","38.9579823859","-77.0180332234",531,576,1107,2259,1955,4214,1242,900,2142
2102,"MOTOR VEHICLE THEFT","38.9534071203","-77.0103485368",531,576,1107,2259,1955,4214,1242,900,2142
2102,"THEFT/OTHER","38.9565869909","-77.010868179",531,576,1107,2259,1955,4214,1242,900,2142
2102,"THEFT/OTHER","38.956892741","-77.0155639453",531,576,1107,2259,1955,4214,1242,900,2142
2102,"THEFT F/AUTO","38.9539022484","-77.0135443329",531,576,1107,2259,1955,4214,1242,900,2142
2102,"THEFT F/AUTO","38.9522355808","-77.0146861437",531,576,1107,2259,1955,4214,1242,900,2142
2102,"THEFT F/AUTO","38.9532262095","-77.0167745088",531,576,1107,2259,1955,4214,1242,900,2142
2102,"THEFT/OTHER","38.9576584278","-77.0156794876",531,576,1107,2259,1955,4214,1242,900,2142
2102,"THEFT F/AUTO","38.9579823859","-77.0180332234",531,576,1107,2259,1955,4214,1242,900,2142
2102,"THEFT/OTHER","38.9565868135","-77.0126333928",531,576,1107,2259,1955,4214,1242,900,2142
2102,"THEFT F/AUTO","38.9581902852","-77.0126221394",531,576,1107,2259,1955,4214,1242,900,2142
2102,"BURGLARY","38.9572529221","-77.0166485445",531,576,1107,2259,1955,4214,1242,900,2142
2102,"THEFT/OTHER","38.9560914643","-77.0116180257",531,576,1107,2259,1955,4214,1242,900,2142
2102,"THEFT/OTHER","38.9565868135","-77.0126333928",531,576,1107,2259,1955,4214,1242,900,2142
2102,"THEFT/OTHER","38.9538298765","-77.0159670679",531,576,1107,2259,1955,4214,1242,900,2142
2102,"ROBBERY","38.9565868135","-77.0126333928",531,576,1107,2259,1955,4214,1242,900,2142
2102,"THEFT/OTHER","38.9531628648","-77.0186665276",531,576,1107,2259,1955,4214,1242,900,2142
2102,"THEFT F/AUTO","38.9572529221","-77.0166485445",531,576,1107,2259,1955,4214,1242,900,2142
2102,"THEFT/OTHER","38.9572529221","-77.0166485445",531,576,1107,2259,1955,4214,1242,900,2142
2102,"SEX ABUSE","38.9543339248","-77.0187591301",531,576,1107,2259,1955,4214,1242,900,2142
2102,"BURGLARY","38.9560188708","-77.0160713936",531,576,1107,2259,1955,4214,1242,900,2142
2201,"THEFT F/AUTO","38.9494505409","-77.0237184069",358,209,567,1226,1293,2519,619,779,1398
2201,"THEFT/OTHER","38.9490993611","-77.0230030497",358,209,567,1226,1293,2519,619,779,1398
2201,"MOTOR VEHICLE THEFT","38.9490085981","-77.0262331337",358,209,567,1226,1293,2519,619,779,1398
2201,"MOTOR VEHICLE THEFT","38.9508192248","-77.0263953098",358,209,567,1226,1293,2519,619,779,1398
2201,"THEFT/OTHER","38.9495322683","-77.0202460368",358,209,567,1226,1293,2519,619,779,1398
2201,"THEFT/OTHER","38.9484422589","-77.0202918713",358,209,567,1226,1293,2519,619,779,1398
2201,"THEFT/OTHER","38.9502605241","-77.0272141818",358,209,567,1226,1293,2519,619,779,1398
2201,"THEFT F/AUTO","38.9508646148","-77.0248033008",358,209,567,1226,1293,2519,619,779,1398
2201,"THEFT F/AUTO","38.9504057475","-77.0220344183",358,209,567,1226,1293,2519,619,779,1398
2201,"THEFT/OTHER","38.9508192248","-77.0263953098",358,209,567,1226,1293,2519,619,779,1398
2201,"THEFT/OTHER","38.9499014773","-77.0209844625",358,209,567,1226,1293,2519,619,779,1398
2201,"ASSAULT W/DANGEROUS WEAPON","38.9497472611","-77.026302623",358,209,567,1226,1293,2519,619,779,1398
2201,"ROBBERY","38.9483606619","-77.0231066355",358,209,567,1226,1293,2519,619,779,1398
2201,"THEFT/OTHER","38.9487662567","-77.021953159",358,209,567,1226,1293,2519,619,779,1398
2201,"BURGLARY","38.9503059555","-77.0254837498",358,209,567,1226,1293,2519,619,779,1398
2201,"ROBBERY","38.9472069813","-77.0260594333",358,209,567,1226,1293,2519,619,779,1398
2201,"THEFT/OTHER","38.9483153315","-77.0245255496",358,209,567,1226,1293,2519,619,779,1398
2201,"THEFT F/AUTO","38.9503059555","-77.0254837498",358,209,567,1226,1293,2519,619,779,1398
2201,"ASSAULT W/DANGEROUS WEAPON","38.95197292","-77.023407758",358,209,567,1226,1293,2519,619,779,1398
2201,"MOTOR VEHICLE THEFT","38.9495049266","-77.0219995313",358,209,567,1226,1293,2519,619,779,1398
2201,"MOTOR VEHICLE THEFT","38.9497472611","-77.026302623",358,209,567,1226,1293,2519,619,779,1398
2201,"THEFT F/AUTO","38.9477566411","-77.0253559434",358,209,567,1226,1293,2519,619,779,1398
2201,"BURGLARY","38.9503059555","-77.0254837498",358,209,567,1226,1293,2519,619,779,1398
2201,"BURGLARY","38.9502605241","-77.0272141818",358,209,567,1226,1293,2519,619,779,1398
2201,"THEFT/OTHER","38.9514777232","-77.0220808958",358,209,567,1226,1293,2519,619,779,1398
2201,"MOTOR VEHICLE THEFT","38.9486210689","-77.0269943708",358,209,567,1226,1293,2519,619,779,1398
2201,"THEFT F/AUTO","38.9487118693","-77.0236835529",358,209,567,1226,1293,2519,619,779,1398
2201,"ASSAULT W/DANGEROUS WEAPON","38.9486210689","-77.0269943708",358,209,567,1226,1293,2519,619,779,1398
2201,"MOTOR VEHICLE THEFT","38.9483606619","-77.0231066355",358,209,567,1226,1293,2519,619,779,1398
2201,"THEFT F/AUTO","38.9495322683","-77.0202460368",358,209,567,1226,1293,2519,619,779,1398
2201,"MOTOR VEHICLE THEFT","38.9465593291","-77.0214103004",358,209,567,1226,1293,2519,619,779,1398
2201,"THEFT/OTHER","38.9513779299","-77.025530279",358,209,567,1226,1293,2519,619,779,1398
2201,"THEFT F/AUTO","38.9478110509","-77.0236371099",358,209,567,1226,1293,2519,619,779,1398
2201,"THEFT/OTHER","38.9490540029","-77.0245604121",358,209,567,1226,1293,2519,619,779,1398
2201,"MOTOR VEHICLE THEFT","38.9514505318","-77.0229461259",358,209,567,1226,1293,2519,619,779,1398
2201,"ASSAULT W/DANGEROUS WEAPON","38.9508192248","-77.0263953098",358,209,567,1226,1293,2519,619,779,1398
2201,"THEFT/OTHER","38.9467390774","-77.0235790757",358,209,567,1226,1293,2519,619,779,1398
2201,"MOTOR VEHICLE THEFT","38.9477566411","-77.0253559434",358,209,567,1226,1293,2519,619,779,1398
2201,"THEFT/OTHER","38.948108772","-77.021306942",358,209,567,1226,1293,2519,619,779,1398
2201,"THEFT/OTHER","38.948108772","-77.021306942",358,209,567,1226,1293,2519,619,779,1398
2201,"THEFT/OTHER","38.9472069813","-77.0260594333",358,209,567,1226,1293,2519,619,779,1398
2201,"THEFT/OTHER","38.9508646148","-77.0248033008",358,209,567,1226,1293,2519,619,779,1398
2201,"THEFT F/AUTO","38.9494051381","-77.025437283",358,209,567,1226,1293,2519,619,779,1398
2201,"THEFT/OTHER","38.9490085981","-77.0262331337",358,209,567,1226,1293,2519,619,779,1398
2201,"THEFT/OTHER","38.9491537405","-77.0212611098",358,209,567,1226,1293,2519,619,779,1398
2201,"THEFT F/AUTO","38.9513779299","-77.025530279",358,209,567,1226,1293,2519,619,779,1398
2201,"ASSAULT W/DANGEROUS WEAPON","38.9509281395","-77.022496037",358,209,567,1226,1293,2519,619,779,1398
2201,"THEFT/OTHER","38.9476130941","-77.0224949909",358,209,567,1226,1293,2519,619,779,1398
2201,"THEFT F/AUTO","38.9478110509","-77.0236371099",358,209,567,1226,1293,2519,619,779,1398
2201,"MOTOR VEHICLE THEFT","38.9504057475","-77.0220344183",358,209,567,1226,1293,2519,619,779,1398
2201,"THEFT/OTHER","38.9478110509","-77.0236371099",358,209,567,1226,1293,2519,619,779,1398
2201,"THEFT/OTHER","38.9470367911","-77.02128355",358,209,567,1226,1293,2519,619,779,1398
2201,"THEFT F/AUTO","38.9515502219","-77.0196582469",358,209,567,1226,1293,2519,619,779,1398
2201,"ROBBERY","38.9487118693","-77.0236835529",358,209,567,1226,1293,2519,619,779,1398
2201,"THEFT/OTHER","38.9506035553","-77.0239379817",358,209,567,1226,1293,2519,619,779,1398
2201,"THEFT F/AUTO","38.9463072908","-77.0203258707",358,209,567,1226,1293,2519,619,779,1398
2201,"THEFT/OTHER","38.9483153315","-77.0245255496",358,209,567,1226,1293,2519,619,779,1398
2201,"THEFT F/AUTO","38.9467390774","-77.0235790757",358,209,567,1226,1293,2519,619,779,1398
2201,"THEFT F/AUTO","38.9476043127","-77.0212837195",358,209,567,1226,1293,2519,619,779,1398
2201,"MOTOR VEHICLE THEFT","38.9497472611","-77.026302623",358,209,567,1226,1293,2519,619,779,1398
2201,"THEFT F/AUTO","38.9518821774","-77.0264995327",358,209,567,1226,1293,2519,619,779,1398
2201,"BURGLARY","38.9491537405","-77.0212611098",358,209,567,1226,1293,2519,619,779,1398
2201,"THEFT/OTHER","38.9519185062","-77.0251613018",358,209,567,1226,1293,2519,619,779,1398
2201,"MOTOR VEHICLE THEFT","38.9495322683","-77.0202460368",358,209,567,1226,1293,2519,619,779,1398
2201,"THEFT F/AUTO","38.9477202704","-77.0268671347",358,209,567,1226,1293,2519,619,779,1398
2201,"THEFT/OTHER","38.9487754739","-77.0208110898",358,209,567,1226,1293,2519,619,779,1398
2201,"THEFT F/AUTO","38.9509734866","-77.0208463408",358,209,567,1226,1293,2519,619,779,1398
2201,"ASSAULT W/DANGEROUS WEAPON","38.9508646148","-77.0248033008",358,209,567,1226,1293,2519,619,779,1398
2201,"THEFT/OTHER","38.9490993611","-77.0230030497",358,209,567,1226,1293,2519,619,779,1398
2201,"MOTOR VEHICLE THEFT","38.9465321051","-77.0224715783",358,209,567,1226,1293,2519,619,779,1398
2201,"ROBBERY","38.9465321051","-77.0224715783",358,209,567,1226,1293,2519,619,779,1398
2201,"THEFT F/AUTO","38.9509281395","-77.022496037",358,209,567,1226,1293,2519,619,779,1398
2201,"MOTOR VEHICLE THEFT","38.9478110509","-77.0236371099",358,209,567,1226,1293,2519,619,779,1398
2201,"THEFT/OTHER","38.9477566411","-77.0253559434",358,209,567,1226,1293,2519,619,779,1398
2201,"ASSAULT W/DANGEROUS WEAPON","38.9472523668","-77.0244675047",358,209,567,1226,1293,2519,619,779,1398
2201,"THEFT F/AUTO","38.951423334","-77.0238113554",358,209,567,1226,1293,2519,619,779,1398
2201,"THEFT F/AUTO","38.9497926741","-77.0245952754",358,209,567,1226,1293,2519,619,779,1398
2201,"THEFT F/AUTO","38.9479289225","-77.0194957451",358,209,567,1226,1293,2519,619,779,1398
2201,"THEFT/OTHER","38.9501629284","-77.0197732274",358,209,567,1226,1293,2519,619,779,1398
2201,"THEFT/OTHER","38.9477566411","-77.0253559434",358,209,567,1226,1293,2519,619,779,1398
2201,"THEFT/OTHER","38.9473702678","-77.0203261737",358,209,567,1226,1293,2519,619,779,1398
2201,"THEFT/OTHER","38.9490085981","-77.0262331337",358,209,567,1226,1293,2519,619,779,1398
2201,"MOTOR VEHICLE THEFT","38.9477566411","-77.0253559434",358,209,567,1226,1293,2519,619,779,1398
2201,"MOTOR VEHICLE THEFT","38.9507034501","-77.0196234042",358,209,567,1226,1293,2519,619,779,1398
2201,"MOTOR VEHICLE THEFT","38.9477202704","-77.0268671347",358,209,567,1226,1293,2519,619,779,1398
2201,"THEFT/OTHER","38.9494505409","-77.0237184069",358,209,567,1226,1293,2519,619,779,1398
2201,"ASSAULT W/DANGEROUS WEAPON","38.9482699349","-77.0261636459",358,209,567,1226,1293,2519,619,779,1398
2201,"THEFT/OTHER","38.9490993611","-77.0230030497",358,209,567,1226,1293,2519,619,779,1398
2201,"THEFT/OTHER","38.9503059555","-77.0254837498",358,209,567,1226,1293,2519,619,779,1398
2201,"THEFT/OTHER","38.9483153315","-77.0245255496",358,209,567,1226,1293,2519,619,779,1398
2201,"THEFT F/AUTO","38.9465321051","-77.0224715783",358,209,567,1226,1293,2519,619,779,1398
2201,"THEFT/OTHER","38.950900945","-77.0233612603",358,209,567,1226,1293,2519,619,779,1398
2201,"THEFT F/AUTO","38.9495049266","-77.0219995313",358,209,567,1226,1293,2519,619,779,1398
2201,"THEFT F/AUTO","38.9468659552","-77.0194377755",358,209,567,1226,1293,2519,619,779,1398
2201,"MOTOR VEHICLE THEFT","38.9514051865","-77.0244458572",358,209,567,1226,1293,2519,619,779,1398
2201,"THEFT/OTHER","38.9478110509","-77.0236371099",358,209,567,1226,1293,2519,619,779,1398
2201,"MOTOR VEHICLE THEFT","38.9466936742","-77.0253094223",358,209,567,1226,1293,2519,619,779,1398
2201,"MOTOR VEHICLE THEFT","38.9461803911","-77.0244209942",358,209,567,1226,1293,2519,619,779,1398
2201,"THEFT F/AUTO","38.9466483222","-77.0267052304",358,209,567,1226,1293,2519,619,779,1398
2201,"THEFT/OTHER","38.9483606619","-77.0231066355",358,209,567,1226,1293,2519,619,779,1398
2201,"ASSAULT W/DANGEROUS WEAPON","38.9479289225","-77.0194957451",358,209,567,1226,1293,2519,619,779,1398
2202,"MOTOR VEHICLE THEFT","38.949325913","-77.0146509357",113,152,265,1057,959,2016,541,430,971
2202,"BURGLARY","38.949298626","-77.0166120783",113,152,265,1057,959,2016,541,430,971
2202,"THEFT F/AUTO","38.949325913","-77.0146509357",113,152,265,1057,959,2016,541,430,971
2202,"THEFT/OTHER","38.9505959279","-77.0158163707",113,152,265,1057,959,2016,541,430,971
2202,"ROBBERY","38.949325913","-77.0146509357",113,152,265,1057,959,2016,541,430,971
2202,"MOTOR VEHICLE THEFT","38.9500372996","-77.0166468593",113,152,265,1057,959,2016,541,430,971
2202,"MOTOR VEHICLE THEFT","38.9489021391","-77.0174541213",113,152,265,1057,959,2016,541,430,971
2202,"ASSAULT W/DANGEROUS WEAPON","38.949298626","-77.0166120783",113,152,265,1057,959,2016,541,430,971
2202,"THEFT F/AUTO","38.9489021391","-77.0174541213",113,152,265,1057,959,2016,541,430,971
2202,"THEFT F/AUTO","38.9496860984","-77.0157700239",113,152,265,1057,959,2016,541,430,971
2202,"THEFT F/AUTO","38.9500825731","-77.0149279623",113,152,265,1057,959,2016,541,430,971
2202,"MOTOR VEHICLE THEFT","38.9517583598","-77.0128401952",113,152,265,1057,959,2016,541,430,971
2202,"THEFT/OTHER","38.9485418744","-77.0170041274",113,152,265,1057,959,2016,541,430,971
2202,"THEFT F/AUTO","38.9511636138","-77.0145474852",113,152,265,1057,959,2016,541,430,971
2202,"THEFT F/AUTO","38.952163237","-77.0167511854",113,152,265,1057,959,2016,541,430,971
2202,"THEFT F/AUTO","38.9484966089","-77.0184807292",113,152,265,1057,959,2016,541,430,971
2202,"BURGLARY","38.949298626","-77.0166120783",113,152,265,1057,959,2016,541,430,971
2202,"THEFT/OTHER","38.9492352821","-77.0185155291",113,152,265,1057,959,2016,541,430,971
2202,"THEFT/OTHER","38.9463616632","-77.0183763545",113,152,265,1057,959,2016,541,430,971
2202,"ROBBERY","38.9502810081","-77.0127937838",113,152,265,1057,959,2016,541,430,971
2202,"ROBBERY","38.9515783003","-77.0118364843",113,152,265,1057,959,2016,541,430,971
2202,"BURGLARY","38.9489474245","-77.0157352522",113,152,265,1057,959,2016,541,430,971
2202,"THEFT/OTHER","38.9484966089","-77.0184807292",113,152,265,1057,959,2016,541,430,971
2202,"THEFT/OTHER","38.949298626","-77.0166120783",113,152,265,1057,959,2016,541,430,971
2202,"THEFT/OTHER","38.9500825731","-77.0149279623",113,152,265,1057,959,2016,541,430,971
2202,"THEFT F/AUTO","38.9453802207","-77.0151692237",113,152,265,1057,959,2016,541,430,971
2202,"THEFT/OTHER","38.9515783003","-77.0118364843",113,152,265,1057,959,2016,541,430,971
2202,"THEFT F/AUTO","38.952163237","-77.0167511854",113,152,265,1057,959,2016,541,430,971
2202,"MOTOR VEHICLE THEFT","38.9523259821","-77.011882755",113,152,265,1057,959,2016,541,430,971
2202,"THEFT/OTHER","38.9511636138","-77.0145474852",113,152,265,1057,959,2016,541,430,971
2202,"THEFT F/AUTO","38.9485690219","-77.0161389303",113,152,265,1057,959,2016,541,430,971
2202,"THEFT/OTHER","38.9502810081","-77.0127937838",113,152,265,1057,959,2016,541,430,971
2202,"THEFT/OTHER","38.9500372996","-77.0166468593",113,152,265,1057,959,2016,541,430,971
2202,"THEFT F/AUTO","38.9517583598","-77.0128401952",113,152,265,1057,959,2016,541,430,971
2202,"THEFT F/AUTO","38.9517583598","-77.0128401952",113,152,265,1057,959,2016,541,430,971
2202,"MOTOR VEHICLE THEFT","38.9521270223","-77.017974059",113,152,265,1057,959,2016,541,430,971
2202,"THEFT/OTHER","38.9515783003","-77.0118364843",113,152,265,1057,959,2016,541,430,971
2202,"THEFT/OTHER","38.950541633","-77.0175352773",113,152,265,1057,959,2016,541,430,971
2202,"ROBBERY","38.9517583598","-77.0128401952",113,152,265,1057,959,2016,541,430,971
2202,"ROBBERY","38.9522355808","-77.0146861437",113,152,265,1057,959,2016,541,430,971
2202,"MOTOR VEHICLE THEFT","38.9469294751","-77.0164269537",113,152,265,1057,959,2016,541,430,971
2202,"ROBBERY","38.9474789043","-77.0169577303",113,152,265,1057,959,2016,541,430,971
2202,"THEFT/OTHER","38.949298626","-77.0166120783",113,152,265,1057,959,2016,541,430,971
2202,"THEFT/OTHER","38.9492352821","-77.0185155291",113,152,265,1057,959,2016,541,430,971
2202,"THEFT/OTHER","38.9516046005","-77.0175932215",113,152,265,1057,959,2016,541,430,971
2202,"ROBBERY","38.9511636138","-77.0145474852",113,152,265,1057,959,2016,541,430,971
2202,"THEFT/OTHER","38.949325913","-77.0146509357",113,152,265,1057,959,2016,541,430,971
2202,"THEFT/OTHER","38.9500372996","-77.0166468593",113,152,265,1057,959,2016,541,430,971
2202,"THEFT F/AUTO","38.9453802207","-77.0151692237",113,152,265,1057,959,2016,541,430,971
2202,"THEFT F/AUTO","38.9515783003","-77.0118364843",113,152,265,1057,959,2016,541,430,971
2202,"THEFT F/AUTO","38.9492352821","-77.0185155291",113,152,265,1057,959,2016,541,430,971
2202,"ROBBERY","38.9516595626","-77.0098060654",113,152,265,1057,959,2016,541,430,971
2202,"THEFT F/AUTO","38.949325913","-77.0146509357",113,152,265,1057,959,2016,541,430,971
2202,"ASSAULT W/DANGEROUS WEAPON","38.9516595626","-77.0098060654",113,152,265,1057,959,2016,541,430,971
2202,"ASSAULT W/DANGEROUS WEAPON","38.94692934","-77.017361352",113,152,265,1057,959,2016,541,430,971
2202,"THEFT/OTHER","38.9517042427","-77.0134400863",113,152,265,1057,959,2016,541,430,971
2202,"THEFT/OTHER","38.9469294751","-77.0164269537",113,152,265,1057,959,2016,541,430,971
2202,"ROBBERY","38.949920582","-77.0136358665",113,152,265,1057,959,2016,541,430,971
2202,"THEFT F/AUTO","38.9517583598","-77.0128401952",113,152,265,1057,959,2016,541,430,971
2202,"THEFT/OTHER","38.94692934","-77.017361352",113,152,265,1057,959,2016,541,430,971
2202,"THEFT F/AUTO","38.9511002676","-77.0167047898",113,152,265,1057,959,2016,541,430,971
2202,"THEFT/OTHER","38.9515783003","-77.0118364843",113,152,265,1057,959,2016,541,430,971
2202,"THEFT F/AUTO","38.9499739551","-77.0185503298",113,152,265,1057,959,2016,541,430,971
2202,"THEFT F/AUTO","38.9453802207","-77.0151692237",113,152,265,1057,959,2016,541,430,971
2202,"THEFT F/AUTO","38.9517042427","-77.0134400863",113,152,265,1057,959,2016,541,430,971
2202,"BURGLARY","38.9500372996","-77.0166468593",113,152,265,1057,959,2016,541,430,971
2202,"ROBBERY","38.949325913","-77.0146509357",113,152,265,1057,959,2016,541,430,971
2202,"THEFT/OTHER","38.9469294751","-77.0164269537",113,152,265,1057,959,2016,541,430,971
2202,"THEFT F/AUTO","38.9500372996","-77.0166468593",113,152,265,1057,959,2016,541,430,971
2202,"MOTOR VEHICLE THEFT","38.9499739551","-77.0185503298",113,152,265,1057,959,2016,541,430,971
2202,"ASSAULT W/DANGEROUS WEAPON","38.9515783003","-77.0118364843",113,152,265,1057,959,2016,541,430,971
2202,"THEFT F/AUTO","38.952163237","-77.0167511854",113,152,265,1057,959,2016,541,430,971
2202,"THEFT/OTHER","38.9502810081","-77.0127937838",113,152,265,1057,959,2016,541,430,971
2202,"MOTOR VEHICLE THEFT","38.9474880093","-77.016277116",113,152,265,1057,959,2016,541,430,971
2202,"THEFT F/AUTO","38.94692934","-77.017361352",113,152,265,1057,959,2016,541,430,971
2202,"MOTOR VEHICLE THEFT","38.9485418744","-77.0170041274",113,152,265,1057,959,2016,541,430,971
2202,"ROBBERY","38.9523802214","-77.0098407745",113,152,265,1057,959,2016,541,430,971
2202,"THEFT/OTHER","38.94692934","-77.017361352",113,152,265,1057,959,2016,541,430,971
2202,"MOTOR VEHICLE THEFT","38.950541633","-77.0175352773",113,152,265,1057,959,2016,541,430,971
2202,"ROBBERY","38.949325913","-77.0146509357",113,152,265,1057,959,2016,541,430,971
2202,"THEFT/OTHER","38.9502810081","-77.0127937838",113,152,265,1057,959,2016,541,430,971
2202,"THEFT F/AUTO","38.9516595626","-77.0098060654",113,152,265,1057,959,2016,541,430,971
2202,"THEFT/OTHER","38.9517583598","-77.0128401952",113,152,265,1057,959,2016,541,430,971
2202,"THEFT/OTHER","38.9516679044","-77.0158742913",113,152,265,1057,959,2016,541,430,971
2202,"THEFT F/AUTO","38.9474246329","-77.018422772",113,152,265,1057,959,2016,541,430,971
2202,"ASSAULT W/DANGEROUS WEAPON","38.9489021391","-77.0174541213",113,152,265,1057,959,2016,541,430,971
2202,"ROBBERY","38.9506502495","-77.0136590789",113,152,265,1057,959,2016,541,430,971
2202,"MOTOR VEHICLE THEFT","38.9492352821","-77.0185155291",113,152,265,1057,959,2016,541,430,971
2202,"MOTOR VEHICLE THEFT","38.9499739551","-77.0185503298",113,152,265,1057,959,2016,541,430,971
2202,"ASSAULT W/DANGEROUS WEAPON","38.9502810081","-77.0127937838",113,152,265,1057,959,2016,541,430,971
2202,"MOTOR VEHICLE THEFT","38.9492352821","-77.0185155291",113,152,265,1057,959,2016,541,430,971
2202,"THEFT/OTHER","38.9500372996","-77.0166468593",113,152,265,1057,959,2016,541,430,971
2202,"THEFT F/AUTO","38.9480013183","-77.0174077569",113,152,265,1057,959,2016,541,430,971
2202,"BURGLARY","38.9517583598","-77.0128401952",113,152,265,1057,959,2016,541,430,971
2202,"THEFT/OTHER","38.949298626","-77.0166120783",113,152,265,1057,959,2016,541,430,971
2202,"MOTOR VEHICLE THEFT","38.949920582","-77.0136358665",113,152,265,1057,959,2016,541,430,971
2202,"THEFT F/AUTO","38.952163237","-77.0167511854",113,152,265,1057,959,2016,541,430,971
2202,"MOTOR VEHICLE THEFT","38.9496408125","-77.0174889108",113,152,265,1057,959,2016,541,430,971
2202,"MOTOR VEHICLE THEFT","38.949325913","-77.0146509357",113,152,265,1057,959,2016,541,430,971
2202,"THEFT F/AUTO","38.949325913","-77.0146509357",113,152,265,1057,959,2016,541,430,971
2202,"SEX ABUSE","38.949298626","-77.0166120783",113,152,265,1057,959,2016,541,430,971
2301,"THEFT F/AUTO","38.9453802207","-77.0151692237",142,36,178,1568,1172,2740,923,907,1830
2301,"THEFT F/AUTO","38.9453440176","-77.0164265883",142,36,178,1568,1172,2740,923,907,1830
2301,"MOTOR VEHICLE THEFT","38.943154793","-77.0178679803",142,36,178,1568,1172,2740,923,907,1830
2301,"THEFT/OTHER","38.9442720384","-77.0163801999",142,36,178,1568,1172,2740,923,907,1830
2301,"THEFT/OTHER","38.9455330651","-77.0173033342",142,36,178,1568,1172,2740,923,907,1830
2301,"THEFT F/AUTO","38.94431727","-77.0149613611",142,36,178,1568,1172,2740,923,907,1830
2301,"MOTOR VEHICLE THEFT","38.9443715594","-77.0129542184",142,36,178,1568,1172,2740,923,907,1830
2301,"THEFT F/AUTO","38.9437134054","-77.0172106104",142,36,178,1568,1172,2740,923,907,1830
2301,"THEFT/OTHER","38.9455330651","-77.0173033342",142,36,178,1568,1172,2740,923,907,1830
2301,"THEFT/OTHER","38.9453440176","-77.0164265883",142,36,178,1568,1172,2740,923,907,1830
2301,"THEFT F/AUTO","38.9455330651","-77.0173033342",142,36,178,1568,1172,2740,923,907,1830
2301,"MOTOR VEHICLE THEFT","38.9443715594","-77.0129542184",142,36,178,1568,1172,2740,923,907,1830
2301,"THEFT/OTHER","38.9388668241","-77.0180168539",142,36,178,1568,1172,2740,923,907,1830
2301,"BURGLARY","38.9405336248","-77.016194785",142,36,178,1568,1172,2740,923,907,1830
2301,"ASSAULT W/DANGEROUS WEAPON","38.9448306669","-77.015538241",142,36,178,1568,1172,2740,923,907,1830
2301,"THEFT F/AUTO","38.9382991426","-77.019020202",142,36,178,1568,1172,2740,923,907,1830
2301,"THEFT F/AUTO","38.9443715594","-77.0129542184",142,36,178,1568,1172,2740,923,907,1830
2301,"THEFT F/AUTO","38.9453440176","-77.0164265883",142,36,178,1568,1172,2740,923,907,1830
2301,"THEFT/OTHER","38.939929774","-77.0182016769",142,36,178,1568,1172,2740,923,907,1830
2301,"THEFT F/AUTO","38.9426414261","-77.0171642113",142,36,178,1568,1172,2740,923,907,1830
2301,"MOTOR VEHICLE THEFT","38.9421823572","-77.0145571876",142,36,178,1568,1172,2740,923,907,1830
2301,"THEFT F/AUTO","38.9388668241","-77.0180168539",142,36,178,1568,1172,2740,923,907,1830
2301,"THEFT F/AUTO","38.9421823572","-77.0145571876",142,36,178,1568,1172,2740,923,907,1830
2301,"THEFT F/AUTO","38.9432000605","-77.0163222777",142,36,178,1568,1172,2740,923,907,1830
2301,"MOTOR VEHICLE THEFT","38.9442267825","-77.0178451783",142,36,178,1568,1172,2740,923,907,1830
2301,"MOTOR VEHICLE THEFT","38.9447220015","-77.0193333721",142,36,178,1568,1172,2740,923,907,1830
2301,"THEFT F/AUTO","38.9427409579","-77.0138421252",142,36,178,1568,1172,2740,923,907,1830
2301,"THEFT/OTHER","38.9460735976","-77.0170612168",142,36,178,1568,1172,2740,923,907,1830
2301,"THEFT F/AUTO","38.9455240328","-77.0174648297",142,36,178,1568,1172,2740,923,907,1830
2301,"THEFT/OTHER","38.9437134054","-77.0172106104",142,36,178,1568,1172,2740,923,907,1830
2301,"THEFT F/AUTO","38.9443715594","-77.0129542184",142,36,178,1568,1172,2740,923,907,1830
2301,"THEFT/OTHER","38.9447582411","-77.0180414137",142,36,178,1568,1172,2740,923,907,1830
2301,"THEFT/OTHER","38.9437134054","-77.0172106104",142,36,178,1568,1172,2740,923,907,1830
2301,"MOTOR VEHICLE THEFT","38.9442720384","-77.0163801999",142,36,178,1568,1172,2740,923,907,1830
2301,"THEFT F/AUTO","38.9388668241","-77.0180168539",142,36,178,1568,1172,2740,923,907,1830
2301,"THEFT F/AUTO","38.9443715594","-77.0129542184",142,36,178,1568,1172,2740,923,907,1830
2301,"THEFT/OTHER","38.9415784566","-77.0171062808",142,36,178,1568,1172,2740,923,907,1830
2301,"MOTOR VEHICLE THEFT","38.9423439044","-77.0187790453",142,36,178,1568,1172,2740,923,907,1830
2301,"THEFT/OTHER","38.9453440176","-77.0164265883",142,36,178,1568,1172,2740,923,907,1830
2301,"THEFT/OTHER","38.9391912763","-77.0169903627",142,36,178,1568,1172,2740,923,907,1830
2301,"THEFT F/AUTO","38.94431727","-77.0149613611",142,36,178,1568,1172,2740,923,907,1830
2301,"THEFT F/AUTO","38.9463616632","-77.0183763545",142,36,178,1568,1172,2740,923,907,1830
2301,"THEFT/OTHER","38.9415422472","-77.018271298",142,36,178,1568,1172,2740,923,907,1830
2301,"MOTOR VEHICLE THEFT","38.9453802207","-77.0151692237",142,36,178,1568,1172,2740,923,907,1830
2301,"THEFT F/AUTO","38.9415784566","-77.0171062808",142,36,178,1568,1172,2740,923,907,1830
2301,"MOTOR VEHICLE THEFT","38.9400021986","-77.0157332779",142,36,178,1568,1172,2740,923,907,1830
2301,"MOTOR VEHICLE THEFT","38.9453440176","-77.0164265883",142,36,178,1568,1172,2740,923,907,1830
2301,"THEFT/OTHER","38.9405336248","-77.016194785",142,36,178,1568,1172,2740,923,907,1830
2301,"MOTOR VEHICLE THEFT","38.9426957171","-77.0154339598",142,36,178,1568,1172,2740,923,907,1830
2301,"THEFT F/AUTO","38.9423439044","-77.0187790453",142,36,178,1568,1172,2740,923,907,1830
2301,"THEFT/OTHER","38.9447220015","-77.0193333721",142,36,178,1568,1172,2740,923,907,1830
2301,"THEFT F/AUTO","38.9447582411","-77.0180414137",142,36,178,1568,1172,2740,923,907,1830
2301,"THEFT/OTHER","38.9382991426","-77.019020202",142,36,178,1568,1172,2740,923,907,1830
2301,"THEFT F/AUTO","38.9453440176","-77.0164265883",142,36,178,1568,1172,2740,923,907,1830
2301,"THEFT/OTHER","38.9416237369","-77.015387588",142,36,178,1568,1172,2740,923,907,1830
2301,"THEFT/OTHER","38.9426957171","-77.0154339598",142,36,178,1568,1172,2740,923,907,1830
2301,"ASSAULT W/DANGEROUS WEAPON","38.9443715594","-77.0129542184",142,36,178,1568,1172,2740,923,907,1830
2301,"THEFT/OTHER","38.9438671869","-77.0121005156",142,36,178,1568,1172,2740,923,907,1830
2301,"THEFT F/AUTO","38.9423439044","-77.0187790453",142,36,178,1568,1172,2740,923,907,1830
2301,"THEFT/OTHER","38.9382991426","-77.019020202",142,36,178,1568,1172,2740,923,907,1830
2301,"THEFT F/AUTO","38.9426414261","-77.0171642113",142,36,178,1568,1172,2740,923,907,1830
2301,"THEFT/OTHER","38.9415784566","-77.0171062808",142,36,178,1568,1172,2740,923,907,1830
2301,"THEFT/OTHER","38.9453440176","-77.0164265883",142,36,178,1568,1172,2740,923,907,1830
2301,"THEFT F/AUTO","38.9416237369","-77.015387588",142,36,178,1568,1172,2740,923,907,1830
2301,"ASSAULT W/DANGEROUS WEAPON","38.9421823572","-77.0145571876",142,36,178,1568,1172,2740,923,907,1830
2301,"MOTOR VEHICLE THEFT","38.9434069025","-77.0186524379",142,36,178,1568,1172,2740,923,907,1830
2301,"THEFT F/AUTO","38.9426957171","-77.0154339598",142,36,178,1568,1172,2740,923,907,1830
2301,"MOTOR VEHICLE THEFT","38.9426600067","-77.0127578109",142,36,178,1568,1172,2740,923,907,1830
2301,"MOTOR VEHICLE THEFT","38.9438671869","-77.0121005156",142,36,178,1568,1172,2740,923,907,1830
2301,"THEFT F/AUTO","38.9434069025","-77.0186524379",142,36,178,1568,1172,2740,923,907,1830
2301,"THEFT/OTHER","38.9377857767","-77.0183510755",142,36,178,1568,1172,2740,923,907,1830
2301,"THEFT/OTHER","38.9463616632","-77.0183763545",142,36,178,1568,1172,2740,923,907,1830
2301,"THEFT F/AUTO","38.9410741775","-77.0157911886",142,36,178,1568,1172,2740,923,907,1830
2301,"THEFT F/AUTO","38.9415422472","-77.018271298",142,36,178,1568,1172,2740,923,907,1830
2301,"ROBBERY","38.9421823572","-77.0145571876",142,36,178,1568,1172,2740,923,907,1830
2301,"THEFT F/AUTO","38.9416149192","-77.0138649764",142,36,178,1568,1172,2740,923,907,1830
2301,"THEFT/OTHER","38.9452896595","-77.0184914333",142,36,178,1568,1172,2740,923,907,1830
2301,"THEFT F/AUTO","38.94431727","-77.0149613611",142,36,178,1568,1172,2740,923,907,1830
2301,"THEFT/OTHER","38.9409926979","-77.0185479929",142,36,178,1568,1172,2740,923,907,1830
2301,"THEFT/OTHER","38.9377857767","-77.0183510755",142,36,178,1568,1172,2740,923,907,1830
2301,"THEFT F/AUTO","38.9442720384","-77.0163801999",142,36,178,1568,1172,2740,923,907,1830
2301,"THEFT F/AUTO","38.9416237369","-77.015387588",142,36,178,1568,1172,2740,923,907,1830
2301,"THEFT/OTHER","38.9382991426","-77.019020202",142,36,178,1568,1172,2740,923,907,1830
2301,"THEFT F/AUTO","38.9448306669","-77.015538241",142,36,178,1568,1172,2740,923,907,1830
2301,"THEFT/OTHER","38.9443715594","-77.0129542184",142,36,178,1568,1172,2740,923,907,1830
2301,"THEFT/OTHER","38.9385967323","-77.0169671521",142,36,178,1568,1172,2740,923,907,1830
2301,"THEFT/OTHER","38.9455240328","-77.0174648297",142,36,178,1568,1172,2740,923,907,1830
2301,"THEFT F/AUTO","38.9399659642","-77.0171635671",142,36,178,1568,1172,2740,923,907,1830
2301,"THEFT/OTHER","38.9455330651","-77.0173033342",142,36,178,1568,1172,2740,923,907,1830
2301,"THEFT/OTHER","38.9427409579","-77.0138421252",142,36,178,1568,1172,2740,923,907,1830
2302,"THEFT F/AUTO","38.9283192707","-77.007161851",30,70,100,575,714,1289,451,435,886
2302,"MOTOR VEHICLE THEFT","38.9287968441","-77.0044978109",30,70,100,575,714,1289,451,435,886
2302,"THEFT F/AUTO","38.9263907904","-77.0146692884",30,70,100,575,714,1289,451,435,886
2302,"THEFT/OTHER","38.9287968441","-77.0044978109",30,70,100,575,714,1289,451,435,886
2302,"THEFT/OTHER","38.9312193367","-77.0139206211",30,70,100,575,714,1289,451,435,886
2302,"ROBBERY","38.9312193367","-77.0139206211",30,70,100,575,714,1289,451,435,886
2302,"SEX ABUSE","38.9312193367","-77.0139206211",30,70,100,575,714,1289,451,435,886
2302,"MOTOR VEHICLE THEFT","38.9312193367","-77.0139206211",30,70,100,575,714,1289,451,435,886
2302,"THEFT F/AUTO","38.9312193367","-77.0139206211",30,70,100,575,714,1289,451,435,886
2302,"THEFT/OTHER","38.9287968441","-77.0044978109",30,70,100,575,714,1289,451,435,886
2302,"THEFT/OTHER","38.9312193367","-77.0139206211",30,70,100,575,714,1289,451,435,886
2302,"MOTOR VEHICLE THEFT","38.9287968441","-77.0044978109",30,70,100,575,714,1289,451,435,886
2302,"THEFT F/AUTO","38.9263907904","-77.0146692884",30,70,100,575,714,1289,451,435,886
2302,"THEFT/OTHER","38.9263907904","-77.0146692884",30,70,100,575,714,1289,451,435,886
2302,"THEFT F/AUTO","38.9336523962","-77.0016608433",30,70,100,575,714,1289,451,435,886
2302,"THEFT F/AUTO","38.9263907904","-77.0146692884",30,70,100,575,714,1289,451,435,886
2302,"THEFT/OTHER","38.9287968441","-77.0044978109",30,70,100,575,714,1289,451,435,886
2302,"THEFT/OTHER","38.9312193367","-77.0139206211",30,70,100,575,714,1289,451,435,886
2302,"THEFT/OTHER","38.9263907904","-77.0146692884",30,70,100,575,714,1289,451,435,886
2302,"THEFT/OTHER","38.9287968441","-77.0044978109",30,70,100,575,714,1289,451,435,886
2302,"THEFT F/AUTO","38.9287968441","-77.0044978109",30,70,100,575,714,1289,451,435,886
2302,"THEFT/OTHER","38.9287968441","-77.0044978109",30,70,100,575,714,1289,451,435,886
2302,"SEX ABUSE","38.9312193367","-77.0139206211",30,70,100,575,714,1289,451,435,886
2302,"BURGLARY","38.9287968441","-77.0044978109",30,70,100,575,714,1289,451,435,886
2302,"BURGLARY","38.9287968441","-77.0044978109",30,70,100,575,714,1289,451,435,886
2302,"THEFT F/AUTO","38.9287968441","-77.0044978109",30,70,100,575,714,1289,451,435,886
2302,"THEFT F/AUTO","38.9312193367","-77.0139206211",30,70,100,575,714,1289,451,435,886
2302,"THEFT F/AUTO","38.9312193367","-77.0139206211",30,70,100,575,714,1289,451,435,886
2302,"MOTOR VEHICLE THEFT","38.9287968441","-77.0044978109",30,70,100,575,714,1289,451,435,886
2302,"MOTOR VEHICLE THEFT","38.9287968441","-77.0044978109",30,70,100,575,714,1289,451,435,886
2302,"THEFT/OTHER","38.9287968441","-77.0044978109",30,70,100,575,714,1289,451,435,886
2302,"THEFT F/AUTO","38.9287968441","-77.0044978109",30,70,100,575,714,1289,451,435,886
2302,"BURGLARY","38.9287968441","-77.0044978109",30,70,100,575,714,1289,451,435,886
2302,"BURGLARY","38.9287968441","-77.0044978109",30,70,100,575,714,1289,451,435,886
2302,"THEFT F/AUTO","38.9336523962","-77.0016608433",30,70,100,575,714,1289,451,435,886
2302,"THEFT F/AUTO","38.9336523962","-77.0016608433",30,70,100,575,714,1289,451,435,886
2302,"THEFT F/AUTO","38.9301289641","-77.0167229428",30,70,100,575,714,1289,451,435,886
2302,"MOTOR VEHICLE THEFT","38.9287968441","-77.0044978109",30,70,100,575,714,1289,451,435,886
2302,"ROBBERY","38.9264452804","-77.0105983383",30,70,100,575,714,1289,451,435,886
2302,"THEFT F/AUTO","38.9312193367","-77.0139206211",30,70,100,575,714,1289,451,435,886
2302,"THEFT F/AUTO","38.9287968441","-77.0044978109",30,70,100,575,714,1289,451,435,886
2302,"THEFT/OTHER","38.9287968441","-77.0044978109",30,70,100,575,714,1289,451,435,886
2302,"THEFT F/AUTO","38.9279948902","-77.0083842866",30,70,100,575,714,1289,451,435,886
2302,"BURGLARY","38.9287968441","-77.0044978109",30,70,100,575,714,1289,451,435,886
2302,"THEFT F/AUTO","38.9287968441","-77.0044978109",30,70,100,575,714,1289,451,435,886
2302,"THEFT F/AUTO","38.9301289641","-77.0167229428",30,70,100,575,714,1289,451,435,886
2302,"THEFT/OTHER","38.9312193367","-77.0139206211",30,70,100,575,714,1289,451,435,886
2302,"THEFT/OTHER","38.9263907904","-77.0146692884",30,70,100,575,714,1289,451,435,886
2302,"THEFT F/AUTO","38.9312197746","-77.0095610563",30,70,100,575,714,1289,451,435,886
2302,"THEFT/OTHER","38.9287968441","-77.0044978109",30,70,100,575,714,1289,451,435,886
2302,"HOMICIDE","38.9287968441","-77.0044978109",30,70,100,575,714,1289,451,435,886
2302,"THEFT/OTHER","38.9287968441","-77.0044978109",30,70,100,575,714,1289,451,435,886
2302,"THEFT F/AUTO","38.9312193367","-77.0139206211",30,70,100,575,714,1289,451,435,886
2400,"THEFT F/AUTO","38.9364696027","-77.0237025544",370,1083,1453,1635,1306,2941,1116,719,1835
2400,"THEFT F/AUTO","38.9398663562","-77.0203817076",370,1083,1453,1635,1306,2941,1116,719,1835
2400,"THEFT/OTHER","38.9419014992","-77.024211899",370,1083,1453,1635,1306,2941,1116,719,1835
2400,"MOTOR VEHICLE THEFT","38.9414425874","-77.021604857",370,1083,1453,1635,1306,2941,1116,719,1835
2400,"THEFT/OTHER","38.9381449622","-77.0245912572",370,1083,1453,1635,1306,2941,1116,719,1835
2400,"THEFT/OTHER","38.9430188613","-77.0225396818",370,1083,1453,1635,1306,2941,1116,719,1835
2400,"THEFT/OTHER","38.9440273412","-77.0247547807",370,1083,1453,1635,1306,2941,1116,719,1835
2400,"THEFT F/AUTO","38.9463072908","-77.0203258707",370,1083,1453,1635,1306,2941,1116,719,1835
2400,"THEFT F/AUTO","38.9388033977","-77.020266059",370,1083,1453,1635,1306,2941,1116,719,1835
2400,"THEFT F/AUTO","38.9381449622","-77.0245912572",370,1083,1453,1635,1306,2941,1116,719,1835
2400,"THEFT F/AUTO","38.93780293","-77.0232070226",370,1083,1453,1635,1306,2941,1116,719,1835
2400,"THEFT F/AUTO","38.9434595642","-77.0259311761",370,1083,1453,1635,1306,2941,1116,719,1835
2400,"THEFT/OTHER","38.9369649142","-77.0244063035",370,1083,1453,1635,1306,2941,1116,719,1835
2400,"MOTOR VEHICLE THEFT","38.9435321589","-77.023428057",370,1083,1453,1635,1306,2941,1116,719,1835
2400,"THEFT/OTHER","38.9455853976","-77.0264741209",370,1083,1453,1635,1306,2941,1116,719,1835
2400,"THEFT F/AUTO","38.9461803911","-77.0244209942",370,1083,1453,1635,1306,2941,1116,719,1835
2400,"BURGLARY","38.9419014992","-77.024211899",370,1083,1453,1635,1306,2941,1116,719,1835
2400,"THEFT F/AUTO","38.9415150763","-77.0191825487",370,1083,1453,1635,1306,2941,1116,719,1835
2400,"MOTOR VEHICLE THEFT","38.9371278085","-77.0205308692",370,1083,1453,1635,1306,2941,1116,719,1835
2400,"THEFT/OTHER","38.9369649142","-77.0244063035",370,1083,1453,1635,1306,2941,1116,719,1835
2400,"THEFT F/AUTO","38.9387490373","-77.0219846779",370,1083,1453,1635,1306,2941,1116,719,1835
2400,"MOTOR VEHICLE THEFT","38.9369649142","-77.0244063035",370,1083,1453,1635,1306,2941,1116,719,1835
2400,"MOTOR VEHICLE THEFT","38.9369830521","-77.0238180669",370,1083,1453,1635,1306,2941,1116,719,1835
2400,"THEFT/OTHER","38.9429734734","-77.0242699388",370,1083,1453,1635,1306,2941,1116,719,1835
2400,"THEFT/OTHER","38.9381449622","-77.0245912572",370,1083,1453,1635,1306,2941,1116,719,1835
2400,"THEFT F/AUTO","38.9376679852","-77.0222842359",370,1083,1453,1635,1306,2941,1116,719,1835
2400,"BURGLARY","38.9369649142","-77.0244063035",370,1083,1453,1635,1306,2941,1116,719,1835
2400,"ROBBERY","38.9423257125","-77.0198402639",370,1083,1453,1635,1306,2941,1116,719,1835
2400,"ROBBERY","38.9381449622","-77.0245912572",370,1083,1453,1635,1306,2941,1116,719,1835
2400,"THEFT/OTHER","38.9456761096","-77.0235325818",370,1083,1453,1635,1306,2941,1116,719,1835
2400,"BURGLARY","38.9419014992","-77.024211899",370,1083,1453,1635,1306,2941,1116,719,1835
2400,"THEFT/OTHER","38.94400013","-77.0256199194",370,1083,1453,1635,1306,2941,1116,719,1835
2400,"THEFT/OTHER","38.9419014992","-77.024211899",370,1083,1453,1635,1306,2941,1116,719,1835
2400,"THEFT F/AUTO","38.9462620325","-77.0215371036",370,1083,1453,1635,1306,2941,1116,719,1835
2400,"THEFT/OTHER","38.9424601821","-77.0233815645",370,1083,1453,1635,1306,2941,1116,719,1835
2400,"THEFT/OTHER","38.9369649142","-77.0244063035",370,1083,1453,1635,1306,2941,1116,719,1835
2400,"THEFT/OTHER","38.9398663562","-77.0203817076",370,1083,1453,1635,1306,2941,1116,719,1835
2400,"THEFT/OTHER","38.9429734734","-77.0242699388",370,1083,1453,1635,1306,2941,1116,719,1835
2400,"MOTOR VEHICLE THEFT","38.9429734734","-77.0242699388",370,1083,1453,1635,1306,2941,1116,719,1835
2400,"ASSAULT W/DANGEROUS WEAPON","38.9398119348","-77.022411787",370,1083,1453,1635,1306,2941,1116,719,1835
2400,"THEFT F/AUTO","38.9369649142","-77.0244063035",370,1083,1453,1635,1306,2941,1116,719,1835
2400,"THEFT/OTHER","38.9455853976","-77.0264741209",370,1083,1453,1635,1306,2941,1116,719,1835
2400,"MOTOR VEHICLE THEFT","38.9369649142","-77.0244063035",370,1083,1453,1635,1306,2941,1116,719,1835
2400,"THEFT/OTHER","38.9368302224","-77.0222378375",370,1083,1453,1635,1306,2941,1116,719,1835
2400,"THEFT F/AUTO","38.941478824","-77.0204744477",370,1083,1453,1635,1306,2941,1116,719,1835
2400,"THEFT/OTHER","38.9408295247","-77.024153861",370,1083,1453,1635,1306,2941,1116,719,1835
2400,"THEFT/OTHER","38.9381449622","-77.0245912572",370,1083,1453,1635,1306,2941,1116,719,1835
2400,"MOTOR VEHICLE THEFT","38.9413882051","-77.0233350734",370,1083,1453,1635,1306,2941,1116,719,1835
2400,"THEFT F/AUTO","38.9440545461","-77.0238896414",370,1083,1453,1635,1306,2941,1116,719,1835
2400,"MOTOR VEHICLE THEFT","38.9424147843","-77.0251002723",370,1083,1453,1635,1306,2941,1116,719,1835
2400,"THEFT F/AUTO","38.9457486757","-77.0209024909",370,1083,1453,1635,1306,2941,1116,719,1835
2400,"ROBBERY","38.9382991426","-77.019020202",370,1083,1453,1635,1306,2941,1116,719,1835
2400,"THEFT F/AUTO","38.9440908361","-77.0225976973",370,1083,1453,1635,1306,2941,1116,719,1835
2400,"THEFT F/AUTO","38.9386946023","-77.0239455176",370,1083,1453,1635,1306,2941,1116,719,1835
2400,"SEX ABUSE","38.9376226223","-77.0239105547",370,1083,1453,1635,1306,2941,1116,719,1835
2400,"ROBBERY","38.941478824","-77.0204744477",370,1083,1453,1635,1306,2941,1116,719,1835
2400,"THEFT F/AUTO","38.9369649142","-77.0244063035",370,1083,1453,1635,1306,2941,1116,719,1835
2400,"MOTOR VEHICLE THEFT","38.9456217012","-77.0252513639",370,1083,1453,1635,1306,2941,1116,719,1835
2400,"MOTOR VEHICLE THEFT","38.941478824","-77.0204744477",370,1083,1453,1635,1306,2941,1116,719,1835
2400,"THEFT/OTHER","38.9376679852","-77.0222842359",370,1083,1453,1635,1306,2941,1116,719,1835
2400,"THEFT F/AUTO","38.9393711201","-77.0190781608",370,1083,1453,1635,1306,2941,1116,719,1835
2400,"THEFT F/AUTO","38.9387490373","-77.0219846779",370,1083,1453,1635,1306,2941,1116,719,1835
2400,"ASSAULT W/DANGEROUS WEAPON","38.9376679852","-77.0222842359",370,1083,1453,1635,1306,2941,1116,719,1835
2400,"THEFT/OTHER","38.9408295247","-77.024153861",370,1083,1453,1635,1306,2941,1116,719,1835
2400,"THEFT/OTHER","38.9446495095","-77.0217557893",370,1083,1453,1635,1306,2941,1116,719,1835
2400,"THEFT F/AUTO","38.9447220015","-77.0193333721",370,1083,1453,1635,1306,2941,1116,719,1835
2400,"MOTOR VEHICLE THEFT","38.9369830521","-77.0238180669",370,1083,1453,1635,1306,2941,1116,719,1835
2400,"THEFT F/AUTO","38.9430188613","-77.0225396818",370,1083,1453,1635,1306,2941,1116,719,1835
2400,"THEFT F/AUTO","38.9369830521","-77.0238180669",370,1083,1453,1635,1306,2941,1116,719,1835
2400,"THEFT/OTHER","38.938226657","-77.0214424012",370,1083,1453,1635,1306,2941,1116,719,1835
2400,"THEFT F/AUTO","38.9457939775","-77.0193913408",370,1083,1453,1635,1306,2941,1116,719,1835
2400,"ASSAULT W/DANGEROUS WEAPON","38.9430188613","-77.0225396818",370,1083,1453,1635,1306,2941,1116,719,1835
2400,"THEFT/OTHER","38.9455853976","-77.0264741209",370,1083,1453,1635,1306,2941,1116,719,1835
2400,"THEFT F/AUTO","38.9413882051","-77.0233350734",370,1083,1453,1635,1306,2941,1116,719,1835
2400,"THEFT F/AUTO","38.9381449622","-77.0245912572",370,1083,1453,1635,1306,2941,1116,719,1835
2400,"THEFT/OTHER","38.9387218465","-77.0228497536",370,1083,1453,1635,1306,2941,1116,719,1835
2400,"THEFT/OTHER","38.94031623","-77.0232770489",370,1083,1453,1635,1306,2941,1116,719,1835
2400,"THEFT F/AUTO","38.9435321589","-77.023428057",370,1083,1453,1635,1306,2941,1116,719,1835
2400,"THEFT F/AUTO","38.9424601821","-77.0233815645",370,1083,1453,1635,1306,2941,1116,719,1835
2400,"MOTOR VEHICLE THEFT","38.9450720802","-77.0257818014",370,1083,1453,1635,1306,2941,1116,719,1835
2400,"THEFT F/AUTO","38.9462620325","-77.0215371036",370,1083,1453,1635,1306,2941,1116,719,1835
2400,"BURGLARY","38.9413882051","-77.0233350734",370,1083,1453,1635,1306,2941,1116,719,1835
2400,"THEFT/OTHER","38.9368302224","-77.0222378375",370,1083,1453,1635,1306,2941,1116,719,1835
2400,"THEFT/OTHER","38.9381449622","-77.0245912572",370,1083,1453,1635,1306,2941,1116,719,1835
2400,"THEFT/OTHER","38.9413882051","-77.0233350734",370,1083,1453,1635,1306,2941,1116,719,1835
2400,"THEFT/OTHER","38.9413882051","-77.0233350734",370,1083,1453,1635,1306,2941,1116,719,1835
2400,"BURGLARY","38.9419014992","-77.024211899",370,1083,1453,1635,1306,2941,1116,719,1835
2400,"THEFT F/AUTO","38.9456217012","-77.0252513639",370,1083,1453,1635,1306,2941,1116,719,1835
2400,"ASSAULT W/DANGEROUS WEAPON","38.9414425874","-77.021604857",370,1083,1453,1635,1306,2941,1116,719,1835
2400,"THEFT F/AUTO","38.9447220015","-77.0193333721",370,1083,1453,1635,1306,2941,1116,719,1835
2400,"THEFT F/AUTO","38.9452443752","-77.0199679668",370,1083,1453,1635,1306,2941,1116,719,1835
2400,"THEFT F/AUTO","38.938226657","-77.0214424012",370,1083,1453,1635,1306,2941,1116,719,1835
2400,"THEFT F/AUTO","38.9368302224","-77.0222378375",370,1083,1453,1635,1306,2941,1116,719,1835
2400,"THEFT/OTHER","38.9420012374","-77.0208552523",370,1083,1453,1635,1306,2941,1116,719,1835
2400,"THEFT F/AUTO","38.9392078897","-77.024833849",370,1083,1453,1635,1306,2941,1116,719,1835
2400,"THEFT/OTHER","38.9388033977","-77.020266059",370,1083,1453,1635,1306,2941,1116,719,1835
2400,"THEFT F/AUTO","38.9430732298","-77.0208209604",370,1083,1453,1635,1306,2941,1116,719,1835
2400,"ROBBERY","38.9392078897","-77.024833849",370,1083,1453,1635,1306,2941,1116,719,1835
2400,"THEFT F/AUTO","38.9413882051","-77.0233350734",370,1083,1453,1635,1306,2941,1116,719,1835
2400,"MOTOR VEHICLE THEFT","38.94400013","-77.0256199194",370,1083,1453,1635,1306,2941,1116,719,1835
2400,"THEFT/OTHER","38.9388033977","-77.020266059",370,1083,1453,1635,1306,2941,1116,719,1835
2400,"THEFT F/AUTO","38.9419014992","-77.024211899",370,1083,1453,1635,1306,2941,1116,719,1835
2400,"MOTOR VEHICLE THEFT","38.9456217012","-77.0252513639",370,1083,1453,1635,1306,2941,1116,719,1835
2400,"THEFT/OTHER","38.9409564211","-77.0200244399",370,1083,1453,1635,1306,2941,1116,719,1835
2400,"MOTOR VEHICLE THEFT","38.9420813751","-77.0255730899",370,1083,1453,1635,1306,2941,1116,719,1835
2400,"ROBBERY","38.9381449622","-77.0245912572",370,1083,1453,1635,1306,2941,1116,719,1835
2400,"MOTOR VEHICLE THEFT","38.946216687","-77.0231290119",370,1083,1453,1635,1306,2941,1116,719,1835
2400,"THEFT F/AUTO","38.9424601821","-77.0233815645",370,1083,1453,1635,1306,2941,1116,719,1835
2400,"THEFT/OTHER","38.9462620325","-77.0215371036",370,1083,1453,1635,1306,2941,1116,719,1835
2400,"MOTOR VEHICLE THEFT","38.9381449622","-77.0245912572",370,1083,1453,1635,1306,2941,1116,719,1835
2400,"THEFT/OTHER","38.9376679852","-77.0222842359",370,1083,1453,1635,1306,2941,1116,719,1835
2400,"THEFT F/AUTO","38.9419014992","-77.024211899",370,1083,1453,1635,1306,2941,1116,719,1835
2400,"THEFT/OTHER","38.9371278085","-77.0205308692",370,1083,1453,1635,1306,2941,1116,719,1835
2400,"THEFT/OTHER","38.9447220015","-77.0193333721",370,1083,1453,1635,1306,2941,1116,719,1835
2400,"THEFT/OTHER","38.9388033977","-77.020266059",370,1083,1453,1635,1306,2941,1116,719,1835
2400,"ROBBERY","38.9381449622","-77.0245912572",370,1083,1453,1635,1306,2941,1116,719,1835
2400,"THEFT/OTHER","38.9423257125","-77.0198402639",370,1083,1453,1635,1306,2941,1116,719,1835
2400,"THEFT/OTHER","38.9369649142","-77.0244063035",370,1083,1453,1635,1306,2941,1116,719,1835
2400,"THEFT F/AUTO","38.9393711201","-77.0190781608",370,1083,1453,1635,1306,2941,1116,719,1835
2400,"THEFT/OTHER","38.9434958573","-77.0247315257",370,1083,1453,1635,1306,2941,1116,719,1835
2400,"THEFT/OTHER","38.9376226223","-77.0239105547",370,1083,1453,1635,1306,2941,1116,719,1835
2400,"THEFT/OTHER","38.938226657","-77.0214424012",370,1083,1453,1635,1306,2941,1116,719,1835
2400,"THEFT/OTHER","38.9445497256","-77.0252048426",370,1083,1453,1635,1306,2941,1116,719,1835
2400,"THEFT/OTHER","38.9434595642","-77.0259311761",370,1083,1453,1635,1306,2941,1116,719,1835
2400,"THEFT/OTHER","38.9457214843","-77.0218137943",370,1083,1453,1635,1306,2941,1116,719,1835
2400,"THEFT/OTHER","38.9445950384","-77.0239128933",370,1083,1453,1635,1306,2941,1116,719,1835
2400,"THEFT F/AUTO","38.9381449622","-77.0245912572",370,1083,1453,1635,1306,2941,1116,719,1835
2400,"THEFT/OTHER","38.938226657","-77.0214424012",370,1083,1453,1635,1306,2941,1116,719,1835
2400,"MOTOR VEHICLE THEFT","38.9430188613","-77.0225396818",370,1083,1453,1635,1306,2941,1116,719,1835
2400,"MOTOR VEHICLE THEFT","38.94452248","-77.0262084122",370,1083,1453,1635,1306,2941,1116,719,1835
2400,"ROBBERY","38.9388033977","-77.020266059",370,1083,1453,1635,1306,2941,1116,719,1835
2400,"MOTOR VEHICLE THEFT","38.945685203","-77.0231057683",370,1083,1453,1635,1306,2941,1116,719,1835
2400,"MOTOR VEHICLE THEFT","38.9387490373","-77.0219846779",370,1083,1453,1635,1306,2941,1116,719,1835
2400,"THEFT/OTHER","38.9434777521","-77.0251467875",370,1083,1453,1635,1306,2941,1116,719,1835
2400,"MOTOR VEHICLE THEFT","38.9445950384","-77.0239128933",370,1083,1453,1635,1306,2941,1116,719,1835
2400,"ROBBERY","38.9434777521","-77.0251467875",370,1083,1453,1635,1306,2941,1116,719,1835
2400,"THEFT F/AUTO","38.9386946023","-77.0239455176",370,1083,1453,1635,1306,2941,1116,719,1835
2400,"THEFT F/AUTO","38.9381449622","-77.0245912572",370,1083,1453,1635,1306,2941,1116,719,1835
2400,"THEFT/OTHER","38.9461350217","-77.025943685",370,1083,1453,1635,1306,2941,1116,719,1835
2400,"THEFT/OTHER","38.9413428103","-77.0250422205",370,1083,1453,1635,1306,2941,1116,719,1835
2400,"MOTOR VEHICLE THEFT","38.9457939775","-77.0193913408",370,1083,1453,1635,1306,2941,1116,719,1835
2400,"THEFT/OTHER","38.9434595642","-77.0259311761",370,1083,1453,1635,1306,2941,1116,719,1835
2400,"THEFT/OTHER","38.9451084176","-77.0243629495",370,1083,1453,1635,1306,2941,1116,719,1835
2400,"THEFT F/AUTO","38.9457214843","-77.0218137943",370,1083,1453,1635,1306,2941,1116,719,1835
2400,"THEFT F/AUTO","38.9364696027","-77.0237025544",370,1083,1453,1635,1306,2941,1116,719,1835
2400,"THEFT F/AUTO","38.9440908361","-77.0225976973",370,1083,1453,1635,1306,2941,1116,719,1835
2400,"THEFT/OTHER","38.9446948223","-77.020244663",370,1083,1453,1635,1306,2941,1116,719,1835
2400,"ROBBERY","38.9440545461","-77.0238896414",370,1083,1453,1635,1306,2941,1116,719,1835
2400,"ASSAULT W/DANGEROUS WEAPON","38.9413882051","-77.0233350734",370,1083,1453,1635,1306,2941,1116,719,1835
2400,"THEFT F/AUTO","38.9413428103","-77.0250422205",370,1083,1453,1635,1306,2941,1116,719,1835
2400,"THEFT/OTHER","38.9408295247","-77.024153861",370,1083,1453,1635,1306,2941,1116,719,1835
2400,"THEFT F/AUTO","38.9452443752","-77.0199679668",370,1083,1453,1635,1306,2941,1116,719,1835
2400,"THEFT/OTHER","38.9446948223","-77.020244663",370,1083,1453,1635,1306,2941,1116,719,1835
2400,"THEFT/OTHER","38.9376679852","-77.0222842359",370,1083,1453,1635,1306,2941,1116,719,1835
2400,"THEFT/OTHER","38.9450720802","-77.0257818014",370,1083,1453,1635,1306,2941,1116,719,1835
2400,"MOTOR VEHICLE THEFT","38.9413428103","-77.0250422205",370,1083,1453,1635,1306,2941,1116,719,1835
2400,"THEFT F/AUTO","38.9404430993","-77.0191245866",370,1083,1453,1635,1306,2941,1116,719,1835
2400,"THEFT F/AUTO","38.9451084176","-77.0243629495",370,1083,1453,1635,1306,2941,1116,719,1835
2400,"THEFT F/AUTO","38.9428301727","-77.0198634745",370,1083,1453,1635,1306,2941,1116,719,1835
2400,"THEFT F/AUTO","38.9424601821","-77.0233815645",370,1083,1453,1635,1306,2941,1116,719,1835
2400,"THEFT/OTHER","38.9392078897","-77.024833849",370,1083,1453,1635,1306,2941,1116,719,1835
2400,"THEFT F/AUTO","38.9393526831","-77.0215004127",370,1083,1453,1635,1306,2941,1116,719,1835
2400,"ROBBERY","38.9369830521","-77.0238180669",370,1083,1453,1635,1306,2941,1116,719,1835
2400,"BURGLARY","38.94400013","-77.0256199194",370,1083,1453,1635,1306,2941,1116,719,1835
2400,"THEFT F/AUTO","38.946216687","-77.0231290119",370,1083,1453,1635,1306,2941,1116,719,1835
2400,"THEFT/OTHER","38.9451084176","-77.0243629495",370,1083,1453,1635,1306,2941,1116,719,1835
2400,"MOTOR VEHICLE THEFT","38.9415150763","-77.0191825487",370,1083,1453,1635,1306,2941,1116,719,1835
2400,"THEFT/OTHER","38.941946884","-77.022493203",370,1083,1453,1635,1306,2941,1116,719,1835
2400,"MOTOR VEHICLE THEFT","38.9381449622","-77.0245912572",370,1083,1453,1635,1306,2941,1116,719,1835
2400,"THEFT F/AUTO","38.9434958573","-77.0247315257",370,1083,1453,1635,1306,2941,1116,719,1835
2501,"THEFT F/AUTO","38.9471870329","-77.0336269268",193,518,711,1113,1443,2556,711,430,1141
2501,"ROBBERY","38.9450610787","-77.033625924",193,518,711,1113,1443,2556,711,430,1141
2501,"THEFT/OTHER","38.9450610787","-77.033625924",193,518,711,1113,1443,2556,711,430,1141
2501,"THEFT/OTHER","38.9432882433","-77.026657831",193,518,711,1113,1443,2556,711,430,1141
2501,"THEFT/OTHER","38.9461165009","-77.0281239162",193,518,711,1113,1443,2556,711,430,1141
2501,"THEFT F/AUTO","38.946123608","-77.0351491313",193,518,711,1113,1443,2556,711,430,1141
2501,"THEFT/OTHER","38.9445208339","-77.0327374439",193,518,711,1113,1443,2556,711,430,1141
2501,"THEFT/OTHER","38.9434595642","-77.0259311761",193,518,711,1113,1443,2556,711,430,1141
2501,"THEFT F/AUTO","38.9455928227","-77.0327264006",193,518,711,1113,1443,2556,711,430,1141
2501,"BURGLARY","38.94452248","-77.0262084122",193,518,711,1113,1443,2556,711,430,1141
2501,"THEFT/OTHER","38.9461245093","-77.0320114342",193,518,711,1113,1443,2556,711,430,1141
2501,"ROBBERY","38.9477269771","-77.0354959992",193,518,711,1113,1443,2556,711,430,1141
2501,"THEFT F/AUTO","38.943989093","-77.0336254184",193,518,711,1113,1443,2556,711,430,1141
2501,"THEFT F/AUTO","38.9450610787","-77.033625924",193,518,711,1113,1443,2556,711,430,1141
2501,"THEFT F/AUTO","38.94452248","-77.0262084122",193,518,711,1113,1443,2556,711,430,1141
2501,"ROBBERY","38.944504071","-77.0279041077",193,518,711,1113,1443,2556,711,430,1141
2501,"THEFT/OTHER","38.9467465626","-77.0302006003",193,518,711,1113,1443,2556,711,430,1141
2501,"THEFT F/AUTO","38.9429345747","-77.0354820779",193,518,711,1113,1443,2556,711,430,1141
2501,"THEFT/OTHER","38.947727785","-77.0327273807",193,518,711,1113,1443,2556,711,430,1141
2501,"THEFT F/AUTO","38.9461165009","-77.0281239162",193,518,711,1113,1443,2556,711,430,1141
2501,"THEFT/OTHER","38.9434586636","-77.0297147282",193,518,711,1113,1443,2556,711,430,1141
2501,"ASSAULT W/DANGEROUS WEAPON","38.947718259","-77.0345269784",193,518,711,1113,1443,2556,711,430,1141
2501,"BURGLARY","38.94452248","-77.0262084122",193,518,711,1113,1443,2556,711,430,1141
2501,"THEFT F/AUTO","38.9434586636","-77.0297147282",193,518,711,1113,1443,2556,711,430,1141
2501,"ROBBERY","38.9467283224","-77.0310542381",193,518,711,1113,1443,2556,711,430,1141
2501,"THEFT/OTHER","38.9455923051","-77.0345259487",193,518,711,1113,1443,2556,711,430,1141
2501,"THEFT/OTHER","38.9466557998","-77.0327268886",193,518,711,1113,1443,2556,711,430,1141
2501,"MOTOR VEHICLE THEFT","38.943989093","-77.0336254184",193,518,711,1113,1443,2556,711,430,1141
2501,"ROBBERY","38.9418626757","-77.0351931704",193,518,711,1113,1443,2556,711,430,1141
2501,"BURGLARY","38.94452248","-77.0262084122",193,518,711,1113,1443,2556,711,430,1141
2501,"THEFT/OTHER","38.9461240559","-77.0336264254",193,518,711,1113,1443,2556,711,430,1141
2501,"MOTOR VEHICLE THEFT","38.9471866127","-77.0350573688",193,518,711,1113,1443,2556,711,430,1141
2501,"MOTOR VEHICLE THEFT","38.9471866127","-77.0350573688",193,518,711,1113,1443,2556,711,430,1141
2501,"THEFT F/AUTO","38.9423948786","-77.0327364677",193,518,711,1113,1443,2556,711,430,1141
2501,"THEFT/OTHER","38.948259018","-77.0336274325",193,518,711,1113,1443,2556,711,430,1141
2501,"THEFT F/AUTO","38.94452248","-77.0262084122",193,518,711,1113,1443,2556,711,430,1141
2501,"ROBBERY","38.941863803","-77.0312251436",193,518,711,1113,1443,2556,711,430,1141
2501,"THEFT F/AUTO","38.9432882433","-77.026657831",193,518,711,1113,1443,2556,711,430,1141
2501,"THEFT F/AUTO","38.9432882433","-77.026657831",193,518,711,1113,1443,2556,711,430,1141
2501,"THEFT/OTHER","38.9450605332","-77.0354716006",193,518,711,1113,1443,2556,711,430,1141
2501,"THEFT F/AUTO","38.9450536936","-77.0274082973",193,518,711,1113,1443,2556,711,430,1141
2501,"THEFT F/AUTO","38.9466552856","-77.0345149278",193,518,711,1113,1443,2556,711,430,1141
2501,"THEFT/OTHER","38.943989093","-77.0336254184",193,518,711,1113,1443,2556,711,430,1141
2501,"THEFT/OTHER","38.9461165009","-77.0281239162",193,518,711,1113,1443,2556,711,430,1141
2501,"ASSAULT W/DANGEROUS WEAPON","38.9455853976","-77.0264741209",193,518,711,1113,1443,2556,711,430,1141
2501,"MOTOR VEHICLE THEFT","38.94452248","-77.0262084122",193,518,711,1113,1443,2556,711,430,1141
2501,"THEFT F/AUTO","38.9461165009","-77.0281239162",193,518,711,1113,1443,2556,711,430,1141
2501,"THEFT/OTHER","38.9434663502","-77.0345249191",193,518,711,1113,1443,2556,711,430,1141
2501,"THEFT/OTHER","38.9466557998","-77.0327268886",193,518,711,1113,1443,2556,711,430,1141
2501,"THEFT F/AUTO","38.9450536936","-77.0274082973",193,518,711,1113,1443,2556,711,430,1141
2501,"ROBBERY","38.943465769","-77.0364397658",193,518,711,1113,1443,2556,711,430,1141
2501,"THEFT/OTHER","38.9461240559","-77.0336264254",193,518,711,1113,1443,2556,711,430,1141
2501,"ROBBERY","38.9424027913","-77.0364392225",193,518,711,1113,1443,2556,711,430,1141
2501,"THEFT F/AUTO","38.9461159141","-77.0304656532",193,518,711,1113,1443,2556,711,430,1141
2501,"THEFT/OTHER","38.9434586636","-77.0297147282",193,518,711,1113,1443,2556,711,430,1141
2501,"THEFT/OTHER","38.9466557998","-77.0327268886",193,518,711,1113,1443,2556,711,430,1141
2501,"ROBBERY","38.94452248","-77.0262084122",193,518,711,1113,1443,2556,711,430,1141
2501,"MOTOR VEHICLE THEFT","38.9466557998","-77.0327268886",193,518,711,1113,1443,2556,711,430,1141
2501,"THEFT/OTHER","38.946123608","-77.0351491313",193,518,711,1113,1443,2556,711,430,1141
2501,"THEFT/OTHER","38.9434586636","-77.0297147282",193,518,711,1113,1443,2556,711,430,1141
2501,"THEFT F/AUTO","38.9466817293","-77.0364298739",193,518,711,1113,1443,2556,711,430,1141
2501,"THEFT/OTHER","38.9450536936","-77.0274082973",193,518,711,1113,1443,2556,711,430,1141
2501,"THEFT F/AUTO","38.9461240559","-77.0336264254",193,518,711,1113,1443,2556,711,430,1141
2501,"THEFT/OTHER","38.9434586636","-77.0297147282",193,518,711,1113,1443,2556,711,430,1141
2501,"BURGLARY","38.947727785","-77.0327273807",193,518,711,1113,1443,2556,711,430,1141
2501,"MOTOR VEHICLE THEFT","38.9461165009","-77.0281239162",193,518,711,1113,1443,2556,711,430,1141
2501,"MOTOR VEHICLE THEFT","38.947718259","-77.0345269784",193,518,711,1113,1443,2556,711,430,1141
2501,"THEFT F/AUTO","38.943989093","-77.0336254184",193,518,711,1113,1443,2556,711,430,1141
2501,"MOTOR VEHICLE THEFT","38.9434586636","-77.0297147282",193,518,711,1113,1443,2556,711,430,1141
2501,"THEFT/OTHER","38.9434586636","-77.0297147282",193,518,711,1113,1443,2556,711,430,1141
2501,"THEFT/OTHER","38.9461165009","-77.0281239162",193,518,711,1113,1443,2556,711,430,1141
2501,"THEFT F/AUTO","38.9418626757","-77.0351931704",193,518,711,1113,1443,2556,711,430,1141
2501,"ROBBERY","38.9455928227","-77.0327264006",193,518,711,1113,1443,2556,711,430,1141
2501,"BURGLARY","38.94452248","-77.0262084122",193,518,711,1113,1443,2556,711,430,1141
2501,"THEFT F/AUTO","38.9455936268","-77.0297156181",193,518,711,1113,1443,2556,711,430,1141
2501,"THEFT/OTHER","38.948259018","-77.0336274325",193,518,711,1113,1443,2556,711,430,1141
2501,"THEFT/OTHER","38.9418626757","-77.0351931704",193,518,711,1113,1443,2556,711,430,1141
2501,"MOTOR VEHICLE THEFT","38.941863803","-77.0312251436",193,518,711,1113,1443,2556,711,430,1141
2501,"THEFT F/AUTO","38.9432882433","-77.026657831",193,518,711,1113,1443,2556,711,430,1141
2501,"THEFT F/AUTO","38.94452248","-77.0262084122",193,518,711,1113,1443,2556,711,430,1141
2501,"ROBBERY","38.94452248","-77.0262084122",193,518,711,1113,1443,2556,711,430,1141
2501,"THEFT/OTHER","38.9461165009","-77.0281239162",193,518,711,1113,1443,2556,711,430,1141
2501,"THEFT F/AUTO","38.9471863181","-77.0360263779",193,518,711,1113,1443,2556,711,430,1141
2501,"THEFT F/AUTO","38.9450610787","-77.033625924",193,518,711,1113,1443,2556,711,430,1141
2501,"MOTOR VEHICLE THEFT","38.9420723212","-77.0257807166",193,518,711,1113,1443,2556,711,430,1141
2501,"BURGLARY","38.9450618818","-77.0307074478",193,518,711,1113,1443,2556,711,430,1141
2501,"THEFT F/AUTO","38.9456118144","-77.0290350271",193,518,711,1113,1443,2556,711,430,1141
2501,"MOTOR VEHICLE THEFT","38.9450610787","-77.033625924",193,518,711,1113,1443,2556,711,430,1141
2501,"THEFT/OTHER","38.9445208339","-77.0327374439",193,518,711,1113,1443,2556,711,430,1141
2501,"MOTOR VEHICLE THEFT","38.9461240559","-77.0336264254",193,518,711,1113,1443,2556,711,430,1141
2501,"THEFT F/AUTO","38.943989093","-77.0336254184",193,518,711,1113,1443,2556,711,430,1141
2501,"THEFT F/AUTO","38.9450536936","-77.0274082973",193,518,711,1113,1443,2556,711,430,1141
2501,"BURGLARY","38.947727785","-77.0327273807",193,518,711,1113,1443,2556,711,430,1141
2501,"ASSAULT W/DANGEROUS WEAPON","38.9466557998","-77.0327268886",193,518,711,1113,1443,2556,711,430,1141
2501,"THEFT F/AUTO","38.944504071","-77.0279041077",193,518,711,1113,1443,2556,711,430,1141
2501,"THEFT F/AUTO","38.9429345747","-77.0354820779",193,518,711,1113,1443,2556,711,430,1141
2501,"THEFT/OTHER","38.9429260721","-77.0337748737",193,518,711,1113,1443,2556,711,430,1141
2501,"THEFT F/AUTO","38.9429260721","-77.0337748737",193,518,711,1113,1443,2556,711,430,1141
2501,"THEFT/OTHER","38.943990879","-77.0267042349",193,518,711,1113,1443,2556,711,430,1141
2501,"MOTOR VEHICLE THEFT","38.9423946662","-77.0334862457",193,518,711,1113,1443,2556,711,430,1141
2501,"THEFT F/AUTO","38.9456118144","-77.0290350271",193,518,711,1113,1443,2556,711,430,1141
2501,"THEFT F/AUTO","38.9450605332","-77.0354716006",193,518,711,1113,1443,2556,711,430,1141
2501,"THEFT F/AUTO","38.9467465626","-77.0302006003",193,518,711,1113,1443,2556,711,430,1141
2501,"ROBBERY","38.9418626757","-77.0351931704",193,518,711,1113,1443,2556,711,430,1141
2501,"THEFT/OTHER","38.9471870329","-77.0336269268",193,518,711,1113,1443,2556,711,430,1141
2501,"THEFT F/AUTO","38.94452248","-77.0262084122",193,518,711,1113,1443,2556,711,430,1141
2501,"MOTOR VEHICLE THEFT","38.9432882433","-77.026657831",193,518,711,1113,1443,2556,711,430,1141
2501,"THEFT F/AUTO","38.9423946662","-77.0334862457",193,518,711,1113,1443,2556,711,430,1141
2501,"THEFT F/AUTO","38.9445287465","-77.0364403091",193,518,711,1113,1443,2556,711,430,1141
2501,"BURGLARY","38.9455928227","-77.0327264006",193,518,711,1113,1443,2556,711,430,1141
2501,"THEFT/OTHER","38.9434595642","-77.0259311761",193,518,711,1113,1443,2556,711,430,1141
2501,"THEFT/OTHER","38.947727785","-77.0327273807",193,518,711,1113,1443,2556,711,430,1141
2501,"MOTOR VEHICLE THEFT","38.9445293278","-77.0345254339",193,518,711,1113,1443,2556,711,430,1141
2501,"BURGLARY","38.9455928227","-77.0327264006",193,518,711,1113,1443,2556,711,430,1141
2501,"THEFT/OTHER","38.94452248","-77.0262084122",193,518,711,1113,1443,2556,711,430,1141
2503,"THEFT F/AUTO","38.9397385139","-77.0286173889",436,310,746,1169,1455,2624,714,1042,1756
2503,"THEFT/OTHER","38.9386754387","-77.0290091334",436,310,746,1169,1455,2624,714,1042,1756
2503,"THEFT/OTHER","38.940270809","-77.0251110522",436,310,746,1169,1455,2624,714,1042,1756
2503,"THEFT/OTHER","38.9402703579","-77.0271296254",436,310,746,1169,1455,2624,714,1042,1756
2503,"THEFT/OTHER","38.9376036604","-77.0281551611",436,310,746,1169,1455,2624,714,1042,1756
2503,"THEFT F/AUTO","38.9376042111","-77.0257675666",436,310,746,1169,1455,2624,714,1042,1756
2503,"THEFT/OTHER","38.9361260652","-77.0291119024",436,310,746,1169,1455,2624,714,1042,1756
2503,"ROBBERY","38.9386761573","-77.0259525052",436,310,746,1169,1455,2624,714,1042,1756
2503,"THEFT/OTHER","38.9413337274","-77.0253882636",436,310,746,1169,1455,2624,714,1042,1756
2503,"THEFT F/AUTO","38.9381449622","-77.0245912572",436,310,746,1169,1455,2624,714,1042,1756
2503,"ROBBERY","38.9413337274","-77.0253882636",436,310,746,1169,1455,2624,714,1042,1756
2503,"THEFT F/AUTO","38.9369189573","-77.0284547789",436,310,746,1169,1455,2624,714,1042,1756
2503,"THEFT/OTHER","38.940270809","-77.0251110522",436,310,746,1169,1455,2624,714,1042,1756
2503,"THEFT F/AUTO","38.9392071948","-77.0279135691",436,310,746,1169,1455,2624,714,1042,1756
2503,"THEFT/OTHER","38.940270809","-77.0251110522",436,310,746,1169,1455,2624,714,1042,1756
2503,"THEFT/OTHER","38.940270809","-77.0251110522",436,310,746,1169,1455,2624,714,1042,1756
2503,"THEFT F/AUTO","38.9392078897","-77.024833849",436,310,746,1169,1455,2624,714,1042,1756
2503,"THEFT F/AUTO","38.9376042111","-77.0257675666",436,310,746,1169,1455,2624,714,1042,1756
2503,"THEFT F/AUTO","38.9362976841","-77.0271973182",436,310,746,1169,1455,2624,714,1042,1756
2503,"THEFT/OTHER","38.9392071948","-77.0279135691",436,310,746,1169,1455,2624,714,1042,1756
2503,"THEFT/OTHER","38.940270809","-77.0251110522",436,310,746,1169,1455,2624,714,1042,1756
2503,"THEFT/OTHER","38.9376043962","-77.0249140304",436,310,746,1169,1455,2624,714,1042,1756
2503,"THEFT/OTHER","38.940270809","-77.0251110522",436,310,746,1169,1455,2624,714,1042,1756
2503,"THEFT/OTHER","38.9376043962","-77.0249140304",436,310,746,1169,1455,2624,714,1042,1756
2503,"THEFT/OTHER","38.9408015876","-77.0282256327",436,310,746,1169,1455,2624,714,1042,1756
2503,"THEFT/OTHER","38.9381449622","-77.0245912572",436,310,746,1169,1455,2624,714,1042,1756
2503,"THEFT F/AUTO","38.9372069916","-77.0293891648",436,310,746,1169,1455,2624,714,1042,1756
2503,"THEFT/OTHER","38.940270809","-77.0251110522",436,310,746,1169,1455,2624,714,1042,1756
2503,"THEFT/OTHER","38.940270809","-77.0251110522",436,310,746,1169,1455,2624,714,1042,1756
2503,"THEFT F/AUTO","38.9381449622","-77.0245912572",436,310,746,1169,1455,2624,714,1042,1756
2503,"THEFT F/AUTO","38.9357216964","-77.024751897",436,310,746,1169,1455,2624,714,1042,1756
2503,"THEFT/OTHER","38.940270809","-77.0251110522",436,310,746,1169,1455,2624,714,1042,1756
2503,"THEFT F/AUTO","38.9413335181","-77.0263341235",436,310,746,1169,1455,2624,714,1042,1756
2503,"THEFT/OTHER","38.940270809","-77.0251110522",436,310,746,1169,1455,2624,714,1042,1756
2503,"THEFT F/AUTO","38.9369189573","-77.0284547789",436,310,746,1169,1455,2624,714,1042,1756
2503,"MOTOR VEHICLE THEFT","38.9392078897","-77.024833849",436,310,746,1169,1455,2624,714,1042,1756
2503,"THEFT/OTHER","38.9381347643","-77.0297125093",436,310,746,1169,1455,2624,714,1042,1756
2503,"THEFT F/AUTO","38.9368115768","-77.0253289826",436,310,746,1169,1455,2624,714,1042,1756
2503,"THEFT/OTHER","38.9376043962","-77.0249140304",436,310,746,1169,1455,2624,714,1042,1756
2503,"THEFT/OTHER","38.940270809","-77.0251110522",436,310,746,1169,1455,2624,714,1042,1756
2503,"THEFT/OTHER","38.9413337274","-77.0253882636",436,310,746,1169,1455,2624,714,1042,1756
2503,"THEFT F/AUTO","38.9361721137","-77.0247405193",436,310,746,1169,1455,2624,714,1042,1756
2503,"THEFT F/AUTO","38.9376042111","-77.0257675666",436,310,746,1169,1455,2624,714,1042,1756
2503,"THEFT/OTHER","38.9413337274","-77.0253882636",436,310,746,1169,1455,2624,714,1042,1756
2503,"THEFT/OTHER","38.9413337274","-77.0253882636",436,310,746,1169,1455,2624,714,1042,1756
2503,"THEFT/OTHER","38.940270809","-77.0251110522",436,310,746,1169,1455,2624,714,1042,1756
2503,"THEFT/OTHER","38.9381449622","-77.0245912572",436,310,746,1169,1455,2624,714,1042,1756
2503,"THEFT/OTHER","38.940270809","-77.0251110522",436,310,746,1169,1455,2624,714,1042,1756
2503,"THEFT F/AUTO","38.9369189573","-77.0284547789",436,310,746,1169,1455,2624,714,1042,1756
2503,"THEFT/OTHER","38.940270809","-77.0251110522",436,310,746,1169,1455,2624,714,1042,1756
2503,"THEFT/OTHER","38.940270809","-77.0251110522",436,310,746,1169,1455,2624,714,1042,1756
2503,"THEFT F/AUTO","38.9354420442","-77.026551092",436,310,746,1169,1455,2624,714,1042,1756
2503,"THEFT F/AUTO","38.9418646625","-77.0278223299",436,310,746,1169,1455,2624,714,1042,1756
2503,"THEFT F/AUTO","38.9376042111","-77.0257675666",436,310,746,1169,1455,2624,714,1042,1756
2503,"THEFT/OTHER","38.9381449622","-77.0245912572",436,310,746,1169,1455,2624,714,1042,1756
2503,"MOTOR VEHICLE THEFT","38.9376043962","-77.0249140304",436,310,746,1169,1455,2624,714,1042,1756
2503,"ASSAULT W/DANGEROUS WEAPON","38.9376043962","-77.0249140304",436,310,746,1169,1455,2624,714,1042,1756
2503,"THEFT F/AUTO","38.9402703579","-77.0271296254",436,310,746,1169,1455,2624,714,1042,1756
2503,"THEFT/OTHER","38.9381449622","-77.0245912572",436,310,746,1169,1455,2624,714,1042,1756
2503,"MOTOR VEHICLE THEFT","38.9381353738","-77.0272095535",436,310,746,1169,1455,2624,714,1042,1756
2503,"THEFT/OTHER","38.9381449622","-77.0245912572",436,310,746,1169,1455,2624,714,1042,1756
2503,"THEFT F/AUTO","38.9381449622","-77.0245912572",436,310,746,1169,1455,2624,714,1042,1756
2503,"THEFT/OTHER","38.940270809","-77.0251110522",436,310,746,1169,1455,2624,714,1042,1756
2503,"THEFT/OTHER","38.9386761573","-77.0259525052",436,310,746,1169,1455,2624,714,1042,1756
2503,"THEFT/OTHER","38.9376042111","-77.0257675666",436,310,746,1169,1455,2624,714,1042,1756
2503,"BURGLARY","38.9413335181","-77.0263341235",436,310,746,1169,1455,2624,714,1042,1756
2503,"THEFT/OTHER","38.9381449622","-77.0245912572",436,310,746,1169,1455,2624,714,1042,1756
2503,"THEFT/OTHER","38.940270809","-77.0251110522",436,310,746,1169,1455,2624,714,1042,1756
2503,"THEFT/OTHER","38.9413337274","-77.0253882636",436,310,746,1169,1455,2624,714,1042,1756
2503,"THEFT/OTHER","38.940270809","-77.0251110522",436,310,746,1169,1455,2624,714,1042,1756
2503,"MOTOR VEHICLE THEFT","38.9413337274","-77.0253882636",436,310,746,1169,1455,2624,714,1042,1756
2503,"THEFT F/AUTO","38.9397390715","-77.0262412576",436,310,746,1169,1455,2624,714,1042,1756
2503,"THEFT/OTHER","38.9381449622","-77.0245912572",436,310,746,1169,1455,2624,714,1042,1756
2503,"THEFT/OTHER","38.9381449622","-77.0245912572",436,310,746,1169,1455,2624,714,1042,1756
2503,"THEFT/OTHER","38.940270809","-77.0251110522",436,310,746,1169,1455,2624,714,1042,1756
2503,"THEFT F/AUTO","38.9362976841","-77.0271973182",436,310,746,1169,1455,2624,714,1042,1756
2503,"THEFT F/AUTO","38.9381353738","-77.0272095535",436,310,746,1169,1455,2624,714,1042,1756
2503,"BURGLARY","38.9392071948","-77.0279135691",436,310,746,1169,1455,2624,714,1042,1756
2503,"THEFT/OTHER","38.940270809","-77.0251110522",436,310,746,1169,1455,2624,714,1042,1756
2503,"THEFT F/AUTO","38.9381353738","-77.0272095535",436,310,746,1169,1455,2624,714,1042,1756
2503,"THEFT/OTHER","38.940270809","-77.0251110522",436,310,746,1169,1455,2624,714,1042,1756
2503,"MOTOR VEHICLE THEFT","38.9392078897","-77.024833849",436,310,746,1169,1455,2624,714,1042,1756
2503,"BURGLARY","38.9418646625","-77.0278223299",436,310,746,1169,1455,2624,714,1042,1756
2503,"THEFT/OTHER","38.9413337274","-77.0253882636",436,310,746,1169,1455,2624,714,1042,1756
2503,"THEFT/OTHER","38.940270809","-77.0251110522",436,310,746,1169,1455,2624,714,1042,1756
2503,"THEFT/OTHER","38.9376043962","-77.0249140304",436,310,746,1169,1455,2624,714,1042,1756
2503,"THEFT/OTHER","38.9397385139","-77.0286173889",436,310,746,1169,1455,2624,714,1042,1756
2503,"THEFT/OTHER","38.9413337274","-77.0253882636",436,310,746,1169,1455,2624,714,1042,1756
2503,"THEFT/OTHER","38.940270809","-77.0251110522",436,310,746,1169,1455,2624,714,1042,1756
2503,"THEFT/OTHER","38.9397390715","-77.0262412576",436,310,746,1169,1455,2624,714,1042,1756
2503,"THEFT F/AUTO","38.9402703579","-77.0271296254",436,310,746,1169,1455,2624,714,1042,1756
2503,"THEFT/OTHER","38.9368115768","-77.0253289826",436,310,746,1169,1455,2624,714,1042,1756
2503,"THEFT/OTHER","38.9376040014","-77.0267018427",436,310,746,1169,1455,2624,714,1042,1756
2503,"THEFT F/AUTO","38.9376042111","-77.0257675666",436,310,746,1169,1455,2624,714,1042,1756
2503,"THEFT/OTHER","38.940270809","-77.0251110522",436,310,746,1169,1455,2624,714,1042,1756
2503,"THEFT/OTHER","38.9402703579","-77.0271296254",436,310,746,1169,1455,2624,714,1042,1756
2503,"THEFT/OTHER","38.9392078897","-77.024833849",436,310,746,1169,1455,2624,714,1042,1756
2503,"THEFT F/AUTO","38.9368115768","-77.0253289826",436,310,746,1169,1455,2624,714,1042,1756
2503,"THEFT F/AUTO","38.9381449622","-77.0245912572",436,310,746,1169,1455,2624,714,1042,1756
2503,"THEFT F/AUTO","38.9392078897","-77.024833849",436,310,746,1169,1455,2624,714,1042,1756
2503,"THEFT/OTHER","38.9381449622","-77.0245912572",436,310,746,1169,1455,2624,714,1042,1756
2503,"THEFT F/AUTO","38.9397390715","-77.0262412576",436,310,746,1169,1455,2624,714,1042,1756
2503,"THEFT/OTHER","38.9413337274","-77.0253882636",436,310,746,1169,1455,2624,714,1042,1756
2503,"THEFT F/AUTO","38.9392078897","-77.024833849",436,310,746,1169,1455,2624,714,1042,1756
2503,"THEFT/OTHER","38.940270809","-77.0251110522",436,310,746,1169,1455,2624,714,1042,1756
2503,"ASSAULT W/DANGEROUS WEAPON","38.9402697297","-77.0297133991",436,310,746,1169,1455,2624,714,1042,1756
2503,"THEFT/OTHER","38.9369649142","-77.0244063035",436,310,746,1169,1455,2624,714,1042,1756
2503,"THEFT/OTHER","38.9381449622","-77.0245912572",436,310,746,1169,1455,2624,714,1042,1756
2503,"THEFT/OTHER","38.9376043962","-77.0249140304",436,310,746,1169,1455,2624,714,1042,1756
2503,"THEFT F/AUTO","38.9369189573","-77.0284547789",436,310,746,1169,1455,2624,714,1042,1756
2503,"THEFT F/AUTO","38.9402703579","-77.0271296254",436,310,746,1169,1455,2624,714,1042,1756
2503,"THEFT F/AUTO","38.940270809","-77.0251110522",436,310,746,1169,1455,2624,714,1042,1756
2503,"ASSAULT W/DANGEROUS WEAPON","38.9369649142","-77.0244063035",436,310,746,1169,1455,2624,714,1042,1756
2503,"THEFT/OTHER","38.9381353738","-77.0272095535",436,310,746,1169,1455,2624,714,1042,1756
2503,"THEFT/OTHER","38.9413337274","-77.0253882636",436,310,746,1169,1455,2624,714,1042,1756
2503,"ROBBERY","38.9392067513","-77.0297129561",436,310,746,1169,1455,2624,714,1042,1756
2503,"THEFT/OTHER","38.9381449622","-77.0245912572",436,310,746,1169,1455,2624,714,1042,1756
2503,"THEFT/OTHER","38.940270809","-77.0251110522",436,310,746,1169,1455,2624,714,1042,1756
2503,"THEFT/OTHER","38.940270809","-77.0251110522",436,310,746,1169,1455,2624,714,1042,1756
2503,"THEFT/OTHER","38.9392067513","-77.0297129561",436,310,746,1169,1455,2624,714,1042,1756
2503,"THEFT/OTHER","38.9392071948","-77.0279135691",436,310,746,1169,1455,2624,714,1042,1756
2503,"ROBBERY","38.9372069916","-77.0293891648",436,310,746,1169,1455,2624,714,1042,1756
2503,"THEFT/OTHER","38.9386754387","-77.0290091334",436,310,746,1169,1455,2624,714,1042,1756
2503,"MOTOR VEHICLE THEFT","38.9369189573","-77.0284547789",436,310,746,1169,1455,2624,714,1042,1756
2503,"THEFT/OTHER","38.9397390715","-77.0262412576",436,310,746,1169,1455,2624,714,1042,1756
2503,"THEFT/OTHER","38.940270809","-77.0251110522",436,310,746,1169,1455,2624,714,1042,1756
2503,"THEFT F/AUTO","38.9397390715","-77.0262412576",436,310,746,1169,1455,2624,714,1042,1756
2503,"ASSAULT W/DANGEROUS WEAPON","38.940270809","-77.0251110522",436,310,746,1169,1455,2624,714,1042,1756
2503,"THEFT F/AUTO","38.9381449622","-77.0245912572",436,310,746,1169,1455,2624,714,1042,1756
2503,"MOTOR VEHICLE THEFT","38.9413337274","-77.0253882636",436,310,746,1169,1455,2624,714,1042,1756
2503,"THEFT F/AUTO","38.9368115768","-77.0253289826",436,310,746,1169,1455,2624,714,1042,1756
2503,"THEFT/OTHER","38.940270809","-77.0251110522",436,310,746,1169,1455,2624,714,1042,1756
2503,"THEFT/OTHER","38.9413337274","-77.0253882636",436,310,746,1169,1455,2624,714,1042,1756
2503,"THEFT/OTHER","38.940270809","-77.0251110522",436,310,746,1169,1455,2624,714,1042,1756
2503,"THEFT F/AUTO","38.9368115768","-77.0253289826",436,310,746,1169,1455,2624,714,1042,1756
2503,"MOTOR VEHICLE THEFT","38.9413337274","-77.0253882636",436,310,746,1169,1455,2624,714,1042,1756
2503,"THEFT F/AUTO","38.9376043962","-77.0249140304",436,310,746,1169,1455,2624,714,1042,1756
2503,"THEFT/OTHER","38.9413337274","-77.0253882636",436,310,746,1169,1455,2624,714,1042,1756
2503,"ASSAULT W/DANGEROUS WEAPON","38.9402703579","-77.0271296254",436,310,746,1169,1455,2624,714,1042,1756
2503,"THEFT/OTHER","38.9392078897","-77.024833849",436,310,746,1169,1455,2624,714,1042,1756
2503,"THEFT/OTHER","38.9381449622","-77.0245912572",436,310,746,1169,1455,2624,714,1042,1756
2503,"MOTOR VEHICLE THEFT","38.9392078897","-77.024833849",436,310,746,1169,1455,2624,714,1042,1756
2503,"THEFT F/AUTO","38.9368115768","-77.0253289826",436,310,746,1169,1455,2624,714,1042,1756
2503,"MOTOR VEHICLE THEFT","38.9369649142","-77.0244063035",436,310,746,1169,1455,2624,714,1042,1756
2503,"THEFT/OTHER","38.9392078897","-77.024833849",436,310,746,1169,1455,2624,714,1042,1756
2503,"BURGLARY","38.9413335181","-77.0263341235",436,310,746,1169,1455,2624,714,1042,1756
2503,"THEFT/OTHER","38.940270809","-77.0251110522",436,310,746,1169,1455,2624,714,1042,1756
2503,"THEFT F/AUTO","38.9413337274","-77.0253882636",436,310,746,1169,1455,2624,714,1042,1756
2503,"BURGLARY","38.9413337274","-77.0253882636",436,310,746,1169,1455,2624,714,1042,1756
2503,"BURGLARY","38.9361260652","-77.0291119024",436,310,746,1169,1455,2624,714,1042,1756
2503,"THEFT/OTHER","38.940270809","-77.0251110522",436,310,746,1169,1455,2624,714,1042,1756
2503,"THEFT F/AUTO","38.9362976841","-77.0271973182",436,310,746,1169,1455,2624,714,1042,1756
2503,"THEFT/OTHER","38.9381449622","-77.0245912572",436,310,746,1169,1455,2624,714,1042,1756
2503,"THEFT/OTHER","38.940270809","-77.0251110522",436,310,746,1169,1455,2624,714,1042,1756
2503,"THEFT F/AUTO","38.9376043962","-77.0249140304",436,310,746,1169,1455,2624,714,1042,1756
2503,"THEFT F/AUTO","38.9368115768","-77.0253289826",436,310,746,1169,1455,2624,714,1042,1756
2503,"THEFT/OTHER","38.9392078897","-77.024833849",436,310,746,1169,1455,2624,714,1042,1756
2503,"THEFT/OTHER","38.9381449622","-77.0245912572",436,310,746,1169,1455,2624,714,1042,1756
2503,"THEFT/OTHER","38.940270809","-77.0251110522",436,310,746,1169,1455,2624,714,1042,1756
2503,"THEFT F/AUTO","38.9381353738","-77.0272095535",436,310,746,1169,1455,2624,714,1042,1756
2503,"THEFT/OTHER","38.9381449622","-77.0245912572",436,310,746,1169,1455,2624,714,1042,1756
2503,"THEFT F/AUTO","38.9386754387","-77.0290091334",436,310,746,1169,1455,2624,714,1042,1756
2503,"THEFT/OTHER","38.940270809","-77.0251110522",436,310,746,1169,1455,2624,714,1042,1756
2503,"THEFT/OTHER","38.9381449622","-77.0245912572",436,310,746,1169,1455,2624,714,1042,1756
2503,"THEFT/OTHER","38.9369649142","-77.0244063035",436,310,746,1169,1455,2624,714,1042,1756
2503,"THEFT F/AUTO","38.9386754387","-77.0290091334",436,310,746,1169,1455,2624,714,1042,1756
2503,"THEFT/OTHER","38.9397390715","-77.0262412576",436,310,746,1169,1455,2624,714,1042,1756
2503,"THEFT/OTHER","38.9356764735","-77.0255938605",436,310,746,1169,1455,2624,714,1042,1756
2503,"THEFT F/AUTO","38.9386761573","-77.0259525052",436,310,746,1169,1455,2624,714,1042,1756
2503,"THEFT/OTHER","38.940270809","-77.0251110522",436,310,746,1169,1455,2624,714,1042,1756
2503,"THEFT/OTHER","38.940270809","-77.0251110522",436,310,746,1169,1455,2624,714,1042,1756
2503,"THEFT/OTHER","38.9381449622","-77.0245912572",436,310,746,1169,1455,2624,714,1042,1756
2503,"THEFT/OTHER","38.9413337274","-77.0253882636",436,310,746,1169,1455,2624,714,1042,1756
2503,"THEFT/OTHER","38.9381449622","-77.0245912572",436,310,746,1169,1455,2624,714,1042,1756
2503,"THEFT/OTHER","38.940270809","-77.0251110522",436,310,746,1169,1455,2624,714,1042,1756
2503,"THEFT/OTHER","38.9413337274","-77.0253882636",436,310,746,1169,1455,2624,714,1042,1756
2503,"THEFT/OTHER","38.9392078897","-77.024833849",436,310,746,1169,1455,2624,714,1042,1756
2503,"THEFT/OTHER","38.940270809","-77.0251110522",436,310,746,1169,1455,2624,714,1042,1756
2503,"THEFT F/AUTO","38.940270809","-77.0251110522",436,310,746,1169,1455,2624,714,1042,1756
2503,"ROBBERY","38.9362976841","-77.0271973182",436,310,746,1169,1455,2624,714,1042,1756
2503,"THEFT F/AUTO","38.9361721137","-77.0247405193",436,310,746,1169,1455,2624,714,1042,1756
2503,"THEFT/OTHER","38.9397390715","-77.0262412576",436,310,746,1169,1455,2624,714,1042,1756
2503,"THEFT/OTHER","38.9413337274","-77.0253882636",436,310,746,1169,1455,2624,714,1042,1756
2503,"THEFT/OTHER","38.9369189573","-77.0284547789",436,310,746,1169,1455,2624,714,1042,1756
2503,"THEFT/OTHER","38.940270809","-77.0251110522",436,310,746,1169,1455,2624,714,1042,1756
2503,"THEFT F/AUTO","38.9413337274","-77.0253882636",436,310,746,1169,1455,2624,714,1042,1756
2503,"THEFT/OTHER","38.9376043962","-77.0249140304",436,310,746,1169,1455,2624,714,1042,1756
2503,"THEFT/OTHER","38.9392078897","-77.024833849",436,310,746,1169,1455,2624,714,1042,1756
2503,"MOTOR VEHICLE THEFT","38.9413337274","-77.0253882636",436,310,746,1169,1455,2624,714,1042,1756
2503,"THEFT/OTHER","38.940270809","-77.0251110522",436,310,746,1169,1455,2624,714,1042,1756
2503,"THEFT/OTHER","38.940270809","-77.0251110522",436,310,746,1169,1455,2624,714,1042,1756
2503,"THEFT F/AUTO","38.9381449622","-77.0245912572",436,310,746,1169,1455,2624,714,1042,1756
2503,"THEFT/OTHER","38.9413337274","-77.0253882636",436,310,746,1169,1455,2624,714,1042,1756
2503,"THEFT/OTHER","38.9381449622","-77.0245912572",436,310,746,1169,1455,2624,714,1042,1756
2503,"THEFT/OTHER","38.9397390715","-77.0262412576",436,310,746,1169,1455,2624,714,1042,1756
2503,"THEFT F/AUTO","38.9368115768","-77.0253289826",436,310,746,1169,1455,2624,714,1042,1756
2503,"THEFT/OTHER","38.9381449622","-77.0245912572",436,310,746,1169,1455,2624,714,1042,1756
2503,"THEFT/OTHER","38.9381449622","-77.0245912572",436,310,746,1169,1455,2624,714,1042,1756
2503,"THEFT/OTHER","38.9413337274","-77.0253882636",436,310,746,1169,1455,2624,714,1042,1756
2503,"MOTOR VEHICLE THEFT","38.9392071948","-77.0279135691",436,310,746,1169,1455,2624,714,1042,1756
2503,"THEFT F/AUTO","38.9357930645","-77.0278545626",436,310,746,1169,1455,2624,714,1042,1756
2503,"THEFT/OTHER","38.9413337274","-77.0253882636",436,310,746,1169,1455,2624,714,1042,1756
2503,"ROBBERY","38.9386761573","-77.0259525052",436,310,746,1169,1455,2624,714,1042,1756
2503,"THEFT/OTHER","38.940270809","-77.0251110522",436,310,746,1169,1455,2624,714,1042,1756
2503,"MOTOR VEHICLE THEFT","38.9361721137","-77.0247405193",436,310,746,1169,1455,2624,714,1042,1756
2503,"THEFT F/AUTO","38.9381353738","-77.0272095535",436,310,746,1169,1455,2624,714,1042,1756
2503,"THEFT/OTHER","38.9392078897","-77.024833849",436,310,746,1169,1455,2624,714,1042,1756
2503,"THEFT/OTHER","38.9392078897","-77.024833849",436,310,746,1169,1455,2624,714,1042,1756
2503,"THEFT/OTHER","38.9392071948","-77.0279135691",436,310,746,1169,1455,2624,714,1042,1756
2503,"THEFT F/AUTO","38.9368115768","-77.0253289826",436,310,746,1169,1455,2624,714,1042,1756
2503,"THEFT/OTHER","38.9418646625","-77.0278223299",436,310,746,1169,1455,2624,714,1042,1756
2503,"THEFT F/AUTO","38.9368115768","-77.0253289826",436,310,746,1169,1455,2624,714,1042,1756
2503,"THEFT/OTHER","38.9381449622","-77.0245912572",436,310,746,1169,1455,2624,714,1042,1756
2503,"THEFT/OTHER","38.9381449622","-77.0245912572",436,310,746,1169,1455,2624,714,1042,1756
2503,"ROBBERY","38.9413337274","-77.0253882636",436,310,746,1169,1455,2624,714,1042,1756
2503,"ROBBERY","38.9376042111","-77.0257675666",436,310,746,1169,1455,2624,714,1042,1756
2503,"THEFT F/AUTO","38.9369189573","-77.0284547789",436,310,746,1169,1455,2624,714,1042,1756
2503,"THEFT/OTHER","38.9413337274","-77.0253882636",436,310,746,1169,1455,2624,714,1042,1756
2503,"THEFT F/AUTO","38.9361260652","-77.0291119024",436,310,746,1169,1455,2624,714,1042,1756
2503,"THEFT/OTHER","38.940270809","-77.0251110522",436,310,746,1169,1455,2624,714,1042,1756
2503,"ASSAULT W/DANGEROUS WEAPON","38.940270809","-77.0251110522",436,310,746,1169,1455,2624,714,1042,1756
2503,"THEFT F/AUTO","38.9357216964","-77.024751897",436,310,746,1169,1455,2624,714,1042,1756
2503,"THEFT/OTHER","38.9381449622","-77.0245912572",436,310,746,1169,1455,2624,714,1042,1756
2504,"THEFT/OTHER","38.9408001129","-77.0337854013",579,664,1243,1205,1770,2975,684,794,1478
2504,"THEFT F/AUTO","38.9382589741","-77.0364486389",579,664,1243,1205,1770,2975,684,794,1478
2504,"MOTOR VEHICLE THEFT","38.9376028811","-77.0312232775",579,664,1243,1205,1770,2975,684,794,1478
2504,"MOTOR VEHICLE THEFT","38.9413319006","-77.0327359796",579,664,1243,1205,1770,2975,684,794,1478
2504,"MOTOR VEHICLE THEFT","38.9386748681","-77.031223747",579,664,1243,1205,1770,2975,684,794,1478
2504,"THEFT/OTHER","38.9382589741","-77.0364486389",579,664,1243,1205,1770,2975,684,794,1478
2504,"HOMICIDE","38.9413319006","-77.0327359796",579,664,1243,1205,1770,2975,684,794,1478
2504,"THEFT F/AUTO","38.9382589741","-77.0364486389",579,664,1243,1205,1770,2975,684,794,1478
2504,"MOTOR VEHICLE THEFT","38.9397288383","-77.0312242086",579,664,1243,1205,1770,2975,684,794,1478
2504,"THEFT/OTHER","38.9406916674","-77.0349618969",579,664,1243,1205,1770,2975,684,794,1478
2504,"THEFT/OTHER","38.9408008249","-77.0312246781",579,664,1243,1205,1770,2975,684,794,1478
2504,"THEFT/OTHER","38.9386748681","-77.031223747",579,664,1243,1205,1770,2975,684,794,1478
2504,"THEFT/OTHER","38.9373412271","-77.0327341472",579,664,1243,1205,1770,2975,684,794,1478
2504,"THEFT/OTHER","38.9402697297","-77.0297133991",579,664,1243,1205,1770,2975,684,794,1478
2504,"BURGLARY","38.939205944","-77.0327350034",579,664,1243,1205,1770,2975,684,794,1478
2504,"THEFT/OTHER","38.9386748681","-77.031223747",579,664,1243,1205,1770,2975,684,794,1478
2504,"ROBBERY","38.9402678268","-77.0364381312",579,664,1243,1205,1770,2975,684,794,1478
2504,"THEFT F/AUTO","38.9378905406","-77.0334149243",579,664,1243,1205,1770,2975,684,794,1478
2504,"MOTOR VEHICLE THEFT","38.9406916674","-77.0349618969",579,664,1243,1205,1770,2975,684,794,1478
2504,"THEFT F/AUTO","38.9402697297","-77.0297133991",579,664,1243,1205,1770,2975,684,794,1478
2504,"ASSAULT W/DANGEROUS WEAPON","38.9402689224","-77.0327354915",579,664,1243,1205,1770,2975,684,794,1478
2504,"BURGLARY","38.9376028811","-77.0312232775",579,664,1243,1205,1770,2975,684,794,1478
2504,"THEFT/OTHER","38.9418632201","-77.0333360416",579,664,1243,1205,1770,2975,684,794,1478
2504,"THEFT/OTHER","38.9374216191","-77.03508717",579,664,1243,1205,1770,2975,684,794,1478
2504,"ROBBERY","38.9413319006","-77.0327359796",579,664,1243,1205,1770,2975,684,794,1478
2504,"ASSAULT W/DANGEROUS WEAPON","38.9402689224","-77.0327354915",579,664,1243,1205,1770,2975,684,794,1478
2504,"THEFT/OTHER","38.9382870981","-77.0327345815",579,664,1243,1205,1770,2975,684,794,1478
2504,"BURGLARY","38.9374216191","-77.03508717",579,664,1243,1205,1770,2975,684,794,1478
2504,"ROBBERY","38.9386748681","-77.031223747",579,664,1243,1205,1770,2975,684,794,1478
2504,"THEFT/OTHER","38.9373412271","-77.0327341472",579,664,1243,1205,1770,2975,684,794,1478
2504,"ASSAULT W/DANGEROUS WEAPON","38.9418632201","-77.0333360416",579,664,1243,1205,1770,2975,684,794,1478
2504,"THEFT/OTHER","38.9386748681","-77.031223747",579,664,1243,1205,1770,2975,684,794,1478
2504,"MOTOR VEHICLE THEFT","38.941863803","-77.0312251436",579,664,1243,1205,1770,2975,684,794,1478
2504,"THEFT/OTHER","38.9408001129","-77.0337854013",579,664,1243,1205,1770,2975,684,794,1478
2504,"ROBBERY","38.9402697297","-77.0297133991",579,664,1243,1205,1770,2975,684,794,1478
2504,"THEFT F/AUTO","38.9397996129","-77.0357342796",579,664,1243,1205,1770,2975,684,794,1478
2504,"MOTOR VEHICLE THEFT","38.9397996129","-77.0357342796",579,664,1243,1205,1770,2975,684,794,1478
2504,"BURGLARY","38.9408001129","-77.0337854013",579,664,1243,1205,1770,2975,684,794,1478
2504,"THEFT F/AUTO","38.9418626757","-77.0351931704",579,664,1243,1205,1770,2975,684,794,1478
2504,"THEFT F/AUTO","38.9397996129","-77.0357342796",579,664,1243,1205,1770,2975,684,794,1478
2504,"THEFT/OTHER","38.9402678268","-77.0364381312",579,664,1243,1205,1770,2975,684,794,1478
2504,"THEFT/OTHER","38.9373412271","-77.0327341472",579,664,1243,1205,1770,2975,684,794,1478
2504,"THEFT/OTHER","38.9374216191","-77.03508717",579,664,1243,1205,1770,2975,684,794,1478
2504,"THEFT F/AUTO","38.9408001129","-77.0337854013",579,664,1243,1205,1770,2975,684,794,1478
2504,"THEFT/OTHER","38.9386748681","-77.031223747",579,664,1243,1205,1770,2975,684,794,1478
2504,"MOTOR VEHICLE THEFT","38.9368370204","-77.0317996496",579,664,1243,1205,1770,2975,684,794,1478
2504,"BURGLARY","38.9418626757","-77.0351931704",579,664,1243,1205,1770,2975,684,794,1478
2504,"ASSAULT W/DANGEROUS WEAPON","38.9402689224","-77.0327354915",579,664,1243,1205,1770,2975,684,794,1478
2504,"THEFT/OTHER","38.9397288383","-77.0312242086",579,664,1243,1205,1770,2975,684,794,1478
2504,"THEFT/OTHER","38.9408008249","-77.0312246781",579,664,1243,1205,1770,2975,684,794,1478
2504,"THEFT/OTHER","38.9392067513","-77.0297129561",579,664,1243,1205,1770,2975,684,794,1478
2504,"THEFT/OTHER","38.9397288383","-77.0312242086",579,664,1243,1205,1770,2975,684,794,1478
2504,"MOTOR VEHICLE THEFT","38.9377466004","-77.0327343333",579,664,1243,1205,1770,2975,684,794,1478
2504,"THEFT F/AUTO","38.9408008249","-77.0312246781",579,664,1243,1205,1770,2975,684,794,1478
2504,"THEFT F/AUTO","38.9413319006","-77.0327359796",579,664,1243,1205,1770,2975,684,794,1478
2504,"MOTOR VEHICLE THEFT","38.9402689224","-77.0327354915",579,664,1243,1205,1770,2975,684,794,1478
2504,"ROBBERY","38.9402689224","-77.0327354915",579,664,1243,1205,1770,2975,684,794,1478
2504,"THEFT/OTHER","38.9368370204","-77.0317996496",579,664,1243,1205,1770,2975,684,794,1478
2504,"THEFT/OTHER","38.9408001129","-77.0337854013",579,664,1243,1205,1770,2975,684,794,1478
2504,"THEFT/OTHER","38.9397288383","-77.0312242086",579,664,1243,1205,1770,2975,684,794,1478
2504,"THEFT/OTHER","38.9376028811","-77.0312232775",579,664,1243,1205,1770,2975,684,794,1478
2504,"THEFT F/AUTO","38.9402697297","-77.0297133991",579,664,1243,1205,1770,2975,684,794,1478
2504,"THEFT/OTHER","38.9408001129","-77.0337854013",579,664,1243,1205,1770,2975,684,794,1478
2504,"THEFT F/AUTO","38.9382870981","-77.0327345815",579,664,1243,1205,1770,2975,684,794,1478
2504,"THEFT/OTHER","38.9373412271","-77.0327341472",579,664,1243,1205,1770,2975,684,794,1478
2504,"THEFT/OTHER","38.9402697297","-77.0297133991",579,664,1243,1205,1770,2975,684,794,1478
2504,"THEFT/OTHER","38.9397288383","-77.0312242086",579,664,1243,1205,1770,2975,684,794,1478
2504,"THEFT F/AUTO","38.9397371778","-77.0336349476",579,664,1243,1205,1770,2975,684,794,1478
2504,"THEFT/OTHER","38.9408008249","-77.0312246781",579,664,1243,1205,1770,2975,684,794,1478
2504,"THEFT/OTHER","38.9373412271","-77.0327341472",579,664,1243,1205,1770,2975,684,794,1478
2504,"THEFT F/AUTO","38.9381347643","-77.0297125093",579,664,1243,1205,1770,2975,684,794,1478
2504,"THEFT F/AUTO","38.9402689224","-77.0327354915",579,664,1243,1205,1770,2975,684,794,1478
2504,"THEFT/OTHER","38.9382589741","-77.0364486389",579,664,1243,1205,1770,2975,684,794,1478
2504,"ROBBERY","38.9418632201","-77.0333360416",579,664,1243,1205,1770,2975,684,794,1478
2504,"THEFT/OTHER","38.9373412271","-77.0327341472",579,664,1243,1205,1770,2975,684,794,1478
2504,"THEFT/OTHER","38.9376028811","-77.0312232775",579,664,1243,1205,1770,2975,684,794,1478
2504,"ROBBERY","38.9382589741","-77.0364486389",579,664,1243,1205,1770,2975,684,794,1478
2504,"ASSAULT W/DANGEROUS WEAPON","38.939205944","-77.0327350034",579,664,1243,1205,1770,2975,684,794,1478
2504,"THEFT F/AUTO","38.9376028811","-77.0312232775",579,664,1243,1205,1770,2975,684,794,1478
2504,"THEFT/OTHER","38.9373412271","-77.0327341472",579,664,1243,1205,1770,2975,684,794,1478
2504,"THEFT/OTHER","38.9418632201","-77.0333360416",579,664,1243,1205,1770,2975,684,794,1478
2504,"THEFT/OTHER","38.9376028811","-77.0312232775",579,664,1243,1205,1770,2975,684,794,1478
2504,"THEFT F/AUTO","38.9364770479","-77.0304500003",579,664,1243,1205,1770,2975,684,794,1478
2504,"THEFT/OTHER","38.939205944","-77.0327350034",579,664,1243,1205,1770,2975,684,794,1478
2504,"THEFT/OTHER","38.9381347643","-77.0297125093",579,664,1243,1205,1770,2975,684,794,1478
2504,"MOTOR VEHICLE THEFT","38.9368370204","-77.0317996496",579,664,1243,1205,1770,2975,684,794,1478
2504,"THEFT F/AUTO","38.9418626757","-77.0351931704",579,664,1243,1205,1770,2975,684,794,1478
2504,"THEFT/OTHER","38.9374216191","-77.03508717",579,664,1243,1205,1770,2975,684,794,1478
2504,"THEFT/OTHER","38.9386748681","-77.031223747",579,664,1243,1205,1770,2975,684,794,1478
2504,"ROBBERY","38.9408001129","-77.0337854013",579,664,1243,1205,1770,2975,684,794,1478
2504,"MOTOR VEHICLE THEFT","38.9397288383","-77.0312242086",579,664,1243,1205,1770,2975,684,794,1478
2504,"THEFT F/AUTO","38.9397996129","-77.0357342796",579,664,1243,1205,1770,2975,684,794,1478
2504,"THEFT/OTHER","38.9381347643","-77.0297125093",579,664,1243,1205,1770,2975,684,794,1478
2504,"THEFT/OTHER","38.9373412271","-77.0327341472",579,664,1243,1205,1770,2975,684,794,1478
2504,"ASSAULT W/DANGEROUS WEAPON","38.9373412271","-77.0327341472",579,664,1243,1205,1770,2975,684,794,1478
2504,"THEFT/OTHER","38.9386748681","-77.031223747",579,664,1243,1205,1770,2975,684,794,1478
2504,"ROBBERY","38.937214971","-77.0332300603",579,664,1243,1205,1770,2975,684,794,1478
2504,"THEFT/OTHER","38.9386748681","-77.031223747",579,664,1243,1205,1770,2975,684,794,1478
2504,"THEFT F/AUTO","38.9413319006","-77.0327359796",579,664,1243,1205,1770,2975,684,794,1478
2504,"THEFT F/AUTO","38.9402689224","-77.0327354915",579,664,1243,1205,1770,2975,684,794,1478
2504,"ROBBERY","38.9408008249","-77.0312246781",579,664,1243,1205,1770,2975,684,794,1478
2600,"THEFT F/AUTO","38.9418701645","-77.0399225095",14,50,64,1235,1187,2422,1044,865,1909
2600,"THEFT F/AUTO","38.9483920776","-77.0401684184",14,50,64,1235,1187,2422,1044,865,1909
2600,"THEFT F/AUTO","38.9418413049","-77.0449748057",14,50,64,1235,1187,2422,1044,865,1909
2600,"THEFT/OTHER","38.9482578017","-77.0376188872",14,50,64,1235,1187,2422,1044,865,1909
2600,"THEFT F/AUTO","38.9397522677","-77.0426088904",14,50,64,1235,1187,2422,1044,865,1909
2600,"BURGLARY","38.9422382154","-77.0435331781",14,50,64,1235,1187,2422,1044,865,1909
2600,"THEFT F/AUTO","38.944401024","-77.0412735655",14,50,64,1235,1187,2422,1044,865,1909
2600,"THEFT F/AUTO","38.9384559947","-77.0400013386",14,50,64,1235,1187,2422,1044,865,1909
2600,"THEFT F/AUTO","38.9415254969","-77.0463011211",14,50,64,1235,1187,2422,1044,865,1909
2600,"THEFT F/AUTO","38.9384559947","-77.0400013386",14,50,64,1235,1187,2422,1044,865,1909
2600,"MOTOR VEHICLE THEFT","38.9445279816","-77.0388166",14,50,64,1235,1187,2422,1044,865,1909
2600,"BURGLARY","38.9439232346","-77.0422537891",14,50,64,1235,1187,2422,1044,865,1909
2600,"THEFT F/AUTO","38.9409676644","-77.0445474663",14,50,64,1235,1187,2422,1044,865,1909
2600,"THEFT F/AUTO","38.9424011806","-77.0412839428",14,50,64,1235,1187,2422,1044,865,1909
2600,"THEFT F/AUTO","38.9422382154","-77.0435331781",14,50,64,1235,1187,2422,1044,865,1909
2600,"THEFT F/AUTO","38.9422382154","-77.0435331781",14,50,64,1235,1187,2422,1044,865,1909
2600,"THEFT/OTHER","38.9429330989","-77.0400499912",14,50,64,1235,1187,2422,1044,865,1909
2600,"THEFT F/AUTO","38.9394210439","-77.036449233",14,50,64,1235,1187,2422,1044,865,1909
2600,"BURGLARY","38.9392924488","-77.0436813285",14,50,64,1235,1187,2422,1044,865,1909
2600,"MOTOR VEHICLE THEFT","38.9407990246","-77.037361186",14,50,64,1235,1187,2422,1044,865,1909
2600,"THEFT/OTHER","38.9424027913","-77.0364392225",14,50,64,1235,1187,2422,1044,865,1909
2600,"THEFT F/AUTO","38.9386626299","-77.041593208",14,50,64,1235,1187,2422,1044,865,1909
2600,"THEFT F/AUTO","38.9397522677","-77.0426088904",14,50,64,1235,1187,2422,1044,865,1909
2600,"ROBBERY","38.9402762867","-77.0381568068",14,50,64,1235,1187,2422,1044,865,1909
2600,"THEFT F/AUTO","38.9450681174","-77.0398896939",14,50,64,1235,1187,2422,1044,865,1909
2600,"THEFT F/AUTO","38.9434650003","-77.0388275564",14,50,64,1235,1187,2422,1044,865,1909
2600,"THEFT F/AUTO","38.9482578017","-77.0376188872",14,50,64,1235,1187,2422,1044,865,1909
2600,"THEFT F/AUTO","38.9469321582","-77.0418172128",14,50,64,1235,1187,2422,1044,865,1909
2600,"THEFT F/AUTO","38.9482578017","-77.0376188872",14,50,64,1235,1187,2422,1044,865,1909
2600,"THEFT F/AUTO","38.9459689455","-77.039890198",14,50,64,1235,1187,2422,1044,865,1909
2600,"THEFT F/AUTO","38.9422382154","-77.0435331781",14,50,64,1235,1187,2422,1044,865,1909
2600,"THEFT/OTHER","38.9450598588","-77.0376287351",14,50,64,1235,1187,2422,1044,865,1909
2600,"ROBBERY","38.9413398133","-77.0364386791",14,50,64,1235,1187,2422,1044,865,1909
2600,"THEFT/OTHER","38.9424011806","-77.0412839428",14,50,64,1235,1187,2422,1044,865,1909
2600,"MOTOR VEHICLE THEFT","38.9397531414","-77.0401404818",14,50,64,1235,1187,2422,1044,865,1909
2600,"THEFT F/AUTO","38.9469321582","-77.0418172128",14,50,64,1235,1187,2422,1044,865,1909
2600,"MOTOR VEHICLE THEFT","38.9482578017","-77.0376188872",14,50,64,1235,1187,2422,1044,865,1909
2600,"THEFT F/AUTO","38.9415254969","-77.0463011211",14,50,64,1235,1187,2422,1044,865,1909
2600,"THEFT F/AUTO","38.9465007952","-77.0388176742",14,50,64,1235,1187,2422,1044,865,1909
2600,"BURGLARY","38.9408153005","-77.0424595734",14,50,64,1235,1187,2422,1044,865,1909
2600,"THEFT/OTHER","38.9495820033","-77.0376657308",14,50,64,1235,1187,2422,1044,865,1909
2600,"THEFT/OTHER","38.9418701645","-77.0399225095",14,50,64,1235,1187,2422,1044,865,1909
2600,"BURGLARY","38.9418413049","-77.0449748057",14,50,64,1235,1187,2422,1044,865,1909
2600,"THEFT F/AUTO","38.9450598588","-77.0376287351",14,50,64,1235,1187,2422,1044,865,1909
2600,"THEFT F/AUTO","38.9434641624","-77.0412730231",14,50,64,1235,1187,2422,1044,865,1909
2600,"THEFT F/AUTO","38.9459689455","-77.039890198",14,50,64,1235,1187,2422,1044,865,1909
2600,"THEFT F/AUTO","38.9429413566","-77.0421839963",14,50,64,1235,1187,2422,1044,865,1909
2600,"THEFT/OTHER","38.9408072297","-77.0397950315",14,50,64,1235,1187,2422,1044,865,1909
2600,"THEFT/OTHER","38.9475637721","-77.038818253",14,50,64,1235,1187,2422,1044,865,1909
2600,"THEFT F/AUTO","38.9439960765","-77.0400505884",14,50,64,1235,1187,2422,1044,865,1909
2600,"THEFT F/AUTO","38.9429413566","-77.0421839963",14,50,64,1235,1187,2422,1044,865,1909
2600,"THEFT F/AUTO","38.9379415292","-77.0428038918",14,50,64,1235,1187,2422,1044,865,1909
2600,"MOTOR VEHICLE THEFT","38.9429339037","-77.037627613",14,50,64,1235,1187,2422,1044,865,1909
2600,"THEFT F/AUTO","38.9439232346","-77.0422537891",14,50,64,1235,1187,2422,1044,865,1909
2600,"THEFT F/AUTO","38.9397522677","-77.0426088904",14,50,64,1235,1187,2422,1044,865,1909
2600,"THEFT F/AUTO","38.9434641624","-77.0412730231",14,50,64,1235,1187,2422,1044,865,1909
2600,"THEFT F/AUTO","38.9459689455","-77.039890198",14,50,64,1235,1187,2422,1044,865,1909
2600,"THEFT/OTHER","38.9429330989","-77.0400499912",14,50,64,1235,1187,2422,1044,865,1909
2600,"MOTOR VEHICLE THEFT","38.9462115618","-77.0416322194",14,50,64,1235,1187,2422,1044,865,1909
2600,"THEFT/OTHER","38.9424020646","-77.038700092",14,50,64,1235,1187,2422,1044,865,1909
2600,"BURGLARY","38.9475637721","-77.038818253",14,50,64,1235,1187,2422,1044,865,1909
2600,"SEX ABUSE","38.9384559947","-77.0400013386",14,50,64,1235,1187,2422,1044,865,1909
2600,"THEFT F/AUTO","38.9415254969","-77.0463011211",14,50,64,1235,1187,2422,1044,865,1909
2600,"THEFT/OTHER","38.9495820033","-77.0376657308",14,50,64,1235,1187,2422,1044,865,1909
2600,"THEFT/OTHER","38.943465769","-77.0364397658",14,50,64,1235,1187,2422,1044,865,1909
2600,"THEFT/OTHER","38.9429339037","-77.037627613",14,50,64,1235,1187,2422,1044,865,1909
2600,"THEFT/OTHER","38.9439968814","-77.037628174",14,50,64,1235,1187,2422,1044,865,1909
2600,"MOTOR VEHICLE THEFT","38.9429339037","-77.037627613",14,50,64,1235,1187,2422,1044,865,1909
2600,"THEFT F/AUTO","38.9455909589","-77.0388171788",14,50,64,1235,1187,2422,1044,865,1909
2600,"BURGLARY","38.9418701645","-77.0399225095",14,50,64,1235,1187,2422,1044,865,1909
2600,"THEFT F/AUTO","38.941347211","-77.0412833324",14,50,64,1235,1187,2422,1044,865,1909
2600,"THEFT F/AUTO","38.9450681174","-77.0398896939",14,50,64,1235,1187,2422,1044,865,1909
2600,"MOTOR VEHICLE THEFT","38.9495820033","-77.0376657308",14,50,64,1235,1187,2422,1044,865,1909
2600,"THEFT/OTHER","38.9445287465","-77.0364403091",14,50,64,1235,1187,2422,1044,865,1909
2600,"THEFT F/AUTO","38.9495820033","-77.0376657308",14,50,64,1235,1187,2422,1044,865,1909
2600,"THEFT/OTHER","38.9439968814","-77.037628174",14,50,64,1235,1187,2422,1044,865,1909
2600,"THEFT F/AUTO","38.9402842328","-77.0412827169",14,50,64,1235,1187,2422,1044,865,1909
2600,"THEFT F/AUTO","38.9439960765","-77.0400505884",14,50,64,1235,1187,2422,1044,865,1909
2600,"THEFT F/AUTO","38.9386626299","-77.041593208",14,50,64,1235,1187,2422,1044,865,1909
2600,"THEFT F/AUTO","38.9408153005","-77.0424595734",14,50,64,1235,1187,2422,1044,865,1909
2600,"THEFT F/AUTO","38.941347211","-77.0412833324",14,50,64,1235,1187,2422,1044,865,1909
2600,"THEFT/OTHER","38.9397522677","-77.0426088904",14,50,64,1235,1187,2422,1044,865,1909
2600,"BURGLARY","38.9402833824","-77.0436242621",14,50,64,1235,1187,2422,1044,865,1909
2600,"THEFT F/AUTO","38.9418332203","-77.0425063195",14,50,64,1235,1187,2422,1044,865,1909
2600,"THEFT F/AUTO","38.9418332203","-77.0425063195",14,50,64,1235,1187,2422,1044,865,1909
2600,"THEFT F/AUTO","38.9394210439","-77.036449233",14,50,64,1235,1187,2422,1044,865,1909
2600,"THEFT/OTHER","38.9408153005","-77.0424595734",14,50,64,1235,1187,2422,1044,865,1909
2702,"ASSAULT W/DANGEROUS WEAPON","38.9303401818","-77.0380015594",388,641,1029,2343,2331,4674,1790,1893,3683
2702,"THEFT F/AUTO","38.9279613421","-77.0399377877",388,641,1029,2343,2331,4674,1790,1893,3683
2702,"THEFT/OTHER","38.9309526677","-77.038244083",388,641,1029,2343,2331,4674,1790,1893,3683
2702,"ASSAULT W/DANGEROUS WEAPON","38.9303401818","-77.0380015594",388,641,1029,2343,2331,4674,1790,1893,3683
2702,"ROBBERY","38.9321059255","-77.0376449656",388,641,1029,2343,2331,4674,1790,1893,3683
2702,"MOTOR VEHICLE THEFT","38.930564696","-77.0400776435",388,641,1029,2343,2331,4674,1790,1893,3683
2702,"THEFT/OTHER","38.9303401818","-77.0380015594",388,641,1029,2343,2331,4674,1790,1893,3683
2702,"THEFT/OTHER","38.9321059255","-77.0376449656",388,641,1029,2343,2331,4674,1790,1893,3683
2702,"HOMICIDE","38.9298001684","-77.0364789141",388,641,1029,2343,2331,4674,1790,1893,3683
2702,"ROBBERY","38.9307998026","-77.0373905462",388,641,1029,2343,2331,4674,1790,1893,3683
2702,"THEFT/OTHER","38.9318353679","-77.0385905567",388,641,1029,2343,2331,4674,1790,1893,3683
2702,"THEFT/OTHER","38.932366178","-77.0405976603",388,641,1029,2343,2331,4674,1790,1893,3683
2702,"THEFT/OTHER","38.9311153849","-77.0364680537",388,641,1029,2343,2331,4674,1790,1893,3683
2702,"THEFT/OTHER","38.928295559","-77.0371816432",388,641,1029,2343,2331,4674,1790,1893,3683
2702,"THEFT/OTHER","38.930564696","-77.0400776435",388,641,1029,2343,2331,4674,1790,1893,3683
2702,"BURGLARY","38.9321059255","-77.0376449656",388,641,1029,2343,2331,4674,1790,1893,3683
2702,"THEFT F/AUTO","38.9279613421","-77.0399377877",388,641,1029,2343,2331,4674,1790,1893,3683
2702,"THEFT/OTHER","38.9293223735","-77.0375973643",388,641,1029,2343,2331,4674,1790,1893,3683
2702,"THEFT/OTHER","38.9303401818","-77.0380015594",388,641,1029,2343,2331,4674,1790,1893,3683
2702,"ROBBERY","38.9318353679","-77.0385905567",388,641,1029,2343,2331,4674,1790,1893,3683
2702,"THEFT/OTHER","38.930995758","-77.0438031111",388,641,1029,2343,2331,4674,1790,1893,3683
2702,"THEFT/OTHER","38.9296818779","-77.0400886803",388,641,1029,2343,2331,4674,1790,1893,3683
2702,"THEFT/OTHER","38.9303401818","-77.0380015594",388,641,1029,2343,2331,4674,1790,1893,3683
2702,"THEFT F/AUTO","38.9277891125","-77.0429592551",388,641,1029,2343,2331,4674,1790,1893,3683
2702,"MOTOR VEHICLE THEFT","38.9277891125","-77.0429592551",388,641,1029,2343,2331,4674,1790,1893,3683
2702,"BURGLARY","38.9321059255","-77.0376449656",388,641,1029,2343,2331,4674,1790,1893,3683
2702,"MOTOR VEHICLE THEFT","38.9296896912","-77.043433253",388,641,1029,2343,2331,4674,1790,1893,3683
2702,"THEFT/OTHER","38.9318353679","-77.0385905567",388,641,1029,2343,2331,4674,1790,1893,3683
2702,"THEFT F/AUTO","38.9277891125","-77.0429592551",388,641,1029,2343,2331,4674,1790,1893,3683
2702,"ROBBERY","38.9314385057","-77.0400666014",388,641,1029,2343,2331,4674,1790,1893,3683
2702,"THEFT F/AUTO","38.9303401818","-77.0380015594",388,641,1029,2343,2331,4674,1790,1893,3683
2702,"THEFT/OTHER","38.9314385057","-77.0400666014",388,641,1029,2343,2331,4674,1790,1893,3683
2702,"MOTOR VEHICLE THEFT","38.9297815575","-77.038335719",388,641,1029,2343,2331,4674,1790,1893,3683
2702,"THEFT/OTHER","38.9303401818","-77.0380015594",388,641,1029,2343,2331,4674,1790,1893,3683
2702,"THEFT/OTHER","38.9314385057","-77.0400666014",388,641,1029,2343,2331,4674,1790,1893,3683
2702,"ASSAULT W/DANGEROUS WEAPON","38.928295559","-77.0371816432",388,641,1029,2343,2331,4674,1790,1893,3683
2702,"THEFT/OTHER","38.9279613421","-77.0399377877",388,641,1029,2343,2331,4674,1790,1893,3683
2702,"BURGLARY","38.9298001684","-77.0364789141",388,641,1029,2343,2331,4674,1790,1893,3683
2702,"THEFT F/AUTO","38.9297815575","-77.038335719",388,641,1029,2343,2331,4674,1790,1893,3683
2702,"ROBBERY","38.9323653921","-77.0428005444",388,641,1029,2343,2331,4674,1790,1893,3683
2702,"THEFT F/AUTO","38.9323653921","-77.0428005444",388,641,1029,2343,2331,4674,1790,1893,3683
2702,"THEFT/OTHER","38.9298001684","-77.0364789141",388,641,1029,2343,2331,4674,1790,1893,3683
2702,"THEFT/OTHER","38.9303401818","-77.0380015594",388,641,1029,2343,2331,4674,1790,1893,3683
2702,"THEFT/OTHER","38.928295559","-77.0371816432",388,641,1029,2343,2331,4674,1790,1893,3683
2702,"ROBBERY","38.9279613421","-77.0399377877",388,641,1029,2343,2331,4674,1790,1893,3683
2702,"MOTOR VEHICLE THEFT","38.9279613421","-77.0399377877",388,641,1029,2343,2331,4674,1790,1893,3683
2702,"THEFT F/AUTO","38.9271775319","-77.0401910656",388,641,1029,2343,2331,4674,1790,1893,3683
2702,"ROBBERY","38.9318353679","-77.0385905567",388,641,1029,2343,2331,4674,1790,1893,3683
2702,"SEX ABUSE","38.9293223735","-77.0375973643",388,641,1029,2343,2331,4674,1790,1893,3683
2702,"THEFT/OTHER","38.9303401818","-77.0380015594",388,641,1029,2343,2331,4674,1790,1893,3683
2702,"THEFT/OTHER","38.9303401818","-77.0380015594",388,641,1029,2343,2331,4674,1790,1893,3683
2702,"THEFT/OTHER","38.9314385057","-77.0400666014",388,641,1029,2343,2331,4674,1790,1893,3683
2702,"THEFT/OTHER","38.9298001684","-77.0364789141",388,641,1029,2343,2331,4674,1790,1893,3683
2702,"THEFT/OTHER","38.9319523841","-77.0388674207",388,641,1029,2343,2331,4674,1790,1893,3683
2702,"MOTOR VEHICLE THEFT","38.9301237018","-77.0388548908",388,641,1029,2343,2331,4674,1790,1893,3683
2702,"BURGLARY","38.9289870645","-77.0433751606",388,641,1029,2343,2331,4674,1790,1893,3683
2702,"ROBBERY","38.9293223735","-77.0375973643",388,641,1029,2343,2331,4674,1790,1893,3683
2702,"THEFT/OTHER","38.9309526677","-77.038244083",388,641,1029,2343,2331,4674,1790,1893,3683
2702,"THEFT/OTHER","38.9309526677","-77.038244083",388,641,1029,2343,2331,4674,1790,1893,3683
2702,"MOTOR VEHICLE THEFT","38.9304998986","-77.044863854",388,641,1029,2343,2331,4674,1790,1893,3683
2702,"ROBBERY","38.9303401818","-77.0380015594",388,641,1029,2343,2331,4674,1790,1893,3683
2702,"THEFT/OTHER","38.9298001684","-77.0364789141",388,641,1029,2343,2331,4674,1790,1893,3683
2702,"THEFT/OTHER","38.9298001684","-77.0364789141",388,641,1029,2343,2331,4674,1790,1893,3683
2702,"THEFT F/AUTO","38.930572899","-77.0423612092",388,641,1029,2343,2331,4674,1790,1893,3683
2702,"MOTOR VEHICLE THEFT","38.9279613421","-77.0399377877",388,641,1029,2343,2331,4674,1790,1893,3683
2702,"THEFT/OTHER","38.9303401818","-77.0380015594",388,641,1029,2343,2331,4674,1790,1893,3683
2702,"MOTOR VEHICLE THEFT","38.9303401818","-77.0380015594",388,641,1029,2343,2331,4674,1790,1893,3683
2702,"THEFT/OTHER","38.9293223735","-77.0375973643",388,641,1029,2343,2331,4674,1790,1893,3683
2702,"THEFT/OTHER","38.9303401818","-77.0380015594",388,641,1029,2343,2331,4674,1790,1893,3683
2702,"ROBBERY","38.9326008083","-77.0393867801",388,641,1029,2343,2331,4674,1790,1893,3683
2702,"THEFT F/AUTO","38.929690218","-77.041991629",388,641,1029,2343,2331,4674,1790,1893,3683
2702,"THEFT F/AUTO","38.9289263624","-77.0364784671",388,641,1029,2343,2331,4674,1790,1893,3683
2702,"THEFT/OTHER","38.9314465661","-77.0427423264",388,641,1029,2343,2331,4674,1790,1893,3683
2702,"ARSON","38.9298001684","-77.0364789141",388,641,1029,2343,2331,4674,1790,1893,3683
2702,"THEFT/OTHER","38.9303401818","-77.0380015594",388,641,1029,2343,2331,4674,1790,1893,3683
2702,"THEFT/OTHER","38.9314465661","-77.0427423264",388,641,1029,2343,2331,4674,1790,1893,3683
2702,"THEFT/OTHER","38.931249828","-77.0385902398",388,641,1029,2343,2331,4674,1790,1893,3683
2702,"THEFT/OTHER","38.9297815575","-77.038335719",388,641,1029,2343,2331,4674,1790,1893,3683
2702,"ROBBERY","38.9293223735","-77.0375973643",388,641,1029,2343,2331,4674,1790,1893,3683
2702,"THEFT/OTHER","38.9319523841","-77.0388674207",388,641,1029,2343,2331,4674,1790,1893,3683
2702,"THEFT/OTHER","38.930564696","-77.0400776435",388,641,1029,2343,2331,4674,1790,1893,3683
2702,"THEFT/OTHER","38.932366178","-77.0405976603",388,641,1029,2343,2331,4674,1790,1893,3683
2702,"THEFT F/AUTO","38.9304998986","-77.044863854",388,641,1029,2343,2331,4674,1790,1893,3683
2702,"THEFT/OTHER","38.9304998986","-77.044863854",388,641,1029,2343,2331,4674,1790,1893,3683
2702,"THEFT/OTHER","38.9298001684","-77.0364789141",388,641,1029,2343,2331,4674,1790,1893,3683
2702,"THEFT/OTHER","38.9296896912","-77.043433253",388,641,1029,2343,2331,4674,1790,1893,3683
2702,"MOTOR VEHICLE THEFT","38.9279613421","-77.0399377877",388,641,1029,2343,2331,4674,1790,1893,3683
2702,"THEFT/OTHER","38.9298001684","-77.0364789141",388,641,1029,2343,2331,4674,1790,1893,3683
2702,"THEFT/OTHER","38.9303401818","-77.0380015594",388,641,1029,2343,2331,4674,1790,1893,3683
2702,"THEFT/OTHER","38.9307998026","-77.0373905462",388,641,1029,2343,2331,4674,1790,1893,3683
2702,"ASSAULT W/DANGEROUS WEAPON","38.9293223735","-77.0375973643",388,641,1029,2343,2331,4674,1790,1893,3683
2702,"BURGLARY","38.9277891125","-77.0429592551",388,641,1029,2343,2331,4674,1790,1893,3683
2702,"THEFT/OTHER","38.930564696","-77.0400776435",388,641,1029,2343,2331,4674,1790,1893,3683
2702,"THEFT/OTHER","38.9293223735","-77.0375973643",388,641,1029,2343,2331,4674,1790,1893,3683
2702,"THEFT/OTHER","38.9303401818","-77.0380015594",388,641,1029,2343,2331,4674,1790,1893,3683
2702,"THEFT/OTHER","38.930995758","-77.0438031111",388,641,1029,2343,2331,4674,1790,1893,3683
2702,"THEFT F/AUTO","38.932366178","-77.0405976603",388,641,1029,2343,2331,4674,1790,1893,3683
2702,"THEFT/OTHER","38.9319523841","-77.0388674207",388,641,1029,2343,2331,4674,1790,1893,3683
2702,"MOTOR VEHICLE THEFT","38.9321059255","-77.0376449656",388,641,1029,2343,2331,4674,1790,1893,3683
2702,"ASSAULT W/DANGEROUS WEAPON","38.9277891125","-77.0429592551",388,641,1029,2343,2331,4674,1790,1893,3683
2702,"THEFT/OTHER","38.9309526677","-77.038244083",388,641,1029,2343,2331,4674,1790,1893,3683
2702,"THEFT F/AUTO","38.9288080719","-77.040088189",388,641,1029,2343,2331,4674,1790,1893,3683
2702,"THEFT/OTHER","38.9303401818","-77.0380015594",388,641,1029,2343,2331,4674,1790,1893,3683
2702,"SEX ABUSE","38.9318353679","-77.0385905567",388,641,1029,2343,2331,4674,1790,1893,3683
2702,"THEFT/OTHER","38.9303401818","-77.0380015594",388,641,1029,2343,2331,4674,1790,1893,3683
2702,"THEFT F/AUTO","38.930572899","-77.0423612092",388,641,1029,2343,2331,4674,1790,1893,3683
2702,"THEFT F/AUTO","38.9321059255","-77.0376449656",388,641,1029,2343,2331,4674,1790,1893,3683
2702,"THEFT F/AUTO","38.9314465661","-77.0427423264",388,641,1029,2343,2331,4674,1790,1893,3683
2702,"THEFT F/AUTO","38.9296818779","-77.0400886803",388,641,1029,2343,2331,4674,1790,1893,3683
2702,"THEFT/OTHER","38.9303401818","-77.0380015594",388,641,1029,2343,2331,4674,1790,1893,3683
2702,"THEFT/OTHER","38.9303401818","-77.0380015594",388,641,1029,2343,2331,4674,1790,1893,3683
2702,"THEFT F/AUTO","38.9293223735","-77.0375973643",388,641,1029,2343,2331,4674,1790,1893,3683
2702,"THEFT/OTHER","38.9303401818","-77.0380015594",388,641,1029,2343,2331,4674,1790,1893,3683
2702,"MOTOR VEHICLE THEFT","38.9271770519","-77.0415634433",388,641,1029,2343,2331,4674,1790,1893,3683
2702,"THEFT/OTHER","38.9319523841","-77.0388674207",388,641,1029,2343,2331,4674,1790,1893,3683
2702,"THEFT/OTHER","38.9303401818","-77.0380015594",388,641,1029,2343,2331,4674,1790,1893,3683
2702,"THEFT/OTHER","38.9318353679","-77.0385905567",388,641,1029,2343,2331,4674,1790,1893,3683
2702,"THEFT/OTHER","38.9303401818","-77.0380015594",388,641,1029,2343,2331,4674,1790,1893,3683
2702,"ROBBERY","38.9318353679","-77.0385905567",388,641,1029,2343,2331,4674,1790,1893,3683
2702,"THEFT/OTHER","38.9303401818","-77.0380015594",388,641,1029,2343,2331,4674,1790,1893,3683
2702,"THEFT/OTHER","38.9293223735","-77.0375973643",388,641,1029,2343,2331,4674,1790,1893,3683
2702,"THEFT/OTHER","38.9314546725","-77.0451412535",388,641,1029,2343,2331,4674,1790,1893,3683
2702,"THEFT/OTHER","38.9303401818","-77.0380015594",388,641,1029,2343,2331,4674,1790,1893,3683
2702,"THEFT/OTHER","38.9310056775","-77.0413004113",388,641,1029,2343,2331,4674,1790,1893,3683
2702,"THEFT/OTHER","38.9296818779","-77.0400886803",388,641,1029,2343,2331,4674,1790,1893,3683
2702,"THEFT/OTHER","38.9318353679","-77.0385905567",388,641,1029,2343,2331,4674,1790,1893,3683
2702,"THEFT/OTHER","38.9303401818","-77.0380015594",388,641,1029,2343,2331,4674,1790,1893,3683
2702,"MOTOR VEHICLE THEFT","38.9293223735","-77.0375973643",388,641,1029,2343,2331,4674,1790,1893,3683
2702,"THEFT/OTHER","38.9289870645","-77.0433751606",388,641,1029,2343,2331,4674,1790,1893,3683
2702,"THEFT/OTHER","38.9318353679","-77.0385905567",388,641,1029,2343,2331,4674,1790,1893,3683
2702,"THEFT/OTHER","38.9287636902","-77.0381160477",388,641,1029,2343,2331,4674,1790,1893,3683
2702,"THEFT/OTHER","38.9321059255","-77.0376449656",388,641,1029,2343,2331,4674,1790,1893,3683
2702,"THEFT/OTHER","38.9301237018","-77.0388548908",388,641,1029,2343,2331,4674,1790,1893,3683
2702,"THEFT/OTHER","38.9314385057","-77.0400666014",388,641,1029,2343,2331,4674,1790,1893,3683
2702,"THEFT F/AUTO","38.9307998026","-77.0373905462",388,641,1029,2343,2331,4674,1790,1893,3683
2702,"ROBBERY","38.9314465661","-77.0427423264",388,641,1029,2343,2331,4674,1790,1893,3683
2702,"THEFT/OTHER","38.9298001684","-77.0364789141",388,641,1029,2343,2331,4674,1790,1893,3683
2702,"THEFT/OTHER","38.9323653921","-77.0428005444",388,641,1029,2343,2331,4674,1790,1893,3683
2702,"THEFT/OTHER","38.9303401818","-77.0380015594",388,641,1029,2343,2331,4674,1790,1893,3683
2702,"THEFT/OTHER","38.9303401818","-77.0380015594",388,641,1029,2343,2331,4674,1790,1893,3683
2702,"THEFT/OTHER","38.932366178","-77.0405976603",388,641,1029,2343,2331,4674,1790,1893,3683
2702,"THEFT/OTHER","38.9303401818","-77.0380015594",388,641,1029,2343,2331,4674,1790,1893,3683
2702,"ASSAULT W/DANGEROUS WEAPON","38.9303401818","-77.0380015594",388,641,1029,2343,2331,4674,1790,1893,3683
2702,"THEFT/OTHER","38.929690218","-77.041991629",388,641,1029,2343,2331,4674,1790,1893,3683
2702,"ASSAULT W/DANGEROUS WEAPON","38.9287636902","-77.0381160477",388,641,1029,2343,2331,4674,1790,1893,3683
2702,"ASSAULT W/DANGEROUS WEAPON","38.9298001684","-77.0364789141",388,641,1029,2343,2331,4674,1790,1893,3683
2702,"THEFT/OTHER","38.9279613421","-77.0399377877",388,641,1029,2343,2331,4674,1790,1893,3683
2702,"MOTOR VEHICLE THEFT","38.9310056775","-77.0413004113",388,641,1029,2343,2331,4674,1790,1893,3683
2702,"THEFT F/AUTO","38.9323653921","-77.0428005444",388,641,1029,2343,2331,4674,1790,1893,3683
2702,"THEFT/OTHER","38.9303401818","-77.0380015594",388,641,1029,2343,2331,4674,1790,1893,3683
2702,"THEFT/OTHER","38.930572899","-77.0423612092",388,641,1029,2343,2331,4674,1790,1893,3683
2702,"THEFT/OTHER","38.9303401818","-77.0380015594",388,641,1029,2343,2331,4674,1790,1893,3683
2702,"THEFT/OTHER","38.930995758","-77.0438031111",388,641,1029,2343,2331,4674,1790,1893,3683
2702,"THEFT/OTHER","38.931906508","-77.0413009331",388,641,1029,2343,2331,4674,1790,1893,3683
2702,"THEFT F/AUTO","38.9307998026","-77.0373905462",388,641,1029,2343,2331,4674,1790,1893,3683
2702,"ROBBERY","38.928295559","-77.0371816432",388,641,1029,2343,2331,4674,1790,1893,3683
2702,"THEFT F/AUTO","38.9298001684","-77.0364789141",388,641,1029,2343,2331,4674,1790,1893,3683
2702,"THEFT/OTHER","38.9303401818","-77.0380015594",388,641,1029,2343,2331,4674,1790,1893,3683
2702,"THEFT/OTHER","38.9326008083","-77.0393867801",388,641,1029,2343,2331,4674,1790,1893,3683
2702,"THEFT/OTHER","38.9318353679","-77.0385905567",388,641,1029,2343,2331,4674,1790,1893,3683
2702,"ROBBERY","38.9314385057","-77.0400666014",388,641,1029,2343,2331,4674,1790,1893,3683
2702,"THEFT F/AUTO","38.9307998026","-77.0373905462",388,641,1029,2343,2331,4674,1790,1893,3683
2702,"SEX ABUSE","38.9298001684","-77.0364789141",388,641,1029,2343,2331,4674,1790,1893,3683
2702,"THEFT/OTHER","38.929690218","-77.041991629",388,641,1029,2343,2331,4674,1790,1893,3683
2702,"THEFT/OTHER","38.9279613421","-77.0399377877",388,641,1029,2343,2331,4674,1790,1893,3683
2702,"THEFT F/AUTO","38.930572899","-77.0423612092",388,641,1029,2343,2331,4674,1790,1893,3683
2702,"THEFT/OTHER","38.9277891125","-77.0429592551",388,641,1029,2343,2331,4674,1790,1893,3683
2702,"MOTOR VEHICLE THEFT","38.9301222435","-77.0430183261",388,641,1029,2343,2331,4674,1790,1893,3683
2702,"MOTOR VEHICLE THEFT","38.9293223735","-77.0375973643",388,641,1029,2343,2331,4674,1790,1893,3683
2702,"ROBBERY","38.9303401818","-77.0380015594",388,641,1029,2343,2331,4674,1790,1893,3683
2702,"THEFT F/AUTO","38.9318353679","-77.0385905567",388,641,1029,2343,2331,4674,1790,1893,3683
2702,"THEFT/OTHER","38.9314385057","-77.0400666014",388,641,1029,2343,2331,4674,1790,1893,3683
2702,"MOTOR VEHICLE THEFT","38.9303401818","-77.0380015594",388,641,1029,2343,2331,4674,1790,1893,3683
2702,"THEFT/OTHER","38.9289870645","-77.0433751606",388,641,1029,2343,2331,4674,1790,1893,3683
2702,"ROBBERY","38.932366178","-77.0405976603",388,641,1029,2343,2331,4674,1790,1893,3683
2702,"THEFT F/AUTO","38.930995758","-77.0438031111",388,641,1029,2343,2331,4674,1790,1893,3683
2702,"MOTOR VEHICLE THEFT","38.9293223735","-77.0375973643",388,641,1029,2343,2331,4674,1790,1893,3683
2702,"THEFT/OTHER","38.9309526677","-77.038244083",388,641,1029,2343,2331,4674,1790,1893,3683
2702,"THEFT F/AUTO","38.9320856153","-77.0441959156",388,641,1029,2343,2331,4674,1790,1893,3683
2702,"ASSAULT W/DANGEROUS WEAPON","38.9307998026","-77.0373905462",388,641,1029,2343,2331,4674,1790,1893,3683
2702,"ROBBERY","38.9298001684","-77.0364789141",388,641,1029,2343,2331,4674,1790,1893,3683
2702,"THEFT/OTHER","38.9271511308","-77.0383343048",388,641,1029,2343,2331,4674,1790,1893,3683
2702,"THEFT F/AUTO","38.9314385057","-77.0400666014",388,641,1029,2343,2331,4674,1790,1893,3683
2702,"THEFT/OTHER","38.9319523841","-77.0388674207",388,641,1029,2343,2331,4674,1790,1893,3683
2702,"ROBBERY","38.9319523841","-77.0388674207",388,641,1029,2343,2331,4674,1790,1893,3683
2702,"ASSAULT W/DANGEROUS WEAPON","38.9321059255","-77.0376449656",388,641,1029,2343,2331,4674,1790,1893,3683
2702,"THEFT/OTHER","38.9279613421","-77.0399377877",388,641,1029,2343,2331,4674,1790,1893,3683
2702,"THEFT/OTHER","38.9303401818","-77.0380015594",388,641,1029,2343,2331,4674,1790,1893,3683
2702,"THEFT F/AUTO","38.9279613421","-77.0399377877",388,641,1029,2343,2331,4674,1790,1893,3683
2702,"THEFT F/AUTO","38.9309526677","-77.038244083",388,641,1029,2343,2331,4674,1790,1893,3683
2702,"THEFT/OTHER","38.9303401818","-77.0380015594",388,641,1029,2343,2331,4674,1790,1893,3683
2702,"THEFT/OTHER","38.9287636902","-77.0381160477",388,641,1029,2343,2331,4674,1790,1893,3683
2702,"THEFT/OTHER","38.9301318676","-77.0413114382",388,641,1029,2343,2331,4674,1790,1893,3683
2702,"THEFT/OTHER","38.930995758","-77.0438031111",388,641,1029,2343,2331,4674,1790,1893,3683
2702,"ROBBERY","38.9326008083","-77.0393867801",388,641,1029,2343,2331,4674,1790,1893,3683
2702,"ROBBERY","38.9298001684","-77.0364789141",388,641,1029,2343,2331,4674,1790,1893,3683
2702,"THEFT/OTHER","38.9303401818","-77.0380015594",388,641,1029,2343,2331,4674,1790,1893,3683
2702,"THEFT/OTHER","38.9301318676","-77.0413114382",388,641,1029,2343,2331,4674,1790,1893,3683
2702,"THEFT F/AUTO","38.9314465661","-77.0427423264",388,641,1029,2343,2331,4674,1790,1893,3683
2702,"ROBBERY","38.9303401818","-77.0380015594",388,641,1029,2343,2331,4674,1790,1893,3683
2702,"THEFT F/AUTO","38.9329677484","-77.0459610917",388,641,1029,2343,2331,4674,1790,1893,3683
2702,"THEFT/OTHER","38.9301318676","-77.0413114382",388,641,1029,2343,2331,4674,1790,1893,3683
2702,"THEFT F/AUTO","38.9314385057","-77.0400666014",388,641,1029,2343,2331,4674,1790,1893,3683
2702,"THEFT/OTHER","38.9293223735","-77.0375973643",388,641,1029,2343,2331,4674,1790,1893,3683
2702,"ROBBERY","38.928295559","-77.0371816432",388,641,1029,2343,2331,4674,1790,1893,3683
2702,"BURGLARY","38.9303401818","-77.0380015594",388,641,1029,2343,2331,4674,1790,1893,3683
2702,"MOTOR VEHICLE THEFT","38.9271511308","-77.0383343048",388,641,1029,2343,2331,4674,1790,1893,3683
2702,"THEFT/OTHER","38.930995758","-77.0438031111",388,641,1029,2343,2331,4674,1790,1893,3683
2702,"ROBBERY","38.9321059255","-77.0376449656",388,641,1029,2343,2331,4674,1790,1893,3683
2702,"THEFT F/AUTO","38.9314546725","-77.0451412535",388,641,1029,2343,2331,4674,1790,1893,3683
2702,"THEFT/OTHER","38.9303401818","-77.0380015594",388,641,1029,2343,2331,4674,1790,1893,3683
2702,"THEFT/OTHER","38.9288080719","-77.040088189",388,641,1029,2343,2331,4674,1790,1893,3683
2702,"THEFT/OTHER","38.9321059255","-77.0376449656",388,641,1029,2343,2331,4674,1790,1893,3683
2702,"THEFT F/AUTO","38.9304998986","-77.044863854",388,641,1029,2343,2331,4674,1790,1893,3683
2702,"THEFT/OTHER","38.931249828","-77.0385902398",388,641,1029,2343,2331,4674,1790,1893,3683
2702,"THEFT/OTHER","38.9303401818","-77.0380015594",388,641,1029,2343,2331,4674,1790,1893,3683
2702,"THEFT/OTHER","38.930564696","-77.0400776435",388,641,1029,2343,2331,4674,1790,1893,3683
2702,"THEFT/OTHER","38.9271775319","-77.0401910656",388,641,1029,2343,2331,4674,1790,1893,3683
2702,"MOTOR VEHICLE THEFT","38.9303401818","-77.0380015594",388,641,1029,2343,2331,4674,1790,1893,3683
2702,"ROBBERY","38.9298001684","-77.0364789141",388,641,1029,2343,2331,4674,1790,1893,3683
2702,"THEFT/OTHER","38.9314546725","-77.0451412535",388,641,1029,2343,2331,4674,1790,1893,3683
2702,"THEFT/OTHER","38.9319523841","-77.0388674207",388,641,1029,2343,2331,4674,1790,1893,3683
2702,"BURGLARY","38.928295559","-77.0371816432",388,641,1029,2343,2331,4674,1790,1893,3683
2703,"THEFT F/AUTO","38.932825355","-77.0413014653",281,141,422,910,1083,1993,713,900,1613
2703,"THEFT F/AUTO","38.9326008083","-77.0393867801",281,141,422,910,1083,1993,713,900,1613
2703,"THEFT/OTHER","38.9338539128","-77.0364579207",281,141,422,910,1083,1993,713,900,1613
2703,"THEFT/OTHER","38.9329527948","-77.0373686082",281,141,422,910,1083,1993,713,900,1613
2703,"THEFT/OTHER","38.9329527948","-77.0373686082",281,141,422,910,1083,1993,713,900,1613
2703,"THEFT/OTHER","38.9333393052","-77.0399292665",281,141,422,910,1083,1993,713,900,1613
2703,"THEFT/OTHER","38.9332842601","-77.0427434281",281,141,422,910,1083,1993,713,900,1613
2703,"BURGLARY","38.9357093053","-77.0374623247",281,141,422,910,1083,1993,713,900,1613
2703,"ROBBERY","38.9343039587","-77.0376230586",281,141,422,910,1083,1993,713,900,1613
2703,"ROBBERY","38.9333393052","-77.0399292665",281,141,422,910,1083,1993,713,900,1613
2703,"THEFT/OTHER","38.9346916848","-77.0364583491",281,141,422,910,1083,1993,713,900,1613
2703,"THEFT F/AUTO","38.9321243151","-77.0364685698",281,141,422,910,1083,1993,713,900,1613
2703,"MOTOR VEHICLE THEFT","38.9357093053","-77.0374623247",281,141,422,910,1083,1993,713,900,1613
2703,"BURGLARY","38.9338539128","-77.0364579207",281,141,422,910,1083,1993,713,900,1613
2703,"THEFT/OTHER","38.9357093053","-77.0374623247",281,141,422,910,1083,1993,713,900,1613
2703,"THEFT F/AUTO","38.9332842601","-77.0427434281",281,141,422,910,1083,1993,713,900,1613
2703,"THEFT/OTHER","38.9341678305","-77.0406217536",281,141,422,910,1083,1993,713,900,1613
2703,"ROBBERY","38.9330063787","-77.038798794",281,141,422,910,1083,1993,713,900,1613
2703,"THEFT/OTHER","38.9346916848","-77.0364583491",281,141,422,910,1083,1993,713,900,1613
2703,"THEFT F/AUTO","38.9332842601","-77.0427434281",281,141,422,910,1083,1993,713,900,1613
2703,"ROBBERY","38.9330063787","-77.038798794",281,141,422,910,1083,1993,713,900,1613
2703,"THEFT/OTHER","38.9329527948","-77.0373686082",281,141,422,910,1083,1993,713,900,1613
2703,"THEFT F/AUTO","38.9341670736","-77.0427439573",281,141,422,910,1083,1993,713,900,1613
2703,"BURGLARY","38.9337261893","-77.0412904535",281,141,422,910,1083,1993,713,900,1613
2703,"THEFT/OTHER","38.9340244615","-77.0383610676",281,141,422,910,1083,1993,713,900,1613
2703,"THEFT F/AUTO","38.9321059255","-77.0376449656",281,141,422,910,1083,1993,713,900,1613
2703,"THEFT/OTHER","38.9329527948","-77.0373686082",281,141,422,910,1083,1993,713,900,1613
2703,"THEFT F/AUTO","38.9349072446","-77.0384538133",281,141,422,910,1083,1993,713,900,1613
2703,"THEFT F/AUTO","38.9341678305","-77.0406217536",281,141,422,910,1083,1993,713,900,1613
2703,"ROBBERY","38.9340244615","-77.0383610676",281,141,422,910,1083,1993,713,900,1613
2703,"THEFT/OTHER","38.9332842601","-77.0427434281",281,141,422,910,1083,1993,713,900,1613
2703,"BURGLARY","38.9337261893","-77.0412904535",281,141,422,910,1083,1993,713,900,1613
2703,"THEFT F/AUTO","38.9332842601","-77.0427434281",281,141,422,910,1083,1993,713,900,1613
2703,"THEFT/OTHER","38.9332842601","-77.0427434281",281,141,422,910,1083,1993,713,900,1613
2703,"ROBBERY","38.932825355","-77.0413014653",281,141,422,910,1083,1993,713,900,1613
2703,"THEFT/OTHER","38.9333393052","-77.0399292665",281,141,422,910,1083,1993,713,900,1613
2703,"THEFT F/AUTO","38.9346916848","-77.0364583491",281,141,422,910,1083,1993,713,900,1613
2703,"MOTOR VEHICLE THEFT","38.9346916848","-77.0364583491",281,141,422,910,1083,1993,713,900,1613
2703,"BURGLARY","38.9335741331","-77.038095552",281,141,422,910,1083,1993,713,900,1613
2703,"THEFT/OTHER","38.9337261893","-77.0412904535",281,141,422,910,1083,1993,713,900,1613
2703,"ROBBERY","38.9335741331","-77.038095552",281,141,422,910,1083,1993,713,900,1613
2703,"THEFT/OTHER","38.9341678305","-77.0406217536",281,141,422,910,1083,1993,713,900,1613
2703,"THEFT/OTHER","38.9349797178","-77.0371966628",281,141,422,910,1083,1993,713,900,1613
2703,"ROBBERY","38.9338539128","-77.0364579207",281,141,422,910,1083,1993,713,900,1613
2703,"THEFT F/AUTO","38.9333393052","-77.0399292665",281,141,422,910,1083,1993,713,900,1613
2703,"THEFT F/AUTO","38.9341772612","-77.0393876509",281,141,422,910,1083,1993,713,900,1613
2703,"ASSAULT W/DANGEROUS WEAPON","38.9346916848","-77.0364583491",281,141,422,910,1083,1993,713,900,1613
2703,"THEFT/OTHER","38.9343039587","-77.0376230586",281,141,422,910,1083,1993,713,900,1613
2703,"ROBBERY","38.9326008083","-77.0393867801",281,141,422,910,1083,1993,713,900,1613
2703,"ROBBERY","38.9321243151","-77.0364685698",281,141,422,910,1083,1993,713,900,1613
2703,"BURGLARY","38.9349072446","-77.0384538133",281,141,422,910,1083,1993,713,900,1613
2703,"ROBBERY","38.9349072446","-77.0384538133",281,141,422,910,1083,1993,713,900,1613
2703,"MOTOR VEHICLE THEFT","38.9337261893","-77.0412904535",281,141,422,910,1083,1993,713,900,1613
2703,"ROBBERY","38.9335741331","-77.038095552",281,141,422,910,1083,1993,713,900,1613
2703,"BURGLARY","38.9338539128","-77.0364579207",281,141,422,910,1083,1993,713,900,1613
2703,"THEFT F/AUTO","38.9333393052","-77.0399292665",281,141,422,910,1083,1993,713,900,1613
2704,"THEFT/OTHER","38.9358807803","-77.0364589572",222,512,734,1372,1571,2943,927,1033,1960
2704,"THEFT F/AUTO","38.9358807803","-77.0364589572",222,512,734,1372,1571,2943,927,1033,1960
2704,"THEFT/OTHER","38.9350678275","-77.0429521069",222,512,734,1372,1571,2943,927,1033,1960
2704,"THEFT F/AUTO","38.9341678305","-77.0406217536",222,512,734,1372,1571,2943,927,1033,1960
2704,"BURGLARY","38.9329677484","-77.0459610917",222,512,734,1372,1571,2943,927,1033,1960
2704,"THEFT F/AUTO","38.9358807803","-77.0364589572",222,512,734,1372,1571,2943,927,1033,1960
2704,"MOTOR VEHICLE THEFT","38.9358807803","-77.0364589572",222,512,734,1372,1571,2943,927,1033,1960
2704,"ROBBERY","38.9358807803","-77.0364589572",222,512,734,1372,1571,2943,927,1033,1960
2704,"THEFT F/AUTO","38.9358807803","-77.0364589572",222,512,734,1372,1571,2943,927,1033,1960
2704,"THEFT F/AUTO","38.9337251264","-77.0441969319",222,512,734,1372,1571,2943,927,1033,1960
2704,"THEFT/OTHER","38.9341670736","-77.0427439573",222,512,734,1372,1571,2943,927,1033,1960
2704,"THEFT/OTHER","38.9341670736","-77.0427439573",222,512,734,1372,1571,2943,927,1033,1960
2704,"THEFT F/AUTO","38.9369758797","-77.0473708446",222,512,734,1372,1571,2943,927,1033,1960
2704,"THEFT/OTHER","38.9358807803","-77.0364589572",222,512,734,1372,1571,2943,927,1033,1960
2704,"THEFT/OTHER","38.9358807803","-77.0364589572",222,512,734,1372,1571,2943,927,1033,1960
2704,"MOTOR VEHICLE THEFT","38.9334448543","-77.0468033521",222,512,734,1372,1571,2943,927,1033,1960
2704,"THEFT/OTHER","38.9350678275","-77.0429521069",222,512,734,1372,1571,2943,927,1033,1960
2704,"BURGLARY","38.9350678275","-77.0429521069",222,512,734,1372,1571,2943,927,1033,1960
2704,"THEFT F/AUTO","38.9341772612","-77.0393876509",222,512,734,1372,1571,2943,927,1033,1960
2704,"THEFT/OTHER","38.9350678275","-77.0429521069",222,512,734,1372,1571,2943,927,1033,1960
2704,"THEFT/OTHER","38.9350678275","-77.0429521069",222,512,734,1372,1571,2943,927,1033,1960
2704,"THEFT/OTHER","38.9350678275","-77.0429521069",222,512,734,1372,1571,2943,927,1033,1960
2704,"THEFT F/AUTO","38.9369758797","-77.0473708446",222,512,734,1372,1571,2943,927,1033,1960
2704,"THEFT F/AUTO","38.9358807803","-77.0364589572",222,512,734,1372,1571,2943,927,1033,1960
2704,"THEFT/OTHER","38.9341670736","-77.0427439573",222,512,734,1372,1571,2943,927,1033,1960
2704,"BURGLARY","38.9350678275","-77.0429521069",222,512,734,1372,1571,2943,927,1033,1960
2704,"THEFT/OTHER","38.9350678275","-77.0429521069",222,512,734,1372,1571,2943,927,1033,1960
2704,"ROBBERY","38.9358807803","-77.0364589572",222,512,734,1372,1571,2943,927,1033,1960
2704,"THEFT/OTHER","38.9358258613","-77.0391463479",222,512,734,1372,1571,2943,927,1033,1960
2704,"ROBBERY","38.9358807803","-77.0364589572",222,512,734,1372,1571,2943,927,1033,1960
2704,"ROBBERY","38.9358807803","-77.0364589572",222,512,734,1372,1571,2943,927,1033,1960
2704,"THEFT/OTHER","38.9334448543","-77.0468033521",222,512,734,1372,1571,2943,927,1033,1960
2704,"THEFT/OTHER","38.9358807803","-77.0364589572",222,512,734,1372,1571,2943,927,1033,1960
2704,"THEFT/OTHER","38.9358258613","-77.0391463479",222,512,734,1372,1571,2943,927,1033,1960
2704,"BURGLARY","38.9358807803","-77.0364589572",222,512,734,1372,1571,2943,927,1033,1960
2704,"MOTOR VEHICLE THEFT","38.9334448543","-77.0468033521",222,512,734,1372,1571,2943,927,1033,1960
2704,"MOTOR VEHICLE THEFT","38.9341772612","-77.0393876509",222,512,734,1372,1571,2943,927,1033,1960
2704,"THEFT/OTHER","38.9358807803","-77.0364589572",222,512,734,1372,1571,2943,927,1033,1960
2704,"MOTOR VEHICLE THEFT","38.9350678275","-77.0429521069",222,512,734,1372,1571,2943,927,1033,1960
2704,"THEFT/OTHER","38.9358807803","-77.0364589572",222,512,734,1372,1571,2943,927,1033,1960
2704,"THEFT F/AUTO","38.9358258613","-77.0391463479",222,512,734,1372,1571,2943,927,1033,1960
2704,"THEFT F/AUTO","38.9369758797","-77.0473708446",222,512,734,1372,1571,2943,927,1033,1960
2704,"THEFT/OTHER","38.9358807803","-77.0364589572",222,512,734,1372,1571,2943,927,1033,1960
2704,"THEFT/OTHER","38.9350678275","-77.0429521069",222,512,734,1372,1571,2943,927,1033,1960
2704,"MOTOR VEHICLE THEFT","38.9334448543","-77.0468033521",222,512,734,1372,1571,2943,927,1033,1960
2704,"THEFT F/AUTO","38.9358807803","-77.0364589572",222,512,734,1372,1571,2943,927,1033,1960
2704,"BURGLARY","38.9341670736","-77.0427439573",222,512,734,1372,1571,2943,927,1033,1960
2704,"THEFT/OTHER","38.9341678305","-77.0406217536",222,512,734,1372,1571,2943,927,1033,1960
2801,"THEFT/OTHER","38.9359269245","-77.0327334979",242,349,591,1784,1470,3254,1206,935,2141
2801,"MOTOR VEHICLE THEFT","38.9347734765","-77.0340824248",242,349,591,1784,1470,3254,1206,935,2141
2801,"THEFT/OTHER","38.9347734765","-77.0340824248",242,349,591,1784,1470,3254,1206,935,2141
2801,"THEFT/OTHER","38.9352329868","-77.0337827633",242,349,591,1784,1470,3254,1206,935,2141
2801,"THEFT F/AUTO","38.935547952","-77.0348901709",242,349,591,1784,1470,3254,1206,935,2141
2801,"ROBBERY","38.935061459","-77.0350398731",242,349,591,1784,1470,3254,1206,935,2141
2801,"THEFT F/AUTO","38.9325662866","-77.0346119089",242,349,591,1784,1470,3254,1206,935,2141
2801,"SEX ABUSE","38.9328190575","-77.0327436046",242,349,591,1784,1470,3254,1206,935,2141
2801,"ROBBERY","38.9358361242","-77.0352017296",242,349,591,1784,1470,3254,1206,935,2141
2801,"THEFT F/AUTO","38.9342689442","-77.0343128583",242,349,591,1784,1470,3254,1206,935,2141
2801,"THEFT/OTHER","38.9342689442","-77.0343128583",242,349,591,1784,1470,3254,1206,935,2141
2801,"THEFT/OTHER","38.9367279248","-77.0352713747",242,349,591,1784,1470,3254,1206,935,2141
2801,"ROBBERY","38.9325662866","-77.0346119089",242,349,591,1784,1470,3254,1206,935,2141
2801,"ASSAULT W/DANGEROUS WEAPON","38.9335753185","-77.0342663901",242,349,591,1784,1470,3254,1206,935,2141
2801,"THEFT F/AUTO","38.9354755995","-77.0358359178",242,349,591,1784,1470,3254,1206,935,2141
2801,"THEFT/OTHER","38.9364851968","-77.0335872771",242,349,591,1784,1470,3254,1206,935,2141
2801,"MOTOR VEHICLE THEFT","38.9342684199","-77.036054452",242,349,591,1784,1470,3254,1206,935,2141
2801,"THEFT F/AUTO","38.9325662866","-77.0346119089",242,349,591,1784,1470,3254,1206,935,2141
2801,"ASSAULT W/DANGEROUS WEAPON","38.9364851968","-77.0335872771",242,349,591,1784,1470,3254,1206,935,2141
2801,"MOTOR VEHICLE THEFT","38.9358807803","-77.0364589572",242,349,591,1784,1470,3254,1206,935,2141
2801,"MOTOR VEHICLE THEFT","38.9358185728","-77.033621565",242,349,591,1784,1470,3254,1206,935,2141
2801,"THEFT/OTHER","38.9328190575","-77.0327436046",242,349,591,1784,1470,3254,1206,935,2141
2801,"THEFT/OTHER","38.9364851968","-77.0335872771",242,349,591,1784,1470,3254,1206,935,2141
2801,"THEFT/OTHER","38.9367279248","-77.0352713747",242,349,591,1784,1470,3254,1206,935,2141
2801,"THEFT/OTHER","38.9342689442","-77.0343128583",242,349,591,1784,1470,3254,1206,935,2141
2801,"THEFT F/AUTO","38.9358361242","-77.0352017296",242,349,591,1784,1470,3254,1206,935,2141
2801,"ROBBERY","38.9347008963","-77.035800927",242,349,591,1784,1470,3254,1206,935,2141
2801,"THEFT/OTHER","38.9335753185","-77.0342663901",242,349,591,1784,1470,3254,1206,935,2141
2801,"BURGLARY","38.9364851968","-77.0335872771",242,349,591,1784,1470,3254,1206,935,2141
2801,"THEFT/OTHER","38.9364851968","-77.0335872771",242,349,591,1784,1470,3254,1206,935,2141
2801,"THEFT/OTHER","38.9358185728","-77.033621565",242,349,591,1784,1470,3254,1206,935,2141
2801,"MOTOR VEHICLE THEFT","38.9359269245","-77.0327334979",242,349,591,1784,1470,3254,1206,935,2141
2801,"THEFT F/AUTO","38.9358361242","-77.0352017296",242,349,591,1784,1470,3254,1206,935,2141
2801,"THEFT/OTHER","38.9364851968","-77.0335872771",242,349,591,1784,1470,3254,1206,935,2141
2801,"THEFT/OTHER","38.9347468373","-77.0327329561",242,349,591,1784,1470,3254,1206,935,2141
2801,"MOTOR VEHICLE THEFT","38.9325662866","-77.0346119089",242,349,591,1784,1470,3254,1206,935,2141
2801,"THEFT F/AUTO","38.9358185728","-77.033621565",242,349,591,1784,1470,3254,1206,935,2141
2801,"THEFT/OTHER","38.9325662866","-77.0346119089",242,349,591,1784,1470,3254,1206,935,2141
2801,"ASSAULT W/DANGEROUS WEAPON","38.9335753185","-77.0342663901",242,349,591,1784,1470,3254,1206,935,2141
2801,"THEFT F/AUTO","38.9358807803","-77.0364589572",242,349,591,1784,1470,3254,1206,935,2141
2801,"THEFT/OTHER","38.9364851968","-77.0335872771",242,349,591,1784,1470,3254,1206,935,2141
2801,"HOMICIDE","38.9366656049","-77.032733837",242,349,591,1784,1470,3254,1206,935,2141
2801,"THEFT/OTHER","38.9342689442","-77.0343128583",242,349,591,1784,1470,3254,1206,935,2141
2801,"MOTOR VEHICLE THEFT","38.9328190575","-77.0327436046",242,349,591,1784,1470,3254,1206,935,2141
2801,"THEFT/OTHER","38.9366656049","-77.032733837",242,349,591,1784,1470,3254,1206,935,2141
2801,"THEFT F/AUTO","38.9364124766","-77.0357902523",242,349,591,1784,1470,3254,1206,935,2141
2801,"ROBBERY","38.9371059123","-77.0364480495",242,349,591,1784,1470,3254,1206,935,2141
2801,"ROBBERY","38.9335753185","-77.0342663901",242,349,591,1784,1470,3254,1206,935,2141
2801,"THEFT/OTHER","38.9359269245","-77.0327334979",242,349,591,1784,1470,3254,1206,935,2141
2801,"THEFT F/AUTO","38.9342689442","-77.0343128583",242,349,591,1784,1470,3254,1206,935,2141
2801,"SEX ABUSE","38.9374216191","-77.03508717",242,349,591,1784,1470,3254,1206,935,2141
2801,"ROBBERY","38.9364851968","-77.0335872771",242,349,591,1784,1470,3254,1206,935,2141
2801,"THEFT/OTHER","38.9367279248","-77.0352713747",242,349,591,1784,1470,3254,1206,935,2141
2801,"THEFT/OTHER","38.9364851968","-77.0335872771",242,349,591,1784,1470,3254,1206,935,2141
2801,"THEFT F/AUTO","38.9335753185","-77.0342663901",242,349,591,1784,1470,3254,1206,935,2141
2801,"THEFT/OTHER","38.9367279248","-77.0352713747",242,349,591,1784,1470,3254,1206,935,2141
2801,"ASSAULT W/DANGEROUS WEAPON","38.9364851968","-77.0335872771",242,349,591,1784,1470,3254,1206,935,2141
2801,"THEFT F/AUTO","38.9325662866","-77.0346119089",242,349,591,1784,1470,3254,1206,935,2141
2801,"ASSAULT W/DANGEROUS WEAPON","38.9371059123","-77.0364480495",242,349,591,1784,1470,3254,1206,935,2141
2801,"ROBBERY","38.9358361242","-77.0352017296",242,349,591,1784,1470,3254,1206,935,2141
2801,"THEFT/OTHER","38.9364851968","-77.0335872771",242,349,591,1784,1470,3254,1206,935,2141
2801,"THEFT/OTHER","38.9342689442","-77.0343128583",242,349,591,1784,1470,3254,1206,935,2141
2801,"THEFT/OTHER","38.9351161776","-77.0327331257",242,349,591,1784,1470,3254,1206,935,2141
2801,"THEFT/OTHER","38.9325662866","-77.0346119089",242,349,591,1784,1470,3254,1206,935,2141
2801,"ROBBERY","38.934331644","-77.035512398",242,349,591,1784,1470,3254,1206,935,2141
2801,"THEFT/OTHER","38.9347468373","-77.0327329561",242,349,591,1784,1470,3254,1206,935,2141
2801,"THEFT/OTHER","38.9321704596","-77.0327433068",242,349,591,1784,1470,3254,1206,935,2141
2801,"THEFT F/AUTO","38.9347734765","-77.0340824248",242,349,591,1784,1470,3254,1206,935,2141
2801,"THEFT/OTHER","38.9325662866","-77.0346119089",242,349,591,1784,1470,3254,1206,935,2141
2801,"SEX ABUSE","38.9364851968","-77.0335872771",242,349,591,1784,1470,3254,1206,935,2141
2801,"THEFT/OTHER","38.937214971","-77.0332300603",242,349,591,1784,1470,3254,1206,935,2141
2801,"ASSAULT W/DANGEROUS WEAPON","38.9338539128","-77.0364579207",242,349,591,1784,1470,3254,1206,935,2141
2801,"THEFT/OTHER","38.9366656049","-77.032733837",242,349,591,1784,1470,3254,1206,935,2141
2801,"ASSAULT W/DANGEROUS WEAPON","38.9352329868","-77.0337827633",242,349,591,1784,1470,3254,1206,935,2141
2801,"ASSAULT W/DANGEROUS WEAPON","38.9364851968","-77.0335872771",242,349,591,1784,1470,3254,1206,935,2141
2801,"THEFT/OTHER","38.9366656049","-77.032733837",242,349,591,1784,1470,3254,1206,935,2141
2801,"ASSAULT W/DANGEROUS WEAPON","38.9366656049","-77.032733837",242,349,591,1784,1470,3254,1206,935,2141
2801,"THEFT/OTHER","38.9366656049","-77.032733837",242,349,591,1784,1470,3254,1206,935,2141
2801,"ASSAULT W/DANGEROUS WEAPON","38.9358361242","-77.0352017296",242,349,591,1784,1470,3254,1206,935,2141
2801,"THEFT F/AUTO","38.9338549409","-77.032997821",242,349,591,1784,1470,3254,1206,935,2141
2801,"THEFT/OTHER","38.9364851968","-77.0335872771",242,349,591,1784,1470,3254,1206,935,2141
2801,"THEFT/OTHER","38.9358361242","-77.0352017296",242,349,591,1784,1470,3254,1206,935,2141
2801,"ASSAULT W/DANGEROUS WEAPON","38.9366656049","-77.032733837",242,349,591,1784,1470,3254,1206,935,2141
2801,"THEFT/OTHER","38.9335753185","-77.0342663901",242,349,591,1784,1470,3254,1206,935,2141
2801,"THEFT/OTHER","38.9354755995","-77.0358359178",242,349,591,1784,1470,3254,1206,935,2141
2801,"THEFT F/AUTO","38.9335753185","-77.0342663901",242,349,591,1784,1470,3254,1206,935,2141
2801,"THEFT/OTHER","38.9325662866","-77.0346119089",242,349,591,1784,1470,3254,1206,935,2141
2801,"THEFT F/AUTO","38.9367279248","-77.0352713747",242,349,591,1784,1470,3254,1206,935,2141
2801,"THEFT/OTHER","38.9325662866","-77.0346119089",242,349,591,1784,1470,3254,1206,935,2141
2801,"THEFT/OTHER","38.9359269245","-77.0327334979",242,349,591,1784,1470,3254,1206,935,2141
2802,"ASSAULT W/DANGEROUS WEAPON","38.928738039","-77.0336412921",442,580,1022,2149,2182,4331,1671,1410,3081
2802,"MOTOR VEHICLE THEFT","38.9295130123","-77.0327305535",442,580,1022,2149,2182,4331,1671,1410,3081
2802,"THEFT F/AUTO","38.929854742","-77.034760522",442,580,1022,2149,2182,4331,1671,1410,3081
2802,"BURGLARY","38.9329440743","-77.0364574555",442,580,1022,2149,2182,4331,1671,1410,3081
2802,"THEFT/OTHER","38.9295130123","-77.0327305535",442,580,1022,2149,2182,4331,1671,1410,3081
2802,"THEFT/OTHER","38.9295130123","-77.0327305535",442,580,1022,2149,2182,4331,1671,1410,3081
2802,"HOMICIDE","38.929854742","-77.034760522",442,580,1022,2149,2182,4331,1671,1410,3081
2802,"THEFT F/AUTO","38.9325662866","-77.0346119089",442,580,1022,2149,2182,4331,1671,1410,3081
2802,"THEFT/OTHER","38.9295130123","-77.0327305535",442,580,1022,2149,2182,4331,1671,1410,3081
2802,"BURGLARY","38.9295130123","-77.0327305535",442,580,1022,2149,2182,4331,1671,1410,3081
2802,"ASSAULT W/DANGEROUS WEAPON","38.9274226952","-77.034090444",442,580,1022,2149,2182,4331,1671,1410,3081
2802,"THEFT F/AUTO","38.929854742","-77.034760522",442,580,1022,2149,2182,4331,1671,1410,3081
2802,"ASSAULT W/DANGEROUS WEAPON","38.9281708128","-77.0325915444",442,580,1022,2149,2182,4331,1671,1410,3081
2802,"THEFT/OTHER","38.9295130123","-77.0327305535",442,580,1022,2149,2182,4331,1671,1410,3081
2802,"ROBBERY","38.9316029364","-77.0327430462",442,580,1022,2149,2182,4331,1671,1410,3081
2802,"THEFT/OTHER","38.9295130123","-77.0327305535",442,580,1022,2149,2182,4331,1671,1410,3081
2802,"THEFT/OTHER","38.9318816589","-77.0346000432",442,580,1022,2149,2182,4331,1671,1410,3081
2802,"MOTOR VEHICLE THEFT","38.9295130123","-77.0327305535",442,580,1022,2149,2182,4331,1671,1410,3081
2802,"THEFT/OTHER","38.928738039","-77.0336412921",442,580,1022,2149,2182,4331,1671,1410,3081
2802,"THEFT/OTHER","38.928738039","-77.0336412921",442,580,1022,2149,2182,4331,1671,1410,3081
2802,"THEFT/OTHER","38.9295130123","-77.0327305535",442,580,1022,2149,2182,4331,1671,1410,3081
2802,"THEFT/OTHER","38.928738039","-77.0336412921",442,580,1022,2149,2182,4331,1671,1410,3081
2802,"THEFT/OTHER","38.9278635744","-77.0358551576",442,580,1022,2149,2182,4331,1671,1410,3081
2802,"THEFT/OTHER","38.9295130123","-77.0327305535",442,580,1022,2149,2182,4331,1671,1410,3081
2802,"MOTOR VEHICLE THEFT","38.9295130123","-77.0327305535",442,580,1022,2149,2182,4331,1671,1410,3081
2802,"THEFT/OTHER","38.9318816589","-77.0346000432",442,580,1022,2149,2182,4331,1671,1410,3081
2802,"THEFT/OTHER","38.9312418274","-77.0354070599",442,580,1022,2149,2182,4331,1671,1410,3081
2802,"THEFT/OTHER","38.9281708128","-77.0325915444",442,580,1022,2149,2182,4331,1671,1410,3081
2802,"THEFT/OTHER","38.9295130123","-77.0327305535",442,580,1022,2149,2182,4331,1671,1410,3081
2802,"MOTOR VEHICLE THEFT","38.9295130123","-77.0327305535",442,580,1022,2149,2182,4331,1671,1410,3081
2802,"THEFT/OTHER","38.928738039","-77.0336412921",442,580,1022,2149,2182,4331,1671,1410,3081
2802,"THEFT/OTHER","38.928738039","-77.0336412921",442,580,1022,2149,2182,4331,1671,1410,3081
2802,"THEFT/OTHER","38.9295130123","-77.0327305535",442,580,1022,2149,2182,4331,1671,1410,3081
2802,"THEFT/OTHER","38.9295130123","-77.0327305535",442,580,1022,2149,2182,4331,1671,1410,3081
2802,"THEFT/OTHER","38.9281708128","-77.0325915444",442,580,1022,2149,2182,4331,1671,1410,3081
2802,"THEFT/OTHER","38.9281708128","-77.0325915444",442,580,1022,2149,2182,4331,1671,1410,3081
2802,"THEFT/OTHER","38.9295130123","-77.0327305535",442,580,1022,2149,2182,4331,1671,1410,3081
2802,"MOTOR VEHICLE THEFT","38.9274226952","-77.034090444",442,580,1022,2149,2182,4331,1671,1410,3081
2802,"THEFT/OTHER","38.928738039","-77.0336412921",442,580,1022,2149,2182,4331,1671,1410,3081
2802,"THEFT/OTHER","38.9281708128","-77.0325915444",442,580,1022,2149,2182,4331,1671,1410,3081
2802,"THEFT/OTHER","38.9321243151","-77.0364685698",442,580,1022,2149,2182,4331,1671,1410,3081
2802,"THEFT/OTHER","38.928738039","-77.0336412921",442,580,1022,2149,2182,4331,1671,1410,3081
2802,"MOTOR VEHICLE THEFT","38.9264138044","-77.0339515721",442,580,1022,2149,2182,4331,1671,1410,3081
2802,"THEFT/OTHER","38.9295130123","-77.0327305535",442,580,1022,2149,2182,4331,1671,1410,3081
2802,"ROBBERY","38.9295130123","-77.0327305535",442,580,1022,2149,2182,4331,1671,1410,3081
2802,"THEFT/OTHER","38.928738039","-77.0336412921",442,580,1022,2149,2182,4331,1671,1410,3081
2802,"THEFT/OTHER","38.9295130123","-77.0327305535",442,580,1022,2149,2182,4331,1671,1410,3081
2802,"THEFT/OTHER","38.928738039","-77.0336412921",442,580,1022,2149,2182,4331,1671,1410,3081
2802,"THEFT F/AUTO","38.9268364305","-77.0364889305",442,580,1022,2149,2182,4331,1671,1410,3081
2802,"THEFT/OTHER","38.9295130123","-77.0327305535",442,580,1022,2149,2182,4331,1671,1410,3081
2802,"THEFT/OTHER","38.928738039","-77.0336412921",442,580,1022,2149,2182,4331,1671,1410,3081
2802,"ROBBERY","38.9312418274","-77.0354070599",442,580,1022,2149,2182,4331,1671,1410,3081
2802,"THEFT F/AUTO","38.9306297339","-77.0338151818",442,580,1022,2149,2182,4331,1671,1410,3081
2802,"THEFT/OTHER","38.9295130123","-77.0327305535",442,580,1022,2149,2182,4331,1671,1410,3081
2802,"MOTOR VEHICLE THEFT","38.9274226952","-77.034090444",442,580,1022,2149,2182,4331,1671,1410,3081
2802,"ROBBERY","38.9286384228","-77.0354173",442,580,1022,2149,2182,4331,1671,1410,3081
2802,"THEFT/OTHER","38.9295130123","-77.0327305535",442,580,1022,2149,2182,4331,1671,1410,3081
2802,"THEFT/OTHER","38.9295130123","-77.0327305535",442,580,1022,2149,2182,4331,1671,1410,3081
2802,"THEFT/OTHER","38.9295130123","-77.0327305535",442,580,1022,2149,2182,4331,1671,1410,3081
2802,"MOTOR VEHICLE THEFT","38.9270448058","-77.0324757041",442,580,1022,2149,2182,4331,1671,1410,3081
2802,"THEFT/OTHER","38.9295130123","-77.0327305535",442,580,1022,2149,2182,4331,1671,1410,3081
2802,"THEFT F/AUTO","38.9274226952","-77.034090444",442,580,1022,2149,2182,4331,1671,1410,3081
2802,"THEFT F/AUTO","38.9306297339","-77.0338151818",442,580,1022,2149,2182,4331,1671,1410,3081
2802,"THEFT/OTHER","38.9295130123","-77.0327305535",442,580,1022,2149,2182,4331,1671,1410,3081
2802,"THEFT/OTHER","38.9295130123","-77.0327305535",442,580,1022,2149,2182,4331,1671,1410,3081
2802,"THEFT/OTHER","38.9295130123","-77.0327305535",442,580,1022,2149,2182,4331,1671,1410,3081
2802,"THEFT/OTHER","38.928738039","-77.0336412921",442,580,1022,2149,2182,4331,1671,1410,3081
2802,"THEFT/OTHER","38.928738039","-77.0336412921",442,580,1022,2149,2182,4331,1671,1410,3081
2802,"MOTOR VEHICLE THEFT","38.9286384228","-77.0354173",442,580,1022,2149,2182,4331,1671,1410,3081
2802,"MOTOR VEHICLE THEFT","38.9286384228","-77.0354173",442,580,1022,2149,2182,4331,1671,1410,3081
2802,"THEFT/OTHER","38.927917428","-77.0364894836",442,580,1022,2149,2182,4331,1671,1410,3081
2802,"THEFT/OTHER","38.9281708128","-77.0325915444",442,580,1022,2149,2182,4331,1671,1410,3081
2802,"MOTOR VEHICLE THEFT","38.9281708128","-77.0325915444",442,580,1022,2149,2182,4331,1671,1410,3081
2802,"THEFT F/AUTO","38.928738039","-77.0336412921",442,580,1022,2149,2182,4331,1671,1410,3081
2802,"THEFT/OTHER","38.9312418274","-77.0354070599",442,580,1022,2149,2182,4331,1671,1410,3081
2802,"THEFT/OTHER","38.9295130123","-77.0327305535",442,580,1022,2149,2182,4331,1671,1410,3081
2802,"THEFT/OTHER","38.9281708128","-77.0325915444",442,580,1022,2149,2182,4331,1671,1410,3081
2802,"THEFT F/AUTO","38.9274226952","-77.034090444",442,580,1022,2149,2182,4331,1671,1410,3081
2802,"THEFT/OTHER","38.9295130123","-77.0327305535",442,580,1022,2149,2182,4331,1671,1410,3081
2802,"THEFT F/AUTO","38.927917428","-77.0364894836",442,580,1022,2149,2182,4331,1671,1410,3081
2802,"THEFT/OTHER","38.9295130123","-77.0327305535",442,580,1022,2149,2182,4331,1671,1410,3081
2802,"ASSAULT W/DANGEROUS WEAPON","38.9281708128","-77.0325915444",442,580,1022,2149,2182,4331,1671,1410,3081
2802,"THEFT/OTHER","38.9281708128","-77.0325915444",442,580,1022,2149,2182,4331,1671,1410,3081
2802,"THEFT/OTHER","38.9318816589","-77.0346000432",442,580,1022,2149,2182,4331,1671,1410,3081
2802,"THEFT F/AUTO","38.9306297339","-77.0338151818",442,580,1022,2149,2182,4331,1671,1410,3081
2802,"THEFT/OTHER","38.9295130123","-77.0327305535",442,580,1022,2149,2182,4331,1671,1410,3081
2802,"THEFT/OTHER","38.9295130123","-77.0327305535",442,580,1022,2149,2182,4331,1671,1410,3081
2802,"ROBBERY","38.9312418274","-77.0354070599",442,580,1022,2149,2182,4331,1671,1410,3081
2802,"THEFT/OTHER","38.9295130123","-77.0327305535",442,580,1022,2149,2182,4331,1671,1410,3081
2802,"ROBBERY","38.929854742","-77.034760522",442,580,1022,2149,2182,4331,1671,1410,3081
2802,"THEFT/OTHER","38.9295130123","-77.0327305535",442,580,1022,2149,2182,4331,1671,1410,3081
2802,"THEFT/OTHER","38.9281708128","-77.0325915444",442,580,1022,2149,2182,4331,1671,1410,3081
2802,"THEFT/OTHER","38.9274226952","-77.034090444",442,580,1022,2149,2182,4331,1671,1410,3081
2802,"THEFT/OTHER","38.9295130123","-77.0327305535",442,580,1022,2149,2182,4331,1671,1410,3081
2802,"THEFT/OTHER","38.928738039","-77.0336412921",442,580,1022,2149,2182,4331,1671,1410,3081
2802,"THEFT/OTHER","38.9295130123","-77.0327305535",442,580,1022,2149,2182,4331,1671,1410,3081
2802,"THEFT F/AUTO","38.9318816589","-77.0346000432",442,580,1022,2149,2182,4331,1671,1410,3081
2802,"ROBBERY","38.9298001684","-77.0364789141",442,580,1022,2149,2182,4331,1671,1410,3081
2802,"MOTOR VEHICLE THEFT","38.9310253771","-77.0362258103",442,580,1022,2149,2182,4331,1671,1410,3081
2802,"THEFT/OTHER","38.9295130123","-77.0327305535",442,580,1022,2149,2182,4331,1671,1410,3081
2802,"THEFT F/AUTO","38.9298001684","-77.0364789141",442,580,1022,2149,2182,4331,1671,1410,3081
2802,"THEFT F/AUTO","38.9286384228","-77.0354173",442,580,1022,2149,2182,4331,1671,1410,3081
2802,"ASSAULT W/DANGEROUS WEAPON","38.929854742","-77.034760522",442,580,1022,2149,2182,4331,1671,1410,3081
2802,"ASSAULT W/DANGEROUS WEAPON","38.9281708128","-77.0325915444",442,580,1022,2149,2182,4331,1671,1410,3081
2802,"THEFT/OTHER","38.928738039","-77.0336412921",442,580,1022,2149,2182,4331,1671,1410,3081
2802,"ROBBERY","38.9316029364","-77.0327430462",442,580,1022,2149,2182,4331,1671,1410,3081
2802,"MOTOR VEHICLE THEFT","38.9316029364","-77.0327430462",442,580,1022,2149,2182,4331,1671,1410,3081
2802,"THEFT/OTHER","38.928738039","-77.0336412921",442,580,1022,2149,2182,4331,1671,1410,3081
2802,"THEFT/OTHER","38.9295130123","-77.0327305535",442,580,1022,2149,2182,4331,1671,1410,3081
2802,"THEFT F/AUTO","38.9274226952","-77.034090444",442,580,1022,2149,2182,4331,1671,1410,3081
2802,"THEFT F/AUTO","38.9274226952","-77.034090444",442,580,1022,2149,2182,4331,1671,1410,3081
2802,"MOTOR VEHICLE THEFT","38.9295130123","-77.0327305535",442,580,1022,2149,2182,4331,1671,1410,3081
2802,"THEFT/OTHER","38.9295130123","-77.0327305535",442,580,1022,2149,2182,4331,1671,1410,3081
2802,"MOTOR VEHICLE THEFT","38.928738039","-77.0336412921",442,580,1022,2149,2182,4331,1671,1410,3081
2802,"ASSAULT W/DANGEROUS WEAPON","38.9295130123","-77.0327305535",442,580,1022,2149,2182,4331,1671,1410,3081
2802,"THEFT/OTHER","38.9295130123","-77.0327305535",442,580,1022,2149,2182,4331,1671,1410,3081
2802,"THEFT/OTHER","38.9295130123","-77.0327305535",442,580,1022,2149,2182,4331,1671,1410,3081
2802,"THEFT/OTHER","38.928738039","-77.0336412921",442,580,1022,2149,2182,4331,1671,1410,3081
2802,"ROBBERY","38.9278635744","-77.0358551576",442,580,1022,2149,2182,4331,1671,1410,3081
2802,"THEFT/OTHER","38.9329440743","-77.0364574555",442,580,1022,2149,2182,4331,1671,1410,3081
2802,"THEFT F/AUTO","38.9267825308","-77.0360045369",442,580,1022,2149,2182,4331,1671,1410,3081
2802,"THEFT F/AUTO","38.929854742","-77.034760522",442,580,1022,2149,2182,4331,1671,1410,3081
2802,"THEFT/OTHER","38.928738039","-77.0336412921",442,580,1022,2149,2182,4331,1671,1410,3081
2802,"THEFT/OTHER","38.9274226952","-77.034090444",442,580,1022,2149,2182,4331,1671,1410,3081
2802,"THEFT F/AUTO","38.9274226952","-77.034090444",442,580,1022,2149,2182,4331,1671,1410,3081
2802,"ASSAULT W/DANGEROUS WEAPON","38.9286384228","-77.0354173",442,580,1022,2149,2182,4331,1671,1410,3081
2802,"THEFT/OTHER","38.928738039","-77.0336412921",442,580,1022,2149,2182,4331,1671,1410,3081
2802,"THEFT F/AUTO","38.9312418274","-77.0354070599",442,580,1022,2149,2182,4331,1671,1410,3081
2802,"MOTOR VEHICLE THEFT","38.928738039","-77.0336412921",442,580,1022,2149,2182,4331,1671,1410,3081
2802,"THEFT/OTHER","38.9281708128","-77.0325915444",442,580,1022,2149,2182,4331,1671,1410,3081
2802,"BURGLARY","38.9274226952","-77.034090444",442,580,1022,2149,2182,4331,1671,1410,3081
2802,"THEFT/OTHER","38.9318816589","-77.0346000432",442,580,1022,2149,2182,4331,1671,1410,3081
2802,"THEFT F/AUTO","38.9306297339","-77.0338151818",442,580,1022,2149,2182,4331,1671,1410,3081
2802,"THEFT/OTHER","38.927917428","-77.0364894836",442,580,1022,2149,2182,4331,1671,1410,3081
2802,"MOTOR VEHICLE THEFT","38.9295130123","-77.0327305535",442,580,1022,2149,2182,4331,1671,1410,3081
2802,"ROBBERY","38.9278635744","-77.0358551576",442,580,1022,2149,2182,4331,1671,1410,3081
2802,"THEFT/OTHER","38.9295130123","-77.0327305535",442,580,1022,2149,2182,4331,1671,1410,3081
2802,"ROBBERY","38.930702109","-77.0327310993",442,580,1022,2149,2182,4331,1671,1410,3081
2802,"ROBBERY","38.9295130123","-77.0327305535",442,580,1022,2149,2182,4331,1671,1410,3081
2802,"THEFT F/AUTO","38.927917428","-77.0364894836",442,580,1022,2149,2182,4331,1671,1410,3081
2802,"THEFT/OTHER","38.9281708128","-77.0325915444",442,580,1022,2149,2182,4331,1671,1410,3081
2802,"ROBBERY","38.928738039","-77.0336412921",442,580,1022,2149,2182,4331,1671,1410,3081
2802,"THEFT/OTHER","38.9295130123","-77.0327305535",442,580,1022,2149,2182,4331,1671,1410,3081
2802,"MOTOR VEHICLE THEFT","38.928738039","-77.0336412921",442,580,1022,2149,2182,4331,1671,1410,3081
2802,"THEFT F/AUTO","38.9286384228","-77.0354173",442,580,1022,2149,2182,4331,1671,1410,3081
2802,"ROBBERY","38.928738039","-77.0336412921",442,580,1022,2149,2182,4331,1671,1410,3081
2802,"THEFT/OTHER","38.9325662866","-77.0346119089",442,580,1022,2149,2182,4331,1671,1410,3081
2802,"THEFT/OTHER","38.928738039","-77.0336412921",442,580,1022,2149,2182,4331,1671,1410,3081
2802,"MOTOR VEHICLE THEFT","38.9295130123","-77.0327305535",442,580,1022,2149,2182,4331,1671,1410,3081
2802,"ROBBERY","38.9270448058","-77.0324757041",442,580,1022,2149,2182,4331,1671,1410,3081
2802,"THEFT/OTHER","38.9295130123","-77.0327305535",442,580,1022,2149,2182,4331,1671,1410,3081
2802,"THEFT/OTHER","38.9295130123","-77.0327305535",442,580,1022,2149,2182,4331,1671,1410,3081
2802,"THEFT/OTHER","38.9295130123","-77.0327305535",442,580,1022,2149,2182,4331,1671,1410,3081
2802,"MOTOR VEHICLE THEFT","38.9306297339","-77.0338151818",442,580,1022,2149,2182,4331,1671,1410,3081
2802,"THEFT/OTHER","38.928738039","-77.0336412921",442,580,1022,2149,2182,4331,1671,1410,3081
2802,"THEFT/OTHER","38.9278635744","-77.0358551576",442,580,1022,2149,2182,4331,1671,1410,3081
2802,"ROBBERY","38.9295130123","-77.0327305535",442,580,1022,2149,2182,4331,1671,1410,3081
2802,"MOTOR VEHICLE THEFT","38.9295130123","-77.0327305535",442,580,1022,2149,2182,4331,1671,1410,3081
2802,"MOTOR VEHICLE THEFT","38.9295130123","-77.0327305535",442,580,1022,2149,2182,4331,1671,1410,3081
2802,"THEFT/OTHER","38.9295130123","-77.0327305535",442,580,1022,2149,2182,4331,1671,1410,3081
2802,"THEFT F/AUTO","38.9318816589","-77.0346000432",442,580,1022,2149,2182,4331,1671,1410,3081
2802,"MOTOR VEHICLE THEFT","38.9295130123","-77.0327305535",442,580,1022,2149,2182,4331,1671,1410,3081
2802,"THEFT/OTHER","38.9295130123","-77.0327305535",442,580,1022,2149,2182,4331,1671,1410,3081
2802,"THEFT/OTHER","38.9312418274","-77.0354070599",442,580,1022,2149,2182,4331,1671,1410,3081
2802,"THEFT F/AUTO","38.930702109","-77.0327310993",442,580,1022,2149,2182,4331,1671,1410,3081
2802,"THEFT/OTHER","38.9281708128","-77.0325915444",442,580,1022,2149,2182,4331,1671,1410,3081
2802,"ROBBERY","38.9318816589","-77.0346000432",442,580,1022,2149,2182,4331,1671,1410,3081
2802,"THEFT/OTHER","38.9295130123","-77.0327305535",442,580,1022,2149,2182,4331,1671,1410,3081
2802,"THEFT/OTHER","38.9295130123","-77.0327305535",442,580,1022,2149,2182,4331,1671,1410,3081
2802,"THEFT/OTHER","38.9295130123","-77.0327305535",442,580,1022,2149,2182,4331,1671,1410,3081
2802,"ROBBERY","38.9318816589","-77.0346000432",442,580,1022,2149,2182,4331,1671,1410,3081
2802,"THEFT/OTHER","38.9295130123","-77.0327305535",442,580,1022,2149,2182,4331,1671,1410,3081
2802,"THEFT/OTHER","38.9274226952","-77.034090444",442,580,1022,2149,2182,4331,1671,1410,3081
2802,"THEFT/OTHER","38.9306297339","-77.0338151818",442,580,1022,2149,2182,4331,1671,1410,3081
2802,"THEFT F/AUTO","38.929854742","-77.034760522",442,580,1022,2149,2182,4331,1671,1410,3081
2802,"THEFT/OTHER","38.9274226952","-77.034090444",442,580,1022,2149,2182,4331,1671,1410,3081
2802,"THEFT F/AUTO","38.9310253771","-77.0362258103",442,580,1022,2149,2182,4331,1671,1410,3081
2802,"THEFT/OTHER","38.9267825308","-77.0360045369",442,580,1022,2149,2182,4331,1671,1410,3081
2802,"THEFT/OTHER","38.9295130123","-77.0327305535",442,580,1022,2149,2182,4331,1671,1410,3081
2802,"THEFT/OTHER","38.928738039","-77.0336412921",442,580,1022,2149,2182,4331,1671,1410,3081
2802,"THEFT/OTHER","38.9295130123","-77.0327305535",442,580,1022,2149,2182,4331,1671,1410,3081
2802,"THEFT/OTHER","38.9316029364","-77.0327430462",442,580,1022,2149,2182,4331,1671,1410,3081
2802,"MOTOR VEHICLE THEFT","38.9306297339","-77.0338151818",442,580,1022,2149,2182,4331,1671,1410,3081
2802,"THEFT/OTHER","38.9295130123","-77.0327305535",442,580,1022,2149,2182,4331,1671,1410,3081
2802,"MOTOR VEHICLE THEFT","38.9306297339","-77.0338151818",442,580,1022,2149,2182,4331,1671,1410,3081
2802,"THEFT F/AUTO","38.929854742","-77.034760522",442,580,1022,2149,2182,4331,1671,1410,3081
2802,"THEFT/OTHER","38.9295130123","-77.0327305535",442,580,1022,2149,2182,4331,1671,1410,3081
2802,"MOTOR VEHICLE THEFT","38.9295130123","-77.0327305535",442,580,1022,2149,2182,4331,1671,1410,3081
2802,"THEFT F/AUTO","38.928738039","-77.0336412921",442,580,1022,2149,2182,4331,1671,1410,3081
2802,"THEFT/OTHER","38.9295130123","-77.0327305535",442,580,1022,2149,2182,4331,1671,1410,3081
2802,"ROBBERY","38.9274226952","-77.034090444",442,580,1022,2149,2182,4331,1671,1410,3081
2802,"THEFT/OTHER","38.928738039","-77.0336412921",442,580,1022,2149,2182,4331,1671,1410,3081
2802,"ROBBERY","38.9268364305","-77.0364889305",442,580,1022,2149,2182,4331,1671,1410,3081
2802,"THEFT/OTHER","38.9295130123","-77.0327305535",442,580,1022,2149,2182,4331,1671,1410,3081
2802,"THEFT/OTHER","38.928738039","-77.0336412921",442,580,1022,2149,2182,4331,1671,1410,3081
2802,"ROBBERY","38.9281708128","-77.0325915444",442,580,1022,2149,2182,4331,1671,1410,3081
2802,"THEFT F/AUTO","38.9286384228","-77.0354173",442,580,1022,2149,2182,4331,1671,1410,3081
2802,"THEFT/OTHER","38.928738039","-77.0336412921",442,580,1022,2149,2182,4331,1671,1410,3081
2802,"ROBBERY","38.928738039","-77.0336412921",442,580,1022,2149,2182,4331,1671,1410,3081
2802,"THEFT/OTHER","38.9263950195","-77.036500237",442,580,1022,2149,2182,4331,1671,1410,3081
2802,"ROBBERY","38.928738039","-77.0336412921",442,580,1022,2149,2182,4331,1671,1410,3081
2802,"THEFT/OTHER","38.9325662866","-77.0346119089",442,580,1022,2149,2182,4331,1671,1410,3081
2802,"THEFT/OTHER","38.9295130123","-77.0327305535",442,580,1022,2149,2182,4331,1671,1410,3081
2802,"THEFT F/AUTO","38.9295130123","-77.0327305535",442,580,1022,2149,2182,4331,1671,1410,3081
2802,"THEFT F/AUTO","38.929854742","-77.034760522",442,580,1022,2149,2182,4331,1671,1410,3081
2802,"ROBBERY","38.9281708128","-77.0325915444",442,580,1022,2149,2182,4331,1671,1410,3081
2802,"THEFT/OTHER","38.9295130123","-77.0327305535",442,580,1022,2149,2182,4331,1671,1410,3081
2802,"THEFT/OTHER","38.9295130123","-77.0327305535",442,580,1022,2149,2182,4331,1671,1410,3081
2802,"THEFT F/AUTO","38.929854742","-77.034760522",442,580,1022,2149,2182,4331,1671,1410,3081
2802,"THEFT/OTHER","38.9295130123","-77.0327305535",442,580,1022,2149,2182,4331,1671,1410,3081
2802,"THEFT/OTHER","38.928738039","-77.0336412921",442,580,1022,2149,2182,4331,1671,1410,3081
2802,"ROBBERY","38.9295130123","-77.0327305535",442,580,1022,2149,2182,4331,1671,1410,3081
2802,"MOTOR VEHICLE THEFT","38.9295130123","-77.0327305535",442,580,1022,2149,2182,4331,1671,1410,3081
2802,"THEFT/OTHER","38.9295130123","-77.0327305535",442,580,1022,2149,2182,4331,1671,1410,3081
2802,"THEFT F/AUTO","38.929854742","-77.034760522",442,580,1022,2149,2182,4331,1671,1410,3081
2802,"THEFT/OTHER","38.9295130123","-77.0327305535",442,580,1022,2149,2182,4331,1671,1410,3081
2802,"THEFT/OTHER","38.928738039","-77.0336412921",442,580,1022,2149,2182,4331,1671,1410,3081
2802,"THEFT F/AUTO","38.9306297339","-77.0338151818",442,580,1022,2149,2182,4331,1671,1410,3081
2802,"THEFT F/AUTO","38.9298001684","-77.0364789141",442,580,1022,2149,2182,4331,1671,1410,3081
2802,"THEFT/OTHER","38.9295130123","-77.0327305535",442,580,1022,2149,2182,4331,1671,1410,3081
2802,"THEFT/OTHER","38.9295130123","-77.0327305535",442,580,1022,2149,2182,4331,1671,1410,3081
2802,"THEFT F/AUTO","38.927917428","-77.0364894836",442,580,1022,2149,2182,4331,1671,1410,3081
2802,"THEFT/OTHER","38.9264138044","-77.0339515721",442,580,1022,2149,2182,4331,1671,1410,3081
2802,"THEFT/OTHER","38.9318816589","-77.0346000432",442,580,1022,2149,2182,4331,1671,1410,3081
2802,"THEFT/OTHER","38.927917428","-77.0364894836",442,580,1022,2149,2182,4331,1671,1410,3081
2802,"THEFT/OTHER","38.9281708128","-77.0325915444",442,580,1022,2149,2182,4331,1671,1410,3081
2802,"THEFT/OTHER","38.9306297339","-77.0338151818",442,580,1022,2149,2182,4331,1671,1410,3081
2802,"THEFT/OTHER","38.928738039","-77.0336412921",442,580,1022,2149,2182,4331,1671,1410,3081
2802,"THEFT F/AUTO","38.929854742","-77.034760522",442,580,1022,2149,2182,4331,1671,1410,3081
2802,"MOTOR VEHICLE THEFT","38.9318816589","-77.0346000432",442,580,1022,2149,2182,4331,1671,1410,3081
2802,"THEFT/OTHER","38.928738039","-77.0336412921",442,580,1022,2149,2182,4331,1671,1410,3081
2802,"THEFT/OTHER","38.9281708128","-77.0325915444",442,580,1022,2149,2182,4331,1671,1410,3081
2802,"THEFT/OTHER","38.9306297339","-77.0338151818",442,580,1022,2149,2182,4331,1671,1410,3081
2802,"THEFT/OTHER","38.9295130123","-77.0327305535",442,580,1022,2149,2182,4331,1671,1410,3081
2802,"MOTOR VEHICLE THEFT","38.9306297339","-77.0338151818",442,580,1022,2149,2182,4331,1671,1410,3081
2802,"THEFT/OTHER","38.928738039","-77.0336412921",442,580,1022,2149,2182,4331,1671,1410,3081
2802,"THEFT/OTHER","38.9306297339","-77.0338151818",442,580,1022,2149,2182,4331,1671,1410,3081
2802,"THEFT/OTHER","38.9295130123","-77.0327305535",442,580,1022,2149,2182,4331,1671,1410,3081
2802,"MOTOR VEHICLE THEFT","38.9295130123","-77.0327305535",442,580,1022,2149,2182,4331,1671,1410,3081
2802,"THEFT/OTHER","38.9295130123","-77.0327305535",442,580,1022,2149,2182,4331,1671,1410,3081
2802,"THEFT/OTHER","38.9295130123","-77.0327305535",442,580,1022,2149,2182,4331,1671,1410,3081
2802,"THEFT/OTHER","38.9295130123","-77.0327305535",442,580,1022,2149,2182,4331,1671,1410,3081
2802,"ROBBERY","38.9278635744","-77.0358551576",442,580,1022,2149,2182,4331,1671,1410,3081
2802,"THEFT/OTHER","38.930702109","-77.0327310993",442,580,1022,2149,2182,4331,1671,1410,3081
2802,"THEFT/OTHER","38.928738039","-77.0336412921",442,580,1022,2149,2182,4331,1671,1410,3081
2802,"THEFT/OTHER","38.9281708128","-77.0325915444",442,580,1022,2149,2182,4331,1671,1410,3081
2802,"THEFT/OTHER","38.9295130123","-77.0327305535",442,580,1022,2149,2182,4331,1671,1410,3081
2802,"THEFT F/AUTO","38.929854742","-77.034760522",442,580,1022,2149,2182,4331,1671,1410,3081
2802,"ROBBERY","38.9295130123","-77.0327305535",442,580,1022,2149,2182,4331,1671,1410,3081
2802,"THEFT/OTHER","38.9295130123","-77.0327305535",442,580,1022,2149,2182,4331,1671,1410,3081
2802,"THEFT/OTHER","38.928738039","-77.0336412921",442,580,1022,2149,2182,4331,1671,1410,3081
2802,"MOTOR VEHICLE THEFT","38.9295130123","-77.0327305535",442,580,1022,2149,2182,4331,1671,1410,3081
2802,"THEFT/OTHER","38.928738039","-77.0336412921",442,580,1022,2149,2182,4331,1671,1410,3081
2802,"THEFT/OTHER","38.9295130123","-77.0327305535",442,580,1022,2149,2182,4331,1671,1410,3081
2802,"THEFT/OTHER","38.9295130123","-77.0327305535",442,580,1022,2149,2182,4331,1671,1410,3081
2802,"ASSAULT W/DANGEROUS WEAPON","38.9274226952","-77.034090444",442,580,1022,2149,2182,4331,1671,1410,3081
2802,"THEFT/OTHER","38.9295130123","-77.0327305535",442,580,1022,2149,2182,4331,1671,1410,3081
2802,"THEFT/OTHER","38.9295130123","-77.0327305535",442,580,1022,2149,2182,4331,1671,1410,3081
2802,"MOTOR VEHICLE THEFT","38.9295130123","-77.0327305535",442,580,1022,2149,2182,4331,1671,1410,3081
2802,"THEFT/OTHER","38.928738039","-77.0336412921",442,580,1022,2149,2182,4331,1671,1410,3081
2802,"THEFT F/AUTO","38.929854742","-77.034760522",442,580,1022,2149,2182,4331,1671,1410,3081
2802,"THEFT/OTHER","38.928738039","-77.0336412921",442,580,1022,2149,2182,4331,1671,1410,3081
2802,"MOTOR VEHICLE THEFT","38.9306297339","-77.0338151818",442,580,1022,2149,2182,4331,1671,1410,3081
2802,"THEFT F/AUTO","38.9318816589","-77.0346000432",442,580,1022,2149,2182,4331,1671,1410,3081
2802,"THEFT/OTHER","38.9281708128","-77.0325915444",442,580,1022,2149,2182,4331,1671,1410,3081
2802,"THEFT/OTHER","38.9295130123","-77.0327305535",442,580,1022,2149,2182,4331,1671,1410,3081
2802,"THEFT/OTHER","38.9264138044","-77.0339515721",442,580,1022,2149,2182,4331,1671,1410,3081
2802,"MOTOR VEHICLE THEFT","38.928738039","-77.0336412921",442,580,1022,2149,2182,4331,1671,1410,3081
2802,"THEFT/OTHER","38.9295130123","-77.0327305535",442,580,1022,2149,2182,4331,1671,1410,3081
2802,"THEFT/OTHER","38.9267825308","-77.0360045369",442,580,1022,2149,2182,4331,1671,1410,3081
2802,"THEFT/OTHER","38.928738039","-77.0336412921",442,580,1022,2149,2182,4331,1671,1410,3081
2802,"ROBBERY","38.9306297339","-77.0338151818",442,580,1022,2149,2182,4331,1671,1410,3081
2802,"THEFT F/AUTO","38.9318816589","-77.0346000432",442,580,1022,2149,2182,4331,1671,1410,3081
2802,"THEFT/OTHER","38.9295130123","-77.0327305535",442,580,1022,2149,2182,4331,1671,1410,3081
2802,"THEFT/OTHER","38.928738039","-77.0336412921",442,580,1022,2149,2182,4331,1671,1410,3081
2802,"THEFT/OTHER","38.928738039","-77.0336412921",442,580,1022,2149,2182,4331,1671,1410,3081
2802,"THEFT/OTHER","38.928738039","-77.0336412921",442,580,1022,2149,2182,4331,1671,1410,3081
2802,"THEFT F/AUTO","38.9281708128","-77.0325915444",442,580,1022,2149,2182,4331,1671,1410,3081
2802,"THEFT F/AUTO","38.9286384228","-77.0354173",442,580,1022,2149,2182,4331,1671,1410,3081
2802,"THEFT/OTHER","38.9295130123","-77.0327305535",442,580,1022,2149,2182,4331,1671,1410,3081
2802,"MOTOR VEHICLE THEFT","38.9295130123","-77.0327305535",442,580,1022,2149,2182,4331,1671,1410,3081
2802,"THEFT/OTHER","38.928738039","-77.0336412921",442,580,1022,2149,2182,4331,1671,1410,3081
2900,"ASSAULT W/DANGEROUS WEAPON","38.9334594516","-77.0297336282",355,342,697,1698,1762,3460,1234,1293,2527
2900,"THEFT/OTHER","38.9316572473","-77.0317973395",355,342,697,1698,1762,3460,1234,1293,2527
2900,"THEFT/OTHER","38.9305942609","-77.0318199318",355,342,697,1698,1762,3460,1234,1293,2527
2900,"THEFT/OTHER","38.9316572473","-77.0317973395",355,342,697,1698,1762,3460,1234,1293,2527
2900,"ASSAULT W/DANGEROUS WEAPON","38.9319104589","-77.0279683793",355,342,697,1698,1762,3460,1234,1293,2527
2900,"THEFT F/AUTO","38.9334594516","-77.0297336282",355,342,697,1698,1762,3460,1234,1293,2527
2900,"THEFT/OTHER","38.9305942609","-77.0318199318",355,342,697,1698,1762,3460,1234,1293,2527
2900,"THEFT F/AUTO","38.9355310647","-77.0308763521",355,342,697,1698,1762,3460,1234,1293,2527
2900,"THEFT/OTHER","38.9360082539","-77.031810814",355,342,697,1698,1762,3460,1234,1293,2527
2900,"THEFT/OTHER","38.9334594516","-77.0297336282",355,342,697,1698,1762,3460,1234,1293,2527
2900,"THEFT F/AUTO","38.9345673275","-77.0302992456",355,342,697,1698,1762,3460,1234,1293,2527
2900,"THEFT/OTHER","38.9328190575","-77.0327436046",355,342,697,1698,1762,3460,1234,1293,2527
2900,"THEFT F/AUTO","38.9352614192","-77.028500253",355,342,697,1698,1762,3460,1234,1293,2527
2900,"THEFT/OTHER","38.9354232611","-77.0297344472",355,342,697,1698,1762,3460,1234,1293,2527
2900,"THEFT F/AUTO","38.9342068446","-77.0308757786",355,342,697,1698,1762,3460,1234,1293,2527
2900,"THEFT/OTHER","38.9321621107","-77.0302982235",355,342,697,1698,1762,3460,1234,1293,2527
2900,"THEFT/OTHER","38.9335132053","-77.0308754782",355,342,697,1698,1762,3460,1234,1293,2527
2900,"THEFT F/AUTO","38.9322977159","-77.0283837342",355,342,697,1698,1762,3460,1234,1293,2527
2900,"THEFT F/AUTO","38.9315678931","-77.0289947084",355,342,697,1698,1762,3460,1234,1293,2527
2900,"THEFT/OTHER","38.9305942609","-77.0318199318",355,342,697,1698,1762,3460,1234,1293,2527
2900,"THEFT/OTHER","38.9305942609","-77.0318199318",355,342,697,1698,1762,3460,1234,1293,2527
2900,"MOTOR VEHICLE THEFT","38.9321704596","-77.0327433068",355,342,697,1698,1762,3460,1234,1293,2527
2900,"THEFT F/AUTO","38.9327934417","-77.027253649",355,342,697,1698,1762,3460,1234,1293,2527
2900,"MOTOR VEHICLE THEFT","38.9345669261","-77.0318101709",355,342,697,1698,1762,3460,1234,1293,2527
2900,"THEFT F/AUTO","38.9334594516","-77.0297336282",355,342,697,1698,1762,3460,1234,1293,2527
2900,"THEFT/OTHER","38.9318379598","-77.0297214187",355,342,697,1698,1762,3460,1234,1293,2527
2900,"ASSAULT W/DANGEROUS WEAPON","38.9328190575","-77.0327436046",355,342,697,1698,1762,3460,1234,1293,2527
2900,"THEFT/OTHER","38.9334594516","-77.0297336282",355,342,697,1698,1762,3460,1234,1293,2527
2900,"THEFT/OTHER","38.9318379598","-77.0297214187",355,342,697,1698,1762,3460,1234,1293,2527
2900,"ROBBERY","38.9349275086","-77.0308760907",355,342,697,1698,1762,3460,1234,1293,2527
2900,"THEFT/OTHER","38.9336759582","-77.0284996192",355,342,697,1698,1762,3460,1234,1293,2527
2900,"MOTOR VEHICLE THEFT","38.933846262","-77.0318098494",355,342,697,1698,1762,3460,1234,1293,2527
2900,"THEFT/OTHER","38.9316572473","-77.0317973395",355,342,697,1698,1762,3460,1234,1293,2527
2900,"THEFT/OTHER","38.9352614192","-77.028500253",355,342,697,1698,1762,3460,1234,1293,2527
2900,"THEFT/OTHER","38.9334594516","-77.0297336282",355,342,697,1698,1762,3460,1234,1293,2527
2900,"MOTOR VEHICLE THEFT","38.9360082539","-77.031810814",355,342,697,1698,1762,3460,1234,1293,2527
2900,"THEFT F/AUTO","38.9354420442","-77.026551092",355,342,697,1698,1762,3460,1234,1293,2527
2900,"THEFT/OTHER","38.9328190575","-77.0327436046",355,342,697,1698,1762,3460,1234,1293,2527
2900,"THEFT/OTHER","38.9316572473","-77.0317973395",355,342,697,1698,1762,3460,1234,1293,2527
2900,"MOTOR VEHICLE THEFT","38.9337108827","-77.0327324805",355,342,697,1698,1762,3460,1234,1293,2527
2900,"THEFT F/AUTO","38.9354420442","-77.026551092",355,342,697,1698,1762,3460,1234,1293,2527
2900,"THEFT/OTHER","38.9315678931","-77.0289947084",355,342,697,1698,1762,3460,1234,1293,2527
2900,"ROBBERY","38.9336759582","-77.0284996192",355,342,697,1698,1762,3460,1234,1293,2527
2900,"ROBBERY","38.932819566","-77.0308751779",355,342,697,1698,1762,3460,1234,1293,2527
2900,"BURGLARY","38.9343414638","-77.03273277",355,342,697,1698,1762,3460,1234,1293,2527
2900,"ROBBERY","38.9336759582","-77.0284996192",355,342,697,1698,1762,3460,1234,1293,2527
2900,"THEFT/OTHER","38.9305942609","-77.0318199318",355,342,697,1698,1762,3460,1234,1293,2527
2900,"THEFT/OTHER","38.9321621107","-77.0302982235",355,342,697,1698,1762,3460,1234,1293,2527
2900,"THEFT/OTHER","38.9357930645","-77.0278545626",355,342,697,1698,1762,3460,1234,1293,2527
2900,"THEFT/OTHER","38.9354420442","-77.026551092",355,342,697,1698,1762,3460,1234,1293,2527
2900,"THEFT F/AUTO","38.9345669261","-77.0318101709",355,342,697,1698,1762,3460,1234,1293,2527
2900,"THEFT F/AUTO","38.9324769999","-77.0318092385",355,342,697,1698,1762,3460,1234,1293,2527
2900,"THEFT/OTHER","38.9305942609","-77.0318199318",355,342,697,1698,1762,3460,1234,1293,2527
2900,"ROBBERY","38.9318379598","-77.0297214187",355,342,697,1698,1762,3460,1234,1293,2527
2900,"THEFT F/AUTO","38.9318379598","-77.0297214187",355,342,697,1698,1762,3460,1234,1293,2527
2900,"THEFT/OTHER","38.9355310647","-77.0308763521",355,342,697,1698,1762,3460,1234,1293,2527
2900,"THEFT F/AUTO","38.9344782368","-77.0261931863",355,342,697,1698,1762,3460,1234,1293,2527
2900,"THEFT F/AUTO","38.9352614192","-77.028500253",355,342,697,1698,1762,3460,1234,1293,2527
2900,"THEFT F/AUTO","38.9335132053","-77.0308754782",355,342,697,1698,1762,3460,1234,1293,2527
2900,"MOTOR VEHICLE THEFT","38.9329283668","-77.0280956473",355,342,697,1698,1762,3460,1234,1293,2527
2900,"THEFT/OTHER","38.9321621107","-77.0302982235",355,342,697,1698,1762,3460,1234,1293,2527
2900,"THEFT F/AUTO","38.9337122643","-77.027357803",355,342,697,1698,1762,3460,1234,1293,2527
2900,"THEFT/OTHER","38.9329283668","-77.0280956473",355,342,697,1698,1762,3460,1234,1293,2527
2900,"BURGLARY","38.9334594516","-77.0297336282",355,342,697,1698,1762,3460,1234,1293,2527
2900,"THEFT F/AUTO","38.9350905693","-77.0272083916",355,342,697,1698,1762,3460,1234,1293,2527
2900,"THEFT/OTHER","38.9316572473","-77.0317973395",355,342,697,1698,1762,3460,1234,1293,2527
2900,"THEFT F/AUTO","38.9357930645","-77.0278545626",355,342,697,1698,1762,3460,1234,1293,2527
2900,"BURGLARY","38.9334594516","-77.0297336282",355,342,697,1698,1762,3460,1234,1293,2527
2900,"THEFT/OTHER","38.932819566","-77.0308751779",355,342,697,1698,1762,3460,1234,1293,2527
2900,"THEFT/OTHER","38.9337108827","-77.0327324805",355,342,697,1698,1762,3460,1234,1293,2527
2900,"THEFT/OTHER","38.930702109","-77.0327310993",355,342,697,1698,1762,3460,1234,1293,2527
2900,"MOTOR VEHICLE THEFT","38.9305942609","-77.0318199318",355,342,697,1698,1762,3460,1234,1293,2527
2900,"THEFT F/AUTO","38.9345676266","-77.0291227999",355,342,697,1698,1762,3460,1234,1293,2527
2900,"THEFT F/AUTO","38.9328190575","-77.0327436046",355,342,697,1698,1762,3460,1234,1293,2527
2900,"THEFT/OTHER","38.9305942609","-77.0318199318",355,342,697,1698,1762,3460,1234,1293,2527
2900,"THEFT F/AUTO","38.9337122643","-77.027357803",355,342,697,1698,1762,3460,1234,1293,2527
2900,"MOTOR VEHICLE THEFT","38.9328190575","-77.0327436046",355,342,697,1698,1762,3460,1234,1293,2527
2900,"THEFT F/AUTO","38.9334594516","-77.0297336282",355,342,697,1698,1762,3460,1234,1293,2527
2900,"THEFT/OTHER","38.9337108827","-77.0327324805",355,342,697,1698,1762,3460,1234,1293,2527
2900,"THEFT/OTHER","38.9322977159","-77.0283837342",355,342,697,1698,1762,3460,1234,1293,2527
2900,"THEFT/OTHER","38.9345669261","-77.0318101709",355,342,697,1698,1762,3460,1234,1293,2527
2900,"ASSAULT W/DANGEROUS WEAPON","38.9305942609","-77.0318199318",355,342,697,1698,1762,3460,1234,1293,2527
2900,"THEFT/OTHER","38.933846262","-77.0318098494",355,342,697,1698,1762,3460,1234,1293,2527
2900,"THEFT/OTHER","38.9352614192","-77.028500253",355,342,697,1698,1762,3460,1234,1293,2527
2900,"THEFT F/AUTO","38.932819566","-77.0308751779",355,342,697,1698,1762,3460,1234,1293,2527
2900,"THEFT/OTHER","38.930702109","-77.0327310993",355,342,697,1698,1762,3460,1234,1293,2527
2900,"THEFT F/AUTO","38.9324769999","-77.0318092385",355,342,697,1698,1762,3460,1234,1293,2527
2900,"THEFT/OTHER","38.9305942609","-77.0318199318",355,342,697,1698,1762,3460,1234,1293,2527
2900,"THEFT/OTHER","38.9305942609","-77.0318199318",355,342,697,1698,1762,3460,1234,1293,2527
2900,"THEFT/OTHER","38.9335132053","-77.0308754782",355,342,697,1698,1762,3460,1234,1293,2527
2900,"THEFT/OTHER","38.9334594516","-77.0297336282",355,342,697,1698,1762,3460,1234,1293,2527
2900,"THEFT/OTHER","38.9354404764","-77.0327332746",355,342,697,1698,1762,3460,1234,1293,2527
2900,"THEFT F/AUTO","38.9344782368","-77.0261931863",355,342,697,1698,1762,3460,1234,1293,2527
2900,"THEFT/OTHER","38.9316572473","-77.0317973395",355,342,697,1698,1762,3460,1234,1293,2527
2900,"THEFT F/AUTO","38.9334594516","-77.0297336282",355,342,697,1698,1762,3460,1234,1293,2527
2900,"THEFT/OTHER","38.9354420442","-77.026551092",355,342,697,1698,1762,3460,1234,1293,2527
2900,"THEFT/OTHER","38.9336759582","-77.0284996192",355,342,697,1698,1762,3460,1234,1293,2527
2900,"THEFT/OTHER","38.9352614192","-77.028500253",355,342,697,1698,1762,3460,1234,1293,2527
2900,"THEFT/OTHER","38.9352875901","-77.0318104925",355,342,697,1698,1762,3460,1234,1293,2527
2900,"THEFT/OTHER","38.9328190575","-77.0327436046",355,342,697,1698,1762,3460,1234,1293,2527
2900,"THEFT/OTHER","38.9323970736","-77.0272650309",355,342,697,1698,1762,3460,1234,1293,2527
2900,"THEFT/OTHER","38.9321621107","-77.0302982235",355,342,697,1698,1762,3460,1234,1293,2527
2900,"THEFT/OTHER","38.933846262","-77.0318098494",355,342,697,1698,1762,3460,1234,1293,2527
2900,"THEFT F/AUTO","38.9354232611","-77.0297344472",355,342,697,1698,1762,3460,1234,1293,2527
2900,"THEFT/OTHER","38.9354232611","-77.0297344472",355,342,697,1698,1762,3460,1234,1293,2527
2900,"THEFT F/AUTO","38.9354232611","-77.0297344472",355,342,697,1698,1762,3460,1234,1293,2527
2900,"THEFT F/AUTO","38.9352614192","-77.028500253",355,342,697,1698,1762,3460,1234,1293,2527
2900,"THEFT F/AUTO","38.9334594516","-77.0297336282",355,342,697,1698,1762,3460,1234,1293,2527
2900,"THEFT/OTHER","38.9305942609","-77.0318199318",355,342,697,1698,1762,3460,1234,1293,2527
2900,"THEFT F/AUTO","38.9316572473","-77.0317973395",355,342,697,1698,1762,3460,1234,1293,2527
2900,"THEFT/OTHER","38.9305942609","-77.0318199318",355,342,697,1698,1762,3460,1234,1293,2527
2900,"BURGLARY","38.9318379598","-77.0297214187",355,342,697,1698,1762,3460,1234,1293,2527
2900,"ROBBERY","38.9318379598","-77.0297214187",355,342,697,1698,1762,3460,1234,1293,2527
2900,"THEFT F/AUTO","38.9345669261","-77.0318101709",355,342,697,1698,1762,3460,1234,1293,2527
2900,"THEFT F/AUTO","38.9325767946","-77.0291104533",355,342,697,1698,1762,3460,1234,1293,2527
2900,"ROBBERY","38.932819566","-77.0308751779",355,342,697,1698,1762,3460,1234,1293,2527
2900,"THEFT/OTHER","38.9345774584","-77.0256049998",355,342,697,1698,1762,3460,1234,1293,2527
2900,"ROBBERY","38.9336759582","-77.0284996192",355,342,697,1698,1762,3460,1234,1293,2527
2900,"THEFT F/AUTO","38.9345589275","-77.0278540804",355,342,697,1698,1762,3460,1234,1293,2527
2900,"THEFT/OTHER","38.9357930645","-77.0278545626",355,342,697,1698,1762,3460,1234,1293,2527
2900,"THEFT/OTHER","38.9334594516","-77.0297336282",355,342,697,1698,1762,3460,1234,1293,2527
2900,"THEFT/OTHER","38.9361886704","-77.0308766368",355,342,697,1698,1762,3460,1234,1293,2527
2900,"THEFT F/AUTO","38.9360082539","-77.031810814",355,342,697,1698,1762,3460,1234,1293,2527
2900,"ROBBERY","38.933846262","-77.0318098494",355,342,697,1698,1762,3460,1234,1293,2527
2900,"THEFT F/AUTO","38.9360082539","-77.031810814",355,342,697,1698,1762,3460,1234,1293,2527
2900,"MOTOR VEHICLE THEFT","38.9342068446","-77.0308757786",355,342,697,1698,1762,3460,1234,1293,2527
2900,"ROBBERY","38.9305942609","-77.0318199318",355,342,697,1698,1762,3460,1234,1293,2527
2900,"THEFT/OTHER","38.9328190575","-77.0327436046",355,342,697,1698,1762,3460,1234,1293,2527
2900,"ROBBERY","38.9321621107","-77.0302982235",355,342,697,1698,1762,3460,1234,1293,2527
2900,"THEFT/OTHER","38.9344782368","-77.0261931863",355,342,697,1698,1762,3460,1234,1293,2527
2900,"THEFT F/AUTO","38.9316572473","-77.0317973395",355,342,697,1698,1762,3460,1234,1293,2527
2900,"THEFT/OTHER","38.9329283668","-77.0280956473",355,342,697,1698,1762,3460,1234,1293,2527
2900,"THEFT/OTHER","38.9328190575","-77.0327436046",355,342,697,1698,1762,3460,1234,1293,2527
2900,"THEFT/OTHER","38.9334594516","-77.0297336282",355,342,697,1698,1762,3460,1234,1293,2527
2900,"THEFT/OTHER","38.9316572473","-77.0317973395",355,342,697,1698,1762,3460,1234,1293,2527
2900,"MOTOR VEHICLE THEFT","38.9334594516","-77.0297336282",355,342,697,1698,1762,3460,1234,1293,2527
2900,"ROBBERY","38.9321621107","-77.0302982235",355,342,697,1698,1762,3460,1234,1293,2527
2900,"ROBBERY","38.9321621107","-77.0302982235",355,342,697,1698,1762,3460,1234,1293,2527
2900,"ROBBERY","38.9322250179","-77.0308749204",355,342,697,1698,1762,3460,1234,1293,2527
2900,"THEFT/OTHER","38.9334594516","-77.0297336282",355,342,697,1698,1762,3460,1234,1293,2527
2900,"ROBBERY","38.9354404764","-77.0327332746",355,342,697,1698,1762,3460,1234,1293,2527
2900,"THEFT/OTHER","38.9334594516","-77.0297336282",355,342,697,1698,1762,3460,1234,1293,2527
2900,"THEFT F/AUTO","38.9345589275","-77.0278540804",355,342,697,1698,1762,3460,1234,1293,2527
2900,"THEFT/OTHER","38.9354232611","-77.0297344472",355,342,697,1698,1762,3460,1234,1293,2527
2900,"THEFT/OTHER","38.932819566","-77.0308751779",355,342,697,1698,1762,3460,1234,1293,2527
2900,"THEFT F/AUTO","38.9345589275","-77.0278540804",355,342,697,1698,1762,3460,1234,1293,2527
2900,"MOTOR VEHICLE THEFT","38.933846262","-77.0318098494",355,342,697,1698,1762,3460,1234,1293,2527
2900,"THEFT F/AUTO","38.9344782368","-77.0261931863",355,342,697,1698,1762,3460,1234,1293,2527
2900,"THEFT/OTHER","38.9337122643","-77.027357803",355,342,697,1698,1762,3460,1234,1293,2527
2900,"THEFT/OTHER","38.9305942609","-77.0318199318",355,342,697,1698,1762,3460,1234,1293,2527
2900,"THEFT/OTHER","38.9329283668","-77.0280956473",355,342,697,1698,1762,3460,1234,1293,2527
2900,"THEFT F/AUTO","38.9324769999","-77.0318092385",355,342,697,1698,1762,3460,1234,1293,2527
2900,"BURGLARY","38.9311261586","-77.0302862501",355,342,697,1698,1762,3460,1234,1293,2527
2900,"THEFT F/AUTO","38.9334594516","-77.0297336282",355,342,697,1698,1762,3460,1234,1293,2527
2900,"ASSAULT W/DANGEROUS WEAPON","38.9363240527","-77.0298847657",355,342,697,1698,1762,3460,1234,1293,2527
2900,"THEFT/OTHER","38.9318379598","-77.0297214187",355,342,697,1698,1762,3460,1234,1293,2527
2900,"THEFT F/AUTO","38.9334594516","-77.0297336282",355,342,697,1698,1762,3460,1234,1293,2527
2900,"THEFT F/AUTO","38.9331088574","-77.0267116928",355,342,697,1698,1762,3460,1234,1293,2527
2900,"ROBBERY","38.9328190575","-77.0327436046",355,342,697,1698,1762,3460,1234,1293,2527
2900,"MOTOR VEHICLE THEFT","38.9352614192","-77.028500253",355,342,697,1698,1762,3460,1234,1293,2527
2900,"ROBBERY","38.933846262","-77.0318098494",355,342,697,1698,1762,3460,1234,1293,2527
2900,"BURGLARY","38.932819566","-77.0308751779",355,342,697,1698,1762,3460,1234,1293,2527
2900,"THEFT/OTHER","38.9305942609","-77.0318199318",355,342,697,1698,1762,3460,1234,1293,2527
2900,"ROBBERY","38.9305942609","-77.0318199318",355,342,697,1698,1762,3460,1234,1293,2527
2900,"MOTOR VEHICLE THEFT","38.930702109","-77.0327310993",355,342,697,1698,1762,3460,1234,1293,2527
2900,"ASSAULT W/DANGEROUS WEAPON","38.9355310647","-77.0308763521",355,342,697,1698,1762,3460,1234,1293,2527
2900,"ROBBERY","38.9305942609","-77.0318199318",355,342,697,1698,1762,3460,1234,1293,2527
2900,"THEFT/OTHER","38.9334594516","-77.0297336282",355,342,697,1698,1762,3460,1234,1293,2527
2900,"THEFT/OTHER","38.9354420442","-77.026551092",355,342,697,1698,1762,3460,1234,1293,2527
2900,"THEFT/OTHER","38.9328190575","-77.0327436046",355,342,697,1698,1762,3460,1234,1293,2527
2900,"THEFT/OTHER","38.9311261586","-77.0302862501",355,342,697,1698,1762,3460,1234,1293,2527
2900,"THEFT/OTHER","38.9360082539","-77.031810814",355,342,697,1698,1762,3460,1234,1293,2527
2900,"THEFT F/AUTO","38.9323970736","-77.0272650309",355,342,697,1698,1762,3460,1234,1293,2527
2900,"THEFT F/AUTO","38.9352614192","-77.028500253",355,342,697,1698,1762,3460,1234,1293,2527
2900,"THEFT/OTHER","38.9344782368","-77.0261931863",355,342,697,1698,1762,3460,1234,1293,2527
2900,"THEFT/OTHER","38.9328190575","-77.0327436046",355,342,697,1698,1762,3460,1234,1293,2527
2900,"MOTOR VEHICLE THEFT","38.9357930645","-77.0278545626",355,342,697,1698,1762,3460,1234,1293,2527
2900,"THEFT/OTHER","38.9352614192","-77.028500253",355,342,697,1698,1762,3460,1234,1293,2527
2900,"THEFT/OTHER","38.9305942609","-77.0318199318",355,342,697,1698,1762,3460,1234,1293,2527
2900,"THEFT F/AUTO","38.9316572473","-77.0317973395",355,342,697,1698,1762,3460,1234,1293,2527
2900,"THEFT/OTHER","38.9315678931","-77.0289947084",355,342,697,1698,1762,3460,1234,1293,2527
2900,"THEFT/OTHER","38.9305942609","-77.0318199318",355,342,697,1698,1762,3460,1234,1293,2527
2900,"THEFT/OTHER","38.9321621107","-77.0302982235",355,342,697,1698,1762,3460,1234,1293,2527
2900,"THEFT F/AUTO","38.9363240527","-77.0298847657",355,342,697,1698,1762,3460,1234,1293,2527
2900,"THEFT/OTHER","38.9305942609","-77.0318199318",355,342,697,1698,1762,3460,1234,1293,2527
2900,"THEFT/OTHER","38.9368370204","-77.0317996496",355,342,697,1698,1762,3460,1234,1293,2527
2900,"THEFT/OTHER","38.9334594516","-77.0297336282",355,342,697,1698,1762,3460,1234,1293,2527
2900,"THEFT/OTHER","38.9316029364","-77.0327430462",355,342,697,1698,1762,3460,1234,1293,2527
2900,"ROBBERY","38.9363240527","-77.0298847657",355,342,697,1698,1762,3460,1234,1293,2527
2900,"MOTOR VEHICLE THEFT","38.933846262","-77.0318098494",355,342,697,1698,1762,3460,1234,1293,2527
2900,"THEFT F/AUTO","38.9315678931","-77.0289947084",355,342,697,1698,1762,3460,1234,1293,2527
2900,"THEFT/OTHER","38.9345673275","-77.0302992456",355,342,697,1698,1762,3460,1234,1293,2527
2900,"MOTOR VEHICLE THEFT","38.9354420442","-77.026551092",355,342,697,1698,1762,3460,1234,1293,2527
2900,"THEFT/OTHER","38.9337108827","-77.0327324805",355,342,697,1698,1762,3460,1234,1293,2527
2900,"MOTOR VEHICLE THEFT","38.9351161776","-77.0327331257",355,342,697,1698,1762,3460,1234,1293,2527
2900,"THEFT/OTHER","38.9329283668","-77.0280956473",355,342,697,1698,1762,3460,1234,1293,2527
2900,"THEFT/OTHER","38.9352875901","-77.0318104925",355,342,697,1698,1762,3460,1234,1293,2527
2900,"THEFT/OTHER","38.9336759582","-77.0284996192",355,342,697,1698,1762,3460,1234,1293,2527
2900,"MOTOR VEHICLE THEFT","38.933161631","-77.031809544",355,342,697,1698,1762,3460,1234,1293,2527
2900,"THEFT/OTHER","38.9321621107","-77.0302982235",355,342,697,1698,1762,3460,1234,1293,2527
2900,"THEFT F/AUTO","38.9316572473","-77.0317973395",355,342,697,1698,1762,3460,1234,1293,2527
2900,"THEFT F/AUTO","38.9334594516","-77.0297336282",355,342,697,1698,1762,3460,1234,1293,2527
2900,"THEFT/OTHER","38.9305942609","-77.0318199318",355,342,697,1698,1762,3460,1234,1293,2527
2900,"ROBBERY","38.9324769999","-77.0318092385",355,342,697,1698,1762,3460,1234,1293,2527
2900,"THEFT F/AUTO","38.9344782368","-77.0261931863",355,342,697,1698,1762,3460,1234,1293,2527
2900,"THEFT/OTHER","38.9324769999","-77.0318092385",355,342,697,1698,1762,3460,1234,1293,2527
3000,"THEFT/OTHER","38.9281708128","-77.0325915444",236,289,525,1756,1290,3046,1171,913,2084
3000,"ROBBERY","38.9286306144","-77.0312078159",236,289,525,1756,1290,3046,1171,913,2084
3000,"THEFT/OTHER","38.9281708128","-77.0325915444",236,289,525,1756,1290,3046,1171,913,2084
3000,"THEFT/OTHER","38.9315678931","-77.0289947084",236,289,525,1756,1290,3046,1171,913,2084
3000,"THEFT/OTHER","38.9295130123","-77.0327305535",236,289,525,1756,1290,3046,1171,913,2084
3000,"THEFT/OTHER","38.9295130123","-77.0327305535",236,289,525,1756,1290,3046,1171,913,2084
3000,"THEFT/OTHER","38.9276854339","-77.0284972249",236,289,525,1756,1290,3046,1171,913,2084
3000,"THEFT/OTHER","38.9281708128","-77.0325915444",236,289,525,1756,1290,3046,1171,913,2084
3000,"THEFT/OTHER","38.9276854339","-77.0284972249",236,289,525,1756,1290,3046,1171,913,2084
3000,"THEFT F/AUTO","38.9276854339","-77.0284972249",236,289,525,1756,1290,3046,1171,913,2084
3000,"THEFT/OTHER","38.930171426","-77.029709191",236,289,525,1756,1290,3046,1171,913,2084
3000,"THEFT F/AUTO","38.9276854339","-77.0284972249",236,289,525,1756,1290,3046,1171,913,2084
3000,"THEFT/OTHER","38.9281708128","-77.0325915444",236,289,525,1756,1290,3046,1171,913,2084
3000,"THEFT/OTHER","38.9295130123","-77.0327305535",236,289,525,1756,1290,3046,1171,913,2084
3000,"THEFT/OTHER","38.9276854339","-77.0284972249",236,289,525,1756,1290,3046,1171,913,2084
3000,"ROBBERY","38.9312528138","-77.0281295868",236,289,525,1756,1290,3046,1171,913,2084
3000,"THEFT F/AUTO","38.9311261586","-77.0302862501",236,289,525,1756,1290,3046,1171,913,2084
3000,"THEFT F/AUTO","38.9276854339","-77.0284972249",236,289,525,1756,1290,3046,1171,913,2084
3000,"THEFT F/AUTO","38.9276854339","-77.0284972249",236,289,525,1756,1290,3046,1171,913,2084
3000,"SEX ABUSE","38.9275766665","-77.0311150934",236,289,525,1756,1290,3046,1171,913,2084
3000,"THEFT F/AUTO","38.9296485132","-77.0313581902",236,289,525,1756,1290,3046,1171,913,2084
3000,"THEFT/OTHER","38.9276854339","-77.0284972249",236,289,525,1756,1290,3046,1171,913,2084
3000,"MOTOR VEHICLE THEFT","38.9276854339","-77.0284972249",236,289,525,1756,1290,3046,1171,913,2084
3000,"THEFT F/AUTO","38.9286306144","-77.0312078159",236,289,525,1756,1290,3046,1171,913,2084
3000,"MOTOR VEHICLE THEFT","38.9295130123","-77.0327305535",236,289,525,1756,1290,3046,1171,913,2084
3000,"THEFT/OTHER","38.930171426","-77.029709191",236,289,525,1756,1290,3046,1171,913,2084
3000,"THEFT/OTHER","38.9315678931","-77.0289947084",236,289,525,1756,1290,3046,1171,913,2084
3000,"MOTOR VEHICLE THEFT","38.9296485132","-77.0313581902",236,289,525,1756,1290,3046,1171,913,2084
3000,"MOTOR VEHICLE THEFT","38.9295130123","-77.0327305535",236,289,525,1756,1290,3046,1171,913,2084
3000,"ASSAULT W/DANGEROUS WEAPON","38.9281708128","-77.0325915444",236,289,525,1756,1290,3046,1171,913,2084
3000,"THEFT F/AUTO","38.9306851134","-77.0288559516",236,289,525,1756,1290,3046,1171,913,2084
3000,"ROBBERY","38.9296485132","-77.0313581902",236,289,525,1756,1290,3046,1171,913,2084
3000,"ASSAULT W/DANGEROUS WEAPON","38.9295130123","-77.0327305535",236,289,525,1756,1290,3046,1171,913,2084
3000,"MOTOR VEHICLE THEFT","38.9295130123","-77.0327305535",236,289,525,1756,1290,3046,1171,913,2084
3000,"THEFT/OTHER","38.9281708128","-77.0325915444",236,289,525,1756,1290,3046,1171,913,2084
3000,"SEX ABUSE","38.9296485132","-77.0313581902",236,289,525,1756,1290,3046,1171,913,2084
3000,"THEFT F/AUTO","38.9295130123","-77.0327305535",236,289,525,1756,1290,3046,1171,913,2084
3000,"THEFT/OTHER","38.9296485132","-77.0313581902",236,289,525,1756,1290,3046,1171,913,2084
3000,"THEFT/OTHER","38.9295130123","-77.0327305535",236,289,525,1756,1290,3046,1171,913,2084
3000,"BURGLARY","38.9305942609","-77.0318199318",236,289,525,1756,1290,3046,1171,913,2084
3000,"THEFT/OTHER","38.9286306144","-77.0312078159",236,289,525,1756,1290,3046,1171,913,2084
3000,"MOTOR VEHICLE THEFT","38.9296485132","-77.0313581902",236,289,525,1756,1290,3046,1171,913,2084
3000,"THEFT F/AUTO","38.9286306144","-77.0312078159",236,289,525,1756,1290,3046,1171,913,2084
3000,"THEFT/OTHER","38.9267305808","-77.0283815182",236,289,525,1756,1290,3046,1171,913,2084
3000,"THEFT/OTHER","38.9267388965","-77.0311031954",236,289,525,1756,1290,3046,1171,913,2084
3000,"THEFT/OTHER","38.9276854339","-77.0284972249",236,289,525,1756,1290,3046,1171,913,2084
3000,"THEFT F/AUTO","38.9306851134","-77.0288559516",236,289,525,1756,1290,3046,1171,913,2084
3000,"THEFT/OTHER","38.9281708128","-77.0325915444",236,289,525,1756,1290,3046,1171,913,2084
3000,"ASSAULT W/DANGEROUS WEAPON","38.9295130123","-77.0327305535",236,289,525,1756,1290,3046,1171,913,2084
3000,"ASSAULT W/DANGEROUS WEAPON","38.9275766665","-77.0311150934",236,289,525,1756,1290,3046,1171,913,2084
3000,"MOTOR VEHICLE THEFT","38.9271806669","-77.0297079449",236,289,525,1756,1290,3046,1171,913,2084
3000,"MOTOR VEHICLE THEFT","38.9281708128","-77.0325915444",236,289,525,1756,1290,3046,1171,913,2084
3000,"THEFT F/AUTO","38.9286306144","-77.0312078159",236,289,525,1756,1290,3046,1171,913,2084
3000,"ASSAULT W/DANGEROUS WEAPON","38.9275766665","-77.0311150934",236,289,525,1756,1290,3046,1171,913,2084
3000,"THEFT/OTHER","38.930171426","-77.029709191",236,289,525,1756,1290,3046,1171,913,2084
3000,"MOTOR VEHICLE THEFT","38.9295130123","-77.0327305535",236,289,525,1756,1290,3046,1171,913,2084
3000,"THEFT F/AUTO","38.928135548","-77.0297083428",236,289,525,1756,1290,3046,1171,913,2084
3000,"THEFT/OTHER","38.9281708128","-77.0325915444",236,289,525,1756,1290,3046,1171,913,2084
3000,"THEFT/OTHER","38.9267388965","-77.0311031954",236,289,525,1756,1290,3046,1171,913,2084
3000,"THEFT/OTHER","38.9315678931","-77.0289947084",236,289,525,1756,1290,3046,1171,913,2084
3000,"THEFT/OTHER","38.9295130123","-77.0327305535",236,289,525,1756,1290,3046,1171,913,2084
3000,"THEFT F/AUTO","38.9276854339","-77.0284972249",236,289,525,1756,1290,3046,1171,913,2084
3000,"THEFT/OTHER","38.9315678931","-77.0289947084",236,289,525,1756,1290,3046,1171,913,2084
3000,"ASSAULT W/DANGEROUS WEAPON","38.9275766665","-77.0311150934",236,289,525,1756,1290,3046,1171,913,2084
3000,"BURGLARY","38.9291444788","-77.0297087631",236,289,525,1756,1290,3046,1171,913,2084
3000,"MOTOR VEHICLE THEFT","38.9296485132","-77.0313581902",236,289,525,1756,1290,3046,1171,913,2084
3000,"THEFT/OTHER","38.9296485132","-77.0313581902",236,289,525,1756,1290,3046,1171,913,2084
3000,"THEFT/OTHER","38.9286312785","-77.0286129312",236,289,525,1756,1290,3046,1171,913,2084
3000,"MOTOR VEHICLE THEFT","38.9296485132","-77.0313581902",236,289,525,1756,1290,3046,1171,913,2084
3000,"MOTOR VEHICLE THEFT","38.9281708128","-77.0325915444",236,289,525,1756,1290,3046,1171,913,2084
3000,"THEFT F/AUTO","38.9275766665","-77.0311150934",236,289,525,1756,1290,3046,1171,913,2084
3000,"THEFT/OTHER","38.9296581975","-77.0287286731",236,289,525,1756,1290,3046,1171,913,2084
3000,"THEFT/OTHER","38.9295130123","-77.0327305535",236,289,525,1756,1290,3046,1171,913,2084
3000,"THEFT/OTHER","38.9295130123","-77.0327305535",236,289,525,1756,1290,3046,1171,913,2084
3000,"THEFT/OTHER","38.9281708128","-77.0325915444",236,289,525,1756,1290,3046,1171,913,2084
3000,"THEFT F/AUTO","38.9286306144","-77.0312078159",236,289,525,1756,1290,3046,1171,913,2084
3000,"THEFT/OTHER","38.9281708128","-77.0325915444",236,289,525,1756,1290,3046,1171,913,2084
3000,"THEFT/OTHER","38.9281708128","-77.0325915444",236,289,525,1756,1290,3046,1171,913,2084
3000,"ROBBERY","38.9296485132","-77.0313581902",236,289,525,1756,1290,3046,1171,913,2084
3000,"THEFT/OTHER","38.9281708128","-77.0325915444",236,289,525,1756,1290,3046,1171,913,2084
3000,"MOTOR VEHICLE THEFT","38.9286306144","-77.0312078159",236,289,525,1756,1290,3046,1171,913,2084
3000,"ROBBERY","38.9281708128","-77.0325915444",236,289,525,1756,1290,3046,1171,913,2084
3000,"MOTOR VEHICLE THEFT","38.9295130123","-77.0327305535",236,289,525,1756,1290,3046,1171,913,2084
3000,"MOTOR VEHICLE THEFT","38.930171426","-77.029709191",236,289,525,1756,1290,3046,1171,913,2084
3000,"MOTOR VEHICLE THEFT","38.9286312785","-77.0286129312",236,289,525,1756,1290,3046,1171,913,2084
3000,"THEFT F/AUTO","38.9306851134","-77.0288559516",236,289,525,1756,1290,3046,1171,913,2084
3000,"THEFT/OTHER","38.9281708128","-77.0325915444",236,289,525,1756,1290,3046,1171,913,2084
3000,"MOTOR VEHICLE THEFT","38.9296485132","-77.0313581902",236,289,525,1756,1290,3046,1171,913,2084
3000,"THEFT/OTHER","38.9276854339","-77.0284972249",236,289,525,1756,1290,3046,1171,913,2084
3000,"THEFT/OTHER","38.9281708128","-77.0325915444",236,289,525,1756,1290,3046,1171,913,2084
3000,"THEFT/OTHER","38.9286306144","-77.0312078159",236,289,525,1756,1290,3046,1171,913,2084
3000,"THEFT F/AUTO","38.9286306144","-77.0312078159",236,289,525,1756,1290,3046,1171,913,2084
3000,"ASSAULT W/DANGEROUS WEAPON","38.9275766665","-77.0311150934",236,289,525,1756,1290,3046,1171,913,2084
3000,"THEFT F/AUTO","38.9296581975","-77.0287286731",236,289,525,1756,1290,3046,1171,913,2084
3000,"HOMICIDE","38.9281708128","-77.0325915444",236,289,525,1756,1290,3046,1171,913,2084
3000,"THEFT F/AUTO","38.9286306144","-77.0312078159",236,289,525,1756,1290,3046,1171,913,2084
3000,"THEFT F/AUTO","38.9276854339","-77.0284972249",236,289,525,1756,1290,3046,1171,913,2084
3000,"THEFT F/AUTO","38.9286306144","-77.0312078159",236,289,525,1756,1290,3046,1171,913,2084
3000,"THEFT F/AUTO","38.9315678931","-77.0289947084",236,289,525,1756,1290,3046,1171,913,2084
3000,"THEFT/OTHER","38.9276854339","-77.0284972249",236,289,525,1756,1290,3046,1171,913,2084
3000,"THEFT/OTHER","38.9295130123","-77.0327305535",236,289,525,1756,1290,3046,1171,913,2084
3000,"ASSAULT W/DANGEROUS WEAPON","38.9291444788","-77.0297087631",236,289,525,1756,1290,3046,1171,913,2084
3000,"ROBBERY","38.9295130123","-77.0327305535",236,289,525,1756,1290,3046,1171,913,2084
3000,"ASSAULT W/DANGEROUS WEAPON","38.9281708128","-77.0325915444",236,289,525,1756,1290,3046,1171,913,2084
3000,"THEFT/OTHER","38.9276854339","-77.0284972249",236,289,525,1756,1290,3046,1171,913,2084
3000,"THEFT/OTHER","38.9281708128","-77.0325915444",236,289,525,1756,1290,3046,1171,913,2084
3000,"BURGLARY","38.9306851134","-77.0288559516",236,289,525,1756,1290,3046,1171,913,2084
3000,"ROBBERY","38.9291444788","-77.0297087631",236,289,525,1756,1290,3046,1171,913,2084
3000,"THEFT/OTHER","38.9281708128","-77.0325915444",236,289,525,1756,1290,3046,1171,913,2084
3000,"MOTOR VEHICLE THEFT","38.9286306144","-77.0312078159",236,289,525,1756,1290,3046,1171,913,2084
3000,"BURGLARY","38.9305942609","-77.0318199318",236,289,525,1756,1290,3046,1171,913,2084
3000,"THEFT/OTHER","38.9281708128","-77.0325915444",236,289,525,1756,1290,3046,1171,913,2084
3000,"THEFT/OTHER","38.9275766665","-77.0311150934",236,289,525,1756,1290,3046,1171,913,2084
3000,"THEFT/OTHER","38.9295130123","-77.0327305535",236,289,525,1756,1290,3046,1171,913,2084
3000,"THEFT/OTHER","38.9275766665","-77.0311150934",236,289,525,1756,1290,3046,1171,913,2084
3000,"THEFT F/AUTO","38.9311261586","-77.0302862501",236,289,525,1756,1290,3046,1171,913,2084
3000,"ASSAULT W/DANGEROUS WEAPON","38.9275766665","-77.0311150934",236,289,525,1756,1290,3046,1171,913,2084
3000,"THEFT F/AUTO","38.9286306144","-77.0312078159",236,289,525,1756,1290,3046,1171,913,2084
3000,"MOTOR VEHICLE THEFT","38.9267388965","-77.0311031954",236,289,525,1756,1290,3046,1171,913,2084
3000,"THEFT/OTHER","38.9315678931","-77.0289947084",236,289,525,1756,1290,3046,1171,913,2084
3000,"THEFT/OTHER","38.9281708128","-77.0325915444",236,289,525,1756,1290,3046,1171,913,2084
3000,"THEFT F/AUTO","38.9311261586","-77.0302862501",236,289,525,1756,1290,3046,1171,913,2084
3000,"MOTOR VEHICLE THEFT","38.9281708128","-77.0325915444",236,289,525,1756,1290,3046,1171,913,2084
3000,"THEFT/OTHER","38.9296485132","-77.0313581902",236,289,525,1756,1290,3046,1171,913,2084
3000,"THEFT/OTHER","38.9286306144","-77.0312078159",236,289,525,1756,1290,3046,1171,913,2084
3000,"THEFT/OTHER","38.9305942609","-77.0318199318",236,289,525,1756,1290,3046,1171,913,2084
3000,"MOTOR VEHICLE THEFT","38.9286312785","-77.0286129312",236,289,525,1756,1290,3046,1171,913,2084
3000,"THEFT/OTHER","38.9281708128","-77.0325915444",236,289,525,1756,1290,3046,1171,913,2084
3000,"THEFT/OTHER","38.9281708128","-77.0325915444",236,289,525,1756,1290,3046,1171,913,2084
3000,"THEFT/OTHER","38.9276854339","-77.0284972249",236,289,525,1756,1290,3046,1171,913,2084
3000,"THEFT/OTHER","38.9276854339","-77.0284972249",236,289,525,1756,1290,3046,1171,913,2084
3000,"THEFT/OTHER","38.9291444788","-77.0297087631",236,289,525,1756,1290,3046,1171,913,2084
3000,"THEFT/OTHER","38.9281708128","-77.0325915444",236,289,525,1756,1290,3046,1171,913,2084
3000,"THEFT F/AUTO","38.9296485132","-77.0313581902",236,289,525,1756,1290,3046,1171,913,2084
3000,"THEFT/OTHER","38.9311261586","-77.0302862501",236,289,525,1756,1290,3046,1171,913,2084
3000,"THEFT/OTHER","38.9286306144","-77.0312078159",236,289,525,1756,1290,3046,1171,913,2084
3000,"THEFT/OTHER","38.9276854339","-77.0284972249",236,289,525,1756,1290,3046,1171,913,2084
3000,"THEFT/OTHER","38.9296581975","-77.0287286731",236,289,525,1756,1290,3046,1171,913,2084
3000,"MOTOR VEHICLE THEFT","38.9275766665","-77.0311150934",236,289,525,1756,1290,3046,1171,913,2084
3000,"MOTOR VEHICLE THEFT","38.9296485132","-77.0313581902",236,289,525,1756,1290,3046,1171,913,2084
3000,"THEFT/OTHER","38.9281708128","-77.0325915444",236,289,525,1756,1290,3046,1171,913,2084
3000,"THEFT F/AUTO","38.9281708128","-77.0325915444",236,289,525,1756,1290,3046,1171,913,2084
3000,"BURGLARY","38.9275766665","-77.0311150934",236,289,525,1756,1290,3046,1171,913,2084
3000,"THEFT F/AUTO","38.9276854339","-77.0284972249",236,289,525,1756,1290,3046,1171,913,2084
3000,"ASSAULT W/DANGEROUS WEAPON","38.9275766665","-77.0311150934",236,289,525,1756,1290,3046,1171,913,2084
3000,"THEFT/OTHER","38.9281708128","-77.0325915444",236,289,525,1756,1290,3046,1171,913,2084
3000,"ASSAULT W/DANGEROUS WEAPON","38.9275766665","-77.0311150934",236,289,525,1756,1290,3046,1171,913,2084
3000,"THEFT/OTHER","38.9291444788","-77.0297087631",236,289,525,1756,1290,3046,1171,913,2084
3000,"THEFT F/AUTO","38.9301808861","-77.0278754363",236,289,525,1756,1290,3046,1171,913,2084
3000,"THEFT/OTHER","38.9281708128","-77.0325915444",236,289,525,1756,1290,3046,1171,913,2084
3000,"MOTOR VEHICLE THEFT","38.9286312785","-77.0286129312",236,289,525,1756,1290,3046,1171,913,2084
3000,"THEFT/OTHER","38.9295130123","-77.0327305535",236,289,525,1756,1290,3046,1171,913,2084
3000,"THEFT/OTHER","38.9276854339","-77.0284972249",236,289,525,1756,1290,3046,1171,913,2084
3000,"THEFT F/AUTO","38.9275766665","-77.0311150934",236,289,525,1756,1290,3046,1171,913,2084
3000,"THEFT/OTHER","38.9296485132","-77.0313581902",236,289,525,1756,1290,3046,1171,913,2084
3000,"THEFT F/AUTO","38.928135548","-77.0297083428",236,289,525,1756,1290,3046,1171,913,2084
3000,"THEFT/OTHER","38.9281708128","-77.0325915444",236,289,525,1756,1290,3046,1171,913,2084
3000,"THEFT/OTHER","38.930702109","-77.0327310993",236,289,525,1756,1290,3046,1171,913,2084
3000,"THEFT F/AUTO","38.9286306144","-77.0312078159",236,289,525,1756,1290,3046,1171,913,2084
3000,"THEFT/OTHER","38.9275766665","-77.0311150934",236,289,525,1756,1290,3046,1171,913,2084
3000,"BURGLARY","38.9281708128","-77.0325915444",236,289,525,1756,1290,3046,1171,913,2084
3000,"ROBBERY","38.9286312785","-77.0286129312",236,289,525,1756,1290,3046,1171,913,2084
3000,"ROBBERY","38.9296485132","-77.0313581902",236,289,525,1756,1290,3046,1171,913,2084
3000,"THEFT F/AUTO","38.9296581975","-77.0287286731",236,289,525,1756,1290,3046,1171,913,2084
3000,"BURGLARY","38.930702109","-77.0327310993",236,289,525,1756,1290,3046,1171,913,2084
3000,"ROBBERY","38.9286306144","-77.0312078159",236,289,525,1756,1290,3046,1171,913,2084
3000,"ROBBERY","38.9296485132","-77.0313581902",236,289,525,1756,1290,3046,1171,913,2084
3000,"MOTOR VEHICLE THEFT","38.928135548","-77.0297083428",236,289,525,1756,1290,3046,1171,913,2084
3000,"THEFT/OTHER","38.9306851134","-77.0288559516",236,289,525,1756,1290,3046,1171,913,2084
3000,"ASSAULT W/DANGEROUS WEAPON","38.9281708128","-77.0325915444",236,289,525,1756,1290,3046,1171,913,2084
3100,"THEFT/OTHER","38.9312711869","-77.0266072052",192,240,432,1698,1562,3260,1413,1200,2613
3100,"ROBBERY","38.9333256754","-77.0238514459",192,240,432,1698,1562,3260,1413,1200,2613
3100,"THEFT F/AUTO","38.9343345745","-77.024001722",192,240,432,1698,1562,3260,1413,1200,2613
3100,"THEFT F/AUTO","38.9318930769","-77.0251773019",192,240,432,1698,1562,3260,1413,1200,2613
3100,"THEFT F/AUTO","38.9302989711","-77.023423709",192,240,432,1698,1562,3260,1413,1200,2613
3100,"MOTOR VEHICLE THEFT","38.9287578082","-77.0268715227",192,240,432,1698,1562,3260,1413,1200,2613
3100,"THEFT/OTHER","38.9270914713","-77.0259828866",192,240,432,1698,1562,3260,1413,1200,2613
3100,"THEFT/OTHER","38.9354966096","-77.0241751222",192,240,432,1698,1562,3260,1413,1200,2613
3100,"THEFT/OTHER","38.9354966096","-77.0241751222",192,240,432,1698,1562,3260,1413,1200,2613
3100,"ROBBERY","38.9274163965","-77.022996055",192,240,432,1698,1562,3260,1413,1200,2613
3100,"THEFT/OTHER","38.9270914713","-77.0259828866",192,240,432,1698,1562,3260,1413,1200,2613
3100,"THEFT F/AUTO","38.9302989711","-77.023423709",192,240,432,1698,1562,3260,1413,1200,2613
3100,"THEFT/OTHER","38.9274701369","-77.02451838",192,240,432,1698,1562,3260,1413,1200,2613
3100,"THEFT/OTHER","38.9345774584","-77.0256049998",192,240,432,1698,1562,3260,1413,1200,2613
3100,"THEFT F/AUTO","38.9274701369","-77.02451838",192,240,432,1698,1562,3260,1413,1200,2613
3100,"THEFT/OTHER","38.9348660477","-77.0240826378",192,240,432,1698,1562,3260,1413,1200,2613
3100,"ROBBERY","38.9312528138","-77.0281295868",192,240,432,1698,1562,3260,1413,1200,2613
3100,"THEFT F/AUTO","38.927967381","-77.0245885546",192,240,432,1698,1562,3260,1413,1200,2613
3100,"THEFT/OTHER","38.9324248709","-77.0237242767",192,240,432,1698,1562,3260,1413,1200,2613
3100,"HOMICIDE","38.9275869131","-77.0260522631",192,240,432,1698,1562,3260,1413,1200,2613
3100,"MOTOR VEHICLE THEFT","38.9319104589","-77.0279683793",192,240,432,1698,1562,3260,1413,1200,2613
3100,"ROBBERY","38.9333256754","-77.0238514459",192,240,432,1698,1562,3260,1413,1200,2613
3100,"THEFT/OTHER","38.9348660477","-77.0240826378",192,240,432,1698,1562,3260,1413,1200,2613
3100,"THEFT/OTHER","38.9324248709","-77.0237242767",192,240,432,1698,1562,3260,1413,1200,2613
3100,"THEFT/OTHER","38.9318930769","-77.0251773019",192,240,432,1698,1562,3260,1413,1200,2613
3100,"THEFT F/AUTO","38.9343345745","-77.024001722",192,240,432,1698,1562,3260,1413,1200,2613
3100,"THEFT/OTHER","38.9293074437","-77.0263066162",192,240,432,1698,1562,3260,1413,1200,2613
3100,"ROBBERY","38.9333256754","-77.0238514459",192,240,432,1698,1562,3260,1413,1200,2613
3100,"THEFT F/AUTO","38.9275869131","-77.0260522631",192,240,432,1698,1562,3260,1413,1200,2613
3100,"THEFT F/AUTO","38.9335145716","-77.0251778744",192,240,432,1698,1562,3260,1413,1200,2613
3100,"MOTOR VEHICLE THEFT","38.9299293302","-77.0248767496",192,240,432,1698,1562,3260,1413,1200,2613
3100,"ROBBERY","38.9277759445","-77.0266866297",192,240,432,1698,1562,3260,1413,1200,2613
3100,"THEFT/OTHER","38.9307125204","-77.0272643868",192,240,432,1698,1562,3260,1413,1200,2613
3100,"MOTOR VEHICLE THEFT","38.9324248709","-77.0237242767",192,240,432,1698,1562,3260,1413,1200,2613
3100,"THEFT/OTHER","38.927967381","-77.0245885546",192,240,432,1698,1562,3260,1413,1200,2613
3100,"THEFT F/AUTO","38.9324248709","-77.0237242767",192,240,432,1698,1562,3260,1413,1200,2613
3100,"THEFT/OTHER","38.9316141467","-77.0236086739",192,240,432,1698,1562,3260,1413,1200,2613
3100,"THEFT F/AUTO","38.9302989711","-77.023423709",192,240,432,1698,1562,3260,1413,1200,2613
3100,"THEFT F/AUTO","38.9340821342","-77.0249935356",192,240,432,1698,1562,3260,1413,1200,2613
3100,"THEFT/OTHER","38.9331088574","-77.0267116928",192,240,432,1698,1562,3260,1413,1200,2613
3100,"THEFT/OTHER","38.9316141467","-77.0236086739",192,240,432,1698,1562,3260,1413,1200,2613
3100,"THEFT/OTHER","38.9291900296","-77.0276328578",192,240,432,1698,1562,3260,1413,1200,2613
3100,"THEFT/OTHER","38.9307125204","-77.0272643868",192,240,432,1698,1562,3260,1413,1200,2613
3100,"THEFT/OTHER","38.9354966096","-77.0241751222",192,240,432,1698,1562,3260,1413,1200,2613
3100,"THEFT/OTHER","38.9318930769","-77.0251773019",192,240,432,1698,1562,3260,1413,1200,2613
3100,"THEFT F/AUTO","38.9287578082","-77.0268715227",192,240,432,1698,1562,3260,1413,1200,2613
3100,"THEFT/OTHER","38.9309112037","-77.0250270237",192,240,432,1698,1562,3260,1413,1200,2613
3100,"THEFT/OTHER","38.9328749521","-77.0253160507",192,240,432,1698,1562,3260,1413,1200,2613
3100,"BURGLARY","38.9275869131","-77.0260522631",192,240,432,1698,1562,3260,1413,1200,2613
3100,"BURGLARY","38.9283255689","-77.0261678607",192,240,432,1698,1562,3260,1413,1200,2613
3100,"THEFT/OTHER","38.9324248709","-77.0237242767",192,240,432,1698,1562,3260,1413,1200,2613
3100,"ROBBERY","38.9274701369","-77.02451838",192,240,432,1698,1562,3260,1413,1200,2613
3100,"THEFT/OTHER","38.9302893155","-77.0264569086",192,240,432,1698,1562,3260,1413,1200,2613
3100,"THEFT/OTHER","38.930821439","-77.0234930797",192,240,432,1698,1562,3260,1413,1200,2613
3100,"THEFT F/AUTO","38.9309112037","-77.0250270237",192,240,432,1698,1562,3260,1413,1200,2613
3100,"THEFT F/AUTO","38.9293074437","-77.0263066162",192,240,432,1698,1562,3260,1413,1200,2613
3100,"THEFT/OTHER","38.9291900296","-77.0276328578",192,240,432,1698,1562,3260,1413,1200,2613
3100,"THEFT/OTHER","38.9307125204","-77.0272643868",192,240,432,1698,1562,3260,1413,1200,2613
3100,"ROBBERY","38.9309112037","-77.0250270237",192,240,432,1698,1562,3260,1413,1200,2613
3100,"MOTOR VEHICLE THEFT","38.9312528138","-77.0281295868",192,240,432,1698,1562,3260,1413,1200,2613
3100,"THEFT/OTHER","38.9316141467","-77.0236086739",192,240,432,1698,1562,3260,1413,1200,2613
3100,"THEFT F/AUTO","38.9309112037","-77.0250270237",192,240,432,1698,1562,3260,1413,1200,2613
3100,"MOTOR VEHICLE THEFT","38.9269837049","-77.0244374849",192,240,432,1698,1562,3260,1413,1200,2613
3100,"THEFT/OTHER","38.9312711869","-77.0266072052",192,240,432,1698,1562,3260,1413,1200,2613
3100,"MOTOR VEHICLE THEFT","38.9282171864","-77.0274018257",192,240,432,1698,1562,3260,1413,1200,2613
3100,"BURGLARY","38.9289570047","-77.0247279823",192,240,432,1698,1562,3260,1413,1200,2613
3100,"THEFT/OTHER","38.9340821342","-77.0249935356",192,240,432,1698,1562,3260,1413,1200,2613
3100,"THEFT/OTHER","38.9309112037","-77.0250270237",192,240,432,1698,1562,3260,1413,1200,2613
3100,"THEFT/OTHER","38.9331088574","-77.0267116928",192,240,432,1698,1562,3260,1413,1200,2613
3100,"THEFT F/AUTO","38.9293074437","-77.0263066162",192,240,432,1698,1562,3260,1413,1200,2613
3100,"MOTOR VEHICLE THEFT","38.927967381","-77.0245885546",192,240,432,1698,1562,3260,1413,1200,2613
3100,"THEFT/OTHER","38.9274163965","-77.022996055",192,240,432,1698,1562,3260,1413,1200,2613
3100,"THEFT/OTHER","38.9340821342","-77.0249935356",192,240,432,1698,1562,3260,1413,1200,2613
3100,"BURGLARY","38.9295242796","-77.0233081249",192,240,432,1698,1562,3260,1413,1200,2613
3100,"THEFT F/AUTO","38.9312711869","-77.0266072052",192,240,432,1698,1562,3260,1413,1200,2613
3100,"THEFT F/AUTO","38.9297396687","-77.0270679537",192,240,432,1698,1562,3260,1413,1200,2613
3100,"ROBBERY","38.9291900296","-77.0276328578",192,240,432,1698,1562,3260,1413,1200,2613
3100,"ROBBERY","38.930821439","-77.0234930797",192,240,432,1698,1562,3260,1413,1200,2613
3100,"THEFT/OTHER","38.9354966096","-77.0241751222",192,240,432,1698,1562,3260,1413,1200,2613
3100,"THEFT/OTHER","38.9354966096","-77.0241751222",192,240,432,1698,1562,3260,1413,1200,2613
3100,"MOTOR VEHICLE THEFT","38.9320368666","-77.0267228246",192,240,432,1698,1562,3260,1413,1200,2613
3100,"THEFT F/AUTO","38.930821439","-77.0234930797",192,240,432,1698,1562,3260,1413,1200,2613
3100,"THEFT/OTHER","38.9293074437","-77.0263066162",192,240,432,1698,1562,3260,1413,1200,2613
3100,"THEFT/OTHER","38.9316141467","-77.0236086739",192,240,432,1698,1562,3260,1413,1200,2613
3100,"THEFT F/AUTO","38.9274163965","-77.022996055",192,240,432,1698,1562,3260,1413,1200,2613
3100,"THEFT F/AUTO","38.9309112037","-77.0250270237",192,240,432,1698,1562,3260,1413,1200,2613
3100,"THEFT F/AUTO","38.9270914713","-77.0259828866",192,240,432,1698,1562,3260,1413,1200,2613
3100,"THEFT F/AUTO","38.9309112037","-77.0250270237",192,240,432,1698,1562,3260,1413,1200,2613
3100,"THEFT/OTHER","38.9354966096","-77.0241751222",192,240,432,1698,1562,3260,1413,1200,2613
3100,"THEFT F/AUTO","38.9319104589","-77.0279683793",192,240,432,1698,1562,3260,1413,1200,2613
3100,"THEFT/OTHER","38.9340821342","-77.0249935356",192,240,432,1698,1562,3260,1413,1200,2613
3100,"MOTOR VEHICLE THEFT","38.9274163965","-77.022996055",192,240,432,1698,1562,3260,1413,1200,2613
3100,"MOTOR VEHICLE THEFT","38.9312528138","-77.0281295868",192,240,432,1698,1562,3260,1413,1200,2613
3100,"THEFT/OTHER","38.9312711869","-77.0266072052",192,240,432,1698,1562,3260,1413,1200,2613
3100,"THEFT/OTHER","38.9312711869","-77.0266072052",192,240,432,1698,1562,3260,1413,1200,2613
3100,"THEFT/OTHER","38.9316141467","-77.0236086739",192,240,432,1698,1562,3260,1413,1200,2613
3100,"MOTOR VEHICLE THEFT","38.9329113052","-77.0237936397",192,240,432,1698,1562,3260,1413,1200,2613
3100,"HOMICIDE","38.9318930769","-77.0251773019",192,240,432,1698,1562,3260,1413,1200,2613
3100,"THEFT F/AUTO","38.9274701369","-77.02451838",192,240,432,1698,1562,3260,1413,1200,2613
3100,"THEFT F/AUTO","38.9301808861","-77.0278754363",192,240,432,1698,1562,3260,1413,1200,2613
3100,"ASSAULT W/DANGEROUS WEAPON","38.9274701369","-77.02451838",192,240,432,1698,1562,3260,1413,1200,2613
3100,"MOTOR VEHICLE THEFT","38.9301808861","-77.0278754363",192,240,432,1698,1562,3260,1413,1200,2613
3100,"THEFT F/AUTO","38.9282171864","-77.0274018257",192,240,432,1698,1562,3260,1413,1200,2613
3100,"BURGLARY","38.9299293302","-77.0248767496",192,240,432,1698,1562,3260,1413,1200,2613
3100,"THEFT/OTHER","38.9340821342","-77.0249935356",192,240,432,1698,1562,3260,1413,1200,2613
3100,"BURGLARY","38.9345774584","-77.0256049998",192,240,432,1698,1562,3260,1413,1200,2613
3100,"THEFT/OTHER","38.9329113052","-77.0237936397",192,240,432,1698,1562,3260,1413,1200,2613
3100,"MOTOR VEHICLE THEFT","38.9287578082","-77.0268715227",192,240,432,1698,1562,3260,1413,1200,2613
3100,"THEFT/OTHER","38.9335145716","-77.0251778744",192,240,432,1698,1562,3260,1413,1200,2613
3100,"THEFT/OTHER","38.9316141467","-77.0236086739",192,240,432,1698,1562,3260,1413,1200,2613
3100,"THEFT F/AUTO","38.9318930769","-77.0251773019",192,240,432,1698,1562,3260,1413,1200,2613
3100,"ASSAULT W/DANGEROUS WEAPON","38.9319104589","-77.0279683793",192,240,432,1698,1562,3260,1413,1200,2613
3100,"MOTOR VEHICLE THEFT","38.9324248709","-77.0237242767",192,240,432,1698,1562,3260,1413,1200,2613
3100,"THEFT/OTHER","38.9354966096","-77.0241751222",192,240,432,1698,1562,3260,1413,1200,2613
3100,"THEFT F/AUTO","38.9277587033","-77.0230422961",192,240,432,1698,1562,3260,1413,1200,2613
3100,"THEFT/OTHER","38.9348660477","-77.0240826378",192,240,432,1698,1562,3260,1413,1200,2613
3100,"THEFT/OTHER","38.927967381","-77.0245885546",192,240,432,1698,1562,3260,1413,1200,2613
3100,"THEFT F/AUTO","38.9335145716","-77.0251778744",192,240,432,1698,1562,3260,1413,1200,2613
3100,"THEFT F/AUTO","38.9318930769","-77.0251773019",192,240,432,1698,1562,3260,1413,1200,2613
3100,"THEFT F/AUTO","38.9269837049","-77.0244374849",192,240,432,1698,1562,3260,1413,1200,2613
3100,"THEFT/OTHER","38.9299293302","-77.0248767496",192,240,432,1698,1562,3260,1413,1200,2613
3100,"THEFT F/AUTO","38.930821439","-77.0234930797",192,240,432,1698,1562,3260,1413,1200,2613
3100,"MOTOR VEHICLE THEFT","38.9335145716","-77.0251778744",192,240,432,1698,1562,3260,1413,1200,2613
3100,"ASSAULT W/DANGEROUS WEAPON","38.9275869131","-77.0260522631",192,240,432,1698,1562,3260,1413,1200,2613
3100,"THEFT/OTHER","38.9293074437","-77.0263066162",192,240,432,1698,1562,3260,1413,1200,2613
3100,"THEFT F/AUTO","38.9354966096","-77.0241751222",192,240,432,1698,1562,3260,1413,1200,2613
3100,"THEFT F/AUTO","38.9312711869","-77.0266072052",192,240,432,1698,1562,3260,1413,1200,2613
3100,"THEFT F/AUTO","38.9335145716","-77.0251778744",192,240,432,1698,1562,3260,1413,1200,2613
3100,"THEFT F/AUTO","38.9299293302","-77.0248767496",192,240,432,1698,1562,3260,1413,1200,2613
3100,"MOTOR VEHICLE THEFT","38.927967381","-77.0245885546",192,240,432,1698,1562,3260,1413,1200,2613
3100,"THEFT/OTHER","38.9333256754","-77.0238514459",192,240,432,1698,1562,3260,1413,1200,2613
3100,"THEFT/OTHER","38.9293074437","-77.0263066162",192,240,432,1698,1562,3260,1413,1200,2613
3100,"THEFT/OTHER","38.9321718767","-77.0272188112",192,240,432,1698,1562,3260,1413,1200,2613
3100,"THEFT F/AUTO","38.9297396687","-77.0270679537",192,240,432,1698,1562,3260,1413,1200,2613
3100,"BURGLARY","38.9295242796","-77.0233081249",192,240,432,1698,1562,3260,1413,1200,2613
3100,"THEFT/OTHER","38.9312711869","-77.0266072052",192,240,432,1698,1562,3260,1413,1200,2613
3100,"THEFT/OTHER","38.9299293302","-77.0248767496",192,240,432,1698,1562,3260,1413,1200,2613
3100,"ROBBERY","38.930821439","-77.0234930797",192,240,432,1698,1562,3260,1413,1200,2613
3100,"THEFT/OTHER","38.9354966096","-77.0241751222",192,240,432,1698,1562,3260,1413,1200,2613
3100,"THEFT F/AUTO","38.9277587033","-77.0230422961",192,240,432,1698,1562,3260,1413,1200,2613
3100,"THEFT F/AUTO","38.9312528138","-77.0281295868",192,240,432,1698,1562,3260,1413,1200,2613
3100,"THEFT/OTHER","38.9274701369","-77.02451838",192,240,432,1698,1562,3260,1413,1200,2613
3100,"THEFT F/AUTO","38.9274701369","-77.02451838",192,240,432,1698,1562,3260,1413,1200,2613
3100,"THEFT/OTHER","38.9331088574","-77.0267116928",192,240,432,1698,1562,3260,1413,1200,2613
3100,"MOTOR VEHICLE THEFT","38.9312528138","-77.0281295868",192,240,432,1698,1562,3260,1413,1200,2613
3100,"THEFT F/AUTO","38.9311187039","-77.0235393106",192,240,432,1698,1562,3260,1413,1200,2613
3100,"THEFT F/AUTO","38.9297396687","-77.0270679537",192,240,432,1698,1562,3260,1413,1200,2613
3100,"MOTOR VEHICLE THEFT","38.9295242796","-77.0233081249",192,240,432,1698,1562,3260,1413,1200,2613
3100,"THEFT/OTHER","38.9309112037","-77.0250270237",192,240,432,1698,1562,3260,1413,1200,2613
3100,"THEFT F/AUTO","38.9343345745","-77.024001722",192,240,432,1698,1562,3260,1413,1200,2613
3100,"ROBBERY","38.9309112037","-77.0250270237",192,240,432,1698,1562,3260,1413,1200,2613
3100,"THEFT/OTHER","38.9299293302","-77.0248767496",192,240,432,1698,1562,3260,1413,1200,2613
3100,"THEFT/OTHER","38.9309112037","-77.0250270237",192,240,432,1698,1562,3260,1413,1200,2613
3100,"ASSAULT W/DANGEROUS WEAPON","38.9311187039","-77.0235393106",192,240,432,1698,1562,3260,1413,1200,2613
3100,"THEFT F/AUTO","38.9302893155","-77.0264569086",192,240,432,1698,1562,3260,1413,1200,2613
3100,"ASSAULT W/DANGEROUS WEAPON","38.9274701369","-77.02451838",192,240,432,1698,1562,3260,1413,1200,2613
3100,"THEFT F/AUTO","38.9309112037","-77.0250270237",192,240,432,1698,1562,3260,1413,1200,2613
3100,"MOTOR VEHICLE THEFT","38.9319104589","-77.0279683793",192,240,432,1698,1562,3260,1413,1200,2613
3100,"THEFT/OTHER","38.9299293302","-77.0248767496",192,240,432,1698,1562,3260,1413,1200,2613
3100,"THEFT/OTHER","38.9324248709","-77.0237242767",192,240,432,1698,1562,3260,1413,1200,2613
3100,"ROBBERY","38.9333256754","-77.0238514459",192,240,432,1698,1562,3260,1413,1200,2613
3100,"THEFT/OTHER","38.9329113052","-77.0237936397",192,240,432,1698,1562,3260,1413,1200,2613
3100,"THEFT/OTHER","38.9354966096","-77.0241751222",192,240,432,1698,1562,3260,1413,1200,2613
3100,"THEFT F/AUTO","38.9309112037","-77.0250270237",192,240,432,1698,1562,3260,1413,1200,2613
3100,"THEFT F/AUTO","38.9340821342","-77.0249935356",192,240,432,1698,1562,3260,1413,1200,2613
3100,"ROBBERY","38.927967381","-77.0245885546",192,240,432,1698,1562,3260,1413,1200,2613
3100,"THEFT/OTHER","38.9312711869","-77.0266072052",192,240,432,1698,1562,3260,1413,1200,2613
3100,"THEFT/OTHER","38.9309112037","-77.0250270237",192,240,432,1698,1562,3260,1413,1200,2613
3100,"THEFT F/AUTO","38.9283255689","-77.0261678607",192,240,432,1698,1562,3260,1413,1200,2613
3100,"THEFT/OTHER","38.9277587033","-77.0230422961",192,240,432,1698,1562,3260,1413,1200,2613
3100,"THEFT F/AUTO","38.9335145716","-77.0251778744",192,240,432,1698,1562,3260,1413,1200,2613
3100,"MOTOR VEHICLE THEFT","38.9333256754","-77.0238514459",192,240,432,1698,1562,3260,1413,1200,2613
3100,"THEFT F/AUTO","38.9340821342","-77.0249935356",192,240,432,1698,1562,3260,1413,1200,2613
3100,"THEFT F/AUTO","38.9340821342","-77.0249935356",192,240,432,1698,1562,3260,1413,1200,2613
3100,"THEFT/OTHER","38.9287578082","-77.0268715227",192,240,432,1698,1562,3260,1413,1200,2613
3100,"THEFT/OTHER","38.9309112037","-77.0250270237",192,240,432,1698,1562,3260,1413,1200,2613
3100,"THEFT/OTHER","38.9316141467","-77.0236086739",192,240,432,1698,1562,3260,1413,1200,2613
3100,"THEFT/OTHER","38.9354966096","-77.0241751222",192,240,432,1698,1562,3260,1413,1200,2613
3100,"THEFT F/AUTO","38.9309112037","-77.0250270237",192,240,432,1698,1562,3260,1413,1200,2613
3100,"MOTOR VEHICLE THEFT","38.9335145716","-77.0251778744",192,240,432,1698,1562,3260,1413,1200,2613
3100,"THEFT F/AUTO","38.9277587033","-77.0230422961",192,240,432,1698,1562,3260,1413,1200,2613
3100,"MOTOR VEHICLE THEFT","38.9348660477","-77.0240826378",192,240,432,1698,1562,3260,1413,1200,2613
3100,"THEFT F/AUTO","38.9335863812","-77.0263427958",192,240,432,1698,1562,3260,1413,1200,2613
3100,"THEFT/OTHER","38.9312711869","-77.0266072052",192,240,432,1698,1562,3260,1413,1200,2613
3100,"THEFT/OTHER","38.9354966096","-77.0241751222",192,240,432,1698,1562,3260,1413,1200,2613
3100,"THEFT F/AUTO","38.9299293302","-77.0248767496",192,240,432,1698,1562,3260,1413,1200,2613
3100,"THEFT F/AUTO","38.9335145716","-77.0251778744",192,240,432,1698,1562,3260,1413,1200,2613
3100,"THEFT F/AUTO","38.9324248709","-77.0237242767",192,240,432,1698,1562,3260,1413,1200,2613
3100,"THEFT/OTHER","38.9295242796","-77.0233081249",192,240,432,1698,1562,3260,1413,1200,2613
3100,"THEFT F/AUTO","38.9309112037","-77.0250270237",192,240,432,1698,1562,3260,1413,1200,2613
3100,"THEFT F/AUTO","38.9348660477","-77.0240826378",192,240,432,1698,1562,3260,1413,1200,2613
3100,"THEFT F/AUTO","38.9289570047","-77.0247279823",192,240,432,1698,1562,3260,1413,1200,2613
3100,"THEFT/OTHER","38.9354966096","-77.0241751222",192,240,432,1698,1562,3260,1413,1200,2613
3100,"THEFT/OTHER","38.9289570047","-77.0247279823",192,240,432,1698,1562,3260,1413,1200,2613
3100,"THEFT F/AUTO","38.9295242796","-77.0233081249",192,240,432,1698,1562,3260,1413,1200,2613
3100,"THEFT/OTHER","38.9354966096","-77.0241751222",192,240,432,1698,1562,3260,1413,1200,2613
3100,"MOTOR VEHICLE THEFT","38.9269837049","-77.0244374849",192,240,432,1698,1562,3260,1413,1200,2613
3100,"THEFT/OTHER","38.9309112037","-77.0250270237",192,240,432,1698,1562,3260,1413,1200,2613
3100,"THEFT/OTHER","38.9293074437","-77.0263066162",192,240,432,1698,1562,3260,1413,1200,2613
3100,"THEFT F/AUTO","38.9348660477","-77.0240826378",192,240,432,1698,1562,3260,1413,1200,2613
3100,"THEFT/OTHER","38.9274163965","-77.022996055",192,240,432,1698,1562,3260,1413,1200,2613
3100,"THEFT/OTHER","38.9354966096","-77.0241751222",192,240,432,1698,1562,3260,1413,1200,2613
3100,"THEFT/OTHER","38.9354966096","-77.0241751222",192,240,432,1698,1562,3260,1413,1200,2613
3100,"THEFT/OTHER","38.9328749521","-77.0253160507",192,240,432,1698,1562,3260,1413,1200,2613
3100,"THEFT/OTHER","38.9311187039","-77.0235393106",192,240,432,1698,1562,3260,1413,1200,2613
3100,"THEFT F/AUTO","38.9307125204","-77.0272643868",192,240,432,1698,1562,3260,1413,1200,2613
3100,"THEFT/OTHER","38.9324248709","-77.0237242767",192,240,432,1698,1562,3260,1413,1200,2613
3100,"BURGLARY","38.9289570047","-77.0247279823",192,240,432,1698,1562,3260,1413,1200,2613
3100,"THEFT F/AUTO","38.9318930769","-77.0251773019",192,240,432,1698,1562,3260,1413,1200,2613
3100,"MOTOR VEHICLE THEFT","38.9297396687","-77.0270679537",192,240,432,1698,1562,3260,1413,1200,2613
3100,"THEFT/OTHER","38.9329113052","-77.0237936397",192,240,432,1698,1562,3260,1413,1200,2613
3100,"MOTOR VEHICLE THEFT","38.9318930769","-77.0251773019",192,240,432,1698,1562,3260,1413,1200,2613
3100,"THEFT F/AUTO","38.9309112037","-77.0250270237",192,240,432,1698,1562,3260,1413,1200,2613
3100,"THEFT/OTHER","38.9324248709","-77.0237242767",192,240,432,1698,1562,3260,1413,1200,2613
3100,"THEFT F/AUTO","38.9331088574","-77.0267116928",192,240,432,1698,1562,3260,1413,1200,2613
3100,"THEFT/OTHER","38.9328749521","-77.0253160507",192,240,432,1698,1562,3260,1413,1200,2613
3100,"ASSAULT W/DANGEROUS WEAPON","38.9316141467","-77.0236086739",192,240,432,1698,1562,3260,1413,1200,2613
3100,"THEFT/OTHER","38.9297396687","-77.0270679537",192,240,432,1698,1562,3260,1413,1200,2613
3100,"THEFT/OTHER","38.9274701369","-77.02451838",192,240,432,1698,1562,3260,1413,1200,2613
3100,"THEFT F/AUTO","38.9335145716","-77.0251778744",192,240,432,1698,1562,3260,1413,1200,2613
3100,"THEFT/OTHER","38.9354966096","-77.0241751222",192,240,432,1698,1562,3260,1413,1200,2613
3200,"SEX ABUSE","38.9357315826","-77.0201844481",879,488,1367,1654,1861,3515,926,979,1905
3200,"MOTOR VEHICLE THEFT","38.9312900661","-77.0225013744",879,488,1367,1654,1861,3515,926,979,1905
3200,"THEFT/OTHER","38.9347228202","-77.0191922551",879,488,1367,1654,1861,3515,926,979,1905
3200,"THEFT/OTHER","38.9333984959","-77.0198147126",879,488,1367,1654,1861,3515,926,979,1905
3200,"THEFT/OTHER","38.9291102613","-77.0214050611",879,488,1367,1654,1861,3515,926,979,1905
3200,"THEFT F/AUTO","38.934316931","-77.0221101825",879,488,1367,1654,1861,3515,926,979,1905
3200,"THEFT/OTHER","38.9285784345","-77.0231694219",879,488,1367,1654,1861,3515,926,979,1905
3200,"THEFT/OTHER","38.9353978233","-77.0226526117",879,488,1367,1654,1861,3515,926,979,1905
3200,"MOTOR VEHICLE THEFT","38.9312900661","-77.0225013744",879,488,1367,1654,1861,3515,926,979,1905
3200,"THEFT/OTHER","38.9302989711","-77.023423709",879,488,1367,1654,1861,3515,926,979,1905
3200,"THEFT F/AUTO","38.9300200645","-77.021601396",879,488,1367,1654,1861,3515,926,979,1905
3200,"THEFT/OTHER","38.9306865273","-77.0224089187",879,488,1367,1654,1861,3515,926,979,1905
3200,"THEFT F/AUTO","38.9300200645","-77.021601396",879,488,1367,1654,1861,3515,926,979,1905
3200,"THEFT F/AUTO","38.9316141467","-77.0236086739",879,488,1367,1654,1861,3515,926,979,1905
3200,"THEFT/OTHER","38.9353978233","-77.0226526117",879,488,1367,1654,1861,3515,926,979,1905
3200,"MOTOR VEHICLE THEFT","38.9329747114","-77.022017498",879,488,1367,1654,1861,3515,926,979,1905
3200,"ASSAULT W/DANGEROUS WEAPON","38.9302989711","-77.023423709",879,488,1367,1654,1861,3515,926,979,1905
3200,"THEFT F/AUTO","38.932569765","-77.0196184135",879,488,1367,1654,1861,3515,926,979,1905
3200,"ROBBERY","38.935262986","-77.0211185609",879,488,1367,1654,1861,3515,926,979,1905
3200,"THEFT/OTHER","38.9310205335","-77.0184070004",879,488,1367,1654,1861,3515,926,979,1905
3200,"MOTOR VEHICLE THEFT","38.9312900661","-77.0225013744",879,488,1367,1654,1861,3515,926,979,1905
3200,"ASSAULT W/DANGEROUS WEAPON","38.9360370908","-77.0242560436",879,488,1367,1654,1861,3515,926,979,1905
3200,"THEFT F/AUTO","38.9371278085","-77.0205308692",879,488,1367,1654,1861,3515,926,979,1905
3200,"THEFT F/AUTO","38.9321368357","-77.0225593086",879,488,1367,1654,1861,3515,926,979,1905
3200,"THEFT/OTHER","38.9329747114","-77.022017498",879,488,1367,1654,1861,3515,926,979,1905
3200,"THEFT/OTHER","38.9310205335","-77.0184070004",879,488,1367,1654,1861,3515,926,979,1905
3200,"ROBBERY","38.9291102613","-77.0214050611",879,488,1367,1654,1861,3515,926,979,1905
3200,"THEFT F/AUTO","38.9274166392","-77.0217274662",879,488,1367,1654,1861,3515,926,979,1905
3200,"ROBBERY","38.9274163965","-77.022996055",879,488,1367,1654,1861,3515,926,979,1905
3200,"ROBBERY","38.9291102613","-77.0214050611",879,488,1367,1654,1861,3515,926,979,1905
3200,"ASSAULT W/DANGEROUS WEAPON","38.9321368357","-77.0225593086",879,488,1367,1654,1861,3515,926,979,1905
3200,"THEFT/OTHER","38.9329747114","-77.022017498",879,488,1367,1654,1861,3515,926,979,1905
3200,"MOTOR VEHICLE THEFT","38.9294800466","-77.0188217892",879,488,1367,1654,1861,3515,926,979,1905
3200,"THEFT/OTHER","38.9371278085","-77.0205308692",879,488,1367,1654,1861,3515,926,979,1905
3200,"THEFT/OTHER","38.9291102613","-77.0214050611",879,488,1367,1654,1861,3515,926,979,1905
3200,"ROBBERY","38.9282995449","-77.0212318262",879,488,1367,1654,1861,3515,926,979,1905
3200,"THEFT F/AUTO","38.9279300937","-77.0218314171",879,488,1367,1654,1861,3515,926,979,1905
3200,"ASSAULT W/DANGEROUS WEAPON","38.9300746991","-77.018164562",879,488,1367,1654,1861,3515,926,979,1905
3200,"THEFT F/AUTO","38.9312900661","-77.0225013744",879,488,1367,1654,1861,3515,926,979,1905
3200,"THEFT/OTHER","38.9291102613","-77.0214050611",879,488,1367,1654,1861,3515,926,979,1905
3200,"ROBBERY","38.9277587033","-77.0230422961",879,488,1367,1654,1861,3515,926,979,1905
3200,"THEFT/OTHER","38.9321368357","-77.0225593086",879,488,1367,1654,1861,3515,926,979,1905
3200,"THEFT F/AUTO","38.9291102613","-77.0214050611",879,488,1367,1654,1861,3515,926,979,1905
3200,"THEFT F/AUTO","38.9357315826","-77.0201844481",879,488,1367,1654,1861,3515,926,979,1905
3200,"BURGLARY","38.9307770536","-77.0199639153",879,488,1367,1654,1861,3515,926,979,1905
3200,"THEFT/OTHER","38.9282995449","-77.0212318262",879,488,1367,1654,1861,3515,926,979,1905
3200,"THEFT F/AUTO","38.9274163965","-77.022996055",879,488,1367,1654,1861,3515,926,979,1905
3200,"SEX ABUSE","38.9350649784","-77.02012659",879,488,1367,1654,1861,3515,926,979,1905
3200,"THEFT/OTHER","38.9300200645","-77.021601396",879,488,1367,1654,1861,3515,926,979,1905
3200,"THEFT/OTHER","38.9371278085","-77.0205308692",879,488,1367,1654,1861,3515,926,979,1905
3200,"THEFT F/AUTO","38.9274163965","-77.022996055",879,488,1367,1654,1861,3515,926,979,1905
3200,"THEFT/OTHER","38.9310205335","-77.0184070004",879,488,1367,1654,1861,3515,926,979,1905
3200,"MOTOR VEHICLE THEFT","38.9291102613","-77.0214050611",879,488,1367,1654,1861,3515,926,979,1905
3200,"BURGLARY","38.9277587033","-77.0230422961",879,488,1367,1654,1861,3515,926,979,1905
3200,"THEFT F/AUTO","38.9279300937","-77.0218314171",879,488,1367,1654,1861,3515,926,979,1905
3200,"THEFT/OTHER","38.9336235475","-77.0207143983",879,488,1367,1654,1861,3515,926,979,1905
3200,"THEFT F/AUTO","38.9277587033","-77.0230422961",879,488,1367,1654,1861,3515,926,979,1905
3200,"THEFT F/AUTO","38.934316931","-77.0221101825",879,488,1367,1654,1861,3515,926,979,1905
3200,"BURGLARY","38.9285784345","-77.0231694219",879,488,1367,1654,1861,3515,926,979,1905
3200,"THEFT/OTHER","38.9311372534","-77.0207252092",879,488,1367,1654,1861,3515,926,979,1905
3200,"MOTOR VEHICLE THEFT","38.9312900661","-77.0225013744",879,488,1367,1654,1861,3515,926,979,1905
3200,"THEFT/OTHER","38.9360373946","-77.0227450871",879,488,1367,1654,1861,3515,926,979,1905
3200,"ASSAULT W/DANGEROUS WEAPON","38.9338843635","-77.0229866074",879,488,1367,1654,1861,3515,926,979,1905
3200,"THEFT/OTHER","38.9364612428","-77.0202538592",879,488,1367,1654,1861,3515,926,979,1905
3200,"MOTOR VEHICLE THEFT","38.9312900661","-77.0225013744",879,488,1367,1654,1861,3515,926,979,1905
3200,"MOTOR VEHICLE THEFT","38.9302989711","-77.023423709",879,488,1367,1654,1861,3515,926,979,1905
3200,"THEFT F/AUTO","38.9312900661","-77.0225013744",879,488,1367,1654,1861,3515,926,979,1905
3200,"THEFT/OTHER","38.9350649784","-77.02012659",879,488,1367,1654,1861,3515,926,979,1905
3200,"THEFT/OTHER","38.9310205335","-77.0184070004",879,488,1367,1654,1861,3515,926,979,1905
3200,"THEFT F/AUTO","38.9329113052","-77.0237936397",879,488,1367,1654,1861,3515,926,979,1905
3200,"THEFT F/AUTO","38.9321368357","-77.0225593086",879,488,1367,1654,1861,3515,926,979,1905
3200,"THEFT/OTHER","38.9368302224","-77.0222378375",879,488,1367,1654,1861,3515,926,979,1905
3200,"THEFT F/AUTO","38.9360373946","-77.0227450871",879,488,1367,1654,1861,3515,926,979,1905
3200,"THEFT F/AUTO","38.9329747114","-77.022017498",879,488,1367,1654,1861,3515,926,979,1905
3200,"BURGLARY","38.931921196","-77.0194452348",879,488,1367,1654,1861,3515,926,979,1905
3200,"THEFT/OTHER","38.9360373946","-77.0227450871",879,488,1367,1654,1861,3515,926,979,1905
3200,"THEFT F/AUTO","38.9331103792","-77.0189150159",879,488,1367,1654,1861,3515,926,979,1905
3200,"THEFT/OTHER","38.9329747114","-77.022017498",879,488,1367,1654,1861,3515,926,979,1905
3200,"THEFT/OTHER","38.9302989711","-77.023423709",879,488,1367,1654,1861,3515,926,979,1905
3200,"THEFT F/AUTO","38.9300200645","-77.021601396",879,488,1367,1654,1861,3515,926,979,1905
3200,"THEFT/OTHER","38.9291102613","-77.0214050611",879,488,1367,1654,1861,3515,926,979,1905
3200,"THEFT/OTHER","38.9294800466","-77.0188217892",879,488,1367,1654,1861,3515,926,979,1905
3200,"THEFT/OTHER","38.9329029178","-77.0205181192",879,488,1367,1654,1861,3515,926,979,1905
3200,"THEFT F/AUTO","38.9279300937","-77.0218314171",879,488,1367,1654,1861,3515,926,979,1905
3200,"THEFT/OTHER","38.9306865273","-77.0224089187",879,488,1367,1654,1861,3515,926,979,1905
3200,"THEFT/OTHER","38.9300200645","-77.021601396",879,488,1367,1654,1861,3515,926,979,1905
3200,"THEFT/OTHER","38.9285784345","-77.0231694219",879,488,1367,1654,1861,3515,926,979,1905
3200,"THEFT/OTHER","38.9304258798","-77.0190642343",879,488,1367,1654,1861,3515,926,979,1905
3200,"THEFT F/AUTO","38.9360373946","-77.0227450871",879,488,1367,1654,1861,3515,926,979,1905
3200,"MOTOR VEHICLE THEFT","38.9313717142","-77.0192951525",879,488,1367,1654,1861,3515,926,979,1905
3200,"ASSAULT W/DANGEROUS WEAPON","38.9282995449","-77.0212318262",879,488,1367,1654,1861,3515,926,979,1905
3200,"THEFT/OTHER","38.9338756531","-77.0214180254",879,488,1367,1654,1861,3515,926,979,1905
3200,"THEFT F/AUTO","38.9344522722","-77.0209337805",879,488,1367,1654,1861,3515,926,979,1905
3200,"MOTOR VEHICLE THEFT","38.9357315826","-77.0201844481",879,488,1367,1654,1861,3515,926,979,1905
3200,"THEFT/OTHER","38.930821439","-77.0234930797",879,488,1367,1654,1861,3515,926,979,1905
3200,"THEFT/OTHER","38.9274163965","-77.022996055",879,488,1367,1654,1861,3515,926,979,1905
3200,"MOTOR VEHICLE THEFT","38.9291102613","-77.0214050611",879,488,1367,1654,1861,3515,926,979,1905
3200,"ASSAULT W/DANGEROUS WEAPON","38.9338843635","-77.0229866074",879,488,1367,1654,1861,3515,926,979,1905
3200,"THEFT F/AUTO","38.9274163965","-77.022996055",879,488,1367,1654,1861,3515,926,979,1905
3200,"THEFT/OTHER","38.9316141467","-77.0236086739",879,488,1367,1654,1861,3515,926,979,1905
3200,"THEFT/OTHER","38.9310205335","-77.0184070004",879,488,1367,1654,1861,3515,926,979,1905
3200,"THEFT/OTHER","38.9291102613","-77.0214050611",879,488,1367,1654,1861,3515,926,979,1905
3200,"MOTOR VEHICLE THEFT","38.9310205335","-77.0184070004",879,488,1367,1654,1861,3515,926,979,1905
3200,"MOTOR VEHICLE THEFT","38.9282995449","-77.0212318262",879,488,1367,1654,1861,3515,926,979,1905
3200,"SEX ABUSE","38.9329747114","-77.022017498",879,488,1367,1654,1861,3515,926,979,1905
3200,"THEFT/OTHER","38.9300200645","-77.021601396",879,488,1367,1654,1861,3515,926,979,1905
3200,"MOTOR VEHICLE THEFT","38.9294800466","-77.0188217892",879,488,1367,1654,1861,3515,926,979,1905
3200,"THEFT/OTHER","38.9347228202","-77.0191922551",879,488,1367,1654,1861,3515,926,979,1905
3200,"THEFT/OTHER","38.9310205335","-77.0184070004",879,488,1367,1654,1861,3515,926,979,1905
3200,"THEFT/OTHER","38.930821439","-77.0234930797",879,488,1367,1654,1861,3515,926,979,1905
3200,"THEFT F/AUTO","38.9333984959","-77.0198147126",879,488,1367,1654,1861,3515,926,979,1905
3200,"THEFT/OTHER","38.9311372534","-77.0207252092",879,488,1367,1654,1861,3515,926,979,1905
3200,"THEFT/OTHER","38.9341101223","-77.019987916",879,488,1367,1654,1861,3515,926,979,1905
3200,"MOTOR VEHICLE THEFT","38.9364612428","-77.0202538592",879,488,1367,1654,1861,3515,926,979,1905
3200,"THEFT/OTHER","38.9362181922","-77.0192272597",879,488,1367,1654,1861,3515,926,979,1905
3200,"SEX ABUSE","38.9364696027","-77.0237025544",879,488,1367,1654,1861,3515,926,979,1905
3200,"MOTOR VEHICLE THEFT","38.9360373946","-77.0227450871",879,488,1367,1654,1861,3515,926,979,1905
3200,"HOMICIDE","38.9360373946","-77.0227450871",879,488,1367,1654,1861,3515,926,979,1905
3200,"THEFT F/AUTO","38.9285784345","-77.0231694219",879,488,1367,1654,1861,3515,926,979,1905
3200,"THEFT F/AUTO","38.9316141467","-77.0236086739",879,488,1367,1654,1861,3515,926,979,1905
3200,"THEFT F/AUTO","38.9295242796","-77.0233081249",879,488,1367,1654,1861,3515,926,979,1905
3200,"THEFT F/AUTO","38.9300200645","-77.021601396",879,488,1367,1654,1861,3515,926,979,1905
3200,"ROBBERY","38.9282995449","-77.0212318262",879,488,1367,1654,1861,3515,926,979,1905
3200,"THEFT/OTHER","38.9368302224","-77.0222378375",879,488,1367,1654,1861,3515,926,979,1905
3200,"THEFT F/AUTO","38.9312900661","-77.0225013744",879,488,1367,1654,1861,3515,926,979,1905
3200,"THEFT F/AUTO","38.9300200645","-77.021601396",879,488,1367,1654,1861,3515,926,979,1905
3200,"HOMICIDE","38.9312900661","-77.0225013744",879,488,1367,1654,1861,3515,926,979,1905
3200,"THEFT/OTHER","38.9362181922","-77.0192272597",879,488,1367,1654,1861,3515,926,979,1905
3200,"MOTOR VEHICLE THEFT","38.9294800466","-77.0188217892",879,488,1367,1654,1861,3515,926,979,1905
3200,"THEFT/OTHER","38.9321368357","-77.0225593086",879,488,1367,1654,1861,3515,926,979,1905
3200,"THEFT F/AUTO","38.9350649784","-77.02012659",879,488,1367,1654,1861,3515,926,979,1905
3200,"ROBBERY","38.9312900661","-77.0225013744",879,488,1367,1654,1861,3515,926,979,1905
3200,"THEFT/OTHER","38.9317772038","-77.0185801957",879,488,1367,1654,1861,3515,926,979,1905
3200,"MOTOR VEHICLE THEFT","38.9294800466","-77.0188217892",879,488,1367,1654,1861,3515,926,979,1905
3200,"MOTOR VEHICLE THEFT","38.9360373946","-77.0227450871",879,488,1367,1654,1861,3515,926,979,1905
3200,"ROBBERY","38.9307770536","-77.0199639153",879,488,1367,1654,1861,3515,926,979,1905
3200,"THEFT/OTHER","38.9350649784","-77.02012659",879,488,1367,1654,1861,3515,926,979,1905
3200,"THEFT/OTHER","38.9306865273","-77.0224089187",879,488,1367,1654,1861,3515,926,979,1905
3200,"THEFT F/AUTO","38.9279300937","-77.0218314171",879,488,1367,1654,1861,3515,926,979,1905
3200,"THEFT/OTHER","38.9291102613","-77.0214050611",879,488,1367,1654,1861,3515,926,979,1905
3200,"ROBBERY","38.9371278085","-77.0205308692",879,488,1367,1654,1861,3515,926,979,1905
3200,"MOTOR VEHICLE THEFT","38.9294800466","-77.0188217892",879,488,1367,1654,1861,3515,926,979,1905
3200,"THEFT/OTHER","38.9364612428","-77.0202538592",879,488,1367,1654,1861,3515,926,979,1905
3200,"THEFT/OTHER","38.9345869905","-77.023090638",879,488,1367,1654,1861,3515,926,979,1905
3200,"THEFT/OTHER","38.9310205335","-77.0184070004",879,488,1367,1654,1861,3515,926,979,1905
3200,"BURGLARY","38.9348660477","-77.0240826378",879,488,1367,1654,1861,3515,926,979,1905
3200,"THEFT F/AUTO","38.9285784345","-77.0231694219",879,488,1367,1654,1861,3515,926,979,1905
3200,"MOTOR VEHICLE THEFT","38.9329029178","-77.0205181192",879,488,1367,1654,1861,3515,926,979,1905
3200,"THEFT/OTHER","38.9306865273","-77.0224089187",879,488,1367,1654,1861,3515,926,979,1905
3200,"THEFT F/AUTO","38.9368302224","-77.0222378375",879,488,1367,1654,1861,3515,926,979,1905
3200,"THEFT F/AUTO","38.9348660477","-77.0240826378",879,488,1367,1654,1861,3515,926,979,1905
3200,"THEFT F/AUTO","38.9338756531","-77.0214180254",879,488,1367,1654,1861,3515,926,979,1905
3200,"THEFT/OTHER","38.9291102613","-77.0214050611",879,488,1367,1654,1861,3515,926,979,1905
3200,"THEFT/OTHER","38.9300200645","-77.021601396",879,488,1367,1654,1861,3515,926,979,1905
3200,"THEFT/OTHER","38.9304258798","-77.0190642343",879,488,1367,1654,1861,3515,926,979,1905
3200,"MOTOR VEHICLE THEFT","38.9307770536","-77.0199639153",879,488,1367,1654,1861,3515,926,979,1905
3200,"THEFT/OTHER","38.9338843635","-77.0229866074",879,488,1367,1654,1861,3515,926,979,1905
3200,"THEFT F/AUTO","38.9329029178","-77.0205181192",879,488,1367,1654,1861,3515,926,979,1905
3200,"THEFT/OTHER","38.9311372534","-77.0207252092",879,488,1367,1654,1861,3515,926,979,1905
3200,"THEFT F/AUTO","38.9339832602","-77.023955469",879,488,1367,1654,1861,3515,926,979,1905
3200,"THEFT F/AUTO","38.9304258798","-77.0190642343",879,488,1367,1654,1861,3515,926,979,1905
3200,"THEFT/OTHER","38.9338843635","-77.0229866074",879,488,1367,1654,1861,3515,926,979,1905
3200,"THEFT F/AUTO","38.9338843635","-77.0229866074",879,488,1367,1654,1861,3515,926,979,1905
3200,"THEFT/OTHER","38.9306865273","-77.0224089187",879,488,1367,1654,1861,3515,926,979,1905
3200,"THEFT/OTHER","38.9282995449","-77.0212318262",879,488,1367,1654,1861,3515,926,979,1905
3200,"THEFT/OTHER","38.9341101223","-77.019987916",879,488,1367,1654,1861,3515,926,979,1905
3200,"THEFT/OTHER","38.9329113052","-77.0237936397",879,488,1367,1654,1861,3515,926,979,1905
3200,"THEFT/OTHER","38.9366772512","-77.021326594",879,488,1367,1654,1861,3515,926,979,1905
3200,"BURGLARY","38.9353978233","-77.0226526117",879,488,1367,1654,1861,3515,926,979,1905
3200,"THEFT/OTHER","38.9304258798","-77.0190642343",879,488,1367,1654,1861,3515,926,979,1905
3200,"THEFT F/AUTO","38.9304258798","-77.0190642343",879,488,1367,1654,1861,3515,926,979,1905
3200,"THEFT F/AUTO","38.9333256754","-77.0238514459",879,488,1367,1654,1861,3515,926,979,1905
3200,"MOTOR VEHICLE THEFT","38.9311372534","-77.0207252092",879,488,1367,1654,1861,3515,926,979,1905
3200,"THEFT F/AUTO","38.9353978233","-77.0226526117",879,488,1367,1654,1861,3515,926,979,1905
3200,"THEFT F/AUTO","38.9341101223","-77.019987916",879,488,1367,1654,1861,3515,926,979,1905
3200,"BURGLARY","38.9311372534","-77.0207252092",879,488,1367,1654,1861,3515,926,979,1905
3200,"THEFT/OTHER","38.9279300937","-77.0218314171",879,488,1367,1654,1861,3515,926,979,1905
3200,"THEFT/OTHER","38.9353978233","-77.0226526117",879,488,1367,1654,1861,3515,926,979,1905
3200,"THEFT F/AUTO","38.9295242796","-77.0233081249",879,488,1367,1654,1861,3515,926,979,1905
3200,"THEFT F/AUTO","38.9293450528","-77.0179913821",879,488,1367,1654,1861,3515,926,979,1905
3200,"THEFT/OTHER","38.9304258798","-77.0190642343",879,488,1367,1654,1861,3515,926,979,1905
3200,"THEFT F/AUTO","38.9282995449","-77.0212318262",879,488,1367,1654,1861,3515,926,979,1905
3200,"THEFT/OTHER","38.9300200645","-77.021601396",879,488,1367,1654,1861,3515,926,979,1905
3200,"THEFT/OTHER","38.9302989711","-77.023423709",879,488,1367,1654,1861,3515,926,979,1905
3301,"THEFT/OTHER","38.9166348011","-77.0144712567",153,68,221,1488,2089,3577,1257,1817,3074
3301,"BURGLARY","38.9218328697","-77.0121544353",153,68,221,1488,2089,3577,1257,1817,3074
3301,"MOTOR VEHICLE THEFT","38.9218328697","-77.0121544353",153,68,221,1488,2089,3577,1257,1817,3074
3301,"THEFT/OTHER","38.9196977434","-77.013549368",153,68,221,1488,2089,3577,1257,1817,3074
3301,"THEFT F/AUTO","38.9166281407","-77.0090417095",153,68,221,1488,2089,3577,1257,1817,3074
3301,"BURGLARY","38.9196978969","-77.0121540714",153,68,221,1488,2089,3577,1257,1817,3074
3301,"THEFT F/AUTO","38.9213015302","-77.0105975738",153,68,221,1488,2089,3577,1257,1817,3074
3301,"THEFT F/AUTO","38.92077035","-77.0090421194",153,68,221,1488,2089,3577,1257,1817,3074
3301,"HOMICIDE","38.920770169","-77.0090522671",153,68,221,1488,2089,3577,1257,1817,3074
3301,"MOTOR VEHICLE THEFT","38.9175539148","-77.0121537061",153,68,221,1488,2089,3577,1257,1817,3074
3301,"MOTOR VEHICLE THEFT","38.9196977434","-77.013549368",153,68,221,1488,2089,3577,1257,1817,3074
3301,"THEFT F/AUTO","38.9186347608","-77.0135491661",153,68,221,1488,2089,3577,1257,1817,3074
3301,"THEFT F/AUTO","38.9166350639","-77.0121650804",153,68,221,1488,2089,3577,1257,1817,3074
3301,"THEFT F/AUTO","38.9160762931","-77.0144019586",153,68,221,1488,2089,3577,1257,1817,3074
3301,"THEFT/OTHER","38.9202291552","-77.0142182939",153,68,221,1488,2089,3577,1257,1817,3074
3301,"THEFT/OTHER","38.9175537614","-77.0135489607",153,68,221,1488,2089,3577,1257,1817,3074
3301,"MOTOR VEHICLE THEFT","38.9181032054","-77.0140910277",153,68,221,1488,2089,3577,1257,1817,3074
3301,"MOTOR VEHICLE THEFT","38.9181035682","-77.0106662853",153,68,221,1488,2089,3577,1257,1817,3074
3301,"THEFT F/AUTO","38.9181032054","-77.0140910277",153,68,221,1488,2089,3577,1257,1817,3074
3301,"THEFT/OTHER","38.9191751894","-77.014148896",153,68,221,1488,2089,3577,1257,1817,3074
3301,"MOTOR VEHICLE THEFT","38.9209589129","-77.0135150129",153,68,221,1488,2089,3577,1257,1817,3074
3301,"THEFT/OTHER","38.9169955426","-77.0106776506",153,68,221,1488,2089,3577,1257,1817,3074
3301,"THEFT F/AUTO","38.9223645123","-77.0105977318",153,68,221,1488,2089,3577,1257,1817,3074
3301,"THEFT F/AUTO","38.9155629255","-77.0135024597",153,68,221,1488,2089,3577,1257,1817,3074
3301,"THEFT/OTHER","38.9155629255","-77.0135024597",153,68,221,1488,2089,3577,1257,1817,3074
3301,"THEFT F/AUTO","38.9169955426","-77.0106776506",153,68,221,1488,2089,3577,1257,1817,3074
3301,"THEFT/OTHER","38.9166281407","-77.0090417095",153,68,221,1488,2089,3577,1257,1817,3074
3301,"THEFT/OTHER","38.9218331512","-77.009052402",153,68,221,1488,2089,3577,1257,1817,3074
3301,"MOTOR VEHICLE THEFT","38.9181035682","-77.0106662853",153,68,221,1488,2089,3577,1257,1817,3074
3301,"THEFT/OTHER","38.9162746076","-77.0132950396",153,68,221,1488,2089,3577,1257,1817,3074
3301,"THEFT/OTHER","38.9213015302","-77.0105975738",153,68,221,1488,2089,3577,1257,1817,3074
3301,"THEFT/OTHER","38.9196977434","-77.013549368",153,68,221,1488,2089,3577,1257,1817,3074
3301,"MOTOR VEHICLE THEFT","38.9218328697","-77.0121544353",153,68,221,1488,2089,3577,1257,1817,3074
3301,"ROBBERY","38.9218328697","-77.0121544353",153,68,221,1488,2089,3577,1257,1817,3074
3301,"THEFT/OTHER","38.9196978969","-77.0121540714",153,68,221,1488,2089,3577,1257,1817,3074
3301,"THEFT/OTHER","38.9175537614","-77.0135489607",153,68,221,1488,2089,3577,1257,1817,3074
3301,"THEFT/OTHER","38.9169955426","-77.0106776506",153,68,221,1488,2089,3577,1257,1817,3074
3301,"ROBBERY","38.9213015302","-77.0105975738",153,68,221,1488,2089,3577,1257,1817,3074
3301,"THEFT/OTHER","38.9175537614","-77.0135489607",153,68,221,1488,2089,3577,1257,1817,3074
3301,"MOTOR VEHICLE THEFT","38.9175539148","-77.0121537061",153,68,221,1488,2089,3577,1257,1817,3074
3301,"THEFT F/AUTO","38.9191751894","-77.014148896",153,68,221,1488,2089,3577,1257,1817,3074
3301,"BURGLARY","38.9191663316","-77.0128458583",153,68,221,1488,2089,3577,1257,1817,3074
3301,"MOTOR VEHICLE THEFT","38.9181033489","-77.0128456669",153,68,221,1488,2089,3577,1257,1817,3074
3301,"MOTOR VEHICLE THEFT","38.9186349143","-77.0121538903",153,68,221,1488,2089,3577,1257,1817,3074
3301,"MOTOR VEHICLE THEFT","38.9181035682","-77.0106662853",153,68,221,1488,2089,3577,1257,1817,3074
3301,"BURGLARY","38.9196981783","-77.009052131",153,68,221,1488,2089,3577,1257,1817,3074
3301,"BURGLARY","38.9202293128","-77.0128575813",153,68,221,1488,2089,3577,1257,1817,3074
3301,"THEFT/OTHER","38.9194183357","-77.0147831675",153,68,221,1488,2089,3577,1257,1817,3074
3301,"THEFT F/AUTO","38.9202295396","-77.0105974145",153,68,221,1488,2089,3577,1257,1817,3074
3301,"THEFT F/AUTO","38.9159954724","-77.0121649713",153,68,221,1488,2089,3577,1257,1817,3074
3301,"THEFT/OTHER","38.9175537614","-77.0135489607",153,68,221,1488,2089,3577,1257,1817,3074
3301,"THEFT/OTHER","38.9186349143","-77.0121538903",153,68,221,1488,2089,3577,1257,1817,3074
3301,"MOTOR VEHICLE THEFT","38.9169953231","-77.0128569982",153,68,221,1488,2089,3577,1257,1817,3074
3301,"THEFT/OTHER","38.9202293128","-77.0128575813",153,68,221,1488,2089,3577,1257,1817,3074
3301,"THEFT F/AUTO","38.9243281745","-77.0121548606",153,68,221,1488,2089,3577,1257,1817,3074
3301,"THEFT/OTHER","38.9181033489","-77.0128456669",153,68,221,1488,2089,3577,1257,1817,3074
3301,"THEFT F/AUTO","38.9175539148","-77.0121537061",153,68,221,1488,2089,3577,1257,1817,3074
3301,"MOTOR VEHICLE THEFT","38.9186349143","-77.0121538903",153,68,221,1488,2089,3577,1257,1817,3074
3301,"THEFT F/AUTO","38.9191665571","-77.0105972566",153,68,221,1488,2089,3577,1257,1817,3074
3301,"MOTOR VEHICLE THEFT","38.9186349143","-77.0121538903",153,68,221,1488,2089,3577,1257,1817,3074
3301,"MOTOR VEHICLE THEFT","38.9181033489","-77.0128456669",153,68,221,1488,2089,3577,1257,1817,3074
3301,"ASSAULT W/DANGEROUS WEAPON","38.9186349143","-77.0121538903",153,68,221,1488,2089,3577,1257,1817,3074
3301,"THEFT F/AUTO","38.9202295396","-77.0105974145",153,68,221,1488,2089,3577,1257,1817,3074
3301,"THEFT F/AUTO","38.9166350639","-77.0121650804",153,68,221,1488,2089,3577,1257,1817,3074
3301,"MOTOR VEHICLE THEFT","38.9243281745","-77.0121548606",153,68,221,1488,2089,3577,1257,1817,3074
3301,"THEFT/OTHER","38.9207608792","-77.0121542526",153,68,221,1488,2089,3577,1257,1817,3074
3301,"BURGLARY","38.9155629255","-77.0135024597",153,68,221,1488,2089,3577,1257,1817,3074
3301,"THEFT/OTHER","38.9191665571","-77.0105972566",153,68,221,1488,2089,3577,1257,1817,3074
3301,"THEFT F/AUTO","38.9191751894","-77.014148896",153,68,221,1488,2089,3577,1257,1817,3074
3301,"MOTOR VEHICLE THEFT","38.9243281745","-77.0121548606",153,68,221,1488,2089,3577,1257,1817,3074
3301,"MOTOR VEHICLE THEFT","38.9181035682","-77.0106662853",153,68,221,1488,2089,3577,1257,1817,3074
3301,"THEFT F/AUTO","38.9213015302","-77.0105975738",153,68,221,1488,2089,3577,1257,1817,3074
3301,"THEFT F/AUTO","38.9181032054","-77.0140910277",153,68,221,1488,2089,3577,1257,1817,3074
3301,"ASSAULT W/DANGEROUS WEAPON","38.9191663316","-77.0128458583",153,68,221,1488,2089,3577,1257,1817,3074
3301,"THEFT F/AUTO","38.9186347608","-77.0135491661",153,68,221,1488,2089,3577,1257,1817,3074
3301,"THEFT F/AUTO","38.9175539148","-77.0121537061",153,68,221,1488,2089,3577,1257,1817,3074
3301,"MOTOR VEHICLE THEFT","38.9156441207","-77.0124185872",153,68,221,1488,2089,3577,1257,1817,3074
3301,"THEFT/OTHER","38.9175539148","-77.0121537061",153,68,221,1488,2089,3577,1257,1817,3074
3301,"THEFT/OTHER","38.9166350639","-77.0121650804",153,68,221,1488,2089,3577,1257,1817,3074
3301,"BURGLARY","38.9202295396","-77.0105974145",153,68,221,1488,2089,3577,1257,1817,3074
3301,"MOTOR VEHICLE THEFT","38.9207608792","-77.0121542526",153,68,221,1488,2089,3577,1257,1817,3074
3301,"THEFT F/AUTO","38.9166350639","-77.0121650804",153,68,221,1488,2089,3577,1257,1817,3074
3301,"THEFT/OTHER","38.9194183357","-77.0147831675",153,68,221,1488,2089,3577,1257,1817,3074
3301,"THEFT/OTHER","38.9202295396","-77.0105974145",153,68,221,1488,2089,3577,1257,1817,3074
3301,"THEFT F/AUTO","38.9223645123","-77.0105977318",153,68,221,1488,2089,3577,1257,1817,3074
3301,"THEFT/OTHER","38.9169955426","-77.0106776506",153,68,221,1488,2089,3577,1257,1817,3074
3301,"THEFT F/AUTO","38.9157249724","-77.0143672955",153,68,221,1488,2089,3577,1257,1817,3074
3301,"THEFT/OTHER","38.9175937651","-77.0126865621",153,68,221,1488,2089,3577,1257,1817,3074
3301,"THEFT/OTHER","38.9152656545","-77.0134678114",153,68,221,1488,2089,3577,1257,1817,3074
3301,"MOTOR VEHICLE THEFT","38.9191665571","-77.0105972566",153,68,221,1488,2089,3577,1257,1817,3074
3301,"THEFT/OTHER","38.9166350639","-77.0121650804",153,68,221,1488,2089,3577,1257,1817,3074
3301,"MOTOR VEHICLE THEFT","38.9191665571","-77.0105972566",153,68,221,1488,2089,3577,1257,1817,3074
3301,"THEFT F/AUTO","38.9202293128","-77.0128575813",153,68,221,1488,2089,3577,1257,1817,3074
3301,"THEFT F/AUTO","38.9213015302","-77.0105975738",153,68,221,1488,2089,3577,1257,1817,3074
3301,"THEFT F/AUTO","38.9162568667","-77.0105968242",153,68,221,1488,2089,3577,1257,1817,3074
3301,"MOTOR VEHICLE THEFT","38.9191663316","-77.0128458583",153,68,221,1488,2089,3577,1257,1817,3074
3301,"MOTOR VEHICLE THEFT","38.9202293128","-77.0128575813",153,68,221,1488,2089,3577,1257,1817,3074
3301,"THEFT/OTHER","38.9166281407","-77.0090417095",153,68,221,1488,2089,3577,1257,1817,3074
3301,"THEFT/OTHER","38.9191751894","-77.014148896",153,68,221,1488,2089,3577,1257,1817,3074
3301,"THEFT/OTHER","38.9155629255","-77.0135024597",153,68,221,1488,2089,3577,1257,1817,3074
3301,"MOTOR VEHICLE THEFT","38.9207608792","-77.0121542526",153,68,221,1488,2089,3577,1257,1817,3074
3301,"ROBBERY","38.9162746076","-77.0132950396",153,68,221,1488,2089,3577,1257,1817,3074
3301,"THEFT F/AUTO","38.9196978969","-77.0121540714",153,68,221,1488,2089,3577,1257,1817,3074
3301,"THEFT F/AUTO","38.9213015302","-77.0105975738",153,68,221,1488,2089,3577,1257,1817,3074
3301,"THEFT/OTHER","38.9181035682","-77.0106662853",153,68,221,1488,2089,3577,1257,1817,3074
3301,"THEFT F/AUTO","38.9207608792","-77.0121542526",153,68,221,1488,2089,3577,1257,1817,3074
3301,"ROBBERY","38.9191751894","-77.014148896",153,68,221,1488,2089,3577,1257,1817,3074
3301,"THEFT/OTHER","38.9166281407","-77.0090417095",153,68,221,1488,2089,3577,1257,1817,3074
3301,"ASSAULT W/DANGEROUS WEAPON","38.9209589129","-77.0135150129",153,68,221,1488,2089,3577,1257,1817,3074
3301,"MOTOR VEHICLE THEFT","38.9207608792","-77.0121542526",153,68,221,1488,2089,3577,1257,1817,3074
3301,"THEFT/OTHER","38.9218331512","-77.009052402",153,68,221,1488,2089,3577,1257,1817,3074
3301,"MOTOR VEHICLE THEFT","38.9181035682","-77.0106662853",153,68,221,1488,2089,3577,1257,1817,3074
3301,"THEFT F/AUTO","38.9191665571","-77.0105972566",153,68,221,1488,2089,3577,1257,1817,3074
3301,"THEFT F/AUTO","38.9162746076","-77.0132950396",153,68,221,1488,2089,3577,1257,1817,3074
3301,"THEFT/OTHER","38.9202293128","-77.0128575813",153,68,221,1488,2089,3577,1257,1817,3074
3301,"MOTOR VEHICLE THEFT","38.9181033489","-77.0128456669",153,68,221,1488,2089,3577,1257,1817,3074
3301,"THEFT F/AUTO","38.9209589129","-77.0135150129",153,68,221,1488,2089,3577,1257,1817,3074
3301,"BURGLARY","38.9213015302","-77.0105975738",153,68,221,1488,2089,3577,1257,1817,3074
3301,"THEFT/OTHER","38.9175537614","-77.0135489607",153,68,221,1488,2089,3577,1257,1817,3074
3301,"THEFT/OTHER","38.9186347608","-77.0135491661",153,68,221,1488,2089,3577,1257,1817,3074
3301,"THEFT/OTHER","38.9175537614","-77.0135489607",153,68,221,1488,2089,3577,1257,1817,3074
3301,"THEFT/OTHER","38.9194183357","-77.0147831675",153,68,221,1488,2089,3577,1257,1817,3074
3301,"THEFT F/AUTO","38.9162568667","-77.0105968242",153,68,221,1488,2089,3577,1257,1817,3074
3301,"ROBBERY","38.9175539148","-77.0121537061",153,68,221,1488,2089,3577,1257,1817,3074
3301,"MOTOR VEHICLE THEFT","38.9186349143","-77.0121538903",153,68,221,1488,2089,3577,1257,1817,3074
3301,"THEFT/OTHER","38.9202291552","-77.0142182939",153,68,221,1488,2089,3577,1257,1817,3074
3301,"MOTOR VEHICLE THEFT","38.9202295396","-77.0105974145",153,68,221,1488,2089,3577,1257,1817,3074
3301,"MOTOR VEHICLE THEFT","38.9213015302","-77.0105975738",153,68,221,1488,2089,3577,1257,1817,3074
3301,"MOTOR VEHICLE THEFT","38.9209589129","-77.0135150129",153,68,221,1488,2089,3577,1257,1817,3074
3301,"MOTOR VEHICLE THEFT","38.9196978969","-77.0121540714",153,68,221,1488,2089,3577,1257,1817,3074
3301,"MOTOR VEHICLE THEFT","38.9213015302","-77.0105975738",153,68,221,1488,2089,3577,1257,1817,3074
3301,"THEFT F/AUTO","38.9202295396","-77.0105974145",153,68,221,1488,2089,3577,1257,1817,3074
3301,"MOTOR VEHICLE THEFT","38.9202295396","-77.0105974145",153,68,221,1488,2089,3577,1257,1817,3074
3301,"THEFT F/AUTO","38.9186349143","-77.0121538903",153,68,221,1488,2089,3577,1257,1817,3074
3301,"ROBBERY","38.9169955426","-77.0106776506",153,68,221,1488,2089,3577,1257,1817,3074
3301,"THEFT/OTHER","38.9181035682","-77.0106662853",153,68,221,1488,2089,3577,1257,1817,3074
3301,"MOTOR VEHICLE THEFT","38.9209589129","-77.0135150129",153,68,221,1488,2089,3577,1257,1817,3074
3301,"THEFT/OTHER","38.9181035682","-77.0106662853",153,68,221,1488,2089,3577,1257,1817,3074
3301,"ROBBERY","38.9169951891","-77.0140216231",153,68,221,1488,2089,3577,1257,1817,3074
3301,"MOTOR VEHICLE THEFT","38.9181033489","-77.0128456669",153,68,221,1488,2089,3577,1257,1817,3074
3301,"MOTOR VEHICLE THEFT","38.9202293128","-77.0128575813",153,68,221,1488,2089,3577,1257,1817,3074
3301,"THEFT F/AUTO","38.9169951891","-77.0140216231",153,68,221,1488,2089,3577,1257,1817,3074
3301,"THEFT F/AUTO","38.9173104173","-77.0145405797",153,68,221,1488,2089,3577,1257,1817,3074
3301,"THEFT/OTHER","38.9169955426","-77.0106776506",153,68,221,1488,2089,3577,1257,1817,3074
3301,"MOTOR VEHICLE THEFT","38.9191665571","-77.0105972566",153,68,221,1488,2089,3577,1257,1817,3074
3301,"THEFT/OTHER","38.9186349143","-77.0121538903",153,68,221,1488,2089,3577,1257,1817,3074
3301,"THEFT/OTHER","38.9202291552","-77.0142182939",153,68,221,1488,2089,3577,1257,1817,3074
3301,"THEFT F/AUTO","38.9175539148","-77.0121537061",153,68,221,1488,2089,3577,1257,1817,3074
3301,"THEFT F/AUTO","38.9186349143","-77.0121538903",153,68,221,1488,2089,3577,1257,1817,3074
3301,"MOTOR VEHICLE THEFT","38.9186349143","-77.0121538903",153,68,221,1488,2089,3577,1257,1817,3074
3301,"THEFT/OTHER","38.9166281407","-77.0090417095",153,68,221,1488,2089,3577,1257,1817,3074
3301,"MOTOR VEHICLE THEFT","38.9175537614","-77.0135489607",153,68,221,1488,2089,3577,1257,1817,3074
3301,"THEFT/OTHER","38.9196977434","-77.013549368",153,68,221,1488,2089,3577,1257,1817,3074
3301,"MOTOR VEHICLE THEFT","38.9169953231","-77.0128569982",153,68,221,1488,2089,3577,1257,1817,3074
3301,"THEFT F/AUTO","38.9191665571","-77.0105972566",153,68,221,1488,2089,3577,1257,1817,3074
3301,"THEFT/OTHER","38.9169953231","-77.0128569982",153,68,221,1488,2089,3577,1257,1817,3074
3301,"THEFT F/AUTO","38.9202293128","-77.0128575813",153,68,221,1488,2089,3577,1257,1817,3074
3301,"THEFT/OTHER","38.9209589129","-77.0135150129",153,68,221,1488,2089,3577,1257,1817,3074
3301,"MOTOR VEHICLE THEFT","38.9207608792","-77.0121542526",153,68,221,1488,2089,3577,1257,1817,3074
3301,"THEFT F/AUTO","38.9175537614","-77.0135489607",153,68,221,1488,2089,3577,1257,1817,3074
3301,"MOTOR VEHICLE THEFT","38.9166350639","-77.0121650804",153,68,221,1488,2089,3577,1257,1817,3074
3301,"MOTOR VEHICLE THEFT","38.9166350639","-77.0121650804",153,68,221,1488,2089,3577,1257,1817,3074
3301,"ROBBERY","38.9156441207","-77.0124185872",153,68,221,1488,2089,3577,1257,1817,3074
3301,"MOTOR VEHICLE THEFT","38.9166350639","-77.0121650804",153,68,221,1488,2089,3577,1257,1817,3074
3301,"MOTOR VEHICLE THEFT","38.9169953231","-77.0128569982",153,68,221,1488,2089,3577,1257,1817,3074
3301,"MOTOR VEHICLE THEFT","38.9166281407","-77.0090417095",153,68,221,1488,2089,3577,1257,1817,3074
3301,"MOTOR VEHICLE THEFT","38.9191663316","-77.0128458583",153,68,221,1488,2089,3577,1257,1817,3074
3301,"ROBBERY","38.9166281407","-77.0090417095",153,68,221,1488,2089,3577,1257,1817,3074
3301,"ROBBERY","38.9160762931","-77.0144019586",153,68,221,1488,2089,3577,1257,1817,3074
3301,"MOTOR VEHICLE THEFT","38.9202291552","-77.0142182939",153,68,221,1488,2089,3577,1257,1817,3074
3301,"THEFT F/AUTO","38.9181035682","-77.0106662853",153,68,221,1488,2089,3577,1257,1817,3074
3301,"THEFT/OTHER","38.9191665571","-77.0105972566",153,68,221,1488,2089,3577,1257,1817,3074
3301,"THEFT F/AUTO","38.9191751894","-77.014148896",153,68,221,1488,2089,3577,1257,1817,3074
3301,"MOTOR VEHICLE THEFT","38.9162568667","-77.0105968242",153,68,221,1488,2089,3577,1257,1817,3074
3302,"THEFT/OTHER","38.9133379102","-77.0131215369",33,11,44,864,922,1786,750,800,1550
3302,"MOTOR VEHICLE THEFT","38.9162568667","-77.0105968242",33,11,44,864,922,1786,750,800,1550
3302,"THEFT F/AUTO","38.9133381654","-77.0106079209",33,11,44,864,922,1786,750,800,1550
3302,"THEFT/OTHER","38.9144550474","-77.0121647085",33,11,44,864,922,1786,750,800,1550
3302,"THEFT/OTHER","38.9137073555","-77.012164581",33,11,44,864,922,1786,750,800,1550
3302,"THEFT/OTHER","38.9137073555","-77.012164581",33,11,44,864,922,1786,750,800,1550
3302,"THEFT/OTHER","38.9125994818","-77.010607811",33,11,44,864,922,1786,750,800,1550
3302,"THEFT F/AUTO","38.9148242673","-77.0132832386",33,11,44,864,922,1786,750,800,1550
3302,"MOTOR VEHICLE THEFT","38.9152656545","-77.0134678114",33,11,44,864,922,1786,750,800,1550
3302,"THEFT F/AUTO","38.9166281407","-77.0090417095",33,11,44,864,922,1786,750,800,1550
3302,"THEFT/OTHER","38.9166281407","-77.0090417095",33,11,44,864,922,1786,750,800,1550
3302,"THEFT F/AUTO","38.9114644279","-77.0106422324",33,11,44,864,922,1786,750,800,1550
3302,"THEFT/OTHER","38.9151757141","-77.0121648314",33,11,44,864,922,1786,750,800,1550
3302,"THEFT/OTHER","38.9133381654","-77.0106079209",33,11,44,864,922,1786,750,800,1550
3302,"MOTOR VEHICLE THEFT","38.9148155261","-77.0106773242",33,11,44,864,922,1786,750,800,1550
3302,"THEFT F/AUTO","38.9166281407","-77.0090417095",33,11,44,864,922,1786,750,800,1550
3302,"THEFT/OTHER","38.9133379102","-77.0131215369",33,11,44,864,922,1786,750,800,1550
3302,"THEFT F/AUTO","38.9148242673","-77.0132832386",33,11,44,864,922,1786,750,800,1550
3302,"THEFT F/AUTO","38.9162568667","-77.0105968242",33,11,44,864,922,1786,750,800,1550
3302,"THEFT/OTHER","38.9125994818","-77.010607811",33,11,44,864,922,1786,750,800,1550
3302,"THEFT/OTHER","38.9137144847","-77.0090488349",33,11,44,864,922,1786,750,800,1550
3302,"THEFT F/AUTO","38.9118518206","-77.0102617966",33,11,44,864,922,1786,750,800,1550
3302,"MOTOR VEHICLE THEFT","38.9125994818","-77.010607811",33,11,44,864,922,1786,750,800,1550
3302,"BURGLARY","38.9166281407","-77.0090417095",33,11,44,864,922,1786,750,800,1550
3302,"MOTOR VEHICLE THEFT","38.9151757141","-77.0121648314",33,11,44,864,922,1786,750,800,1550
3302,"BURGLARY","38.9137073555","-77.012164581",33,11,44,864,922,1786,750,800,1550
3302,"ASSAULT W/DANGEROUS WEAPON","38.9114825787","-77.0090510883",33,11,44,864,922,1786,750,800,1550
3302,"THEFT/OTHER","38.9125994818","-77.010607811",33,11,44,864,922,1786,750,800,1550
3302,"THEFT F/AUTO","38.9125994818","-77.010607811",33,11,44,864,922,1786,750,800,1550
3302,"BURGLARY","38.9125994818","-77.010607811",33,11,44,864,922,1786,750,800,1550
3302,"THEFT/OTHER","38.9155632241","-77.0106082519",33,11,44,864,922,1786,750,800,1550
3302,"THEFT/OTHER","38.9125994818","-77.010607811",33,11,44,864,922,1786,750,800,1550
3302,"BURGLARY","38.9137076381","-77.0090513707",33,11,44,864,922,1786,750,800,1550
3302,"THEFT/OTHER","38.9125994818","-77.010607811",33,11,44,864,922,1786,750,800,1550
3302,"THEFT/OTHER","38.914076849","-77.0106080308",33,11,44,864,922,1786,750,800,1550
3302,"THEFT F/AUTO","38.9133379102","-77.0131215369",33,11,44,864,922,1786,750,800,1550
3302,"THEFT F/AUTO","38.9125994818","-77.010607811",33,11,44,864,922,1786,750,800,1550
3302,"ROBBERY","38.9137073555","-77.012164581",33,11,44,864,922,1786,750,800,1550
3302,"THEFT F/AUTO","38.9148155261","-77.0106773242",33,11,44,864,922,1786,750,800,1550
3302,"THEFT F/AUTO","38.9148242673","-77.0132832386",33,11,44,864,922,1786,750,800,1550
3302,"THEFT/OTHER","38.914076849","-77.0106080308",33,11,44,864,922,1786,750,800,1550
3302,"BURGLARY","38.9133381654","-77.0106079209",33,11,44,864,922,1786,750,800,1550
3302,"THEFT/OTHER","38.9118518206","-77.0102617966",33,11,44,864,922,1786,750,800,1550
3302,"THEFT F/AUTO","38.9166281407","-77.0090417095",33,11,44,864,922,1786,750,800,1550
3302,"THEFT F/AUTO","38.9137073555","-77.012164581",33,11,44,864,922,1786,750,800,1550
3302,"THEFT F/AUTO","38.9166281407","-77.0090417095",33,11,44,864,922,1786,750,800,1550
3302,"THEFT/OTHER","38.9119597747","-77.011806849",33,11,44,864,922,1786,750,800,1550
3302,"THEFT F/AUTO","38.9137076381","-77.0090513707",33,11,44,864,922,1786,750,800,1550
3302,"THEFT/OTHER","38.9162568667","-77.0105968242",33,11,44,864,922,1786,750,800,1550
3302,"MOTOR VEHICLE THEFT","38.9125994818","-77.010607811",33,11,44,864,922,1786,750,800,1550
3302,"THEFT/OTHER","38.9133381654","-77.0106079209",33,11,44,864,922,1786,750,800,1550
3302,"THEFT F/AUTO","38.9151757141","-77.0121648314",33,11,44,864,922,1786,750,800,1550
3302,"THEFT F/AUTO","38.9148155261","-77.0106773242",33,11,44,864,922,1786,750,800,1550
3302,"THEFT/OTHER","38.9148155261","-77.0106773242",33,11,44,864,922,1786,750,800,1550
3302,"BURGLARY","38.9148242673","-77.0132832386",33,11,44,864,922,1786,750,800,1550
3302,"ROBBERY","38.9148155261","-77.0106773242",33,11,44,864,922,1786,750,800,1550
3302,"THEFT/OTHER","38.9129686719","-77.012164455",33,11,44,864,922,1786,750,800,1550
3302,"MOTOR VEHICLE THEFT","38.9148155261","-77.0106773242",33,11,44,864,922,1786,750,800,1550
3302,"BURGLARY","38.9140855969","-77.0131677964",33,11,44,864,922,1786,750,800,1550
3302,"THEFT F/AUTO","38.9129689545","-77.009051277",33,11,44,864,922,1786,750,800,1550
3302,"THEFT/OTHER","38.9125994818","-77.010607811",33,11,44,864,922,1786,750,800,1550
3302,"THEFT/OTHER","38.9148155261","-77.0106773242",33,11,44,864,922,1786,750,800,1550
3302,"THEFT/OTHER","38.9151757141","-77.0121648314",33,11,44,864,922,1786,750,800,1550
3302,"MOTOR VEHICLE THEFT","38.9140855969","-77.0131677964",33,11,44,864,922,1786,750,800,1550
3302,"THEFT F/AUTO","38.914076849","-77.0106080308",33,11,44,864,922,1786,750,800,1550
3302,"THEFT F/AUTO","38.9155632241","-77.0106082519",33,11,44,864,922,1786,750,800,1550
3302,"BURGLARY","38.9166281407","-77.0090417095",33,11,44,864,922,1786,750,800,1550
3302,"THEFT F/AUTO","38.9140855969","-77.0131677964",33,11,44,864,922,1786,750,800,1550
3302,"THEFT F/AUTO","38.9148242673","-77.0132832386",33,11,44,864,922,1786,750,800,1550
3302,"THEFT F/AUTO","38.9162568667","-77.0105968242",33,11,44,864,922,1786,750,800,1550
3302,"MOTOR VEHICLE THEFT","38.9152656545","-77.0134678114",33,11,44,864,922,1786,750,800,1550
3302,"THEFT F/AUTO","38.9144550474","-77.0121647085",33,11,44,864,922,1786,750,800,1550
3302,"THEFT F/AUTO","38.9133381654","-77.0106079209",33,11,44,864,922,1786,750,800,1550
3302,"ROBBERY","38.9162568667","-77.0105968242",33,11,44,864,922,1786,750,800,1550
3302,"THEFT F/AUTO","38.9125994818","-77.010607811",33,11,44,864,922,1786,750,800,1550
3302,"THEFT F/AUTO","38.9125994818","-77.010607811",33,11,44,864,922,1786,750,800,1550
3302,"ROBBERY","38.9144550474","-77.0121647085",33,11,44,864,922,1786,750,800,1550
3302,"ROBBERY","38.9151757141","-77.0121648314",33,11,44,864,922,1786,750,800,1550
3302,"ASSAULT W/DANGEROUS WEAPON","38.9140855969","-77.0131677964",33,11,44,864,922,1786,750,800,1550
3302,"BURGLARY","38.9129686719","-77.012164455",33,11,44,864,922,1786,750,800,1550
3302,"THEFT/OTHER","38.9140855969","-77.0131677964",33,11,44,864,922,1786,750,800,1550
3302,"THEFT F/AUTO","38.9152656545","-77.0134678114",33,11,44,864,922,1786,750,800,1550
3302,"THEFT F/AUTO","38.9145358893","-77.0142286894",33,11,44,864,922,1786,750,800,1550
3302,"THEFT/OTHER","38.9129686719","-77.012164455",33,11,44,864,922,1786,750,800,1550
3302,"THEFT/OTHER","38.9148155261","-77.0106773242",33,11,44,864,922,1786,750,800,1550
3302,"MOTOR VEHICLE THEFT","38.9162568667","-77.0105968242",33,11,44,864,922,1786,750,800,1550
3302,"THEFT F/AUTO","38.9151757141","-77.0121648314",33,11,44,864,922,1786,750,800,1550
3302,"THEFT/OTHER","38.9148242673","-77.0132832386",33,11,44,864,922,1786,750,800,1550
3302,"THEFT/OTHER","38.9133379102","-77.0131215369",33,11,44,864,922,1786,750,800,1550
3302,"THEFT F/AUTO","38.9125994818","-77.010607811",33,11,44,864,922,1786,750,800,1550
3302,"ROBBERY","38.9144550474","-77.0121647085",33,11,44,864,922,1786,750,800,1550
3302,"ROBBERY","38.9155632241","-77.0106082519",33,11,44,864,922,1786,750,800,1550
3302,"ROBBERY","38.9151757141","-77.0121648314",33,11,44,864,922,1786,750,800,1550
3302,"MOTOR VEHICLE THEFT","38.9148155261","-77.0106773242",33,11,44,864,922,1786,750,800,1550
3302,"THEFT/OTHER","38.9125994818","-77.010607811",33,11,44,864,922,1786,750,800,1550
3302,"THEFT/OTHER","38.9162568667","-77.0105968242",33,11,44,864,922,1786,750,800,1550
3302,"THEFT/OTHER","38.9151757141","-77.0121648314",33,11,44,864,922,1786,750,800,1550
3302,"THEFT F/AUTO","38.9155632241","-77.0106082519",33,11,44,864,922,1786,750,800,1550
3302,"ROBBERY","38.9151757141","-77.0121648314",33,11,44,864,922,1786,750,800,1550
3302,"THEFT/OTHER","38.9148242673","-77.0132832386",33,11,44,864,922,1786,750,800,1550
3302,"THEFT/OTHER","38.9137076381","-77.0090513707",33,11,44,864,922,1786,750,800,1550
3302,"THEFT F/AUTO","38.914076849","-77.0106080308",33,11,44,864,922,1786,750,800,1550
3302,"MOTOR VEHICLE THEFT","38.9162568667","-77.0105968242",33,11,44,864,922,1786,750,800,1550
3400,"ASSAULT W/DANGEROUS WEAPON","38.9193097089","-77.0184846969",150,41,191,1426,1001,2427,654,813,1467
3400,"THEFT F/AUTO","38.9232546707","-77.0223950514",150,41,191,1426,1001,2427,654,813,1467
3400,"THEFT F/AUTO","38.9157152568","-77.0192793859",150,41,191,1426,1001,2427,654,813,1467
3400,"MOTOR VEHICLE THEFT","38.9163281184","-77.0174000259",150,41,191,1426,1001,2427,654,813,1467
3400,"THEFT/OTHER","38.9165530069","-77.0194295136",150,41,191,1426,1001,2427,654,813,1467
3400,"THEFT/OTHER","38.9204711758","-77.0219905747",150,41,191,1426,1001,2427,654,813,1467
3400,"BURGLARY","38.9144183224","-77.0175955788",150,41,191,1426,1001,2427,654,813,1467
3400,"MOTOR VEHICLE THEFT","38.9142833879","-77.0162810683",150,41,191,1426,1001,2427,654,813,1467
3400,"THEFT F/AUTO","38.9193097089","-77.0184846969",150,41,191,1426,1001,2427,654,813,1467
3400,"THEFT F/AUTO","38.9140223205","-77.0149780668",150,41,191,1426,1001,2427,654,813,1467
3400,"BURGLARY","38.9165530069","-77.0194295136",150,41,191,1426,1001,2427,654,813,1467
3400,"THEFT/OTHER","38.9172828839","-77.0181728349",150,41,191,1426,1001,2427,654,813,1467
3400,"THEFT/OTHER","38.9166348011","-77.0144712567",150,41,191,1426,1001,2427,654,813,1467
3400,"THEFT F/AUTO","38.9243281745","-77.0121548606",150,41,191,1426,1001,2427,654,813,1467
3400,"ROBBERY","38.9254616463","-77.0227186492",150,41,191,1426,1001,2427,654,813,1467
3400,"ROBBERY","38.9254616463","-77.0227186492",150,41,191,1426,1001,2427,654,813,1467
3400,"THEFT F/AUTO","38.9236782687","-77.0212881104",150,41,191,1426,1001,2427,654,813,1467
3400,"THEFT F/AUTO","38.9268761532","-77.0216581063",150,41,191,1426,1001,2427,654,813,1467
3400,"THEFT/OTHER","38.9194183357","-77.0147831675",150,41,191,1426,1001,2427,654,813,1467
3400,"THEFT/OTHER","38.9174272275","-77.0167660885",150,41,191,1426,1001,2427,654,813,1467
3400,"THEFT/OTHER","38.9151122336","-77.0157047258",150,41,191,1426,1001,2427,654,813,1467
3400,"THEFT/OTHER","38.9158960584","-77.014943868",150,41,191,1426,1001,2427,654,813,1467
3400,"THEFT/OTHER","38.9268761532","-77.0216581063",150,41,191,1426,1001,2427,654,813,1467
3400,"THEFT F/AUTO","38.9195082117","-77.0163399179",150,41,191,1426,1001,2427,654,813,1467
3400,"THEFT/OTHER","38.9137071336","-77.0141362808",150,41,191,1426,1001,2427,654,813,1467
3400,"THEFT F/AUTO","38.9142833879","-77.0162810683",150,41,191,1426,1001,2427,654,813,1467
3400,"ASSAULT W/DANGEROUS WEAPON","38.9142833879","-77.0162810683",150,41,191,1426,1001,2427,654,813,1467
3400,"ROBBERY","38.9158500961","-77.0209398511",150,41,191,1426,1001,2427,654,813,1467
3400,"MOTOR VEHICLE THEFT","38.9204711758","-77.0219905747",150,41,191,1426,1001,2427,654,813,1467
3400,"BURGLARY","38.9159408677","-77.0166619621",150,41,191,1426,1001,2427,654,813,1467
3400,"THEFT/OTHER","38.9145358893","-77.0142286894",150,41,191,1426,1001,2427,654,813,1467
3400,"THEFT F/AUTO","38.9157152568","-77.0192793859",150,41,191,1426,1001,2427,654,813,1467
3400,"THEFT/OTHER","38.9159408677","-77.0166619621",150,41,191,1426,1001,2427,654,813,1467
3400,"SEX ABUSE","38.9188684083","-77.0177927079",150,41,191,1426,1001,2427,654,813,1467
3400,"THEFT/OTHER","38.918508305","-77.0162128458",150,41,191,1426,1001,2427,654,813,1467
3400,"MOTOR VEHICLE THEFT","38.9131665724","-77.0146319775",150,41,191,1426,1001,2427,654,813,1467
3400,"THEFT F/AUTO","38.9236782687","-77.0212881104",150,41,191,1426,1001,2427,654,813,1467
3400,"THEFT/OTHER","38.9144183224","-77.0175955788",150,41,191,1426,1001,2427,654,813,1467
3400,"THEFT/OTHER","38.9236782687","-77.0212881104",150,41,191,1426,1001,2427,654,813,1467
3400,"THEFT F/AUTO","38.9148865876","-77.0186795707",150,41,191,1426,1001,2427,654,813,1467
3400,"THEFT/OTHER","38.9269930171","-77.0229382556",150,41,191,1426,1001,2427,654,813,1467
3400,"SEX ABUSE","38.9193097089","-77.0184846969",150,41,191,1426,1001,2427,654,813,1467
3400,"THEFT F/AUTO","38.9195082117","-77.0163399179",150,41,191,1426,1001,2427,654,813,1467
3400,"THEFT F/AUTO","38.9225795288","-77.0197194517",150,41,191,1426,1001,2427,654,813,1467
3400,"ROBBERY","38.9194892835","-77.0219095525",150,41,191,1426,1001,2427,654,813,1467
3400,"THEFT/OTHER","38.9204711758","-77.0219905747",150,41,191,1426,1001,2427,654,813,1467
3400,"ASSAULT W/DANGEROUS WEAPON","38.9191833711","-77.0198338256",150,41,191,1426,1001,2427,654,813,1467
3400,"THEFT F/AUTO","38.9158960584","-77.014943868",150,41,191,1426,1001,2427,654,813,1467
3400,"ASSAULT W/DANGEROUS WEAPON","38.9189138767","-77.0147254067",150,41,191,1426,1001,2427,654,813,1467
3400,"THEFT F/AUTO","38.9268761532","-77.0216581063",150,41,191,1426,1001,2427,654,813,1467
3400,"THEFT F/AUTO","38.9174272275","-77.0167660885",150,41,191,1426,1001,2427,654,813,1467
3400,"THEFT/OTHER","38.9175982636","-77.0175963634",150,41,191,1426,1001,2427,654,813,1467
3400,"THEFT F/AUTO","38.9243281745","-77.0121548606",150,41,191,1426,1001,2427,654,813,1467
3400,"THEFT F/AUTO","38.9159408677","-77.0166619621",150,41,191,1426,1001,2427,654,813,1467
3400,"BURGLARY","38.9225795288","-77.0197194517",150,41,191,1426,1001,2427,654,813,1467
3400,"ASSAULT W/DANGEROUS WEAPON","38.9137071336","-77.0141362808",150,41,191,1426,1001,2427,654,813,1467
3400,"THEFT/OTHER","38.9158415847","-77.0179533834",150,41,191,1426,1001,2427,654,813,1467
3400,"ROBBERY","38.9188684083","-77.0177927079",150,41,191,1426,1001,2427,654,813,1467
3400,"MOTOR VEHICLE THEFT","38.9243281745","-77.0121548606",150,41,191,1426,1001,2427,654,813,1467
3400,"MOTOR VEHICLE THEFT","38.9174272275","-77.0167660885",150,41,191,1426,1001,2427,654,813,1467
3400,"THEFT F/AUTO","38.9268761532","-77.0216581063",150,41,191,1426,1001,2427,654,813,1467
3400,"THEFT/OTHER","38.9147339745","-77.015012808",150,41,191,1426,1001,2427,654,813,1467
3400,"THEFT/OTHER","38.9204711758","-77.0219905747",150,41,191,1426,1001,2427,654,813,1467
3400,"THEFT/OTHER","38.917002987","-77.0218972577",150,41,191,1426,1001,2427,654,813,1467
3400,"THEFT/OTHER","38.9158415847","-77.0179533834",150,41,191,1426,1001,2427,654,813,1467
3400,"THEFT/OTHER","38.9205081147","-77.0164900566",150,41,191,1426,1001,2427,654,813,1467
3400,"THEFT F/AUTO","38.9208592004","-77.0181045569",150,41,191,1426,1001,2427,654,813,1467
3400,"BURGLARY","38.9151122336","-77.0157047258",150,41,191,1426,1001,2427,654,813,1467
3400,"ROBBERY","38.9158960584","-77.014943868",150,41,191,1426,1001,2427,654,813,1467
3400,"THEFT F/AUTO","38.9175625579","-77.0152670861",150,41,191,1426,1001,2427,654,813,1467
3400,"BURGLARY","38.9160664419","-77.0201096977",150,41,191,1426,1001,2427,654,813,1467
3400,"MOTOR VEHICLE THEFT","38.9269930171","-77.0229382556",150,41,191,1426,1001,2427,654,813,1467
3400,"BURGLARY","38.9164995012","-77.0158203399",150,41,191,1426,1001,2427,654,813,1467
3400,"THEFT F/AUTO","38.9263894781","-77.0228458018",150,41,191,1426,1001,2427,654,813,1467
3400,"THEFT F/AUTO","38.9165530069","-77.0194295136",150,41,191,1426,1001,2427,654,813,1467
3400,"THEFT/OTHER","38.9131665724","-77.0146319775",150,41,191,1426,1001,2427,654,813,1467
3400,"ASSAULT W/DANGEROUS WEAPON","38.9188684083","-77.0177927079",150,41,191,1426,1001,2427,654,813,1467
3400,"THEFT/OTHER","38.9161112266","-77.02155106",150,41,191,1426,1001,2427,654,813,1467
3400,"THEFT F/AUTO","38.9196066206","-77.02065267",150,41,191,1426,1001,2427,654,813,1467
3400,"THEFT F/AUTO","38.9194892835","-77.0219095525",150,41,191,1426,1001,2427,654,813,1467
3400,"THEFT F/AUTO","38.9254616463","-77.0227186492",150,41,191,1426,1001,2427,654,813,1467
3400,"THEFT/OTHER","38.9189138767","-77.0147254067",150,41,191,1426,1001,2427,654,813,1467
3400,"THEFT F/AUTO","38.9145358893","-77.0142286894",150,41,191,1426,1001,2427,654,813,1467
3400,"THEFT/OTHER","38.9165530069","-77.0194295136",150,41,191,1426,1001,2427,654,813,1467
3400,"THEFT F/AUTO","38.9172828839","-77.0181728349",150,41,191,1426,1001,2427,654,813,1467
3400,"THEFT/OTHER","38.9173104173","-77.0145405797",150,41,191,1426,1001,2427,654,813,1467
3400,"ASSAULT W/DANGEROUS WEAPON","38.9274166392","-77.0217274662",150,41,191,1426,1001,2427,654,813,1467
3400,"THEFT F/AUTO","38.9164537239","-77.0205479793",150,41,191,1426,1001,2427,654,813,1467
3400,"BURGLARY","38.9142833879","-77.0162810683",150,41,191,1426,1001,2427,654,813,1467
3400,"MOTOR VEHICLE THEFT","38.9150579725","-77.0172036953",150,41,191,1426,1001,2427,654,813,1467
3400,"MOTOR VEHICLE THEFT","38.9204711758","-77.0219905747",150,41,191,1426,1001,2427,654,813,1467
3400,"THEFT F/AUTO","38.9160664419","-77.0201096977",150,41,191,1426,1001,2427,654,813,1467
3400,"THEFT F/AUTO","38.9157152568","-77.0192793859",150,41,191,1426,1001,2427,654,813,1467
3400,"THEFT/OTHER","38.9151122336","-77.0157047258",150,41,191,1426,1001,2427,654,813,1467
3400,"THEFT F/AUTO","38.9147339745","-77.015012808",150,41,191,1426,1001,2427,654,813,1467
3400,"THEFT/OTHER","38.913544808","-77.0155198945",150,41,191,1426,1001,2427,654,813,1467
3400,"THEFT F/AUTO","38.9223900068","-77.0216798075",150,41,191,1426,1001,2427,654,813,1467
3400,"THEFT/OTHER","38.9194892835","-77.0219095525",150,41,191,1426,1001,2427,654,813,1467
3400,"THEFT/OTHER","38.9131665724","-77.0146319775",150,41,191,1426,1001,2427,654,813,1467
3400,"BURGLARY","38.9205081147","-77.0164900566",150,41,191,1426,1001,2427,654,813,1467
3400,"ROBBERY","38.9152829854","-77.0184836533",150,41,191,1426,1001,2427,654,813,1467
3400,"HOMICIDE","38.9269930171","-77.0229382556",150,41,191,1426,1001,2427,654,813,1467
3400,"THEFT/OTHER","38.9188684083","-77.0177927079",150,41,191,1426,1001,2427,654,813,1467
3400,"THEFT/OTHER","38.9188684083","-77.0177927079",150,41,191,1426,1001,2427,654,813,1467
3400,"HOMICIDE","38.9160664419","-77.0201096977",150,41,191,1426,1001,2427,654,813,1467
3400,"THEFT/OTHER","38.9268761532","-77.0216581063",150,41,191,1426,1001,2427,654,813,1467
3400,"THEFT F/AUTO","38.9174809631","-77.0188301535",150,41,191,1426,1001,2427,654,813,1467
3400,"THEFT/OTHER","38.9188684083","-77.0177927079",150,41,191,1426,1001,2427,654,813,1467
3400,"ASSAULT W/DANGEROUS WEAPON","38.9142833879","-77.0162810683",150,41,191,1426,1001,2427,654,813,1467
3400,"ASSAULT W/DANGEROUS WEAPON","38.917002987","-77.0218972577",150,41,191,1426,1001,2427,654,813,1467
3400,"THEFT F/AUTO","38.9165530069","-77.0194295136",150,41,191,1426,1001,2427,654,813,1467
3400,"THEFT F/AUTO","38.9140223205","-77.0149780668",150,41,191,1426,1001,2427,654,813,1467
3400,"THEFT F/AUTO","38.9194892835","-77.0219095525",150,41,191,1426,1001,2427,654,813,1467
3400,"ASSAULT W/DANGEROUS WEAPON","38.9183098082","-77.0183345328",150,41,191,1426,1001,2427,654,813,1467
3400,"THEFT/OTHER","38.918508305","-77.0162128458",150,41,191,1426,1001,2427,654,813,1467
3400,"THEFT/OTHER","38.917002987","-77.0218972577",150,41,191,1426,1001,2427,654,813,1467
3400,"THEFT/OTHER","38.913544808","-77.0155198945",150,41,191,1426,1001,2427,654,813,1467
3400,"THEFT F/AUTO","38.9195082117","-77.0163399179",150,41,191,1426,1001,2427,654,813,1467
3400,"ROBBERY","38.9151122336","-77.0157047258",150,41,191,1426,1001,2427,654,813,1467
3400,"THEFT F/AUTO","38.9221837475","-77.0158792598",150,41,191,1426,1001,2427,654,813,1467
3400,"MOTOR VEHICLE THEFT","38.9274166392","-77.0217274662",150,41,191,1426,1001,2427,654,813,1467
3400,"THEFT F/AUTO","38.9223900068","-77.0216798075",150,41,191,1426,1001,2427,654,813,1467
3400,"ROBBERY","38.9158960584","-77.014943868",150,41,191,1426,1001,2427,654,813,1467
3400,"THEFT/OTHER","38.9147064865","-77.018264423",150,41,191,1426,1001,2427,654,813,1467
3400,"THEFT F/AUTO","38.917002987","-77.0218972577",150,41,191,1426,1001,2427,654,813,1467
3400,"THEFT F/AUTO","38.917002987","-77.0218972577",150,41,191,1426,1001,2427,654,813,1467
3400,"THEFT F/AUTO","38.9147339745","-77.015012808",150,41,191,1426,1001,2427,654,813,1467
3400,"THEFT F/AUTO","38.9193097089","-77.0184846969",150,41,191,1426,1001,2427,654,813,1467
3400,"THEFT F/AUTO","38.9174272275","-77.0167660885",150,41,191,1426,1001,2427,654,813,1467
3400,"THEFT F/AUTO","38.9131665724","-77.0146319775",150,41,191,1426,1001,2427,654,813,1467
3400,"THEFT F/AUTO","38.918508305","-77.0162128458",150,41,191,1426,1001,2427,654,813,1467
3400,"ROBBERY","38.9166883484","-77.0180804363",150,41,191,1426,1001,2427,654,813,1467
3400,"THEFT/OTHER","38.9157152568","-77.0192793859",150,41,191,1426,1001,2427,654,813,1467
3400,"MOTOR VEHICLE THEFT","38.9195082117","-77.0163399179",150,41,191,1426,1001,2427,654,813,1467
3400,"THEFT/OTHER","38.917002987","-77.0218972577",150,41,191,1426,1001,2427,654,813,1467
3400,"ASSAULT W/DANGEROUS WEAPON","38.9158500961","-77.0209398511",150,41,191,1426,1001,2427,654,813,1467
3400,"THEFT F/AUTO","38.9175625579","-77.0152670861",150,41,191,1426,1001,2427,654,813,1467
3400,"ASSAULT W/DANGEROUS WEAPON","38.917002987","-77.0218972577",150,41,191,1426,1001,2427,654,813,1467
3400,"THEFT/OTHER","38.9173104173","-77.0145405797",150,41,191,1426,1001,2427,654,813,1467
3400,"BURGLARY","38.9166883484","-77.0180804363",150,41,191,1426,1001,2427,654,813,1467
3400,"THEFT F/AUTO","38.9268761532","-77.0216581063",150,41,191,1426,1001,2427,654,813,1467
3400,"THEFT/OTHER","38.9150579725","-77.0172036953",150,41,191,1426,1001,2427,654,813,1467
3400,"THEFT/OTHER","38.9145358893","-77.0142286894",150,41,191,1426,1001,2427,654,813,1467
3400,"THEFT/OTHER","38.918508305","-77.0162128458",150,41,191,1426,1001,2427,654,813,1467
3400,"ASSAULT W/DANGEROUS WEAPON","38.9195082117","-77.0163399179",150,41,191,1426,1001,2427,654,813,1467
3400,"THEFT F/AUTO","38.9217685589","-77.0209877158",150,41,191,1426,1001,2427,654,813,1467
3400,"THEFT/OTHER","38.9131665724","-77.0146319775",150,41,191,1426,1001,2427,654,813,1467
3400,"THEFT/OTHER","38.9188684083","-77.0177927079",150,41,191,1426,1001,2427,654,813,1467
3400,"THEFT F/AUTO","38.9152829854","-77.0184836533",150,41,191,1426,1001,2427,654,813,1467
3400,"THEFT F/AUTO","38.9137071336","-77.0141362808",150,41,191,1426,1001,2427,654,813,1467
3400,"ASSAULT W/DANGEROUS WEAPON","38.9145358893","-77.0142286894",150,41,191,1426,1001,2427,654,813,1467
3400,"MOTOR VEHICLE THEFT","38.9150579725","-77.0172036953",150,41,191,1426,1001,2427,654,813,1467
3400,"THEFT F/AUTO","38.9268761532","-77.0216581063",150,41,191,1426,1001,2427,654,813,1467
3400,"THEFT/OTHER","38.918508305","-77.0162128458",150,41,191,1426,1001,2427,654,813,1467
3400,"THEFT F/AUTO","38.9147339745","-77.015012808",150,41,191,1426,1001,2427,654,813,1467
3400,"THEFT F/AUTO","38.9164537239","-77.0205479793",150,41,191,1426,1001,2427,654,813,1467
3400,"ROBBERY","38.9158960584","-77.014943868",150,41,191,1426,1001,2427,654,813,1467
3400,"THEFT/OTHER","38.9174272275","-77.0167660885",150,41,191,1426,1001,2427,654,813,1467
3400,"ASSAULT W/DANGEROUS WEAPON","38.9188684083","-77.0177927079",150,41,191,1426,1001,2427,654,813,1467
3400,"THEFT/OTHER","38.9205081147","-77.0164900566",150,41,191,1426,1001,2427,654,813,1467
3400,"THEFT/OTHER","38.9151122336","-77.0157047258",150,41,191,1426,1001,2427,654,813,1467
3400,"THEFT F/AUTO","38.9196066206","-77.02065267",150,41,191,1426,1001,2427,654,813,1467
3400,"THEFT/OTHER","38.9173104173","-77.0145405797",150,41,191,1426,1001,2427,654,813,1467
3400,"THEFT F/AUTO","38.9232546707","-77.0223950514",150,41,191,1426,1001,2427,654,813,1467
3400,"BURGLARY","38.9269930171","-77.0229382556",150,41,191,1426,1001,2427,654,813,1467
3400,"MOTOR VEHICLE THEFT","38.9164995012","-77.0158203399",150,41,191,1426,1001,2427,654,813,1467
3400,"THEFT F/AUTO","38.917002987","-77.0218972577",150,41,191,1426,1001,2427,654,813,1467
3400,"THEFT F/AUTO","38.9148865876","-77.0186795707",150,41,191,1426,1001,2427,654,813,1467
3400,"THEFT F/AUTO","38.9164537239","-77.0205479793",150,41,191,1426,1001,2427,654,813,1467
3400,"ROBBERY","38.9188684083","-77.0177927079",150,41,191,1426,1001,2427,654,813,1467
3400,"THEFT/OTHER","38.9150579725","-77.0172036953",150,41,191,1426,1001,2427,654,813,1467
3400,"THEFT F/AUTO","38.913544808","-77.0155198945",150,41,191,1426,1001,2427,654,813,1467
3400,"BURGLARY","38.9225795288","-77.0197194517",150,41,191,1426,1001,2427,654,813,1467
3400,"THEFT/OTHER","38.9164537239","-77.0205479793",150,41,191,1426,1001,2427,654,813,1467
3400,"THEFT/OTHER","38.9172021369","-77.0159242745",150,41,191,1426,1001,2427,654,813,1467
3500,"THEFT F/AUTO","38.9168675623","-77.0234423594",121,131,252,1136,1220,2356,720,931,1651
3500,"THEFT F/AUTO","38.9250199473","-77.0241715704",121,131,252,1136,1220,2356,720,931,1651
3500,"THEFT/OTHER","38.926497268","-77.0243796558",121,131,252,1136,1220,2356,720,931,1651
3500,"ASSAULT W/DANGEROUS WEAPON","38.926497268","-77.0243796558",121,131,252,1136,1220,2356,720,931,1651
3500,"MOTOR VEHICLE THEFT","38.9266050403","-77.0259019819",121,131,252,1136,1220,2356,720,931,1651
3500,"THEFT F/AUTO","38.9222901774","-77.0253468884",121,131,252,1136,1220,2356,720,931,1651
3500,"THEFT F/AUTO","38.923091538","-77.0270423664",121,131,252,1136,1220,2356,720,931,1651
3500,"THEFT F/AUTO","38.9193089155","-77.0229588467",121,131,252,1136,1220,2356,720,931,1651
3500,"THEFT/OTHER","38.9177593847","-77.0234541836",121,131,252,1136,1220,2356,720,931,1651
3500,"BURGLARY","38.9202002788","-77.0251962367",121,131,252,1136,1220,2356,720,931,1651
3500,"MOTOR VEHICLE THEFT","38.9164804033","-77.0224275167",121,131,252,1136,1220,2356,720,931,1651
3500,"THEFT/OTHER","38.9260018251","-77.024310292",121,131,252,1136,1220,2356,720,931,1651
3500,"THEFT/OTHER","38.9252535343","-77.0270431863",121,131,252,1136,1220,2356,720,931,1651
3500,"ROBBERY","38.9262444491","-77.0270435621",121,131,252,1136,1220,2356,720,931,1651
3500,"THEFT F/AUTO","38.9193089155","-77.0229588467",121,131,252,1136,1220,2356,720,931,1651
3500,"MOTOR VEHICLE THEFT","38.9249752107","-77.0226493008",121,131,252,1136,1220,2356,720,931,1651
3500,"THEFT F/AUTO","38.9193089155","-77.0229588467",121,131,252,1136,1220,2356,720,931,1651
3500,"ASSAULT W/DANGEROUS WEAPON","38.9244887771","-77.0225684212",121,131,252,1136,1220,2356,720,931,1651
3500,"ASSAULT W/DANGEROUS WEAPON","38.9250199473","-77.0241715704",121,131,252,1136,1220,2356,720,931,1651
3500,"BURGLARY","38.9253709367","-77.0257400815",121,131,252,1136,1220,2356,720,931,1651
3500,"THEFT F/AUTO","38.9222901774","-77.0253468884",121,131,252,1136,1220,2356,720,931,1651
3500,"THEFT F/AUTO","38.9194616308","-77.0250345369",121,131,252,1136,1220,2356,720,931,1651
3500,"THEFT F/AUTO","38.9215871483","-77.027041796",121,131,252,1136,1220,2356,720,931,1651
3500,"THEFT/OTHER","38.9187860896","-77.024642238",121,131,252,1136,1220,2356,720,931,1651
3500,"THEFT F/AUTO","38.9243980739","-77.0255782804",121,131,252,1136,1220,2356,720,931,1651
3500,"THEFT F/AUTO","38.9240832164","-77.023513924",121,131,252,1136,1220,2356,720,931,1651
3500,"THEFT F/AUTO","38.9232546707","-77.0223950514",121,131,252,1136,1220,2356,720,931,1651
3500,"THEFT F/AUTO","38.9177593847","-77.0234541836",121,131,252,1136,1220,2356,720,931,1651
3500,"THEFT F/AUTO","38.9243980739","-77.0255782804",121,131,252,1136,1220,2356,720,931,1651
3500,"THEFT/OTHER","38.9215871483","-77.027041796",121,131,252,1136,1220,2356,720,931,1651
3500,"THEFT F/AUTO","38.9223804835","-77.0242975257",121,131,252,1136,1220,2356,720,931,1651
3500,"THEFT F/AUTO","38.9263894781","-77.0228458018",121,131,252,1136,1220,2356,720,931,1651
3500,"THEFT/OTHER","38.9168675623","-77.0234423594",121,131,252,1136,1220,2356,720,931,1651
3500,"THEFT F/AUTO","38.9194616308","-77.0250345369",121,131,252,1136,1220,2356,720,931,1651
3500,"ROBBERY","38.9261095983","-77.0258326075",121,131,252,1136,1220,2356,720,931,1651
3500,"THEFT F/AUTO","38.9215871483","-77.027041796",121,131,252,1136,1220,2356,720,931,1651
3500,"THEFT F/AUTO","38.9177593847","-77.0234541836",121,131,252,1136,1220,2356,720,931,1651
3500,"ROBBERY","38.9262444491","-77.0270435621",121,131,252,1136,1220,2356,720,931,1651
3500,"THEFT F/AUTO","38.9248212932","-77.02635109",121,131,252,1136,1220,2356,720,931,1651
3500,"THEFT F/AUTO","38.9232546707","-77.0223950514",121,131,252,1136,1220,2356,720,931,1651
3500,"THEFT F/AUTO","38.9222901774","-77.0253468884",121,131,252,1136,1220,2356,720,931,1651
3500,"THEFT F/AUTO","38.9207228797","-77.0246429072",121,131,252,1136,1220,2356,720,931,1651
3500,"THEFT F/AUTO","38.9222901774","-77.0253468884",121,131,252,1136,1220,2356,720,931,1651
3500,"MOTOR VEHICLE THEFT","38.9187682286","-77.023892702",121,131,252,1136,1220,2356,720,931,1651
3500,"ROBBERY","38.9164804033","-77.0224275167",121,131,252,1136,1220,2356,720,931,1651
3500,"MOTOR VEHICLE THEFT","38.9187860896","-77.024642238",121,131,252,1136,1220,2356,720,931,1651
3500,"THEFT F/AUTO","38.9168675623","-77.0234423594",121,131,252,1136,1220,2356,720,931,1651
3500,"THEFT/OTHER","38.9250199473","-77.0241715704",121,131,252,1136,1220,2356,720,931,1651
3500,"THEFT F/AUTO","38.9261095983","-77.0258326075",121,131,252,1136,1220,2356,720,931,1651
3500,"THEFT/OTHER","38.9263894781","-77.0228458018",121,131,252,1136,1220,2356,720,931,1651
3500,"THEFT F/AUTO","38.923091538","-77.0270423664",121,131,252,1136,1220,2356,720,931,1651
3500,"ROBBERY","38.9168675623","-77.0234423594",121,131,252,1136,1220,2356,720,931,1651
3500,"THEFT/OTHER","38.9187860896","-77.024642238",121,131,252,1136,1220,2356,720,931,1651
3500,"THEFT F/AUTO","38.9240832164","-77.023513924",121,131,252,1136,1220,2356,720,931,1651
3500,"THEFT F/AUTO","38.9232546707","-77.0223950514",121,131,252,1136,1220,2356,720,931,1651
3500,"THEFT/OTHER","38.9177593847","-77.0234541836",121,131,252,1136,1220,2356,720,931,1651
3500,"BURGLARY","38.9244887771","-77.0225684212",121,131,252,1136,1220,2356,720,931,1651
3500,"SEX ABUSE","38.9258121898","-77.0264321828",121,131,252,1136,1220,2356,720,931,1651
3500,"THEFT/OTHER","38.9260018251","-77.024310292",121,131,252,1136,1220,2356,720,931,1651
3500,"THEFT F/AUTO","38.9193089155","-77.0229588467",121,131,252,1136,1220,2356,720,931,1651
3500,"THEFT/OTHER","38.9263894781","-77.0228458018",121,131,252,1136,1220,2356,720,931,1651
3500,"THEFT F/AUTO","38.9172279939","-77.0229466458",121,131,252,1136,1220,2356,720,931,1651
3500,"THEFT F/AUTO","38.9202002788","-77.0251962367",121,131,252,1136,1220,2356,720,931,1651
3500,"THEFT F/AUTO","38.9252535343","-77.0270431863",121,131,252,1136,1220,2356,720,931,1651
3500,"MOTOR VEHICLE THEFT","38.917002987","-77.0218972577",121,131,252,1136,1220,2356,720,931,1651
3500,"THEFT F/AUTO","38.9254616463","-77.0227186492",121,131,252,1136,1220,2356,720,931,1651
3500,"THEFT/OTHER","38.9243980739","-77.0255782804",121,131,252,1136,1220,2356,720,931,1651
3500,"THEFT F/AUTO","38.9215871483","-77.027041796",121,131,252,1136,1220,2356,720,931,1651
3500,"THEFT F/AUTO","38.9177595861","-77.022427919",121,131,252,1136,1220,2356,720,931,1651
3500,"THEFT F/AUTO","38.9164804033","-77.0224275167",121,131,252,1136,1220,2356,720,931,1651
3500,"THEFT/OTHER","38.9222901774","-77.0253468884",121,131,252,1136,1220,2356,720,931,1651
3500,"ROBBERY","38.9168675623","-77.0234423594",121,131,252,1136,1220,2356,720,931,1651
3500,"THEFT F/AUTO","38.9222901774","-77.0253468884",121,131,252,1136,1220,2356,720,931,1651
3500,"THEFT/OTHER","38.9187860896","-77.024642238",121,131,252,1136,1220,2356,720,931,1651
3500,"ASSAULT W/DANGEROUS WEAPON","38.9164804033","-77.0224275167",121,131,252,1136,1220,2356,720,931,1651
3500,"THEFT F/AUTO","38.9222901774","-77.0253468884",121,131,252,1136,1220,2356,720,931,1651
3500,"THEFT F/AUTO","38.9250199473","-77.0241715704",121,131,252,1136,1220,2356,720,931,1651
3500,"ROBBERY","38.9263894781","-77.0228458018",121,131,252,1136,1220,2356,720,931,1651
3500,"THEFT F/AUTO","38.9269930171","-77.0229382556",121,131,252,1136,1220,2356,720,931,1651
3500,"MOTOR VEHICLE THEFT","38.9243980739","-77.0255782804",121,131,252,1136,1220,2356,720,931,1651
3500,"THEFT/OTHER","38.9168675623","-77.0234423594",121,131,252,1136,1220,2356,720,931,1651
3500,"THEFT/OTHER","38.9204711758","-77.0219905747",121,131,252,1136,1220,2356,720,931,1651
3500,"THEFT F/AUTO","38.9194616308","-77.0250345369",121,131,252,1136,1220,2356,720,931,1651
3500,"THEFT/OTHER","38.9222901774","-77.0253468884",121,131,252,1136,1220,2356,720,931,1651
3500,"THEFT F/AUTO","38.9266050403","-77.0259019819",121,131,252,1136,1220,2356,720,931,1651
3500,"THEFT/OTHER","38.9258121898","-77.0264321828",121,131,252,1136,1220,2356,720,931,1651
3500,"THEFT/OTHER","38.9266050403","-77.0259019819",121,131,252,1136,1220,2356,720,931,1651
3500,"THEFT F/AUTO","38.9232546707","-77.0223950514",121,131,252,1136,1220,2356,720,931,1651
3500,"THEFT F/AUTO","38.9177593847","-77.0234541836",121,131,252,1136,1220,2356,720,931,1651
3500,"THEFT F/AUTO","38.9249752107","-77.0226493008",121,131,252,1136,1220,2356,720,931,1651
3500,"THEFT F/AUTO","38.9193089155","-77.0229588467",121,131,252,1136,1220,2356,720,931,1651
3500,"THEFT F/AUTO","38.9215871483","-77.027041796",121,131,252,1136,1220,2356,720,931,1651
3500,"THEFT/OTHER","38.9193089155","-77.0229588467",121,131,252,1136,1220,2356,720,931,1651
3500,"ASSAULT W/DANGEROUS WEAPON","38.9250199473","-77.0241715704",121,131,252,1136,1220,2356,720,931,1651
3500,"THEFT/OTHER","38.9191732797","-77.0254264997",121,131,252,1136,1220,2356,720,931,1651
3500,"THEFT F/AUTO","38.9239567911","-77.0250015188",121,131,252,1136,1220,2356,720,931,1651
3500,"THEFT F/AUTO","38.9232546707","-77.0223950514",121,131,252,1136,1220,2356,720,931,1651
3500,"THEFT F/AUTO","38.9243980739","-77.0255782804",121,131,252,1136,1220,2356,720,931,1651
3500,"THEFT F/AUTO","38.9193089155","-77.0229588467",121,131,252,1136,1220,2356,720,931,1651
3500,"ROBBERY","38.9164804033","-77.0224275167",121,131,252,1136,1220,2356,720,931,1651
3500,"MOTOR VEHICLE THEFT","38.9248212932","-77.02635109",121,131,252,1136,1220,2356,720,931,1651
3500,"THEFT F/AUTO","38.9193089155","-77.0229588467",121,131,252,1136,1220,2356,720,931,1651
3500,"MOTOR VEHICLE THEFT","38.9222901774","-77.0253468884",121,131,252,1136,1220,2356,720,931,1651
3500,"ROBBERY","38.9260018251","-77.024310292",121,131,252,1136,1220,2356,720,931,1651
3500,"THEFT F/AUTO","38.9248212932","-77.02635109",121,131,252,1136,1220,2356,720,931,1651
3500,"THEFT F/AUTO","38.9193089155","-77.0229588467",121,131,252,1136,1220,2356,720,931,1651
3500,"THEFT F/AUTO","38.9232546707","-77.0223950514",121,131,252,1136,1220,2356,720,931,1651
3500,"THEFT F/AUTO","38.9187860896","-77.024642238",121,131,252,1136,1220,2356,720,931,1651
3500,"THEFT/OTHER","38.9193089155","-77.0229588467",121,131,252,1136,1220,2356,720,931,1651
3500,"THEFT/OTHER","38.9193089155","-77.0229588467",121,131,252,1136,1220,2356,720,931,1651
3500,"BURGLARY","38.9262444491","-77.0270435621",121,131,252,1136,1220,2356,720,931,1651
3500,"THEFT/OTHER","38.9164804033","-77.0224275167",121,131,252,1136,1220,2356,720,931,1651
3500,"THEFT F/AUTO","38.9250199473","-77.0241715704",121,131,252,1136,1220,2356,720,931,1651
3500,"THEFT/OTHER","38.9260018251","-77.024310292",121,131,252,1136,1220,2356,720,931,1651
3500,"THEFT F/AUTO","38.9249752107","-77.0226493008",121,131,252,1136,1220,2356,720,931,1651
3500,"THEFT F/AUTO","38.9193089155","-77.0229588467",121,131,252,1136,1220,2356,720,931,1651
3500,"THEFT F/AUTO","38.9187682286","-77.023892702",121,131,252,1136,1220,2356,720,931,1651
3500,"THEFT F/AUTO","38.9222901774","-77.0253468884",121,131,252,1136,1220,2356,720,931,1651
3500,"ROBBERY","38.917002987","-77.0218972577",121,131,252,1136,1220,2356,720,931,1651
3500,"THEFT/OTHER","38.9177593847","-77.0234541836",121,131,252,1136,1220,2356,720,931,1651
3500,"ROBBERY","38.9262444491","-77.0270435621",121,131,252,1136,1220,2356,720,931,1651
3500,"THEFT F/AUTO","38.923091538","-77.0270423664",121,131,252,1136,1220,2356,720,931,1651
3500,"THEFT F/AUTO","38.9193089155","-77.0229588467",121,131,252,1136,1220,2356,720,931,1651
3500,"THEFT/OTHER","38.9254616463","-77.0227186492",121,131,252,1136,1220,2356,720,931,1651
3500,"MOTOR VEHICLE THEFT","38.9262444491","-77.0270435621",121,131,252,1136,1220,2356,720,931,1651
3500,"ROBBERY","38.9232546707","-77.0223950514",121,131,252,1136,1220,2356,720,931,1651
3500,"MOTOR VEHICLE THEFT","38.9168675623","-77.0234423594",121,131,252,1136,1220,2356,720,931,1651
3500,"MOTOR VEHICLE THEFT","38.9259570902","-77.0227880014",121,131,252,1136,1220,2356,720,931,1651
3500,"THEFT F/AUTO","38.9168675623","-77.0234423594",121,131,252,1136,1220,2356,720,931,1651
3500,"THEFT/OTHER","38.9177595861","-77.022427919",121,131,252,1136,1220,2356,720,931,1651
3500,"THEFT F/AUTO","38.9207228797","-77.0246429072",121,131,252,1136,1220,2356,720,931,1651
3500,"MOTOR VEHICLE THEFT","38.9266050403","-77.0259019819",121,131,252,1136,1220,2356,720,931,1651
3500,"THEFT/OTHER","38.9260018251","-77.024310292",121,131,252,1136,1220,2356,720,931,1651
3500,"MOTOR VEHICLE THEFT","38.9239567911","-77.0250015188",121,131,252,1136,1220,2356,720,931,1651
3500,"THEFT/OTHER","38.9215871483","-77.027041796",121,131,252,1136,1220,2356,720,931,1651
3500,"THEFT/OTHER","38.9242626194","-77.0270428105",121,131,252,1136,1220,2356,720,931,1651
3500,"THEFT F/AUTO","38.9187682286","-77.023892702",121,131,252,1136,1220,2356,720,931,1651
3500,"THEFT F/AUTO","38.9232546707","-77.0223950514",121,131,252,1136,1220,2356,720,931,1651
3500,"ROBBERY","38.9260018251","-77.024310292",121,131,252,1136,1220,2356,720,931,1651
3500,"THEFT F/AUTO","38.9193089155","-77.0229588467",121,131,252,1136,1220,2356,720,931,1651
3500,"THEFT F/AUTO","38.9222901774","-77.0253468884",121,131,252,1136,1220,2356,720,931,1651
3500,"THEFT/OTHER","38.9193089155","-77.0229588467",121,131,252,1136,1220,2356,720,931,1651
3500,"THEFT/OTHER","38.9168675623","-77.0234423594",121,131,252,1136,1220,2356,720,931,1651
3500,"THEFT F/AUTO","38.9222901774","-77.0253468884",121,131,252,1136,1220,2356,720,931,1651
3500,"MOTOR VEHICLE THEFT","38.9240832164","-77.023513924",121,131,252,1136,1220,2356,720,931,1651
3500,"ASSAULT W/DANGEROUS WEAPON","38.9215871483","-77.027041796",121,131,252,1136,1220,2356,720,931,1651
3500,"THEFT F/AUTO","38.9215871483","-77.027041796",121,131,252,1136,1220,2356,720,931,1651
3500,"THEFT/OTHER","38.9260018251","-77.024310292",121,131,252,1136,1220,2356,720,931,1651
3500,"THEFT F/AUTO","38.9202002788","-77.0251962367",121,131,252,1136,1220,2356,720,931,1651
3500,"THEFT/OTHER","38.9194616308","-77.0250345369",121,131,252,1136,1220,2356,720,931,1651
3500,"THEFT F/AUTO","38.9215871483","-77.027041796",121,131,252,1136,1220,2356,720,931,1651
3500,"SEX ABUSE","38.9260018251","-77.024310292",121,131,252,1136,1220,2356,720,931,1651
3500,"MOTOR VEHICLE THEFT","38.9177593847","-77.0234541836",121,131,252,1136,1220,2356,720,931,1651
3500,"THEFT/OTHER","38.9168675623","-77.0234423594",121,131,252,1136,1220,2356,720,931,1651
3500,"THEFT F/AUTO","38.9222901774","-77.0253468884",121,131,252,1136,1220,2356,720,931,1651
3500,"THEFT F/AUTO","38.917002987","-77.0218972577",121,131,252,1136,1220,2356,720,931,1651
3500,"THEFT F/AUTO","38.9177593847","-77.0234541836",121,131,252,1136,1220,2356,720,931,1651
3500,"BURGLARY","38.9249752107","-77.0226493008",121,131,252,1136,1220,2356,720,931,1651
3500,"THEFT F/AUTO","38.9249752107","-77.0226493008",121,131,252,1136,1220,2356,720,931,1651
3500,"THEFT/OTHER","38.9187860896","-77.024642238",121,131,252,1136,1220,2356,720,931,1651
3500,"THEFT/OTHER","38.9193089155","-77.0229588467",121,131,252,1136,1220,2356,720,931,1651
3500,"THEFT F/AUTO","38.9204711758","-77.0219905747",121,131,252,1136,1220,2356,720,931,1651
3500,"THEFT/OTHER","38.9168675623","-77.0234423594",121,131,252,1136,1220,2356,720,931,1651
3500,"THEFT F/AUTO","38.9240832164","-77.023513924",121,131,252,1136,1220,2356,720,931,1651
3500,"THEFT/OTHER","38.9248212932","-77.02635109",121,131,252,1136,1220,2356,720,931,1651
3500,"THEFT/OTHER","38.9269837049","-77.0244374849",121,131,252,1136,1220,2356,720,931,1651
3500,"THEFT/OTHER","38.9248212932","-77.02635109",121,131,252,1136,1220,2356,720,931,1651
3500,"THEFT/OTHER","38.9187860896","-77.024642238",121,131,252,1136,1220,2356,720,931,1651
3500,"THEFT F/AUTO","38.9239567911","-77.0250015188",121,131,252,1136,1220,2356,720,931,1651
3500,"THEFT/OTHER","38.9242626194","-77.0270428105",121,131,252,1136,1220,2356,720,931,1651
3500,"THEFT F/AUTO","38.9202002788","-77.0251962367",121,131,252,1136,1220,2356,720,931,1651
3500,"THEFT F/AUTO","38.9215871483","-77.027041796",121,131,252,1136,1220,2356,720,931,1651
3500,"ROBBERY","38.9250199473","-77.0241715704",121,131,252,1136,1220,2356,720,931,1651
3500,"THEFT F/AUTO","38.9172279939","-77.0229466458",121,131,252,1136,1220,2356,720,931,1651
3500,"MOTOR VEHICLE THEFT","38.9254616463","-77.0227186492",121,131,252,1136,1220,2356,720,931,1651
3500,"THEFT F/AUTO","38.9164804033","-77.0224275167",121,131,252,1136,1220,2356,720,931,1651
3500,"THEFT F/AUTO","38.9249752107","-77.0226493008",121,131,252,1136,1220,2356,720,931,1651
3500,"ASSAULT W/DANGEROUS WEAPON","38.9238303964","-77.0262699995",121,131,252,1136,1220,2356,720,931,1651
3500,"THEFT F/AUTO","38.9244887771","-77.0225684212",121,131,252,1136,1220,2356,720,931,1651
3500,"THEFT F/AUTO","38.9222901774","-77.0253468884",121,131,252,1136,1220,2356,720,931,1651
3500,"THEFT F/AUTO","38.9207228797","-77.0246429072",121,131,252,1136,1220,2356,720,931,1651
3500,"THEFT F/AUTO","38.9252535343","-77.0270431863",121,131,252,1136,1220,2356,720,931,1651
3500,"THEFT/OTHER","38.926497268","-77.0243796558",121,131,252,1136,1220,2356,720,931,1651
3500,"MOTOR VEHICLE THEFT","38.9187860896","-77.024642238",121,131,252,1136,1220,2356,720,931,1651
3500,"BURGLARY","38.9249752107","-77.0226493008",121,131,252,1136,1220,2356,720,931,1651
3500,"THEFT F/AUTO","38.9249752107","-77.0226493008",121,131,252,1136,1220,2356,720,931,1651
3500,"THEFT/OTHER","38.9260018251","-77.024310292",121,131,252,1136,1220,2356,720,931,1651
3500,"THEFT/OTHER","38.9187860896","-77.024642238",121,131,252,1136,1220,2356,720,931,1651
3500,"THEFT/OTHER","38.9253709367","-77.0257400815",121,131,252,1136,1220,2356,720,931,1651
3500,"THEFT F/AUTO","38.9263894781","-77.0228458018",121,131,252,1136,1220,2356,720,931,1651
3500,"MOTOR VEHICLE THEFT","38.9244887771","-77.0225684212",121,131,252,1136,1220,2356,720,931,1651
3500,"THEFT F/AUTO","38.9193089155","-77.0229588467",121,131,252,1136,1220,2356,720,931,1651
3500,"THEFT F/AUTO","38.9207228797","-77.0246429072",121,131,252,1136,1220,2356,720,931,1651
3500,"THEFT/OTHER","38.926497268","-77.0243796558",121,131,252,1136,1220,2356,720,931,1651
3500,"THEFT F/AUTO","38.9223804835","-77.0242975257",121,131,252,1136,1220,2356,720,931,1651
3500,"THEFT/OTHER","38.9193089155","-77.0229588467",121,131,252,1136,1220,2356,720,931,1651
3500,"THEFT F/AUTO","38.9215871483","-77.027041796",121,131,252,1136,1220,2356,720,931,1651
3500,"THEFT/OTHER","38.9222901774","-77.0253468884",121,131,252,1136,1220,2356,720,931,1651
3500,"MOTOR VEHICLE THEFT","38.9222901774","-77.0253468884",121,131,252,1136,1220,2356,720,931,1651
3500,"THEFT F/AUTO","38.9193089155","-77.0229588467",121,131,252,1136,1220,2356,720,931,1651
3500,"THEFT/OTHER","38.9250199473","-77.0241715704",121,131,252,1136,1220,2356,720,931,1651
3500,"THEFT F/AUTO","38.9215871483","-77.027041796",121,131,252,1136,1220,2356,720,931,1651
3500,"THEFT/OTHER","38.9239567911","-77.0250015188",121,131,252,1136,1220,2356,720,931,1651
3500,"THEFT F/AUTO","38.9172279939","-77.0229466458",121,131,252,1136,1220,2356,720,931,1651
3500,"THEFT/OTHER","38.9260018251","-77.024310292",121,131,252,1136,1220,2356,720,931,1651
3500,"MOTOR VEHICLE THEFT","38.9168675623","-77.0234423594",121,131,252,1136,1220,2356,720,931,1651
3500,"THEFT/OTHER","38.9248212932","-77.02635109",121,131,252,1136,1220,2356,720,931,1651
3500,"ROBBERY","38.9222901774","-77.0253468884",121,131,252,1136,1220,2356,720,931,1651
3500,"THEFT/OTHER","38.926497268","-77.0243796558",121,131,252,1136,1220,2356,720,931,1651
3500,"THEFT/OTHER","38.9260018251","-77.024310292",121,131,252,1136,1220,2356,720,931,1651
3500,"MOTOR VEHICLE THEFT","38.9250199473","-77.0241715704",121,131,252,1136,1220,2356,720,931,1651
3500,"THEFT/OTHER","38.9193089155","-77.0229588467",121,131,252,1136,1220,2356,720,931,1651
3500,"ASSAULT W/DANGEROUS WEAPON","38.9204711758","-77.0219905747",121,131,252,1136,1220,2356,720,931,1651
3500,"THEFT F/AUTO","38.9204711758","-77.0219905747",121,131,252,1136,1220,2356,720,931,1651
3500,"MOTOR VEHICLE THEFT","38.9223804835","-77.0242975257",121,131,252,1136,1220,2356,720,931,1651
3500,"BURGLARY","38.9243980739","-77.0255782804",121,131,252,1136,1220,2356,720,931,1651
3500,"MOTOR VEHICLE THEFT","38.9164804033","-77.0224275167",121,131,252,1136,1220,2356,720,931,1651
3500,"THEFT F/AUTO","38.9263894781","-77.0228458018",121,131,252,1136,1220,2356,720,931,1651
3500,"BURGLARY","38.9193089155","-77.0229588467",121,131,252,1136,1220,2356,720,931,1651
3500,"ROBBERY","38.9204711758","-77.0219905747",121,131,252,1136,1220,2356,720,931,1651
3500,"ASSAULT W/DANGEROUS WEAPON","38.9254616463","-77.0227186492",121,131,252,1136,1220,2356,720,931,1651
3500,"THEFT F/AUTO","38.9259570902","-77.0227880014",121,131,252,1136,1220,2356,720,931,1651
3500,"THEFT F/AUTO","38.9222901774","-77.0253468884",121,131,252,1136,1220,2356,720,931,1651
3500,"THEFT F/AUTO","38.9222901774","-77.0253468884",121,131,252,1136,1220,2356,720,931,1651
3500,"THEFT/OTHER","38.9262444491","-77.0270435621",121,131,252,1136,1220,2356,720,931,1651
3500,"THEFT/OTHER","38.9269837049","-77.0244374849",121,131,252,1136,1220,2356,720,931,1651
3500,"MOTOR VEHICLE THEFT","38.9253709367","-77.0257400815",121,131,252,1136,1220,2356,720,931,1651
3500,"MOTOR VEHICLE THEFT","38.9259570902","-77.0227880014",121,131,252,1136,1220,2356,720,931,1651
3500,"BURGLARY","38.926497268","-77.0243796558",121,131,252,1136,1220,2356,720,931,1651
3500,"THEFT/OTHER","38.9193089155","-77.0229588467",121,131,252,1136,1220,2356,720,931,1651
3500,"THEFT F/AUTO","38.9222901774","-77.0253468884",121,131,252,1136,1220,2356,720,931,1651
3500,"THEFT F/AUTO","38.9187682286","-77.023892702",121,131,252,1136,1220,2356,720,931,1651
3500,"MOTOR VEHICLE THEFT","38.9266050403","-77.0259019819",121,131,252,1136,1220,2356,720,931,1651
3500,"THEFT F/AUTO","38.9191732797","-77.0254264997",121,131,252,1136,1220,2356,720,931,1651
3500,"THEFT F/AUTO","38.9177595861","-77.022427919",121,131,252,1136,1220,2356,720,931,1651
3500,"THEFT/OTHER","38.9250199473","-77.0241715704",121,131,252,1136,1220,2356,720,931,1651
3500,"THEFT F/AUTO","38.917002987","-77.0218972577",121,131,252,1136,1220,2356,720,931,1651
3500,"THEFT F/AUTO","38.9193089155","-77.0229588467",121,131,252,1136,1220,2356,720,931,1651
3500,"THEFT F/AUTO","38.9249752107","-77.0226493008",121,131,252,1136,1220,2356,720,931,1651
3500,"THEFT F/AUTO","38.9222901774","-77.0253468884",121,131,252,1136,1220,2356,720,931,1651
3500,"THEFT F/AUTO","38.9193089155","-77.0229588467",121,131,252,1136,1220,2356,720,931,1651
3500,"ROBBERY","38.9240832164","-77.023513924",121,131,252,1136,1220,2356,720,931,1651
3500,"THEFT F/AUTO","38.9177593847","-77.0234541836",121,131,252,1136,1220,2356,720,931,1651
3500,"THEFT F/AUTO","38.9240832164","-77.023513924",121,131,252,1136,1220,2356,720,931,1651
3500,"BURGLARY","38.9177593847","-77.0234541836",121,131,252,1136,1220,2356,720,931,1651
3500,"THEFT F/AUTO","38.9258121898","-77.0264321828",121,131,252,1136,1220,2356,720,931,1651
3500,"ROBBERY","38.9250199473","-77.0241715704",121,131,252,1136,1220,2356,720,931,1651
3500,"ASSAULT W/DANGEROUS WEAPON","38.9204711758","-77.0219905747",121,131,252,1136,1220,2356,720,931,1651
3500,"THEFT F/AUTO","38.9222901774","-77.0253468884",121,131,252,1136,1220,2356,720,931,1651
3500,"MOTOR VEHICLE THEFT","38.917002987","-77.0218972577",121,131,252,1136,1220,2356,720,931,1651
3500,"THEFT F/AUTO","38.9168675623","-77.0234423594",121,131,252,1136,1220,2356,720,931,1651
3500,"THEFT F/AUTO","38.9249752107","-77.0226493008",121,131,252,1136,1220,2356,720,931,1651
3500,"THEFT/OTHER","38.9193089155","-77.0229588467",121,131,252,1136,1220,2356,720,931,1651
3500,"ROBBERY","38.9204711758","-77.0219905747",121,131,252,1136,1220,2356,720,931,1651
3600,"THEFT/OTHER","38.9242529614","-77.0297182574",267,174,441,2134,2098,4232,1831,1645,3476
3600,"THEFT/OTHER","38.9242529614","-77.0297182574",267,174,441,2134,2098,4232,1831,1645,3476
3600,"THEFT/OTHER","38.9247480894","-77.0309870051",267,174,441,2134,2098,4232,1831,1645,3476
3600,"MOTOR VEHICLE THEFT","38.9237580378","-77.0275384966",267,174,441,2134,2098,4232,1831,1645,3476
3600,"MOTOR VEHICLE THEFT","38.9237577149","-77.0288762125",267,174,441,2134,2098,4232,1831,1645,3476
3600,"THEFT F/AUTO","38.9224239766","-77.0308591452",267,174,441,2134,2098,4232,1831,1645,3476
3600,"MOTOR VEHICLE THEFT","38.926144","-77.0323830345",267,174,441,2134,2098,4232,1831,1645,3476
3600,"THEFT F/AUTO","38.9262437993","-77.0297190871",267,174,441,2134,2098,4232,1831,1645,3476
3600,"THEFT/OTHER","38.9224244836","-77.0288756726",267,174,441,2134,2098,4232,1831,1645,3476
3600,"THEFT/OTHER","38.9230908882","-77.0297177731",267,174,441,2134,2098,4232,1831,1645,3476
3600,"THEFT/OTHER","38.9202800079","-77.0308120916",267,174,441,2134,2098,4232,1831,1645,3476
3600,"THEFT/OTHER","38.9247487514","-77.0283807294",267,174,441,2134,2098,4232,1831,1645,3476
3600,"THEFT/OTHER","38.9257389919","-77.0310335651",267,174,441,2134,2098,4232,1831,1645,3476
3600,"ROBBERY","38.9251260859","-77.0322903142",267,174,441,2134,2098,4232,1831,1645,3476
3600,"THEFT/OTHER","38.9237571897","-77.0309289143",267,174,441,2134,2098,4232,1831,1645,3476
3600,"THEFT/OTHER","38.9252535343","-77.0270431863",267,174,441,2134,2098,4232,1831,1645,3476
3600,"THEFT F/AUTO","38.9237580378","-77.0275384966",267,174,441,2134,2098,4232,1831,1645,3476
3600,"ROBBERY","38.9252535343","-77.0270431863",267,174,441,2134,2098,4232,1831,1645,3476
3600,"THEFT/OTHER","38.9237571897","-77.0309289143",267,174,441,2134,2098,4232,1831,1645,3476
3600,"THEFT F/AUTO","38.9252438763","-77.0297186703",267,174,441,2134,2098,4232,1831,1645,3476
3600,"THEFT F/AUTO","38.9210817549","-77.0307893748",267,174,441,2134,2098,4232,1831,1645,3476
3600,"ROBBERY","38.9267305808","-77.0283815182",267,174,441,2134,2098,4232,1831,1645,3476
3600,"MOTOR VEHICLE THEFT","38.9237580378","-77.0275384966",267,174,441,2134,2098,4232,1831,1645,3476
3600,"THEFT/OTHER","38.9247487514","-77.0283807294",267,174,441,2134,2098,4232,1831,1645,3476
3600,"THEFT/OTHER","38.9230908882","-77.0297177731",267,174,441,2134,2098,4232,1831,1645,3476
3600,"THEFT/OTHER","38.9237571897","-77.0309289143",267,174,441,2134,2098,4232,1831,1645,3476
3600,"THEFT F/AUTO","38.9237580378","-77.0275384966",267,174,441,2134,2098,4232,1831,1645,3476
3600,"MOTOR VEHICLE THEFT","38.9237571897","-77.0309289143",267,174,441,2134,2098,4232,1831,1645,3476
3600,"THEFT/OTHER","38.9237571897","-77.0309289143",267,174,441,2134,2098,4232,1831,1645,3476
3600,"THEFT/OTHER","38.9242529614","-77.0297182574",267,174,441,2134,2098,4232,1831,1645,3476
3600,"MOTOR VEHICLE THEFT","38.9224244836","-77.0288756726",267,174,441,2134,2098,4232,1831,1645,3476
3600,"THEFT F/AUTO","38.9217486513","-77.029705682",267,174,441,2134,2098,4232,1831,1645,3476
3600,"ASSAULT W/DANGEROUS WEAPON","38.9257389919","-77.0310335651",267,174,441,2134,2098,4232,1831,1645,3476
3600,"ROBBERY","38.9247487514","-77.0283807294",267,174,441,2134,2098,4232,1831,1645,3476
3600,"MOTOR VEHICLE THEFT","38.9267305808","-77.0283815182",267,174,441,2134,2098,4232,1831,1645,3476
3600,"THEFT F/AUTO","38.9202800079","-77.0308120916",267,174,441,2134,2098,4232,1831,1645,3476
3600,"MOTOR VEHICLE THEFT","38.9224239766","-77.0308591452",267,174,441,2134,2098,4232,1831,1645,3476
3600,"ASSAULT W/DANGEROUS WEAPON","38.9257396662","-77.0283811238",267,174,441,2134,2098,4232,1831,1645,3476
3600,"THEFT/OTHER","38.9224239766","-77.0308591452",267,174,441,2134,2098,4232,1831,1645,3476
3600,"THEFT/OTHER","38.9247487514","-77.0283807294",267,174,441,2134,2098,4232,1831,1645,3476
3600,"ROBBERY","38.9210817549","-77.0307893748",267,174,441,2134,2098,4232,1831,1645,3476
3600,"THEFT/OTHER","38.9208382458","-77.0318501733",267,174,441,2134,2098,4232,1831,1645,3476
3600,"MOTOR VEHICLE THEFT","38.9242529614","-77.0297182574",267,174,441,2134,2098,4232,1831,1645,3476
3600,"ASSAULT W/DANGEROUS WEAPON","38.9251260859","-77.0322903142",267,174,441,2134,2098,4232,1831,1645,3476
3600,"THEFT/OTHER","38.9242529614","-77.0297182574",267,174,441,2134,2098,4232,1831,1645,3476
3600,"THEFT/OTHER","38.9224239766","-77.0308591452",267,174,441,2134,2098,4232,1831,1645,3476
3600,"THEFT/OTHER","38.9208382458","-77.0318501733",267,174,441,2134,2098,4232,1831,1645,3476
3600,"THEFT F/AUTO","38.9224244836","-77.0288756726",267,174,441,2134,2098,4232,1831,1645,3476
3600,"THEFT F/AUTO","38.9224244836","-77.0288756726",267,174,441,2134,2098,4232,1831,1645,3476
3600,"MOTOR VEHICLE THEFT","38.9237571897","-77.0309289143",267,174,441,2134,2098,4232,1831,1645,3476
3600,"MOTOR VEHICLE THEFT","38.9251260859","-77.0322903142",267,174,441,2134,2098,4232,1831,1645,3476
3600,"THEFT/OTHER","38.9257396662","-77.0283811238",267,174,441,2134,2098,4232,1831,1645,3476
3600,"THEFT/OTHER","38.9257389919","-77.0310335651",267,174,441,2134,2098,4232,1831,1645,3476
3600,"THEFT/OTHER","38.9224239766","-77.0308591452",267,174,441,2134,2098,4232,1831,1645,3476
3600,"THEFT/OTHER","38.9237571897","-77.0309289143",267,174,441,2134,2098,4232,1831,1645,3476
3600,"BURGLARY","38.9257389919","-77.0310335651",267,174,441,2134,2098,4232,1831,1645,3476
3600,"THEFT/OTHER","38.9237571897","-77.0309289143",267,174,441,2134,2098,4232,1831,1645,3476
3600,"THEFT/OTHER","38.9237571897","-77.0309289143",267,174,441,2134,2098,4232,1831,1645,3476
3600,"ASSAULT W/DANGEROUS WEAPON","38.9247480894","-77.0309870051",267,174,441,2134,2098,4232,1831,1645,3476
3600,"THEFT F/AUTO","38.9217486513","-77.029705682",267,174,441,2134,2098,4232,1831,1645,3476
3600,"THEFT/OTHER","38.9247480894","-77.0309870051",267,174,441,2134,2098,4232,1831,1645,3476
3600,"THEFT/OTHER","38.9257396662","-77.0283811238",267,174,441,2134,2098,4232,1831,1645,3476
3600,"THEFT F/AUTO","38.9247487514","-77.0283807294",267,174,441,2134,2098,4232,1831,1645,3476
3600,"THEFT F/AUTO","38.9230912987","-77.0280571759",267,174,441,2134,2098,4232,1831,1645,3476
3600,"THEFT/OTHER","38.9242529614","-77.0297182574",267,174,441,2134,2098,4232,1831,1645,3476
3600,"THEFT/OTHER","38.9224239766","-77.0308591452",267,174,441,2134,2098,4232,1831,1645,3476
3600,"THEFT/OTHER","38.9230908882","-77.0297177731",267,174,441,2134,2098,4232,1831,1645,3476
3600,"THEFT F/AUTO","38.9224248037","-77.0275495136",267,174,441,2134,2098,4232,1831,1645,3476
3600,"THEFT/OTHER","38.9247480894","-77.0309870051",267,174,441,2134,2098,4232,1831,1645,3476
3600,"BURGLARY","38.9252438763","-77.0297186703",267,174,441,2134,2098,4232,1831,1645,3476
3600,"HOMICIDE","38.9224239766","-77.0308591452",267,174,441,2134,2098,4232,1831,1645,3476
3600,"THEFT F/AUTO","38.9224239766","-77.0308591452",267,174,441,2134,2098,4232,1831,1645,3476
3600,"THEFT/OTHER","38.9242529614","-77.0297182574",267,174,441,2134,2098,4232,1831,1645,3476
3600,"THEFT F/AUTO","38.9230908882","-77.0297177731",267,174,441,2134,2098,4232,1831,1645,3476
3600,"THEFT/OTHER","38.9237571897","-77.0309289143",267,174,441,2134,2098,4232,1831,1645,3476
3600,"ROBBERY","38.9230908882","-77.0297177731",267,174,441,2134,2098,4232,1831,1645,3476
3600,"THEFT/OTHER","38.9252535343","-77.0270431863",267,174,441,2134,2098,4232,1831,1645,3476
3600,"THEFT/OTHER","38.9247480894","-77.0309870051",267,174,441,2134,2098,4232,1831,1645,3476
3600,"THEFT/OTHER","38.9251260859","-77.0322903142",267,174,441,2134,2098,4232,1831,1645,3476
3600,"MOTOR VEHICLE THEFT","38.9224248037","-77.0275495136",267,174,441,2134,2098,4232,1831,1645,3476
3600,"THEFT/OTHER","38.9247487514","-77.0283807294",267,174,441,2134,2098,4232,1831,1645,3476
3600,"THEFT/OTHER","38.9242529614","-77.0297182574",267,174,441,2134,2098,4232,1831,1645,3476
3600,"THEFT F/AUTO","38.9237580378","-77.0275384966",267,174,441,2134,2098,4232,1831,1645,3476
3600,"THEFT/OTHER","38.9251260859","-77.0322903142",267,174,441,2134,2098,4232,1831,1645,3476
3600,"ROBBERY","38.9247480894","-77.0309870051",267,174,441,2134,2098,4232,1831,1645,3476
3600,"THEFT F/AUTO","38.9252438763","-77.0297186703",267,174,441,2134,2098,4232,1831,1645,3476
3600,"THEFT F/AUTO","38.9237580378","-77.0275384966",267,174,441,2134,2098,4232,1831,1645,3476
3600,"THEFT/OTHER","38.9224239766","-77.0308591452",267,174,441,2134,2098,4232,1831,1645,3476
3600,"MOTOR VEHICLE THEFT","38.9257396662","-77.0283811238",267,174,441,2134,2098,4232,1831,1645,3476
3600,"THEFT/OTHER","38.9237571897","-77.0309289143",267,174,441,2134,2098,4232,1831,1645,3476
3600,"THEFT F/AUTO","38.9242529614","-77.0297182574",267,174,441,2134,2098,4232,1831,1645,3476
3600,"THEFT/OTHER","38.9237580378","-77.0275384966",267,174,441,2134,2098,4232,1831,1645,3476
3600,"THEFT/OTHER","38.9237580378","-77.0275384966",267,174,441,2134,2098,4232,1831,1645,3476
3600,"THEFT/OTHER","38.9237571897","-77.0309289143",267,174,441,2134,2098,4232,1831,1645,3476
3600,"THEFT/OTHER","38.9230908882","-77.0297177731",267,174,441,2134,2098,4232,1831,1645,3476
3600,"MOTOR VEHICLE THEFT","38.9257389919","-77.0310335651",267,174,441,2134,2098,4232,1831,1645,3476
3600,"THEFT/OTHER","38.9247487514","-77.0283807294",267,174,441,2134,2098,4232,1831,1645,3476
3600,"ROBBERY","38.9237571897","-77.0309289143",267,174,441,2134,2098,4232,1831,1645,3476
3600,"THEFT/OTHER","38.9262437993","-77.0297190871",267,174,441,2134,2098,4232,1831,1645,3476
3600,"THEFT/OTHER","38.9242529614","-77.0297182574",267,174,441,2134,2098,4232,1831,1645,3476
3600,"THEFT F/AUTO","38.9224244836","-77.0288756726",267,174,441,2134,2098,4232,1831,1645,3476
3600,"THEFT/OTHER","38.9224244836","-77.0288756726",267,174,441,2134,2098,4232,1831,1645,3476
3600,"THEFT/OTHER","38.9224239766","-77.0308591452",267,174,441,2134,2098,4232,1831,1645,3476
3600,"THEFT F/AUTO","38.9247480894","-77.0309870051",267,174,441,2134,2098,4232,1831,1645,3476
3600,"THEFT F/AUTO","38.9252438763","-77.0297186703",267,174,441,2134,2098,4232,1831,1645,3476
3600,"THEFT/OTHER","38.9230908882","-77.0297177731",267,174,441,2134,2098,4232,1831,1645,3476
3600,"THEFT/OTHER","38.9257396662","-77.0283811238",267,174,441,2134,2098,4232,1831,1645,3476
3600,"THEFT/OTHER","38.9210817549","-77.0307893748",267,174,441,2134,2098,4232,1831,1645,3476
3600,"THEFT F/AUTO","38.9242626194","-77.0270428105",267,174,441,2134,2098,4232,1831,1645,3476
3600,"THEFT/OTHER","38.9237571897","-77.0309289143",267,174,441,2134,2098,4232,1831,1645,3476
3600,"THEFT/OTHER","38.9237571897","-77.0309289143",267,174,441,2134,2098,4232,1831,1645,3476
3600,"THEFT/OTHER","38.9242529614","-77.0297182574",267,174,441,2134,2098,4232,1831,1645,3476
3600,"THEFT F/AUTO","38.9217486513","-77.029705682",267,174,441,2134,2098,4232,1831,1645,3476
3600,"THEFT F/AUTO","38.9257389919","-77.0310335651",267,174,441,2134,2098,4232,1831,1645,3476
3600,"THEFT/OTHER","38.9267388965","-77.0311031954",267,174,441,2134,2098,4232,1831,1645,3476
3600,"ASSAULT W/DANGEROUS WEAPON","38.9247480894","-77.0309870051",267,174,441,2134,2098,4232,1831,1645,3476
3600,"ROBBERY","38.9230912987","-77.0280571759",267,174,441,2134,2098,4232,1831,1645,3476
3600,"THEFT F/AUTO","38.9262437993","-77.0297190871",267,174,441,2134,2098,4232,1831,1645,3476
3600,"THEFT F/AUTO","38.9230908882","-77.0297177731",267,174,441,2134,2098,4232,1831,1645,3476
3600,"THEFT/OTHER","38.9224248037","-77.0275495136",267,174,441,2134,2098,4232,1831,1645,3476
3600,"THEFT F/AUTO","38.9262437993","-77.0297190871",267,174,441,2134,2098,4232,1831,1645,3476
3600,"THEFT/OTHER","38.9242529614","-77.0297182574",267,174,441,2134,2098,4232,1831,1645,3476
3600,"THEFT F/AUTO","38.9224244836","-77.0288756726",267,174,441,2134,2098,4232,1831,1645,3476
3600,"THEFT F/AUTO","38.9247487514","-77.0283807294",267,174,441,2134,2098,4232,1831,1645,3476
3701,"THEFT/OTHER","38.9230266536","-77.0340306829",138,86,224,734,1108,1842,562,1052,1614
3701,"ROBBERY","38.9205045163","-77.0333606519",138,86,224,734,1108,1842,562,1052,1614
3701,"THEFT/OTHER","38.9213697211","-77.031908069",138,86,224,734,1108,1842,562,1052,1614
3701,"MOTOR VEHICLE THEFT","38.9197387988","-77.0333948878",138,86,224,734,1108,1842,562,1052,1614
3701,"THEFT F/AUTO","38.9213697211","-77.031908069",138,86,224,734,1108,1842,562,1052,1614
3701,"THEFT/OTHER","38.9205045163","-77.0333606519",138,86,224,734,1108,1842,562,1052,1614
3701,"THEFT/OTHER","38.9235494012","-77.0331083723",138,86,224,734,1108,1842,562,1052,1614
3701,"ROBBERY","38.9235494012","-77.0331083723",138,86,224,734,1108,1842,562,1052,1614
3701,"THEFT F/AUTO","38.9215494191","-77.0335802425",138,86,224,734,1108,1842,562,1052,1614
3701,"THEFT/OTHER","38.9197387988","-77.0333948878",138,86,224,734,1108,1842,562,1052,1614
3701,"THEFT/OTHER","38.9209634099","-77.035171325",138,86,224,734,1108,1842,562,1052,1614
3701,"THEFT/OTHER","38.9209634099","-77.035171325",138,86,224,734,1108,1842,562,1052,1614
3701,"THEFT/OTHER","38.9226215736","-77.0330041549",138,86,224,734,1108,1842,562,1052,1614
3701,"THEFT/OTHER","38.9215494191","-77.0335802425",138,86,224,734,1108,1842,562,1052,1614
3701,"THEFT/OTHER","38.920324765","-77.031873007",138,86,224,734,1108,1842,562,1052,1614
3701,"THEFT/OTHER","38.9213697211","-77.031908069",138,86,224,734,1108,1842,562,1052,1614
3701,"THEFT F/AUTO","38.9223686804","-77.0352642726",138,86,224,734,1108,1842,562,1052,1614
3701,"THEFT F/AUTO","38.9223686804","-77.0352642726",138,86,224,734,1108,1842,562,1052,1614
3701,"ASSAULT W/DANGEROUS WEAPON","38.9215494191","-77.0335802425",138,86,224,734,1108,1842,562,1052,1614
3701,"THEFT F/AUTO","38.9223686804","-77.0352642726",138,86,224,734,1108,1842,562,1052,1614
3701,"THEFT/OTHER","38.9209634099","-77.035171325",138,86,224,734,1108,1842,562,1052,1614
3701,"THEFT/OTHER","38.9220363181","-77.0319775577",138,86,224,734,1108,1842,562,1052,1614
3701,"THEFT/OTHER","38.9215494191","-77.0335802425",138,86,224,734,1108,1842,562,1052,1614
3701,"THEFT F/AUTO","38.9213697211","-77.031908069",138,86,224,734,1108,1842,562,1052,1614
3701,"ROBBERY","38.9235494012","-77.0331083723",138,86,224,734,1108,1842,562,1052,1614
3701,"THEFT/OTHER","38.920324765","-77.031873007",138,86,224,734,1108,1842,562,1052,1614
3701,"THEFT F/AUTO","38.9209634099","-77.035171325",138,86,224,734,1108,1842,562,1052,1614
3701,"THEFT F/AUTO","38.9223686804","-77.0352642726",138,86,224,734,1108,1842,562,1052,1614
3701,"MOTOR VEHICLE THEFT","38.9209634099","-77.035171325",138,86,224,734,1108,1842,562,1052,1614
3701,"THEFT/OTHER","38.9230266536","-77.0340306829",138,86,224,734,1108,1842,562,1052,1614
3701,"THEFT/OTHER","38.920324765","-77.031873007",138,86,224,734,1108,1842,562,1052,1614
3701,"THEFT/OTHER","38.9205045163","-77.0333606519",138,86,224,734,1108,1842,562,1052,1614
3701,"THEFT F/AUTO","38.9197387988","-77.0333948878",138,86,224,734,1108,1842,562,1052,1614
3701,"THEFT F/AUTO","38.9205045163","-77.0333606519",138,86,224,734,1108,1842,562,1052,1614
3701,"THEFT/OTHER","38.9215494191","-77.0335802425",138,86,224,734,1108,1842,562,1052,1614
3701,"THEFT/OTHER","38.9197387988","-77.0333948878",138,86,224,734,1108,1842,562,1052,1614
3701,"THEFT/OTHER","38.9213697211","-77.031908069",138,86,224,734,1108,1842,562,1052,1614
3701,"THEFT/OTHER","38.9215494191","-77.0335802425",138,86,224,734,1108,1842,562,1052,1614
3701,"THEFT/OTHER","38.9213697211","-77.031908069",138,86,224,734,1108,1842,562,1052,1614
3701,"THEFT/OTHER","38.9215494191","-77.0335802425",138,86,224,734,1108,1842,562,1052,1614
3701,"THEFT/OTHER","38.9205045163","-77.0333606519",138,86,224,734,1108,1842,562,1052,1614
3701,"THEFT/OTHER","38.9235494012","-77.0331083723",138,86,224,734,1108,1842,562,1052,1614
3701,"THEFT/OTHER","38.9215494191","-77.0335802425",138,86,224,734,1108,1842,562,1052,1614
3701,"THEFT F/AUTO","38.9215494191","-77.0335802425",138,86,224,734,1108,1842,562,1052,1614
3701,"THEFT/OTHER","38.9205045163","-77.0333606519",138,86,224,734,1108,1842,562,1052,1614
3701,"ASSAULT W/DANGEROUS WEAPON","38.9198374902","-77.0347671707",138,86,224,734,1108,1842,562,1052,1614
3701,"THEFT/OTHER","38.9226215736","-77.0330041549",138,86,224,734,1108,1842,562,1052,1614
3701,"THEFT/OTHER","38.9205045163","-77.0333606519",138,86,224,734,1108,1842,562,1052,1614
3701,"THEFT F/AUTO","38.9223686804","-77.0352642726",138,86,224,734,1108,1842,562,1052,1614
3701,"THEFT/OTHER","38.9223686804","-77.0352642726",138,86,224,734,1108,1842,562,1052,1614
3701,"THEFT/OTHER","38.9226215736","-77.0330041549",138,86,224,734,1108,1842,562,1052,1614
3701,"THEFT/OTHER","38.9220363181","-77.0319775577",138,86,224,734,1108,1842,562,1052,1614
3701,"THEFT F/AUTO","38.9198374902","-77.0347671707",138,86,224,734,1108,1842,562,1052,1614
3701,"THEFT F/AUTO","38.9223686804","-77.0352642726",138,86,224,734,1108,1842,562,1052,1614
3701,"THEFT/OTHER","38.9205045163","-77.0333606519",138,86,224,734,1108,1842,562,1052,1614
3701,"THEFT/OTHER","38.9213697211","-77.031908069",138,86,224,734,1108,1842,562,1052,1614
3701,"MOTOR VEHICLE THEFT","38.9215494191","-77.0335802425",138,86,224,734,1108,1842,562,1052,1614
3701,"ASSAULT W/DANGEROUS WEAPON","38.9213697211","-77.031908069",138,86,224,734,1108,1842,562,1052,1614
3701,"THEFT F/AUTO","38.9218481636","-77.0364897223",138,86,224,734,1108,1842,562,1052,1614
3701,"THEFT/OTHER","38.920324765","-77.031873007",138,86,224,734,1108,1842,562,1052,1614
3701,"THEFT F/AUTO","38.9226215736","-77.0330041549",138,86,224,734,1108,1842,562,1052,1614
3701,"THEFT/OTHER","38.9215494191","-77.0335802425",138,86,224,734,1108,1842,562,1052,1614
3701,"THEFT/OTHER","38.920324765","-77.031873007",138,86,224,734,1108,1842,562,1052,1614
3701,"THEFT/OTHER","38.9213697211","-77.031908069",138,86,224,734,1108,1842,562,1052,1614
3701,"THEFT/OTHER","38.920324765","-77.031873007",138,86,224,734,1108,1842,562,1052,1614
3701,"THEFT/OTHER","38.9205045163","-77.0333606519",138,86,224,734,1108,1842,562,1052,1614
3701,"MOTOR VEHICLE THEFT","38.9213697211","-77.031908069",138,86,224,734,1108,1842,562,1052,1614
3701,"THEFT/OTHER","38.9215494191","-77.0335802425",138,86,224,734,1108,1842,562,1052,1614
3701,"THEFT F/AUTO","38.9215494191","-77.0335802425",138,86,224,734,1108,1842,562,1052,1614
3701,"THEFT/OTHER","38.9223686804","-77.0352642726",138,86,224,734,1108,1842,562,1052,1614
3701,"ASSAULT W/DANGEROUS WEAPON","38.9197387988","-77.0333948878",138,86,224,734,1108,1842,562,1052,1614
3701,"THEFT/OTHER","38.9215494191","-77.0335802425",138,86,224,734,1108,1842,562,1052,1614
3701,"THEFT F/AUTO","38.9198374902","-77.0347671707",138,86,224,734,1108,1842,562,1052,1614
3701,"BURGLARY","38.9198374902","-77.0347671707",138,86,224,734,1108,1842,562,1052,1614
3701,"MOTOR VEHICLE THEFT","38.9230266536","-77.0340306829",138,86,224,734,1108,1842,562,1052,1614
3701,"THEFT F/AUTO","38.9235494012","-77.0331083723",138,86,224,734,1108,1842,562,1052,1614
3701,"MOTOR VEHICLE THEFT","38.920324765","-77.031873007",138,86,224,734,1108,1842,562,1052,1614
3701,"THEFT/OTHER","38.9218481636","-77.0364897223",138,86,224,734,1108,1842,562,1052,1614
3701,"THEFT/OTHER","38.9197387988","-77.0333948878",138,86,224,734,1108,1842,562,1052,1614
3701,"THEFT/OTHER","38.9205045163","-77.0333606519",138,86,224,734,1108,1842,562,1052,1614
3701,"THEFT F/AUTO","38.9205045163","-77.0333606519",138,86,224,734,1108,1842,562,1052,1614
3701,"ROBBERY","38.920324765","-77.031873007",138,86,224,734,1108,1842,562,1052,1614
3701,"MOTOR VEHICLE THEFT","38.9226215736","-77.0330041549",138,86,224,734,1108,1842,562,1052,1614
3701,"THEFT/OTHER","38.9215494191","-77.0335802425",138,86,224,734,1108,1842,562,1052,1614
3701,"THEFT/OTHER","38.9235494012","-77.0331083723",138,86,224,734,1108,1842,562,1052,1614
3701,"THEFT F/AUTO","38.9213697211","-77.031908069",138,86,224,734,1108,1842,562,1052,1614
3701,"THEFT/OTHER","38.9215494191","-77.0335802425",138,86,224,734,1108,1842,562,1052,1614
3701,"THEFT/OTHER","38.9235494012","-77.0331083723",138,86,224,734,1108,1842,562,1052,1614
3701,"MOTOR VEHICLE THEFT","38.9226215736","-77.0330041549",138,86,224,734,1108,1842,562,1052,1614
3701,"THEFT/OTHER","38.9209634099","-77.035171325",138,86,224,734,1108,1842,562,1052,1614
3701,"THEFT/OTHER","38.9205045163","-77.0333606519",138,86,224,734,1108,1842,562,1052,1614
3701,"THEFT F/AUTO","38.9209634099","-77.035171325",138,86,224,734,1108,1842,562,1052,1614
3701,"THEFT/OTHER","38.9223686804","-77.0352642726",138,86,224,734,1108,1842,562,1052,1614
3701,"ASSAULT W/DANGEROUS WEAPON","38.9213697211","-77.031908069",138,86,224,734,1108,1842,562,1052,1614
3701,"THEFT F/AUTO","38.9205045163","-77.0333606519",138,86,224,734,1108,1842,562,1052,1614
3701,"BURGLARY","38.9213697211","-77.031908069",138,86,224,734,1108,1842,562,1052,1614
3701,"THEFT F/AUTO","38.9198374902","-77.0347671707",138,86,224,734,1108,1842,562,1052,1614
3701,"THEFT/OTHER","38.9213697211","-77.031908069",138,86,224,734,1108,1842,562,1052,1614
3701,"THEFT/OTHER","38.9205045163","-77.0333606519",138,86,224,734,1108,1842,562,1052,1614
3701,"MOTOR VEHICLE THEFT","38.9226215736","-77.0330041549",138,86,224,734,1108,1842,562,1052,1614
3702,"MOTOR VEHICLE THEFT","38.9244772351","-77.0331895281",142,18,160,1000,751,1751,533,441,974
3702,"THEFT/OTHER","38.9239988074","-77.0364990105",142,18,160,1000,751,1751,533,441,974
3702,"THEFT F/AUTO","38.926144","-77.0323830345",142,18,160,1000,751,1751,533,441,974
3702,"THEFT/OTHER","38.9250531141","-77.0354155192",142,18,160,1000,751,1751,533,441,974
3702,"MOTOR VEHICLE THEFT","38.9253958882","-77.0338703614",142,18,160,1000,751,1751,533,441,974
3702,"ROBBERY","38.9241442079","-77.0321860807",142,18,160,1000,751,1751,533,441,974
3702,"MOTOR VEHICLE THEFT","38.9239988074","-77.0364990105",142,18,160,1000,751,1751,533,441,974
3702,"BURGLARY","38.9253958882","-77.0338703614",142,18,160,1000,751,1751,533,441,974
3702,"THEFT F/AUTO","38.9239988074","-77.0364990105",142,18,160,1000,751,1751,533,441,974
3702,"THEFT/OTHER","38.9264138044","-77.0339515721",142,18,160,1000,751,1751,533,441,974
3702,"ROBBERY","38.9244772351","-77.0331895281",142,18,160,1000,751,1751,533,441,974
3702,"THEFT/OTHER","38.9239454753","-77.0341233779",142,18,160,1000,751,1751,533,441,974
3702,"THEFT F/AUTO","38.9264138044","-77.0339515721",142,18,160,1000,751,1751,533,441,974
3702,"THEFT/OTHER","38.9253958882","-77.0338703614",142,18,160,1000,751,1751,533,441,974
3702,"THEFT F/AUTO","38.9239454753","-77.0341233779",142,18,160,1000,751,1751,533,441,974
3702,"THEFT/OTHER","38.9239454753","-77.0341233779",142,18,160,1000,751,1751,533,441,974
3702,"THEFT/OTHER","38.9244772351","-77.0331895281",142,18,160,1000,751,1751,533,441,974
3702,"THEFT/OTHER","38.9239988074","-77.0364990105",142,18,160,1000,751,1751,533,441,974
3702,"THEFT/OTHER","38.9241072582","-77.035357389",142,18,160,1000,751,1751,533,441,974
3702,"THEFT/OTHER","38.9253958882","-77.0338703614",142,18,160,1000,751,1751,533,441,974
3702,"THEFT F/AUTO","38.9235494012","-77.0331083723",142,18,160,1000,751,1751,533,441,974
3702,"ASSAULT W/DANGEROUS WEAPON","38.9244772351","-77.0331895281",142,18,160,1000,751,1751,533,441,974
3702,"MOTOR VEHICLE THEFT","38.9258188069","-77.035462029",142,18,160,1000,751,1751,533,441,974
3702,"MOTOR VEHICLE THEFT","38.9241442079","-77.0321860807",142,18,160,1000,751,1751,533,441,974
3702,"BURGLARY","38.9241072582","-77.035357389",142,18,160,1000,751,1751,533,441,974
3702,"THEFT F/AUTO","38.9239988074","-77.0364990105",142,18,160,1000,751,1751,533,441,974
3702,"MOTOR VEHICLE THEFT","38.9239454753","-77.0341233779",142,18,160,1000,751,1751,533,441,974
3702,"THEFT F/AUTO","38.9264138044","-77.0339515721",142,18,160,1000,751,1751,533,441,974
3702,"THEFT/OTHER","38.923449848","-77.03469974",142,18,160,1000,751,1751,533,441,974
3702,"MOTOR VEHICLE THEFT","38.926144","-77.0323830345",142,18,160,1000,751,1751,533,441,974
3702,"THEFT/OTHER","38.9244772351","-77.0331895281",142,18,160,1000,751,1751,533,441,974
3702,"THEFT/OTHER","38.9241442079","-77.0321860807",142,18,160,1000,751,1751,533,441,974
3702,"THEFT/OTHER","38.9263050937","-77.0359927634",142,18,160,1000,751,1751,533,441,974
3702,"MOTOR VEHICLE THEFT","38.9253958882","-77.0338703614",142,18,160,1000,751,1751,533,441,974
3702,"THEFT/OTHER","38.9253958882","-77.0338703614",142,18,160,1000,751,1751,533,441,974
3702,"THEFT/OTHER","38.9253958882","-77.0338703614",142,18,160,1000,751,1751,533,441,974
3702,"THEFT F/AUTO","38.9264138044","-77.0339515721",142,18,160,1000,751,1751,533,441,974
3702,"THEFT/OTHER","38.9244772351","-77.0331895281",142,18,160,1000,751,1751,533,441,974
3702,"THEFT/OTHER","38.9239454753","-77.0341233779",142,18,160,1000,751,1751,533,441,974
3702,"MOTOR VEHICLE THEFT","38.9258188069","-77.035462029",142,18,160,1000,751,1751,533,441,974
3702,"THEFT F/AUTO","38.9235494012","-77.0331083723",142,18,160,1000,751,1751,533,441,974
3702,"HOMICIDE","38.9244772351","-77.0331895281",142,18,160,1000,751,1751,533,441,974
3702,"ROBBERY","38.9253958882","-77.0338703614",142,18,160,1000,751,1751,533,441,974
3702,"THEFT/OTHER","38.9253958882","-77.0338703614",142,18,160,1000,751,1751,533,441,974
3702,"ASSAULT W/DANGEROUS WEAPON","38.9241442079","-77.0321860807",142,18,160,1000,751,1751,533,441,974
4202,"THEFT F/AUTO","38.9133495343","-77.0408174426",0,2,2,1178,1571,2749,1163,1484,2647
3702,"ASSAULT W/DANGEROUS WEAPON","38.9244772351","-77.0331895281",142,18,160,1000,751,1751,533,441,974
3702,"THEFT/OTHER","38.9244772351","-77.0331895281",142,18,160,1000,751,1751,533,441,974
3702,"ASSAULT W/DANGEROUS WEAPON","38.9244772351","-77.0331895281",142,18,160,1000,751,1751,533,441,974
3702,"HOMICIDE","38.9244772351","-77.0331895281",142,18,160,1000,751,1751,533,441,974
3702,"ASSAULT W/DANGEROUS WEAPON","38.9251260859","-77.0322903142",142,18,160,1000,751,1751,533,441,974
3702,"THEFT F/AUTO","38.9241072582","-77.035357389",142,18,160,1000,751,1751,533,441,974
3702,"THEFT/OTHER","38.9253958882","-77.0338703614",142,18,160,1000,751,1751,533,441,974
3702,"THEFT F/AUTO","38.9250531141","-77.0354155192",142,18,160,1000,751,1751,533,441,974
3702,"THEFT F/AUTO","38.9264138044","-77.0339515721",142,18,160,1000,751,1751,533,441,974
3702,"THEFT/OTHER","38.9244772351","-77.0331895281",142,18,160,1000,751,1751,533,441,974
3702,"THEFT F/AUTO","38.923449848","-77.03469974",142,18,160,1000,751,1751,533,441,974
3702,"ASSAULT W/DANGEROUS WEAPON","38.9241442079","-77.0321860807",142,18,160,1000,751,1751,533,441,974
3702,"MOTOR VEHICLE THEFT","38.9253958882","-77.0338703614",142,18,160,1000,751,1751,533,441,974
3702,"MOTOR VEHICLE THEFT","38.9241442079","-77.0321860807",142,18,160,1000,751,1751,533,441,974
3702,"THEFT/OTHER","38.9235494012","-77.0331083723",142,18,160,1000,751,1751,533,441,974
3702,"THEFT F/AUTO","38.9241072582","-77.035357389",142,18,160,1000,751,1751,533,441,974
3702,"THEFT/OTHER","38.9239988074","-77.0364990105",142,18,160,1000,751,1751,533,441,974
3702,"THEFT/OTHER","38.9235494012","-77.0331083723",142,18,160,1000,751,1751,533,441,974
3702,"ROBBERY","38.9239988074","-77.0364990105",142,18,160,1000,751,1751,533,441,974
3702,"BURGLARY","38.923449848","-77.03469974",142,18,160,1000,751,1751,533,441,974
3702,"THEFT/OTHER","38.9253958882","-77.0338703614",142,18,160,1000,751,1751,533,441,974
3702,"THEFT/OTHER","38.9253958882","-77.0338703614",142,18,160,1000,751,1751,533,441,974
3702,"SEX ABUSE","38.9250531141","-77.0354155192",142,18,160,1000,751,1751,533,441,974
3702,"THEFT/OTHER","38.9250531141","-77.0354155192",142,18,160,1000,751,1751,533,441,974
3702,"THEFT F/AUTO","38.9258188069","-77.035462029",142,18,160,1000,751,1751,533,441,974
3702,"MOTOR VEHICLE THEFT","38.9253958882","-77.0338703614",142,18,160,1000,751,1751,533,441,974
3702,"ROBBERY","38.9258188069","-77.035462029",142,18,160,1000,751,1751,533,441,974
3702,"THEFT/OTHER","38.9258188069","-77.035462029",142,18,160,1000,751,1751,533,441,974
3702,"THEFT/OTHER","38.9253958882","-77.0338703614",142,18,160,1000,751,1751,533,441,974
3702,"THEFT F/AUTO","38.9241072582","-77.035357389",142,18,160,1000,751,1751,533,441,974
3702,"ASSAULT W/DANGEROUS WEAPON","38.923449848","-77.03469974",142,18,160,1000,751,1751,533,441,974
3702,"ASSAULT W/DANGEROUS WEAPON","38.9244772351","-77.0331895281",142,18,160,1000,751,1751,533,441,974
3702,"THEFT/OTHER","38.9239988074","-77.0364990105",142,18,160,1000,751,1751,533,441,974
3702,"THEFT/OTHER","38.9258188069","-77.035462029",142,18,160,1000,751,1751,533,441,974
3702,"THEFT/OTHER","38.923449848","-77.03469974",142,18,160,1000,751,1751,533,441,974
3702,"MOTOR VEHICLE THEFT","38.9239454753","-77.0341233779",142,18,160,1000,751,1751,533,441,974
3702,"THEFT/OTHER","38.9239988074","-77.0364990105",142,18,160,1000,751,1751,533,441,974
3702,"THEFT F/AUTO","38.9264138044","-77.0339515721",142,18,160,1000,751,1751,533,441,974
3801,"THEFT/OTHER","38.9207734105","-77.0378119567",0,0,0,931,742,1673,882,720,1602
3801,"THEFT/OTHER","38.9220436213","-77.0376973126",0,0,0,931,742,1673,882,720,1602
3801,"THEFT F/AUTO","38.9218458189","-77.0364979086",0,0,0,931,742,1673,882,720,1602
3801,"MOTOR VEHICLE THEFT","38.9173939826","-77.0416499898",0,0,0,931,742,1673,882,720,1602
3801,"THEFT F/AUTO","38.9210070778","-77.0394726295",0,0,0,931,742,1673,882,720,1602
3801,"ROBBERY","38.9210070778","-77.0394726295",0,0,0,931,742,1673,882,720,1602
3801,"THEFT/OTHER","38.9200156987","-77.040821258",0,0,0,931,742,1673,882,720,1602
3801,"THEFT/OTHER","38.9218458189","-77.0364979086",0,0,0,931,742,1673,882,720,1602
3801,"THEFT/OTHER","38.9193491549","-77.0406133127",0,0,0,931,742,1673,882,720,1602
3801,"THEFT/OTHER","38.9178175903","-77.0410390902",0,0,0,931,742,1673,882,720,1602
3801,"THEFT/OTHER","38.9184484301","-77.040301458",0,0,0,931,742,1673,882,720,1602
3801,"ROBBERY","38.9193491549","-77.0406133127",0,0,0,931,742,1673,882,720,1602
3801,"THEFT/OTHER","38.918304654","-77.0392520418",0,0,0,931,742,1673,882,720,1602
3801,"THEFT F/AUTO","38.9184484301","-77.040301458",0,0,0,931,742,1673,882,720,1602
3801,"THEFT/OTHER","38.9218458189","-77.0364979086",0,0,0,931,742,1673,882,720,1602
3801,"ROBBERY","38.9210070778","-77.0394726295",0,0,0,931,742,1673,882,720,1602
3801,"THEFT/OTHER","38.9218458189","-77.0364979086",0,0,0,931,742,1673,882,720,1602
3801,"THEFT F/AUTO","38.9178175903","-77.0410390902",0,0,0,931,742,1673,882,720,1602
3801,"THEFT/OTHER","38.9191956358","-77.0416856359",0,0,0,931,742,1673,882,720,1602
3801,"THEFT F/AUTO","38.9199710464","-77.0396911531",0,0,0,931,742,1673,882,720,1602
3801,"MOTOR VEHICLE THEFT","38.9173939826","-77.0416499898",0,0,0,931,742,1673,882,720,1602
3801,"THEFT/OTHER","38.9218458189","-77.0364979086",0,0,0,931,742,1673,882,720,1602
3801,"THEFT F/AUTO","38.9184484301","-77.040301458",0,0,0,931,742,1673,882,720,1602
3801,"MOTOR VEHICLE THEFT","38.9173939826","-77.0416499898",0,0,0,931,742,1673,882,720,1602
3801,"THEFT/OTHER","38.9218458189","-77.0364979086",0,0,0,931,742,1673,882,720,1602
3801,"THEFT F/AUTO","38.9184484301","-77.040301458",0,0,0,931,742,1673,882,720,1602
3801,"THEFT F/AUTO","38.9199710464","-77.0396911531",0,0,0,931,742,1673,882,720,1602
3801,"THEFT/OTHER","38.9199710464","-77.0396911531",0,0,0,931,742,1673,882,720,1602
3801,"THEFT F/AUTO","38.919971651","-77.0378691887",0,0,0,931,742,1673,882,720,1602
3801,"THEFT F/AUTO","38.919971651","-77.0378691887",0,0,0,931,742,1673,882,720,1602
3801,"ASSAULT W/DANGEROUS WEAPON","38.9193491549","-77.0406133127",0,0,0,931,742,1673,882,720,1602
3801,"MOTOR VEHICLE THEFT","38.9173939826","-77.0416499898",0,0,0,931,742,1673,882,720,1602
3801,"THEFT F/AUTO","38.9199710464","-77.0396911531",0,0,0,931,742,1673,882,720,1602
3801,"THEFT/OTHER","38.9218458189","-77.0364979086",0,0,0,931,742,1673,882,720,1602
3801,"THEFT F/AUTO","38.9184484301","-77.040301458",0,0,0,931,742,1673,882,720,1602
3801,"THEFT/OTHER","38.9218458189","-77.0364979086",0,0,0,931,742,1673,882,720,1602
3801,"ASSAULT W/DANGEROUS WEAPON","38.9200156987","-77.040821258",0,0,0,931,742,1673,882,720,1602
3801,"THEFT F/AUTO","38.9184484301","-77.040301458",0,0,0,931,742,1673,882,720,1602
3801,"THEFT F/AUTO","38.9207734105","-77.0378119567",0,0,0,931,742,1673,882,720,1602
3801,"THEFT/OTHER","38.918304654","-77.0392520418",0,0,0,931,742,1673,882,720,1602
3801,"THEFT/OTHER","38.9218458189","-77.0364979086",0,0,0,931,742,1673,882,720,1602
3801,"THEFT/OTHER","38.9218458189","-77.0364979086",0,0,0,931,742,1673,882,720,1602
3801,"THEFT F/AUTO","38.9178175903","-77.0410390902",0,0,0,931,742,1673,882,720,1602
3801,"THEFT F/AUTO","38.9178175903","-77.0410390902",0,0,0,931,742,1673,882,720,1602
3801,"THEFT F/AUTO","38.9210070778","-77.0394726295",0,0,0,931,742,1673,882,720,1602
3801,"THEFT/OTHER","38.9184484301","-77.040301458",0,0,0,931,742,1673,882,720,1602
3801,"THEFT F/AUTO","38.9218458189","-77.0364979086",0,0,0,931,742,1673,882,720,1602
3801,"THEFT/OTHER","38.9191956358","-77.0416856359",0,0,0,931,742,1673,882,720,1602
3801,"THEFT F/AUTO","38.9207734105","-77.0378119567",0,0,0,931,742,1673,882,720,1602
3801,"THEFT F/AUTO","38.9218458189","-77.0364979086",0,0,0,931,742,1673,882,720,1602
3801,"THEFT/OTHER","38.918304654","-77.0392520418",0,0,0,931,742,1673,882,720,1602
3801,"THEFT/OTHER","38.9207190163","-77.0388612983",0,0,0,931,742,1673,882,720,1602
3801,"THEFT F/AUTO","38.9169886816","-77.0414421962",0,0,0,931,742,1673,882,720,1602
3801,"THEFT F/AUTO","38.9207190163","-77.0388612983",0,0,0,931,742,1673,882,720,1602
3801,"THEFT/OTHER","38.9184484301","-77.040301458",0,0,0,931,742,1673,882,720,1602
3801,"THEFT F/AUTO","38.9218458189","-77.0364979086",0,0,0,931,742,1673,882,720,1602
3802,"ROBBERY","38.924655385","-77.0396591638",96,35,131,1272,1651,2923,1132,1441,2573
3802,"THEFT F/AUTO","38.9255122082","-77.0364882528",96,35,131,1272,1651,2923,1132,1441,2573
3802,"THEFT/OTHER","38.9238622318","-77.0408811202",96,35,131,1272,1651,2923,1132,1441,2573
3802,"THEFT F/AUTO","38.924655385","-77.0396591638",96,35,131,1272,1651,2923,1132,1441,2573
3802,"THEFT/OTHER","38.9229898757","-77.0364984941",96,35,131,1272,1651,2923,1132,1441,2573
3802,"THEFT/OTHER","38.9216186302","-77.0423674219",96,35,131,1272,1651,2923,1132,1441,2573
3802,"THEFT/OTHER","38.9230875406","-77.0408114845",96,35,131,1272,1651,2923,1132,1441,2573
3802,"THEFT F/AUTO","38.9210070778","-77.0394726295",96,35,131,1272,1651,2923,1132,1441,2573
3802,"THEFT/OTHER","38.9220436213","-77.0376973126",96,35,131,1272,1651,2923,1132,1441,2573
3802,"ROBBERY","38.9230875406","-77.0408114845",96,35,131,1272,1651,2923,1132,1441,2573
3802,"THEFT/OTHER","38.9242858429","-77.0402470964",96,35,131,1272,1651,2923,1132,1441,2573
3802,"THEFT/OTHER","38.9231329948","-77.0396121894",96,35,131,1272,1651,2923,1132,1441,2573
3802,"MOTOR VEHICLE THEFT","38.9229898757","-77.0364984941",96,35,131,1272,1651,2923,1132,1441,2573
3802,"THEFT/OTHER","38.9229898757","-77.0364984941",96,35,131,1272,1651,2923,1132,1441,2573
3802,"THEFT F/AUTO","38.9216100017","-77.0413065015",96,35,131,1272,1651,2923,1132,1441,2573
3802,"THEFT/OTHER","38.9255122082","-77.0364882528",96,35,131,1272,1651,2923,1132,1441,2573
3802,"THEFT/OTHER","38.9216100017","-77.0413065015",96,35,131,1272,1651,2923,1132,1441,2573
3802,"THEFT F/AUTO","38.9201234314","-77.0418591499",96,35,131,1272,1651,2923,1132,1441,2573
3802,"BURGLARY","38.923294525","-77.0413997329",96,35,131,1272,1651,2923,1132,1441,2573
3802,"MOTOR VEHICLE THEFT","38.9230875406","-77.0408114845",96,35,131,1272,1651,2923,1132,1441,2573
3802,"THEFT F/AUTO","38.9201234314","-77.0418591499",96,35,131,1272,1651,2923,1132,1441,2573
3802,"THEFT/OTHER","38.9255122082","-77.0364882528",96,35,131,1272,1651,2923,1132,1441,2573
3802,"ASSAULT W/DANGEROUS WEAPON","38.9230875406","-77.0408114845",96,35,131,1272,1651,2923,1132,1441,2573
3802,"ASSAULT W/DANGEROUS WEAPON","38.9238622318","-77.0408811202",96,35,131,1272,1651,2923,1132,1441,2573
3802,"THEFT/OTHER","38.9239079004","-77.039047549",96,35,131,1272,1651,2923,1132,1441,2573
3802,"THEFT/OTHER","38.9251421206","-77.0388060474",96,35,131,1272,1651,2923,1132,1441,2573
3802,"BURGLARY","38.9238622318","-77.0408811202",96,35,131,1272,1651,2923,1132,1441,2573
3802,"THEFT/OTHER","38.9220436213","-77.0376973126",96,35,131,1272,1651,2923,1132,1441,2573
3802,"BURGLARY","38.9228527618","-77.0423912189",96,35,131,1272,1651,2923,1132,1441,2573
3802,"ROBBERY","38.9220436213","-77.0376973126",96,35,131,1272,1651,2923,1132,1441,2573
3802,"THEFT/OTHER","38.924737275","-77.0371797879",96,35,131,1272,1651,2923,1132,1441,2573
3802,"THEFT/OTHER","38.9239533478","-77.0378136428",96,35,131,1272,1651,2923,1132,1441,2573
3802,"MOTOR VEHICLE THEFT","38.924655385","-77.0396591638",96,35,131,1272,1651,2923,1132,1441,2573
3802,"THEFT F/AUTO","38.9218806533","-77.0401534852",96,35,131,1272,1651,2923,1132,1441,2573
3802,"ROBBERY","38.9231329948","-77.0396121894",96,35,131,1272,1651,2923,1132,1441,2573
3802,"THEFT/OTHER","38.9220436213","-77.0376973126",96,35,131,1272,1651,2923,1132,1441,2573
3802,"THEFT/OTHER","38.9216186302","-77.0423674219",96,35,131,1272,1651,2923,1132,1441,2573
3802,"ROBBERY","38.9231784444","-77.0383898289",96,35,131,1272,1651,2923,1132,1441,2573
3802,"THEFT F/AUTO","38.9216186302","-77.0423674219",96,35,131,1272,1651,2923,1132,1441,2573
3802,"THEFT F/AUTO","38.9239533478","-77.0378136428",96,35,131,1272,1651,2923,1132,1441,2573
3802,"THEFT/OTHER","38.9238622318","-77.0408811202",96,35,131,1272,1651,2923,1132,1441,2573
3802,"THEFT F/AUTO","38.9230875406","-77.0408114845",96,35,131,1272,1651,2923,1132,1441,2573
3802,"THEFT/OTHER","38.9218806533","-77.0401534852",96,35,131,1272,1651,2923,1132,1441,2573
3802,"MOTOR VEHICLE THEFT","38.9220436213","-77.0376973126",96,35,131,1272,1651,2923,1132,1441,2573
3802,"MOTOR VEHICLE THEFT","38.9222504004","-77.0389543871",96,35,131,1272,1651,2923,1132,1441,2573
3802,"THEFT/OTHER","38.9229898757","-77.0364984941",96,35,131,1272,1651,2923,1132,1441,2573
3802,"THEFT/OTHER","38.9238622318","-77.0408811202",96,35,131,1272,1651,2923,1132,1441,2573
3802,"ASSAULT W/DANGEROUS WEAPON","38.9254936387","-77.0382180906",96,35,131,1272,1651,2923,1132,1441,2573
3802,"THEFT/OTHER","38.924655385","-77.0396591638",96,35,131,1272,1651,2923,1132,1441,2573
3802,"THEFT/OTHER","38.924737275","-77.0371797879",96,35,131,1272,1651,2923,1132,1441,2573
3802,"BURGLARY","38.9201234314","-77.0418591499",96,35,131,1272,1651,2923,1132,1441,2573
3802,"THEFT/OTHER","38.9218806533","-77.0401534852",96,35,131,1272,1651,2923,1132,1441,2573
3802,"THEFT/OTHER","38.9229898757","-77.0364984941",96,35,131,1272,1651,2923,1132,1441,2573
3802,"THEFT/OTHER","38.9229898757","-77.0364984941",96,35,131,1272,1651,2923,1132,1441,2573
3802,"THEFT/OTHER","38.9238622318","-77.0408811202",96,35,131,1272,1651,2923,1132,1441,2573
3802,"BURGLARY","38.9239079004","-77.039047549",96,35,131,1272,1651,2923,1132,1441,2573
3802,"MOTOR VEHICLE THEFT","38.9216186302","-77.0423674219",96,35,131,1272,1651,2923,1132,1441,2573
3802,"THEFT/OTHER","38.9238622318","-77.0408811202",96,35,131,1272,1651,2923,1132,1441,2573
3802,"THEFT/OTHER","38.9255122082","-77.0364882528",96,35,131,1272,1651,2923,1132,1441,2573
3802,"THEFT/OTHER","38.9216186302","-77.0423674219",96,35,131,1272,1651,2923,1132,1441,2573
3802,"THEFT/OTHER","38.924737275","-77.0371797879",96,35,131,1272,1651,2923,1132,1441,2573
3802,"THEFT/OTHER","38.9238622318","-77.0408811202",96,35,131,1272,1651,2923,1132,1441,2573
3802,"THEFT F/AUTO","38.9216100017","-77.0413065015",96,35,131,1272,1651,2923,1132,1441,2573
3802,"THEFT F/AUTO","38.9239079004","-77.039047549",96,35,131,1272,1651,2923,1132,1441,2573
3802,"THEFT F/AUTO","38.924737275","-77.0371797879",96,35,131,1272,1651,2923,1132,1441,2573
3802,"THEFT F/AUTO","38.9216100017","-77.0413065015",96,35,131,1272,1651,2923,1132,1441,2573
3802,"THEFT/OTHER","38.9255122082","-77.0364882528",96,35,131,1272,1651,2923,1132,1441,2573
3802,"THEFT/OTHER","38.9201234314","-77.0418591499",96,35,131,1272,1651,2923,1132,1441,2573
3802,"THEFT/OTHER","38.9251421206","-77.0388060474",96,35,131,1272,1651,2923,1132,1441,2573
3802,"THEFT/OTHER","38.9229898757","-77.0364984941",96,35,131,1272,1651,2923,1132,1441,2573
3802,"THEFT F/AUTO","38.9239533478","-77.0378136428",96,35,131,1272,1651,2923,1132,1441,2573
3802,"MOTOR VEHICLE THEFT","38.9216100017","-77.0413065015",96,35,131,1272,1651,2923,1132,1441,2573
3802,"THEFT F/AUTO","38.9216100017","-77.0413065015",96,35,131,1272,1651,2923,1132,1441,2573
3802,"THEFT/OTHER","38.9229898757","-77.0364984941",96,35,131,1272,1651,2923,1132,1441,2573
3802,"THEFT/OTHER","38.9216100017","-77.0413065015",96,35,131,1272,1651,2923,1132,1441,2573
3802,"MOTOR VEHICLE THEFT","38.9230601857","-77.0417455545",96,35,131,1272,1651,2923,1132,1441,2573
3802,"MOTOR VEHICLE THEFT","38.9230601857","-77.0417455545",96,35,131,1272,1651,2923,1132,1441,2573
3802,"THEFT/OTHER","38.9216186302","-77.0423674219",96,35,131,1272,1651,2923,1132,1441,2573
3802,"THEFT F/AUTO","38.9220436213","-77.0376973126",96,35,131,1272,1651,2923,1132,1441,2573
3802,"THEFT/OTHER","38.9238622318","-77.0408811202",96,35,131,1272,1651,2923,1132,1441,2573
3802,"THEFT/OTHER","38.9229898757","-77.0364984941",96,35,131,1272,1651,2923,1132,1441,2573
3802,"THEFT/OTHER","38.9216186302","-77.0423674219",96,35,131,1272,1651,2923,1132,1441,2573
3802,"THEFT/OTHER","38.9218806533","-77.0401534852",96,35,131,1272,1651,2923,1132,1441,2573
3802,"MOTOR VEHICLE THEFT","38.9230601857","-77.0417455545",96,35,131,1272,1651,2923,1132,1441,2573
3802,"MOTOR VEHICLE THEFT","38.9231784444","-77.0383898289",96,35,131,1272,1651,2923,1132,1441,2573
3802,"THEFT/OTHER","38.9251421206","-77.0388060474",96,35,131,1272,1651,2923,1132,1441,2573
3802,"THEFT/OTHER","38.9218806533","-77.0401534852",96,35,131,1272,1651,2923,1132,1441,2573
3802,"THEFT F/AUTO","38.9218806533","-77.0401534852",96,35,131,1272,1651,2923,1132,1441,2573
3802,"THEFT/OTHER","38.9230875406","-77.0408114845",96,35,131,1272,1651,2923,1132,1441,2573
3802,"THEFT/OTHER","38.9239988074","-77.0364990105",96,35,131,1272,1651,2923,1132,1441,2573
3802,"THEFT/OTHER","38.9216100017","-77.0413065015",96,35,131,1272,1651,2923,1132,1441,2573
3802,"ROBBERY","38.9230875406","-77.0408114845",96,35,131,1272,1651,2923,1132,1441,2573
3802,"THEFT/OTHER","38.9231784444","-77.0383898289",96,35,131,1272,1651,2923,1132,1441,2573
3802,"THEFT/OTHER","38.9238622318","-77.0408811202",96,35,131,1272,1651,2923,1132,1441,2573
3802,"THEFT/OTHER","38.9216100017","-77.0413065015",96,35,131,1272,1651,2923,1132,1441,2573
3802,"THEFT/OTHER","38.924655385","-77.0396591638",96,35,131,1272,1651,2923,1132,1441,2573
3802,"BURGLARY","38.9216186302","-77.0423674219",96,35,131,1272,1651,2923,1132,1441,2573
3802,"THEFT/OTHER","38.924655385","-77.0396591638",96,35,131,1272,1651,2923,1132,1441,2573
3802,"THEFT/OTHER","38.9218806533","-77.0401534852",96,35,131,1272,1651,2923,1132,1441,2573
3802,"THEFT/OTHER","38.9222504004","-77.0389543871",96,35,131,1272,1651,2923,1132,1441,2573
3802,"THEFT F/AUTO","38.9216100017","-77.0413065015",96,35,131,1272,1651,2923,1132,1441,2573
3802,"ROBBERY","38.9259353","-77.037434125",96,35,131,1272,1651,2923,1132,1441,2573
3802,"THEFT/OTHER","38.9239533478","-77.0378136428",96,35,131,1272,1651,2923,1132,1441,2573
3802,"THEFT/OTHER","38.9236732693","-77.0402698148",96,35,131,1272,1651,2923,1132,1441,2573
3802,"THEFT F/AUTO","38.924737275","-77.0371797879",96,35,131,1272,1651,2923,1132,1441,2573
3802,"BURGLARY","38.924655385","-77.0396591638",96,35,131,1272,1651,2923,1132,1441,2573
3802,"THEFT F/AUTO","38.9216100017","-77.0413065015",96,35,131,1272,1651,2923,1132,1441,2573
3802,"THEFT F/AUTO","38.9216100017","-77.0413065015",96,35,131,1272,1651,2923,1132,1441,2573
3802,"BURGLARY","38.9201234314","-77.0418591499",96,35,131,1272,1651,2923,1132,1441,2573
3802,"THEFT/OTHER","38.9231784444","-77.0383898289",96,35,131,1272,1651,2923,1132,1441,2573
3802,"THEFT/OTHER","38.9239079004","-77.039047549",96,35,131,1272,1651,2923,1132,1441,2573
3802,"THEFT F/AUTO","38.9231329948","-77.0396121894",96,35,131,1272,1651,2923,1132,1441,2573
3802,"THEFT/OTHER","38.9210070778","-77.0394726295",96,35,131,1272,1651,2923,1132,1441,2573
3802,"THEFT/OTHER","38.9239079004","-77.039047549",96,35,131,1272,1651,2923,1132,1441,2573
3802,"MOTOR VEHICLE THEFT","38.9216100017","-77.0413065015",96,35,131,1272,1651,2923,1132,1441,2573
3901,"THEFT/OTHER","38.9264664762","-77.0384031316",101,0,101,1300,959,2259,1263,848,2111
3901,"THEFT/OTHER","38.9238622318","-77.0408811202",101,0,101,1300,959,2259,1263,848,2111
3901,"THEFT/OTHER","38.9238622318","-77.0408811202",101,0,101,1300,959,2259,1263,848,2111
3901,"THEFT/OTHER","38.9259353","-77.037434125",101,0,101,1300,959,2259,1263,848,2111
3901,"THEFT/OTHER","38.9238622318","-77.0408811202",101,0,101,1300,959,2259,1263,848,2111
3901,"THEFT/OTHER","38.9238622318","-77.0408811202",101,0,101,1300,959,2259,1263,848,2111
3901,"THEFT F/AUTO","38.9265014939","-77.0413785299",101,0,101,1300,959,2259,1263,848,2111
3901,"THEFT/OTHER","38.9238622318","-77.0408811202",101,0,101,1300,959,2259,1263,848,2111
3901,"ROBBERY","38.9251421206","-77.0388060474",101,0,101,1300,959,2259,1263,848,2111
3901,"THEFT/OTHER","38.9243031095","-77.0423690168",101,0,101,1300,959,2259,1263,848,2111
3901,"THEFT F/AUTO","38.9271775319","-77.0401910656",101,0,101,1300,959,2259,1263,848,2111
3901,"THEFT/OTHER","38.9238622318","-77.0408811202",101,0,101,1300,959,2259,1263,848,2111
3901,"THEFT/OTHER","38.9238622318","-77.0408811202",101,0,101,1300,959,2259,1263,848,2111
3901,"ROBBERY","38.924655385","-77.0396591638",101,0,101,1300,959,2259,1263,848,2111
3901,"THEFT F/AUTO","38.9259353","-77.037434125",101,0,101,1300,959,2259,1263,848,2111
3901,"THEFT/OTHER","38.9238622318","-77.0408811202",101,0,101,1300,959,2259,1263,848,2111
3901,"THEFT F/AUTO","38.9271775319","-77.0401910656",101,0,101,1300,959,2259,1263,848,2111
3901,"THEFT/OTHER","38.924655385","-77.0396591638",101,0,101,1300,959,2259,1263,848,2111
3901,"THEFT/OTHER","38.9232853854","-77.0417687503",101,0,101,1300,959,2259,1263,848,2111
3901,"THEFT/OTHER","38.9232853854","-77.0417687503",101,0,101,1300,959,2259,1263,848,2111
3901,"THEFT/OTHER","38.9256280622","-77.0403055157",101,0,101,1300,959,2259,1263,848,2111
3901,"THEFT F/AUTO","38.9243031095","-77.0423690168",101,0,101,1300,959,2259,1263,848,2111
3901,"THEFT/OTHER","38.9238622318","-77.0408811202",101,0,101,1300,959,2259,1263,848,2111
3901,"THEFT F/AUTO","38.9247721684","-77.0406048691",101,0,101,1300,959,2259,1263,848,2111
3901,"ROBBERY","38.9238622318","-77.0408811202",101,0,101,1300,959,2259,1263,848,2111
3901,"ROBBERY","38.9238622318","-77.0408811202",101,0,101,1300,959,2259,1263,848,2111
3901,"THEFT/OTHER","38.9256915549","-77.039025461",101,0,101,1300,959,2259,1263,848,2111
3901,"THEFT/OTHER","38.9238622318","-77.0408811202",101,0,101,1300,959,2259,1263,848,2111
3901,"BURGLARY","38.9253394417","-77.0413201941",101,0,101,1300,959,2259,1263,848,2111
3901,"THEFT/OTHER","38.9259353","-77.037434125",101,0,101,1300,959,2259,1263,848,2111
3901,"THEFT/OTHER","38.924655385","-77.0396591638",101,0,101,1300,959,2259,1263,848,2111
3901,"THEFT/OTHER","38.9265014939","-77.0413785299",101,0,101,1300,959,2259,1263,848,2111
3901,"THEFT/OTHER","38.9238622318","-77.0408811202",101,0,101,1300,959,2259,1263,848,2111
3901,"THEFT/OTHER","38.9232853854","-77.0417687503",101,0,101,1300,959,2259,1263,848,2111
3901,"THEFT/OTHER","38.924655385","-77.0396591638",101,0,101,1300,959,2259,1263,848,2111
3901,"THEFT/OTHER","38.9238622318","-77.0408811202",101,0,101,1300,959,2259,1263,848,2111
3901,"THEFT/OTHER","38.9238622318","-77.0408811202",101,0,101,1300,959,2259,1263,848,2111
3901,"THEFT/OTHER","38.9264664762","-77.0384031316",101,0,101,1300,959,2259,1263,848,2111
3901,"THEFT/OTHER","38.9238622318","-77.0408811202",101,0,101,1300,959,2259,1263,848,2111
3901,"THEFT/OTHER","38.9232853854","-77.0417687503",101,0,101,1300,959,2259,1263,848,2111
3901,"THEFT/OTHER","38.9232853854","-77.0417687503",101,0,101,1300,959,2259,1263,848,2111
3901,"THEFT F/AUTO","38.9264664762","-77.0384031316",101,0,101,1300,959,2259,1263,848,2111
3901,"THEFT F/AUTO","38.9264664762","-77.0384031316",101,0,101,1300,959,2259,1263,848,2111
3901,"BURGLARY","38.9247721684","-77.0406048691",101,0,101,1300,959,2259,1263,848,2111
3901,"THEFT/OTHER","38.9263034613","-77.0409517144",101,0,101,1300,959,2259,1263,848,2111
3901,"THEFT F/AUTO","38.9256280622","-77.0403055157",101,0,101,1300,959,2259,1263,848,2111
3901,"THEFT/OTHER","38.9232853854","-77.0417687503",101,0,101,1300,959,2259,1263,848,2111
3901,"THEFT F/AUTO","38.9256280622","-77.0403055157",101,0,101,1300,959,2259,1263,848,2111
3901,"THEFT/OTHER","38.9238622318","-77.0408811202",101,0,101,1300,959,2259,1263,848,2111
3901,"THEFT/OTHER","38.9243031095","-77.0423690168",101,0,101,1300,959,2259,1263,848,2111
3901,"THEFT/OTHER","38.9256280622","-77.0403055157",101,0,101,1300,959,2259,1263,848,2111
3901,"THEFT/OTHER","38.9238622318","-77.0408811202",101,0,101,1300,959,2259,1263,848,2111
3901,"THEFT/OTHER","38.9238622318","-77.0408811202",101,0,101,1300,959,2259,1263,848,2111
3901,"BURGLARY","38.9243031095","-77.0423690168",101,0,101,1300,959,2259,1263,848,2111
3901,"THEFT F/AUTO","38.924655385","-77.0396591638",101,0,101,1300,959,2259,1263,848,2111
3901,"BURGLARY","38.9238622318","-77.0408811202",101,0,101,1300,959,2259,1263,848,2111
3901,"THEFT/OTHER","38.9238622318","-77.0408811202",101,0,101,1300,959,2259,1263,848,2111
3901,"THEFT/OTHER","38.9238622318","-77.0408811202",101,0,101,1300,959,2259,1263,848,2111
3901,"THEFT F/AUTO","38.9271775319","-77.0401910656",101,0,101,1300,959,2259,1263,848,2111
3901,"THEFT/OTHER","38.9238622318","-77.0408811202",101,0,101,1300,959,2259,1263,848,2111
3901,"ASSAULT W/DANGEROUS WEAPON","38.924655385","-77.0396591638",101,0,101,1300,959,2259,1263,848,2111
3901,"THEFT/OTHER","38.9238622318","-77.0408811202",101,0,101,1300,959,2259,1263,848,2111
3901,"THEFT/OTHER","38.9238622318","-77.0408811202",101,0,101,1300,959,2259,1263,848,2111
3901,"THEFT F/AUTO","38.9264664762","-77.0384031316",101,0,101,1300,959,2259,1263,848,2111
3901,"ROBBERY","38.9264664762","-77.0384031316",101,0,101,1300,959,2259,1263,848,2111
3901,"THEFT/OTHER","38.9238622318","-77.0408811202",101,0,101,1300,959,2259,1263,848,2111
3901,"ROBBERY","38.9232853854","-77.0417687503",101,0,101,1300,959,2259,1263,848,2111
3901,"THEFT/OTHER","38.9256280622","-77.0403055157",101,0,101,1300,959,2259,1263,848,2111
3901,"THEFT/OTHER","38.923005735","-77.0428525863",101,0,101,1300,959,2259,1263,848,2111
3901,"BURGLARY","38.9238622318","-77.0408811202",101,0,101,1300,959,2259,1263,848,2111
3901,"THEFT F/AUTO","38.9247721684","-77.0406048691",101,0,101,1300,959,2259,1263,848,2111
3901,"ASSAULT W/DANGEROUS WEAPON","38.9238622318","-77.0408811202",101,0,101,1300,959,2259,1263,848,2111
3901,"THEFT/OTHER","38.9256280622","-77.0403055157",101,0,101,1300,959,2259,1263,848,2111
3901,"THEFT F/AUTO","38.9256280622","-77.0403055157",101,0,101,1300,959,2259,1263,848,2111
3901,"THEFT/OTHER","38.9264664762","-77.0384031316",101,0,101,1300,959,2259,1263,848,2111
3901,"THEFT/OTHER","38.9238622318","-77.0408811202",101,0,101,1300,959,2259,1263,848,2111
3901,"MOTOR VEHICLE THEFT","38.9238622318","-77.0408811202",101,0,101,1300,959,2259,1263,848,2111
3901,"THEFT F/AUTO","38.9259353","-77.037434125",101,0,101,1300,959,2259,1263,848,2111
3901,"THEFT F/AUTO","38.9265014939","-77.0413785299",101,0,101,1300,959,2259,1263,848,2111
3901,"THEFT/OTHER","38.9264664762","-77.0384031316",101,0,101,1300,959,2259,1263,848,2111
3901,"THEFT/OTHER","38.9232853854","-77.0417687503",101,0,101,1300,959,2259,1263,848,2111
3901,"THEFT/OTHER","38.9238622318","-77.0408811202",101,0,101,1300,959,2259,1263,848,2111
3901,"THEFT/OTHER","38.9256280622","-77.0403055157",101,0,101,1300,959,2259,1263,848,2111
3901,"THEFT/OTHER","38.9271775319","-77.0401910656",101,0,101,1300,959,2259,1263,848,2111
3901,"THEFT/OTHER","38.9238622318","-77.0408811202",101,0,101,1300,959,2259,1263,848,2111
3901,"THEFT/OTHER","38.9238622318","-77.0408811202",101,0,101,1300,959,2259,1263,848,2111
3901,"THEFT/OTHER","38.9243031095","-77.0423690168",101,0,101,1300,959,2259,1263,848,2111
3901,"BURGLARY","38.9247721684","-77.0406048691",101,0,101,1300,959,2259,1263,848,2111
3901,"ASSAULT W/DANGEROUS WEAPON","38.9263034613","-77.0409517144",101,0,101,1300,959,2259,1263,848,2111
3901,"BURGLARY","38.9228527618","-77.0423912189",101,0,101,1300,959,2259,1263,848,2111
3901,"THEFT/OTHER","38.9238622318","-77.0408811202",101,0,101,1300,959,2259,1263,848,2111
3901,"THEFT F/AUTO","38.924655385","-77.0396591638",101,0,101,1300,959,2259,1263,848,2111
3901,"BURGLARY","38.9259353","-77.037434125",101,0,101,1300,959,2259,1263,848,2111
3901,"THEFT/OTHER","38.9238622318","-77.0408811202",101,0,101,1300,959,2259,1263,848,2111
3901,"THEFT/OTHER","38.9238622318","-77.0408811202",101,0,101,1300,959,2259,1263,848,2111
3901,"THEFT/OTHER","38.9259353","-77.037434125",101,0,101,1300,959,2259,1263,848,2111
3901,"THEFT F/AUTO","38.9267274377","-77.0392451457",101,0,101,1300,959,2259,1263,848,2111
3901,"MOTOR VEHICLE THEFT","38.9259353","-77.037434125",101,0,101,1300,959,2259,1263,848,2111
3901,"THEFT/OTHER","38.9247721684","-77.0406048691",101,0,101,1300,959,2259,1263,848,2111
3901,"THEFT/OTHER","38.9271775319","-77.0401910656",101,0,101,1300,959,2259,1263,848,2111
3901,"MOTOR VEHICLE THEFT","38.9259353","-77.037434125",101,0,101,1300,959,2259,1263,848,2111
3901,"THEFT/OTHER","38.9238622318","-77.0408811202",101,0,101,1300,959,2259,1263,848,2111
3901,"THEFT F/AUTO","38.9243031095","-77.0423690168",101,0,101,1300,959,2259,1263,848,2111
3901,"THEFT F/AUTO","38.9264664762","-77.0384031316",101,0,101,1300,959,2259,1263,848,2111
3901,"THEFT/OTHER","38.92580778","-77.0415857099",101,0,101,1300,959,2259,1263,848,2111
3901,"MOTOR VEHICLE THEFT","38.9243031095","-77.0423690168",101,0,101,1300,959,2259,1263,848,2111
3901,"THEFT/OTHER","38.9264664762","-77.0384031316",101,0,101,1300,959,2259,1263,848,2111
3901,"THEFT/OTHER","38.9238622318","-77.0408811202",101,0,101,1300,959,2259,1263,848,2111
3901,"THEFT/OTHER","38.9228527618","-77.0423912189",101,0,101,1300,959,2259,1263,848,2111
3901,"ROBBERY","38.9238622318","-77.0408811202",101,0,101,1300,959,2259,1263,848,2111
3901,"THEFT/OTHER","38.9232853854","-77.0417687503",101,0,101,1300,959,2259,1263,848,2111
3901,"THEFT/OTHER","38.9238622318","-77.0408811202",101,0,101,1300,959,2259,1263,848,2111
3902,"THEFT/OTHER","38.9232304274","-77.0442365553",68,56,124,697,1186,1883,621,990,1611
3902,"THEFT/OTHER","38.9236718306","-77.0442483611",68,56,124,697,1186,1883,621,990,1611
3902,"THEFT F/AUTO","38.9243031095","-77.0423690168",68,56,124,697,1186,1883,621,990,1611
3902,"MOTOR VEHICLE THEFT","38.9243031095","-77.0423690168",68,56,124,697,1186,1883,621,990,1611
3902,"MOTOR VEHICLE THEFT","38.9265014939","-77.0413785299",68,56,124,697,1186,1883,621,990,1611
3902,"THEFT/OTHER","38.9232304274","-77.0442365553",68,56,124,697,1186,1883,621,990,1611
3902,"THEFT/OTHER","38.9232304274","-77.0442365553",68,56,124,697,1186,1883,621,990,1611
3902,"BURGLARY","38.9247350549","-77.0436032181",68,56,124,697,1186,1883,621,990,1611
3902,"MOTOR VEHICLE THEFT","38.9232304274","-77.0442365553",68,56,124,697,1186,1883,621,990,1611
3902,"THEFT/OTHER","38.9253834458","-77.0441571648",68,56,124,697,1186,1883,621,990,1611
3902,"THEFT/OTHER","38.9263029723","-77.0423240753",68,56,124,697,1186,1883,621,990,1611
3902,"THEFT/OTHER","38.9236718306","-77.0442483611",68,56,124,697,1186,1883,621,990,1611
3902,"THEFT/OTHER","38.9236718306","-77.0442483611",68,56,124,697,1186,1883,621,990,1611
3902,"BURGLARY","38.9232297371","-77.0460240071",68,56,124,697,1186,1883,621,990,1611
3902,"THEFT F/AUTO","38.9267800025","-77.0434430132",68,56,124,697,1186,1883,621,990,1611
3902,"THEFT/OTHER","38.9236718306","-77.0442483611",68,56,124,697,1186,1883,621,990,1611
3902,"THEFT/OTHER","38.9253834458","-77.0441571648",68,56,124,697,1186,1883,621,990,1611
3902,"THEFT F/AUTO","38.9255905058","-77.044503263",68,56,124,697,1186,1883,621,990,1611
3902,"THEFT F/AUTO","38.9236718306","-77.0442483611",68,56,124,697,1186,1883,621,990,1611
3902,"THEFT/OTHER","38.9232304274","-77.0442365553",68,56,124,697,1186,1883,621,990,1611
3902,"THEFT F/AUTO","38.9232297371","-77.0460240071",68,56,124,697,1186,1883,621,990,1611
3902,"MOTOR VEHICLE THEFT","38.9254742948","-77.0420814049",68,56,124,697,1186,1883,621,990,1611
3902,"THEFT/OTHER","38.9236718306","-77.0442483611",68,56,124,697,1186,1883,621,990,1611
3902,"THEFT/OTHER","38.9253834458","-77.0441571648",68,56,124,697,1186,1883,621,990,1611
3902,"THEFT/OTHER","38.9267800025","-77.0434430132",68,56,124,697,1186,1883,621,990,1611
3902,"THEFT/OTHER","38.9243031095","-77.0423690168",68,56,124,697,1186,1883,621,990,1611
3902,"MOTOR VEHICLE THEFT","38.9247350549","-77.0436032181",68,56,124,697,1186,1883,621,990,1611
3902,"THEFT/OTHER","38.9232297371","-77.0460240071",68,56,124,697,1186,1883,621,990,1611
3902,"BURGLARY","38.9253834458","-77.0441571648",68,56,124,697,1186,1883,621,990,1611
3902,"THEFT/OTHER","38.9253834458","-77.0441571648",68,56,124,697,1186,1883,621,990,1611
3902,"THEFT/OTHER","38.9253834458","-77.0441571648",68,56,124,697,1186,1883,621,990,1611
3902,"THEFT/OTHER","38.9236718306","-77.0442483611",68,56,124,697,1186,1883,621,990,1611
3902,"THEFT F/AUTO","38.9254742948","-77.0420814049",68,56,124,697,1186,1883,621,990,1611
3902,"THEFT F/AUTO","38.9263029723","-77.0423240753",68,56,124,697,1186,1883,621,990,1611
3902,"THEFT F/AUTO","38.9243031095","-77.0423690168",68,56,124,697,1186,1883,621,990,1611
3902,"THEFT/OTHER","38.9258249054","-77.0440190498",68,56,124,697,1186,1883,621,990,1611
3902,"THEFT F/AUTO","38.9273749866","-77.0422555158",68,56,124,697,1186,1883,621,990,1611
3902,"THEFT/OTHER","38.9253834458","-77.0441571648",68,56,124,697,1186,1883,621,990,1611
3902,"THEFT/OTHER","38.9260323851","-77.0432465069",68,56,124,697,1186,1883,621,990,1611
3902,"THEFT F/AUTO","38.9236718306","-77.0442483611",68,56,124,697,1186,1883,621,990,1611
3902,"THEFT/OTHER","38.9243031095","-77.0423690168",68,56,124,697,1186,1883,621,990,1611
3902,"THEFT F/AUTO","38.9232297371","-77.0460240071",68,56,124,697,1186,1883,621,990,1611
3902,"THEFT F/AUTO","38.9247350549","-77.0436032181",68,56,124,697,1186,1883,621,990,1611
3902,"THEFT/OTHER","38.9236718306","-77.0442483611",68,56,124,697,1186,1883,621,990,1611
3902,"THEFT/OTHER","38.9236718306","-77.0442483611",68,56,124,697,1186,1883,621,990,1611
3902,"MOTOR VEHICLE THEFT","38.9253834458","-77.0441571648",68,56,124,697,1186,1883,621,990,1611
3902,"THEFT F/AUTO","38.9232304274","-77.0442365553",68,56,124,697,1186,1883,621,990,1611
3902,"THEFT/OTHER","38.9253834458","-77.0441571648",68,56,124,697,1186,1883,621,990,1611
3902,"THEFT/OTHER","38.9258249054","-77.0440190498",68,56,124,697,1186,1883,621,990,1611
3902,"THEFT F/AUTO","38.9232297371","-77.0460240071",68,56,124,697,1186,1883,621,990,1611
3902,"THEFT/OTHER","38.9253834458","-77.0441571648",68,56,124,697,1186,1883,621,990,1611
3902,"THEFT/OTHER","38.9232304274","-77.0442365553",68,56,124,697,1186,1883,621,990,1611
3902,"THEFT/OTHER","38.9253834458","-77.0441571648",68,56,124,697,1186,1883,621,990,1611
3902,"THEFT/OTHER","38.9245904902","-77.0447448145",68,56,124,697,1186,1883,621,990,1611
3902,"ROBBERY","38.9232297371","-77.0460240071",68,56,124,697,1186,1883,621,990,1611
3902,"THEFT/OTHER","38.9232297371","-77.0460240071",68,56,124,697,1186,1883,621,990,1611
3902,"THEFT/OTHER","38.9236718306","-77.0442483611",68,56,124,697,1186,1883,621,990,1611
3902,"MOTOR VEHICLE THEFT","38.9232297371","-77.0460240071",68,56,124,697,1186,1883,621,990,1611
3902,"MOTOR VEHICLE THEFT","38.9273749866","-77.0422555158",68,56,124,697,1186,1883,621,990,1611
3902,"MOTOR VEHICLE THEFT","38.9254742948","-77.0420814049",68,56,124,697,1186,1883,621,990,1611
3902,"BURGLARY","38.9236718306","-77.0442483611",68,56,124,697,1186,1883,621,990,1611
3902,"THEFT/OTHER","38.9236718306","-77.0442483611",68,56,124,697,1186,1883,621,990,1611
3902,"THEFT/OTHER","38.9253834458","-77.0441571648",68,56,124,697,1186,1883,621,990,1611
4001,"THEFT/OTHER","38.9232297371","-77.0460240071",66,0,66,1942,2363,4305,1864,2191,4055
4001,"THEFT F/AUTO","38.9210487876","-77.0483404505",66,0,66,1942,2363,4305,1864,2191,4055
4001,"THEFT/OTHER","38.9209863214","-77.0468874282",66,0,66,1942,2363,4305,1864,2191,4055
4001,"THEFT F/AUTO","38.9188873076","-77.0470705482",66,0,66,1942,2363,4305,1864,2191,4055
4001,"THEFT/OTHER","38.9193473129","-77.0456063739",66,0,66,1942,2363,4305,1864,2191,4055
4001,"THEFT F/AUTO","38.9223207002","-77.0439361641",66,0,66,1942,2363,4305,1864,2191,4055
4001,"SEX ABUSE","38.9209863214","-77.0468874282",66,0,66,1942,2363,4305,1864,2191,4055
4001,"THEFT/OTHER","38.9209863214","-77.0468874282",66,0,66,1942,2363,4305,1864,2191,4055
4001,"THEFT F/AUTO","38.9223201045","-77.0454929571",66,0,66,1942,2363,4305,1864,2191,4055
4001,"THEFT/OTHER","38.9224832144","-77.0429560588",66,0,66,1942,2363,4305,1864,2191,4055
4001,"THEFT/OTHER","38.9216993028","-77.0434629815",66,0,66,1942,2363,4305,1864,2191,4055
4001,"THEFT F/AUTO","38.9218334247","-77.0460807645",66,0,66,1942,2363,4305,1864,2191,4055
4001,"THEFT F/AUTO","38.9213925324","-77.0447543396",66,0,66,1942,2363,4305,1864,2191,4055
4001,"THEFT F/AUTO","38.9205086428","-77.0474752212",66,0,66,1942,2363,4305,1864,2191,4055
4001,"THEFT/OTHER","38.921887098","-77.0470264013",66,0,66,1942,2363,4305,1864,2191,4055
4001,"THEFT/OTHER","38.9223201045","-77.0454929571",66,0,66,1942,2363,4305,1864,2191,4055
4001,"THEFT F/AUTO","38.9216993028","-77.0434629815",66,0,66,1942,2363,4305,1864,2191,4055
4001,"THEFT/OTHER","38.9216993028","-77.0434629815",66,0,66,1942,2363,4305,1864,2191,4055
4001,"THEFT/OTHER","38.9196187215","-77.0447057172",66,0,66,1942,2363,4305,1864,2191,4055
4001,"THEFT/OTHER","38.9224832144","-77.0429560588",66,0,66,1942,2363,4305,1864,2191,4055
4001,"MOTOR VEHICLE THEFT","38.9213925324","-77.0447543396",66,0,66,1942,2363,4305,1864,2191,4055
4001,"BURGLARY","38.9216993028","-77.0434629815",66,0,66,1942,2363,4305,1864,2191,4055
4001,"THEFT F/AUTO","38.9223207002","-77.0439361641",66,0,66,1942,2363,4305,1864,2191,4055
4001,"BURGLARY","38.9232297371","-77.0460240071",66,0,66,1942,2363,4305,1864,2191,4055
4001,"THEFT/OTHER","38.9232297371","-77.0460240071",66,0,66,1942,2363,4305,1864,2191,4055
4001,"THEFT/OTHER","38.9216993028","-77.0434629815",66,0,66,1942,2363,4305,1864,2191,4055
4001,"THEFT/OTHER","38.9193473129","-77.0456063739",66,0,66,1942,2363,4305,1864,2191,4055
4001,"THEFT/OTHER","38.9216993028","-77.0434629815",66,0,66,1942,2363,4305,1864,2191,4055
4001,"THEFT F/AUTO","38.9223201045","-77.0454929571",66,0,66,1942,2363,4305,1864,2191,4055
4001,"THEFT/OTHER","38.9224832144","-77.0429560588",66,0,66,1942,2363,4305,1864,2191,4055
4001,"MOTOR VEHICLE THEFT","38.9216993028","-77.0434629815",66,0,66,1942,2363,4305,1864,2191,4055
4001,"MOTOR VEHICLE THEFT","38.9223207002","-77.0439361641",66,0,66,1942,2363,4305,1864,2191,4055
4001,"MOTOR VEHICLE THEFT","38.9174735087","-77.0457896719",66,0,66,1942,2363,4305,1864,2191,4055
4001,"MOTOR VEHICLE THEFT","38.9223207002","-77.0439361641",66,0,66,1942,2363,4305,1864,2191,4055
4001,"ROBBERY","38.9223207002","-77.0439361641",66,0,66,1942,2363,4305,1864,2191,4055
4001,"THEFT/OTHER","38.9199316407","-77.0486164473",66,0,66,1942,2363,4305,1864,2191,4055
4001,"THEFT F/AUTO","38.9193473129","-77.0456063739",66,0,66,1942,2363,4305,1864,2191,4055
4001,"THEFT/OTHER","38.919679783","-77.0477052969",66,0,66,1942,2363,4305,1864,2191,4055
4001,"THEFT/OTHER","38.9216993028","-77.0434629815",66,0,66,1942,2363,4305,1864,2191,4055
4001,"THEFT/OTHER","38.9193473129","-77.0456063739",66,0,66,1942,2363,4305,1864,2191,4055
4001,"THEFT/OTHER","38.9208433787","-77.0438199383",66,0,66,1942,2363,4305,1864,2191,4055
4001,"THEFT/OTHER","38.9223207002","-77.0439361641",66,0,66,1942,2363,4305,1864,2191,4055
4001,"THEFT/OTHER","38.9193473129","-77.0456063739",66,0,66,1942,2363,4305,1864,2191,4055
4001,"THEFT F/AUTO","38.9179686982","-77.0464703247",66,0,66,1942,2363,4305,1864,2191,4055
4001,"THEFT F/AUTO","38.923005735","-77.0428525863",66,0,66,1942,2363,4305,1864,2191,4055
4001,"THEFT/OTHER","38.9205812133","-77.0462183336",66,0,66,1942,2363,4305,1864,2191,4055
4001,"THEFT F/AUTO","38.9205086428","-77.0474752212",66,0,66,1942,2363,4305,1864,2191,4055
4001,"THEFT F/AUTO","38.9182385354","-77.0474967722",66,0,66,1942,2363,4305,1864,2191,4055
4001,"BURGLARY","38.9205086428","-77.0474752212",66,0,66,1942,2363,4305,1864,2191,4055
4001,"THEFT F/AUTO","38.919679783","-77.0477052969",66,0,66,1942,2363,4305,1864,2191,4055
4001,"THEFT/OTHER","38.9216993028","-77.0434629815",66,0,66,1942,2363,4305,1864,2191,4055
4001,"THEFT F/AUTO","38.9223201045","-77.0454929571",66,0,66,1942,2363,4305,1864,2191,4055
4001,"THEFT/OTHER","38.9193473129","-77.0456063739",66,0,66,1942,2363,4305,1864,2191,4055
4001,"BURGLARY","38.9216993028","-77.0434629815",66,0,66,1942,2363,4305,1864,2191,4055
4001,"THEFT/OTHER","38.9216993028","-77.0434629815",66,0,66,1942,2363,4305,1864,2191,4055
4001,"THEFT/OTHER","38.9223207002","-77.0439361641",66,0,66,1942,2363,4305,1864,2191,4055
4001,"THEFT F/AUTO","38.9209863214","-77.0468874282",66,0,66,1942,2363,4305,1864,2191,4055
4001,"THEFT/OTHER","38.9196187215","-77.0447057172",66,0,66,1942,2363,4305,1864,2191,4055
4001,"MOTOR VEHICLE THEFT","38.923005735","-77.0428525863",66,0,66,1942,2363,4305,1864,2191,4055
4001,"THEFT/OTHER","38.9224832144","-77.0429560588",66,0,66,1942,2363,4305,1864,2191,4055
4001,"BURGLARY","38.923005735","-77.0428525863",66,0,66,1942,2363,4305,1864,2191,4055
4001,"THEFT F/AUTO","38.9200861256","-77.0452724346",66,0,66,1942,2363,4305,1864,2191,4055
4001,"THEFT/OTHER","38.9223207002","-77.0439361641",66,0,66,1942,2363,4305,1864,2191,4055
4001,"THEFT F/AUTO","38.9174735087","-77.0457896719",66,0,66,1942,2363,4305,1864,2191,4055
4001,"THEFT F/AUTO","38.9218334247","-77.0460807645",66,0,66,1942,2363,4305,1864,2191,4055
4001,"THEFT/OTHER","38.9198514063","-77.0465522714",66,0,66,1942,2363,4305,1864,2191,4055
4001,"THEFT/OTHER","38.9223201045","-77.0454929571",66,0,66,1942,2363,4305,1864,2191,4055
4001,"THEFT F/AUTO","38.9200861256","-77.0452724346",66,0,66,1942,2363,4305,1864,2191,4055
4001,"THEFT/OTHER","38.9223207002","-77.0439361641",66,0,66,1942,2363,4305,1864,2191,4055
4001,"THEFT F/AUTO","38.921887098","-77.0470264013",66,0,66,1942,2363,4305,1864,2191,4055
4001,"THEFT/OTHER","38.9216993028","-77.0434629815",66,0,66,1942,2363,4305,1864,2191,4055
4001,"THEFT/OTHER","38.9182843888","-77.0454557892",66,0,66,1942,2363,4305,1864,2191,4055
4001,"ROBBERY","38.9192935398","-77.0448913981",66,0,66,1942,2363,4305,1864,2191,4055
4001,"MOTOR VEHICLE THEFT","38.9213925324","-77.0447543396",66,0,66,1942,2363,4305,1864,2191,4055
4001,"BURGLARY","38.9182385354","-77.0474967722",66,0,66,1942,2363,4305,1864,2191,4055
4001,"THEFT F/AUTO","38.9182385354","-77.0474967722",66,0,66,1942,2363,4305,1864,2191,4055
4001,"MOTOR VEHICLE THEFT","38.923005735","-77.0428525863",66,0,66,1942,2363,4305,1864,2191,4055
4001,"MOTOR VEHICLE THEFT","38.9205086428","-77.0474752212",66,0,66,1942,2363,4305,1864,2191,4055
4001,"MOTOR VEHICLE THEFT","38.9192935398","-77.0448913981",66,0,66,1942,2363,4305,1864,2191,4055
4001,"THEFT/OTHER","38.9193473129","-77.0456063739",66,0,66,1942,2363,4305,1864,2191,4055
4001,"THEFT F/AUTO","38.9216993028","-77.0434629815",66,0,66,1942,2363,4305,1864,2191,4055
4001,"THEFT/OTHER","38.9213925324","-77.0447543396",66,0,66,1942,2363,4305,1864,2191,4055
4001,"THEFT F/AUTO","38.9205812133","-77.0462183336",66,0,66,1942,2363,4305,1864,2191,4055
4001,"THEFT F/AUTO","38.9205086428","-77.0474752212",66,0,66,1942,2363,4305,1864,2191,4055
4001,"THEFT/OTHER","38.9213925324","-77.0447543396",66,0,66,1942,2363,4305,1864,2191,4055
4001,"THEFT F/AUTO","38.9179686982","-77.0464703247",66,0,66,1942,2363,4305,1864,2191,4055
4001,"MOTOR VEHICLE THEFT","38.9223207002","-77.0439361641",66,0,66,1942,2363,4305,1864,2191,4055
4002,"THEFT/OTHER","38.9178169023","-77.0429532481",0,0,0,1842,1317,3159,1765,1157,2922
4002,"THEFT/OTHER","38.9154013882","-77.0463072223",0,0,0,1842,1317,3159,1765,1157,2922
4002,"THEFT F/AUTO","38.918735671","-77.0431728947",0,0,0,1842,1317,3159,1765,1157,2922
4002,"THEFT/OTHER","38.9191956358","-77.0416856359",0,0,0,1842,1317,3159,1765,1157,2922
4002,"MOTOR VEHICLE THEFT","38.9196545628","-77.0430581373",0,0,0,1842,1317,3159,1765,1157,2922
4002,"BURGLARY","38.9205734416","-77.0429779715",0,0,0,1842,1317,3159,1765,1157,2922
4002,"THEFT/OTHER","38.9201234314","-77.0418591499",0,0,0,1842,1317,3159,1765,1157,2922
4002,"THEFT/OTHER","38.9185368227","-77.0449370465",0,0,0,1842,1317,3159,1765,1157,2922
4002,"THEFT/OTHER","38.9216186302","-77.0423674219",0,0,0,1842,1317,3159,1765,1157,2922
4002,"THEFT/OTHER","38.9173939826","-77.0416499898",0,0,0,1842,1317,3159,1765,1157,2922
4002,"THEFT/OTHER","38.9185368227","-77.0449370465",0,0,0,1842,1317,3159,1765,1157,2922
4002,"ROBBERY","38.9216186302","-77.0423674219",0,0,0,1842,1317,3159,1765,1157,2922
4002,"THEFT/OTHER","38.9193567129","-77.0445916235",0,0,0,1842,1317,3159,1765,1157,2922
4002,"THEFT/OTHER","38.9178169023","-77.0429532481",0,0,0,1842,1317,3159,1765,1157,2922
4002,"THEFT/OTHER","38.9216186302","-77.0423674219",0,0,0,1842,1317,3159,1765,1157,2922
4002,"MOTOR VEHICLE THEFT","38.9182767864","-77.0416850988",0,0,0,1842,1317,3159,1765,1157,2922
4002,"THEFT/OTHER","38.9201225825","-77.0441654388",0,0,0,1842,1317,3159,1765,1157,2922
4002,"THEFT F/AUTO","38.9163306714","-77.0425603047",0,0,0,1842,1317,3159,1765,1157,2922
4002,"ROBBERY","38.9224832144","-77.0429560588",0,0,0,1842,1317,3159,1765,1157,2922
4002,"THEFT/OTHER","38.9205734416","-77.0429779715",0,0,0,1842,1317,3159,1765,1157,2922
4002,"THEFT/OTHER","38.9169791912","-77.0427797795",0,0,0,1842,1317,3159,1765,1157,2922
4002,"THEFT/OTHER","38.9181583125","-77.0453519287",0,0,0,1842,1317,3159,1765,1157,2922
4002,"THEFT F/AUTO","38.9196545628","-77.0430581373",0,0,0,1842,1317,3159,1765,1157,2922
4002,"THEFT/OTHER","38.9185368227","-77.0449370465",0,0,0,1842,1317,3159,1765,1157,2922
4002,"THEFT F/AUTO","38.9178169023","-77.0429532481",0,0,0,1842,1317,3159,1765,1157,2922
4002,"BURGLARY","38.9169791912","-77.0427797795",0,0,0,1842,1317,3159,1765,1157,2922
4002,"ROBBERY","38.915330025","-77.0444968604",0,0,0,1842,1317,3159,1765,1157,2922
4002,"THEFT/OTHER","38.9154013882","-77.0463072223",0,0,0,1842,1317,3159,1765,1157,2922
4002,"BURGLARY","38.9173939826","-77.0416499898",0,0,0,1842,1317,3159,1765,1157,2922
4002,"MOTOR VEHICLE THEFT","38.9216186302","-77.0423674219",0,0,0,1842,1317,3159,1765,1157,2922
4002,"THEFT/OTHER","38.9178169023","-77.0429532481",0,0,0,1842,1317,3159,1765,1157,2922
4002,"THEFT/OTHER","38.9178169023","-77.0429532481",0,0,0,1842,1317,3159,1765,1157,2922
4002,"THEFT/OTHER","38.9147440746","-77.045557308",0,0,0,1842,1317,3159,1765,1157,2922
4002,"THEFT F/AUTO","38.9178169023","-77.0429532481",0,0,0,1842,1317,3159,1765,1157,2922
4002,"BURGLARY","38.9163832093","-77.0465269458",0,0,0,1842,1317,3159,1765,1157,2922
4002,"THEFT/OTHER","38.9181583125","-77.0453519287",0,0,0,1842,1317,3159,1765,1157,2922
4002,"THEFT/OTHER","38.9154013882","-77.0463072223",0,0,0,1842,1317,3159,1765,1157,2922
4002,"THEFT F/AUTO","38.9178169023","-77.0429532481",0,0,0,1842,1317,3159,1765,1157,2922
4002,"ROBBERY","38.9201234314","-77.0418591499",0,0,0,1842,1317,3159,1765,1157,2922
4002,"THEFT F/AUTO","38.9205734416","-77.0429779715",0,0,0,1842,1317,3159,1765,1157,2922
4002,"THEFT F/AUTO","38.9163832093","-77.0465269458",0,0,0,1842,1317,3159,1765,1157,2922
4002,"THEFT/OTHER","38.9154013882","-77.0463072223",0,0,0,1842,1317,3159,1765,1157,2922
4002,"MOTOR VEHICLE THEFT","38.915330025","-77.0444968604",0,0,0,1842,1317,3159,1765,1157,2922
4002,"MOTOR VEHICLE THEFT","38.9182767864","-77.0416850988",0,0,0,1842,1317,3159,1765,1157,2922
4002,"THEFT F/AUTO","38.9164293546","-77.0436673251",0,0,0,1842,1317,3159,1765,1157,2922
4002,"THEFT/OTHER","38.9205734416","-77.0429779715",0,0,0,1842,1317,3159,1765,1157,2922
4002,"BURGLARY","38.9208433787","-77.0438199383",0,0,0,1842,1317,3159,1765,1157,2922
4002,"THEFT/OTHER","38.9216186302","-77.0423674219",0,0,0,1842,1317,3159,1765,1157,2922
4002,"THEFT/OTHER","38.9154013882","-77.0463072223",0,0,0,1842,1317,3159,1765,1157,2922
4002,"THEFT/OTHER","38.9178169023","-77.0429532481",0,0,0,1842,1317,3159,1765,1157,2922
4002,"BURGLARY","38.915330025","-77.0444968604",0,0,0,1842,1317,3159,1765,1157,2922
4002,"THEFT F/AUTO","38.9205734416","-77.0429779715",0,0,0,1842,1317,3159,1765,1157,2922
4002,"THEFT F/AUTO","38.9173930944","-77.0440715004",0,0,0,1842,1317,3159,1765,1157,2922
4002,"THEFT/OTHER","38.9205734416","-77.0429779715",0,0,0,1842,1317,3159,1765,1157,2922
4002,"MOTOR VEHICLE THEFT","38.9178169023","-77.0429532481",0,0,0,1842,1317,3159,1765,1157,2922
4002,"THEFT/OTHER","38.9208433787","-77.0438199383",0,0,0,1842,1317,3159,1765,1157,2922
4002,"THEFT/OTHER","38.9169791912","-77.0427797795",0,0,0,1842,1317,3159,1765,1157,2922
4002,"THEFT/OTHER","38.9178169023","-77.0429532481",0,0,0,1842,1317,3159,1765,1157,2922
4002,"THEFT/OTHER","38.9178169023","-77.0429532481",0,0,0,1842,1317,3159,1765,1157,2922
4002,"MOTOR VEHICLE THEFT","38.9169791912","-77.0427797795",0,0,0,1842,1317,3159,1765,1157,2922
4002,"THEFT/OTHER","38.9178169023","-77.0429532481",0,0,0,1842,1317,3159,1765,1157,2922
4002,"MOTOR VEHICLE THEFT","38.9201225825","-77.0441654388",0,0,0,1842,1317,3159,1765,1157,2922
4002,"ROBBERY","38.918735671","-77.0431728947",0,0,0,1842,1317,3159,1765,1157,2922
4002,"ROBBERY","38.9196545628","-77.0430581373",0,0,0,1842,1317,3159,1765,1157,2922
4002,"THEFT/OTHER","38.9196545628","-77.0430581373",0,0,0,1842,1317,3159,1765,1157,2922
4002,"BURGLARY","38.915330025","-77.0444968604",0,0,0,1842,1317,3159,1765,1157,2922
4002,"THEFT/OTHER","38.9185368227","-77.0449370465",0,0,0,1842,1317,3159,1765,1157,2922
4002,"ROBBERY","38.9224832144","-77.0429560588",0,0,0,1842,1317,3159,1765,1157,2922
4002,"THEFT/OTHER","38.9178169023","-77.0429532481",0,0,0,1842,1317,3159,1765,1157,2922
4002,"MOTOR VEHICLE THEFT","38.9205734416","-77.0429779715",0,0,0,1842,1317,3159,1765,1157,2922
4002,"THEFT/OTHER","38.9178169023","-77.0429532481",0,0,0,1842,1317,3159,1765,1157,2922
4002,"ROBBERY","38.9185368227","-77.0449370465",0,0,0,1842,1317,3159,1765,1157,2922
4002,"MOTOR VEHICLE THEFT","38.9216993028","-77.0434629815",0,0,0,1842,1317,3159,1765,1157,2922
4002,"MOTOR VEHICLE THEFT","38.918735671","-77.0431728947",0,0,0,1842,1317,3159,1765,1157,2922
4002,"BURGLARY","38.9154013882","-77.0463072223",0,0,0,1842,1317,3159,1765,1157,2922
4002,"THEFT/OTHER","38.9205734416","-77.0429779715",0,0,0,1842,1317,3159,1765,1157,2922
4002,"THEFT/OTHER","38.9163832093","-77.0465269458",0,0,0,1842,1317,3159,1765,1157,2922
4002,"THEFT/OTHER","38.9178169023","-77.0429532481",0,0,0,1842,1317,3159,1765,1157,2922
4002,"THEFT/OTHER","38.9201225825","-77.0441654388",0,0,0,1842,1317,3159,1765,1157,2922
4002,"THEFT/OTHER","38.9154013882","-77.0463072223",0,0,0,1842,1317,3159,1765,1157,2922
4002,"THEFT/OTHER","38.9163832093","-77.0465269458",0,0,0,1842,1317,3159,1765,1157,2922
4002,"THEFT/OTHER","38.9178169023","-77.0429532481",0,0,0,1842,1317,3159,1765,1157,2922
4002,"THEFT F/AUTO","38.9191956358","-77.0416856359",0,0,0,1842,1317,3159,1765,1157,2922
4002,"THEFT F/AUTO","38.9205734416","-77.0429779715",0,0,0,1842,1317,3159,1765,1157,2922
4002,"THEFT/OTHER","38.9185368227","-77.0449370465",0,0,0,1842,1317,3159,1765,1157,2922
4002,"THEFT/OTHER","38.9185368227","-77.0449370465",0,0,0,1842,1317,3159,1765,1157,2922
4002,"THEFT F/AUTO","38.9178169023","-77.0429532481",0,0,0,1842,1317,3159,1765,1157,2922
4002,"THEFT F/AUTO","38.9182487414","-77.044452557",0,0,0,1842,1317,3159,1765,1157,2922
4002,"THEFT/OTHER","38.9208433787","-77.0438199383",0,0,0,1842,1317,3159,1765,1157,2922
4002,"BURGLARY","38.9201234314","-77.0418591499",0,0,0,1842,1317,3159,1765,1157,2922
4002,"THEFT/OTHER","38.9208433787","-77.0438199383",0,0,0,1842,1317,3159,1765,1157,2922
4002,"THEFT F/AUTO","38.9201225825","-77.0441654388",0,0,0,1842,1317,3159,1765,1157,2922
4002,"THEFT/OTHER","38.9154013882","-77.0463072223",0,0,0,1842,1317,3159,1765,1157,2922
4002,"BURGLARY","38.9154013882","-77.0463072223",0,0,0,1842,1317,3159,1765,1157,2922
4002,"THEFT/OTHER","38.9178169023","-77.0429532481",0,0,0,1842,1317,3159,1765,1157,2922
4002,"THEFT/OTHER","38.9173939826","-77.0416499898",0,0,0,1842,1317,3159,1765,1157,2922
4002,"THEFT/OTHER","38.9169791912","-77.0427797795",0,0,0,1842,1317,3159,1765,1157,2922
4002,"THEFT/OTHER","38.9178169023","-77.0429532481",0,0,0,1842,1317,3159,1765,1157,2922
4002,"THEFT F/AUTO","38.9169791912","-77.0427797795",0,0,0,1842,1317,3159,1765,1157,2922
4002,"THEFT/OTHER","38.9201234314","-77.0418591499",0,0,0,1842,1317,3159,1765,1157,2922
4002,"MOTOR VEHICLE THEFT","38.9178169023","-77.0429532481",0,0,0,1842,1317,3159,1765,1157,2922
4002,"THEFT/OTHER","38.9178169023","-77.0429532481",0,0,0,1842,1317,3159,1765,1157,2922
4002,"BURGLARY","38.9216993028","-77.0434629815",0,0,0,1842,1317,3159,1765,1157,2922
4002,"ROBBERY","38.9216186302","-77.0423674219",0,0,0,1842,1317,3159,1765,1157,2922
4002,"THEFT/OTHER","38.9185368227","-77.0449370465",0,0,0,1842,1317,3159,1765,1157,2922
4002,"THEFT/OTHER","38.9205734416","-77.0429779715",0,0,0,1842,1317,3159,1765,1157,2922
4002,"ROBBERY","38.9224832144","-77.0429560588",0,0,0,1842,1317,3159,1765,1157,2922
4002,"THEFT/OTHER","38.918735671","-77.0431728947",0,0,0,1842,1317,3159,1765,1157,2922
4002,"THEFT/OTHER","38.9216993028","-77.0434629815",0,0,0,1842,1317,3159,1765,1157,2922
4002,"THEFT/OTHER","38.9178169023","-77.0429532481",0,0,0,1842,1317,3159,1765,1157,2922
4002,"THEFT F/AUTO","38.9196545628","-77.0430581373",0,0,0,1842,1317,3159,1765,1157,2922
4002,"THEFT/OTHER","38.9216186302","-77.0423674219",0,0,0,1842,1317,3159,1765,1157,2922
4002,"THEFT/OTHER","38.9169791912","-77.0427797795",0,0,0,1842,1317,3159,1765,1157,2922
4002,"THEFT/OTHER","38.9173930944","-77.0440715004",0,0,0,1842,1317,3159,1765,1157,2922
4002,"MOTOR VEHICLE THEFT","38.9178169023","-77.0429532481",0,0,0,1842,1317,3159,1765,1157,2922
4100,"THEFT F/AUTO","38.9156165891","-77.0487634051",42,0,42,1205,933,2138,1106,864,1970
4100,"THEFT F/AUTO","38.9155450683","-77.0474373249",42,0,42,1205,933,2138,1106,864,1970
4100,"THEFT F/AUTO","38.9174094526","-77.0482687976",42,0,42,1205,933,2138,1106,864,1970
4100,"THEFT/OTHER","38.9164187071","-77.0478530166",42,0,42,1205,933,2138,1106,864,1970
4100,"THEFT/OTHER","38.909642629","-77.0520798898",42,0,42,1205,933,2138,1106,864,1970
4100,"THEFT F/AUTO","38.9144637236","-77.0482783345",42,0,42,1205,933,2138,1106,864,1970
4100,"THEFT/OTHER","38.9164187071","-77.0478530166",42,0,42,1205,933,2138,1106,864,1970
4100,"THEFT F/AUTO","38.914085302","-77.0484510354",42,0,42,1205,933,2138,1106,864,1970
4100,"THEFT F/AUTO","38.9158233479","-77.0497897835",42,0,42,1205,933,2138,1106,864,1970
4100,"THEFT/OTHER","38.9158233479","-77.0497897835",42,0,42,1205,933,2138,1106,864,1970
4100,"THEFT F/AUTO","38.9138515297","-77.0473670159",42,0,42,1205,933,2138,1106,864,1970
4100,"THEFT/OTHER","38.9164187071","-77.0478530166",42,0,42,1205,933,2138,1106,864,1970
4100,"THEFT F/AUTO","38.914823364","-77.0499274524",42,0,42,1205,933,2138,1106,864,1970
4100,"ROBBERY","38.9144637236","-77.0482783345",42,0,42,1205,933,2138,1106,864,1970
4100,"THEFT/OTHER","38.9156165891","-77.0487634051",42,0,42,1205,933,2138,1106,864,1970
4100,"BURGLARY","38.9164187071","-77.0478530166",42,0,42,1205,933,2138,1106,864,1970
4100,"THEFT F/AUTO","38.9164187071","-77.0478530166",42,0,42,1205,933,2138,1106,864,1970
4100,"THEFT/OTHER","38.9160637538","-77.0560165786",42,0,42,1205,933,2138,1106,864,1970
4100,"ASSAULT W/DANGEROUS WEAPON","38.9182385354","-77.0474967722",42,0,42,1205,933,2138,1106,864,1970
4100,"MOTOR VEHICLE THEFT","38.913452991","-77.052451644",42,0,42,1205,933,2138,1106,864,1970
4100,"ASSAULT W/DANGEROUS WEAPON","38.9145996786","-77.0462259879",42,0,42,1205,933,2138,1106,864,1970
4100,"THEFT/OTHER","38.9145996786","-77.0462259879",42,0,42,1205,933,2138,1106,864,1970
4100,"THEFT/OTHER","38.9164187071","-77.0478530166",42,0,42,1205,933,2138,1106,864,1970
4100,"BURGLARY","38.9158233479","-77.0497897835",42,0,42,1205,933,2138,1106,864,1970
4100,"THEFT/OTHER","38.9164187071","-77.0478530166",42,0,42,1205,933,2138,1106,864,1970
4100,"THEFT/OTHER","38.9164187071","-77.0478530166",42,0,42,1205,933,2138,1106,864,1970
4100,"BURGLARY","38.9182385354","-77.0474967722",42,0,42,1205,933,2138,1106,864,1970
4100,"THEFT F/AUTO","38.9155450683","-77.0474373249",42,0,42,1205,933,2138,1106,864,1970
4100,"THEFT/OTHER","38.9155692668","-77.0539521929",42,0,42,1205,933,2138,1106,864,1970
4100,"BURGLARY","38.9172478244","-77.0469887492",42,0,42,1205,933,2138,1106,864,1970
4100,"ROBBERY","38.9174094526","-77.0482687976",42,0,42,1205,933,2138,1106,864,1970
4100,"THEFT/OTHER","38.9158233479","-77.0497897835",42,0,42,1205,933,2138,1106,864,1970
4100,"MOTOR VEHICLE THEFT","38.9155692668","-77.0539521929",42,0,42,1205,933,2138,1106,864,1970
4100,"THEFT F/AUTO","38.9140839492","-77.0516103836",42,0,42,1205,933,2138,1106,864,1970
4100,"THEFT/OTHER","38.9174094526","-77.0482687976",42,0,42,1205,933,2138,1106,864,1970
4100,"THEFT F/AUTO","38.9133457395","-77.0505259963",42,0,42,1205,933,2138,1106,864,1970
4100,"THEFT/OTHER","38.9155703242","-77.0516114592",42,0,42,1205,933,2138,1106,864,1970
4100,"ROBBERY","38.9138221039","-77.0529592543",42,0,42,1205,933,2138,1106,864,1970
4100,"THEFT F/AUTO","38.9183370612","-77.0488690457",42,0,42,1205,933,2138,1106,864,1970
4100,"THEFT/OTHER","38.9183370612","-77.0488690457",42,0,42,1205,933,2138,1106,864,1970
4100,"THEFT/OTHER","38.9164187071","-77.0478530166",42,0,42,1205,933,2138,1106,864,1970
4100,"THEFT/OTHER","38.9163832093","-77.0465269458",42,0,42,1205,933,2138,1106,864,1970
4100,"THEFT F/AUTO","38.9148244391","-77.0473446009",42,0,42,1205,933,2138,1106,864,1970
4100,"THEFT F/AUTO","38.9120672908","-77.0487955689",42,0,42,1205,933,2138,1106,864,1970
4100,"THEFT/OTHER","38.9164187071","-77.0478530166",42,0,42,1205,933,2138,1106,864,1970
4100,"THEFT/OTHER","38.914823364","-77.0499274524",42,0,42,1205,933,2138,1106,864,1970
4100,"THEFT/OTHER","38.9149951245","-77.048497776",42,0,42,1205,933,2138,1106,864,1970
4100,"THEFT F/AUTO","38.9170026487","-77.0516124958",42,0,42,1205,933,2138,1106,864,1970
4100,"THEFT F/AUTO","38.9133457395","-77.0505259963",42,0,42,1205,933,2138,1106,864,1970
4100,"THEFT/OTHER","38.9164187071","-77.0478530166",42,0,42,1205,933,2138,1106,864,1970
4100,"THEFT F/AUTO","38.9140945243","-77.0479321704",42,0,42,1205,933,2138,1106,864,1970
4100,"THEFT/OTHER","38.9147673865","-77.0542513814",42,0,42,1205,933,2138,1106,864,1970
4100,"THEFT/OTHER","38.9164187071","-77.0478530166",42,0,42,1205,933,2138,1106,864,1970
4100,"THEFT/OTHER","38.9147673865","-77.0542513814",42,0,42,1205,933,2138,1106,864,1970
4100,"THEFT F/AUTO","38.9155450683","-77.0474373249",42,0,42,1205,933,2138,1106,864,1970
4100,"THEFT F/AUTO","38.9156165891","-77.0487634051",42,0,42,1205,933,2138,1106,864,1970
4201,"THEFT F/AUTO","38.9162964643","-77.03720998",92,26,118,1544,1826,3370,1467,1704,3171
4201,"THEFT/OTHER","38.9145124037","-77.0384774085",92,26,118,1544,1826,3370,1467,1704,3171
4201,"THEFT/OTHER","38.9181065326","-77.0390674348",92,26,118,1544,1826,3370,1467,1704,3171
4201,"THEFT F/AUTO","38.9151959457","-77.0416602368",92,26,118,1544,1826,3370,1467,1704,3171
4201,"THEFT/OTHER","38.9178364779","-77.038479202",92,26,118,1544,1826,3370,1467,1704,3171
4201,"THEFT F/AUTO","38.9148280029","-77.0375320704",92,26,118,1544,1826,3370,1467,1704,3171
4201,"THEFT F/AUTO","38.9169990257","-77.0374870891",92,26,118,1544,1826,3370,1467,1704,3171
4201,"THEFT/OTHER","38.9169990257","-77.0374870891",92,26,118,1544,1826,3370,1467,1704,3171
4201,"MOTOR VEHICLE THEFT","38.9175578524","-77.0365072452",92,26,118,1544,1826,3370,1467,1704,3171
4201,"THEFT/OTHER","38.9169982434","-77.0398509318",92,26,118,1544,1826,3370,1467,1704,3171
4201,"THEFT F/AUTO","38.9148280029","-77.0375320704",92,26,118,1544,1826,3370,1467,1704,3171
4201,"ROBBERY","38.9143140252","-77.0390653574",92,26,118,1544,1826,3370,1467,1704,3171
4201,"THEFT F/AUTO","38.9169982434","-77.0398509318",92,26,118,1544,1826,3370,1467,1704,3171
4201,"THEFT/OTHER","38.914827113","-77.0402071669",92,26,118,1544,1826,3370,1467,1704,3171
4201,"THEFT/OTHER","38.9155667931","-77.0371980686",92,26,118,1544,1826,3370,1467,1704,3171
4201,"THEFT/OTHER","38.9181070501","-77.0374876716",92,26,118,1544,1826,3370,1467,1704,3171
4201,"THEFT/OTHER","38.9169990257","-77.0374870891",92,26,118,1544,1826,3370,1467,1704,3171
4201,"THEFT F/AUTO","38.918457984","-77.0386870985",92,26,118,1544,1826,3370,1467,1704,3171
4201,"THEFT/OTHER","38.9169990257","-77.0374870891",92,26,118,1544,1826,3370,1467,1704,3171
4201,"THEFT/OTHER","38.9155658439","-77.0400692149",92,26,118,1544,1826,3370,1467,1704,3171
4201,"THEFT F/AUTO","38.9162865104","-77.0400696198",92,26,118,1544,1826,3370,1467,1704,3171
4201,"ROBBERY","38.9140883381","-77.0404719513",92,26,118,1544,1826,3370,1467,1704,3171
4201,"THEFT F/AUTO","38.9166383701","-77.0384785555",92,26,118,1544,1826,3370,1467,1704,3171
4201,"THEFT/OTHER","38.9169982434","-77.0398509318",92,26,118,1544,1826,3370,1467,1704,3171
4201,"THEFT F/AUTO","38.9155658439","-77.0400692149",92,26,118,1544,1826,3370,1467,1704,3171
4201,"THEFT/OTHER","38.9145124037","-77.0384774085",92,26,118,1544,1826,3370,1467,1704,3171
4201,"THEFT/OTHER","38.9162865104","-77.0400696198",92,26,118,1544,1826,3370,1467,1704,3171
4201,"THEFT F/AUTO","38.9144572583","-77.0416713358",92,26,118,1544,1826,3370,1467,1704,3171
4201,"ROBBERY","38.9175568695","-77.039528375",92,26,118,1544,1826,3370,1467,1704,3171
4201,"THEFT F/AUTO","38.9143140252","-77.0390653574",92,26,118,1544,1826,3370,1467,1704,3171
4201,"MOTOR VEHICLE THEFT","38.9152511854","-77.03817801",92,26,118,1544,1826,3370,1467,1704,3171
4201,"THEFT F/AUTO","38.915251087","-77.0384778071",92,26,118,1544,1826,3370,1467,1704,3171
4201,"MOTOR VEHICLE THEFT","38.9169990257","-77.0374870891",92,26,118,1544,1826,3370,1467,1704,3171
4201,"THEFT/OTHER","38.914827113","-77.0402071669",92,26,118,1544,1826,3370,1467,1704,3171
4201,"THEFT F/AUTO","38.9155667931","-77.0371980686",92,26,118,1544,1826,3370,1467,1704,3171
4201,"THEFT/OTHER","38.9162865104","-77.0400696198",92,26,118,1544,1826,3370,1467,1704,3171
4201,"THEFT F/AUTO","38.9159256206","-77.041660663",92,26,118,1544,1826,3370,1467,1704,3171
4201,"THEFT/OTHER","38.9152511854","-77.03817801",92,26,118,1544,1826,3370,1467,1704,3171
4201,"THEFT/OTHER","38.9148280029","-77.0375320704",92,26,118,1544,1826,3370,1467,1704,3171
4201,"THEFT/OTHER","38.914827113","-77.0402071669",92,26,118,1544,1826,3370,1467,1704,3171
4201,"THEFT F/AUTO","38.914827113","-77.0402071669",92,26,118,1544,1826,3370,1467,1704,3171
4201,"THEFT F/AUTO","38.9155658439","-77.0400692149",92,26,118,1544,1826,3370,1467,1704,3171
4201,"ROBBERY","38.9155658439","-77.0400692149",92,26,118,1544,1826,3370,1467,1704,3171
4201,"ROBBERY","38.9148280029","-77.0375320704",92,26,118,1544,1826,3370,1467,1704,3171
4201,"THEFT/OTHER","38.9140893306","-77.0374970902",92,26,118,1544,1826,3370,1467,1704,3171
4201,"THEFT/OTHER","38.9155658439","-77.0400692149",92,26,118,1544,1826,3370,1467,1704,3171
4201,"MOTOR VEHICLE THEFT","38.9147375473","-77.0386735498",92,26,118,1544,1826,3370,1467,1704,3171
4201,"MOTOR VEHICLE THEFT","38.9147375473","-77.0386735498",92,26,118,1544,1826,3370,1467,1704,3171
4201,"THEFT/OTHER","38.9186208351","-77.0365077893",92,26,118,1544,1826,3370,1467,1704,3171
4201,"BURGLARY","38.9155658439","-77.0400692149",92,26,118,1544,1826,3370,1467,1704,3171
4201,"BURGLARY","38.9155658439","-77.0400692149",92,26,118,1544,1826,3370,1467,1704,3171
4201,"THEFT F/AUTO","38.9162865104","-77.0400696198",92,26,118,1544,1826,3370,1467,1704,3171
4201,"MOTOR VEHICLE THEFT","38.9166383701","-77.0384785555",92,26,118,1544,1826,3370,1467,1704,3171
4201,"THEFT/OTHER","38.9162865104","-77.0400696198",92,26,118,1544,1826,3370,1467,1704,3171
4201,"THEFT F/AUTO","38.9155658439","-77.0400692149",92,26,118,1544,1826,3370,1467,1704,3171
4201,"THEFT/OTHER","38.9169990257","-77.0374870891",92,26,118,1544,1826,3370,1467,1704,3171
4201,"MOTOR VEHICLE THEFT","38.9175568695","-77.039528375",92,26,118,1544,1826,3370,1467,1704,3171
4201,"THEFT/OTHER","38.9155667931","-77.0371980686",92,26,118,1544,1826,3370,1467,1704,3171
4201,"THEFT F/AUTO","38.9155658439","-77.0400692149",92,26,118,1544,1826,3370,1467,1704,3171
4201,"ASSAULT W/DANGEROUS WEAPON","38.9169982434","-77.0398509318",92,26,118,1544,1826,3370,1467,1704,3171
4201,"ROBBERY","38.9166383701","-77.0384785555",92,26,118,1544,1826,3370,1467,1704,3171
4201,"THEFT/OTHER","38.9151976697","-77.036506037",92,26,118,1544,1826,3370,1467,1704,3171
4201,"MOTOR VEHICLE THEFT","38.9169982434","-77.0398509318",92,26,118,1544,1826,3370,1467,1704,3171
4201,"THEFT/OTHER","38.9162865104","-77.0400696198",92,26,118,1544,1826,3370,1467,1704,3171
4201,"THEFT/OTHER","38.9168805816","-77.0414421333",92,26,118,1544,1826,3370,1467,1704,3171
4201,"BURGLARY","38.914827113","-77.0402071669",92,26,118,1544,1826,3370,1467,1704,3171
4201,"THEFT/OTHER","38.9166383701","-77.0384785555",92,26,118,1544,1826,3370,1467,1704,3171
4201,"ROBBERY","38.9155667931","-77.0371980686",92,26,118,1544,1826,3370,1467,1704,3171
4201,"THEFT/OTHER","38.9169982434","-77.0398509318",92,26,118,1544,1826,3370,1467,1704,3171
4201,"MOTOR VEHICLE THEFT","38.9155667931","-77.0371980686",92,26,118,1544,1826,3370,1467,1704,3171
4201,"THEFT F/AUTO","38.9159273446","-77.0365064105",92,26,118,1544,1826,3370,1467,1704,3171
4201,"THEFT/OTHER","38.9181065326","-77.0390674348",92,26,118,1544,1826,3370,1467,1704,3171
4201,"THEFT F/AUTO","38.918304654","-77.0392520418",92,26,118,1544,1826,3370,1467,1704,3171
4201,"THEFT F/AUTO","38.914827113","-77.0402071669",92,26,118,1544,1826,3370,1467,1704,3171
4201,"MOTOR VEHICLE THEFT","38.9169982434","-77.0398509318",92,26,118,1544,1826,3370,1467,1704,3171
4201,"THEFT F/AUTO","38.9159273446","-77.0365064105",92,26,118,1544,1826,3370,1467,1704,3171
4201,"THEFT F/AUTO","38.9155667931","-77.0371980686",92,26,118,1544,1826,3370,1467,1704,3171
4201,"THEFT/OTHER","38.9169990257","-77.0374870891",92,26,118,1544,1826,3370,1467,1704,3171
4201,"THEFT/OTHER","38.914827113","-77.0402071669",92,26,118,1544,1826,3370,1467,1704,3171
4201,"MOTOR VEHICLE THEFT","38.9165291788","-77.0416610156",92,26,118,1544,1826,3370,1467,1704,3171
4201,"THEFT/OTHER","38.9155658439","-77.0400692149",92,26,118,1544,1826,3370,1467,1704,3171
4201,"THEFT/OTHER","38.914827113","-77.0402071669",92,26,118,1544,1826,3370,1467,1704,3171
4202,"THEFT/OTHER","38.9106284076","-77.0425223123",0,2,2,1178,1571,2749,1163,1484,2647
4202,"THEFT/OTHER","38.9099274291","-77.0436069637",0,2,2,1178,1571,2749,1163,1484,2647
4202,"THEFT/OTHER","38.9099274291","-77.0436069637",0,2,2,1178,1571,2749,1163,1484,2647
4202,"THEFT F/AUTO","38.9140876008","-77.0425474356",0,2,2,1178,1571,2749,1163,1484,2647
4202,"THEFT/OTHER","38.9148262842","-77.0425478763",0,2,2,1178,1571,2749,1163,1484,2647
4202,"THEFT/OTHER","38.9099274291","-77.0436069637",0,2,2,1178,1571,2749,1163,1484,2647
4202,"THEFT/OTHER","38.9137179324","-77.0434350568",0,2,2,1178,1571,2749,1163,1484,2647
4202,"MOTOR VEHICLE THEFT","38.9099274291","-77.0436069637",0,2,2,1178,1571,2749,1163,1484,2647
4202,"THEFT F/AUTO","38.9129792489","-77.0434346069",0,2,2,1178,1571,2749,1163,1484,2647
4202,"THEFT/OTHER","38.9099274291","-77.0436069637",0,2,2,1178,1571,2749,1163,1484,2647
4202,"THEFT/OTHER","38.9137179324","-77.0434350568",0,2,2,1178,1571,2749,1163,1484,2647
4202,"BURGLARY","38.9140865066","-77.0454531137",0,2,2,1178,1571,2749,1163,1484,2647
4202,"THEFT F/AUTO","38.9126006265","-77.0441607809",0,2,2,1178,1571,2749,1163,1484,2647
4202,"THEFT/OTHER","38.9099274291","-77.0436069637",0,2,2,1178,1571,2749,1163,1484,2647
4202,"THEFT/OTHER","38.9099274291","-77.0436069637",0,2,2,1178,1571,2749,1163,1484,2647
4202,"ROBBERY","38.9147440746","-77.045557308",0,2,2,1178,1571,2749,1163,1484,2647
4202,"THEFT/OTHER","38.9111232547","-77.0441713962",0,2,2,1178,1571,2749,1163,1484,2647
4202,"BURGLARY","38.9142213741","-77.0461104378",0,2,2,1178,1571,2749,1163,1484,2647
4202,"BURGLARY","38.9126012212","-77.0425580792",0,2,2,1178,1571,2749,1163,1484,2647
4202,"THEFT/OTHER","38.9137179324","-77.0434350568",0,2,2,1178,1571,2749,1163,1484,2647
4202,"MOTOR VEHICLE THEFT","38.9126012212","-77.0425580792",0,2,2,1178,1571,2749,1163,1484,2647
4202,"THEFT/OTHER","38.9126006265","-77.0441607809",0,2,2,1178,1571,2749,1163,1484,2647
4202,"THEFT F/AUTO","38.9133579256","-77.0425470004",0,2,2,1178,1571,2749,1163,1484,2647
4202,"THEFT/OTHER","38.9140870018","-77.0441617013",0,2,2,1178,1571,2749,1163,1484,2647
4202,"ROBBERY","38.9151959457","-77.0416602368",0,2,2,1178,1571,2749,1163,1484,2647
4202,"THEFT/OTHER","38.9129792489","-77.0434346069",0,2,2,1178,1571,2749,1163,1484,2647
4202,"SEX ABUSE","38.9099274291","-77.0436069637",0,2,2,1178,1571,2749,1163,1484,2647
4202,"MOTOR VEHICLE THEFT","38.9144572583","-77.0416713358",0,2,2,1178,1571,2749,1163,1484,2647
4202,"BURGLARY","38.9133387609","-77.0455910014",0,2,2,1178,1571,2749,1163,1484,2647
4202,"THEFT/OTHER","38.9099274291","-77.0436069637",0,2,2,1178,1571,2749,1163,1484,2647
4202,"MOTOR VEHICLE THEFT","38.9099274291","-77.0436069637",0,2,2,1178,1571,2749,1163,1484,2647
4202,"THEFT F/AUTO","38.9137185749","-77.0416709042",0,2,2,1178,1571,2749,1163,1484,2647
4202,"BURGLARY","38.9099274291","-77.0436069637",0,2,2,1178,1571,2749,1163,1484,2647
4202,"THEFT F/AUTO","38.9151952992","-77.0434359566",0,2,2,1178,1571,2749,1163,1484,2647
4202,"THEFT/OTHER","38.9147440746","-77.045557308",0,2,2,1178,1571,2749,1163,1484,2647
4202,"BURGLARY","38.9106911267","-77.0434447434",0,2,2,1178,1571,2749,1163,1484,2647
4202,"BURGLARY","38.9140865066","-77.0454531137",0,2,2,1178,1571,2749,1163,1484,2647
4202,"ROBBERY","38.9099274291","-77.0436069637",0,2,2,1178,1571,2749,1163,1484,2647
4202,"THEFT/OTHER","38.9099274291","-77.0436069637",0,2,2,1178,1571,2749,1163,1484,2647
4202,"THEFT/OTHER","38.9099274291","-77.0436069637",0,2,2,1178,1571,2749,1163,1484,2647
4202,"ROBBERY","38.9147440746","-77.045557308",0,2,2,1178,1571,2749,1163,1484,2647
4202,"THEFT/OTHER","38.915330025","-77.0444968604",0,2,2,1178,1571,2749,1163,1484,2647
4202,"SEX ABUSE","38.9133579256","-77.0425470004",0,2,2,1178,1571,2749,1163,1484,2647
4202,"THEFT F/AUTO","38.9144572583","-77.0416713358",0,2,2,1178,1571,2749,1163,1484,2647
4202,"THEFT/OTHER","38.9133390377","-77.0448761198",0,2,2,1178,1571,2749,1163,1484,2647
4202,"THEFT F/AUTO","38.9155739758","-77.0425483224",0,2,2,1178,1571,2749,1163,1484,2647
4202,"THEFT F/AUTO","38.915330025","-77.0444968604",0,2,2,1178,1571,2749,1163,1484,2647
4202,"THEFT F/AUTO","38.915330025","-77.0444968604",0,2,2,1178,1571,2749,1163,1484,2647
4202,"THEFT/OTHER","38.9140876008","-77.0425474356",0,2,2,1178,1571,2749,1163,1484,2647
4202,"THEFT/OTHER","38.9137179324","-77.0434350568",0,2,2,1178,1571,2749,1163,1484,2647
4202,"THEFT/OTHER","38.9133387609","-77.0455910014",0,2,2,1178,1571,2749,1163,1484,2647
4202,"BURGLARY","38.9099274291","-77.0436069637",0,2,2,1178,1571,2749,1163,1484,2647
4202,"THEFT F/AUTO","38.9146002045","-77.0448769134",0,2,2,1178,1571,2749,1163,1484,2647
4202,"THEFT F/AUTO","38.9140870018","-77.0441617013",0,2,2,1178,1571,2749,1163,1484,2647
4202,"THEFT F/AUTO","38.9133579256","-77.0425470004",0,2,2,1178,1571,2749,1163,1484,2647
4202,"THEFT/OTHER","38.9140876008","-77.0425474356",0,2,2,1178,1571,2749,1163,1484,2647
4202,"MOTOR VEHICLE THEFT","38.9140876008","-77.0425474356",0,2,2,1178,1571,2749,1163,1484,2647
4202,"THEFT/OTHER","38.9165291788","-77.0416610156",0,2,2,1178,1571,2749,1163,1484,2647
4202,"THEFT F/AUTO","38.9133579256","-77.0425470004",0,2,2,1178,1571,2749,1163,1484,2647
4202,"BURGLARY","38.9099274291","-77.0436069637",0,2,2,1178,1571,2749,1163,1484,2647
4202,"THEFT/OTHER","38.9099274291","-77.0436069637",0,2,2,1178,1571,2749,1163,1484,2647
4202,"THEFT/OTHER","38.9137185749","-77.0416709042",0,2,2,1178,1571,2749,1163,1484,2647
4202,"THEFT/OTHER","38.9099274291","-77.0436069637",0,2,2,1178,1571,2749,1163,1484,2647
4202,"THEFT F/AUTO","38.9099274291","-77.0436069637",0,2,2,1178,1571,2749,1163,1484,2647
4202,"THEFT F/AUTO","38.9148262842","-77.0425478763",0,2,2,1178,1571,2749,1163,1484,2647
4202,"THEFT F/AUTO","38.9151952992","-77.0434359566",0,2,2,1178,1571,2749,1163,1484,2647
4202,"BURGLARY","38.9099274291","-77.0436069637",0,2,2,1178,1571,2749,1163,1484,2647
4202,"THEFT/OTHER","38.9099274291","-77.0436069637",0,2,2,1178,1571,2749,1163,1484,2647
4202,"THEFT/OTHER","38.9099274291","-77.0436069637",0,2,2,1178,1571,2749,1163,1484,2647
4202,"MOTOR VEHICLE THEFT","38.9159256206","-77.041660663",0,2,2,1178,1571,2749,1163,1484,2647
4202,"THEFT/OTHER","38.9137185749","-77.0416709042",0,2,2,1178,1571,2749,1163,1484,2647
4202,"THEFT/OTHER","38.9099274291","-77.0436069637",0,2,2,1178,1571,2749,1163,1484,2647
4202,"THEFT F/AUTO","38.9126012212","-77.0425580792",0,2,2,1178,1571,2749,1163,1484,2647
4202,"BURGLARY","38.9163306714","-77.0425603047",0,2,2,1178,1571,2749,1163,1484,2647
4202,"ROBBERY","38.915573533","-77.0437475161",0,2,2,1178,1571,2749,1163,1484,2647
4202,"THEFT F/AUTO","38.9114928689","-77.0434452318",0,2,2,1178,1571,2749,1163,1484,2647
4202,"THEFT F/AUTO","38.9155739758","-77.0425483224",0,2,2,1178,1571,2749,1163,1484,2647
4202,"MOTOR VEHICLE THEFT","38.9140870018","-77.0441617013",0,2,2,1178,1571,2749,1163,1484,2647
4202,"THEFT/OTHER","38.9129792489","-77.0434346069",0,2,2,1178,1571,2749,1163,1484,2647
4202,"MOTOR VEHICLE THEFT","38.9114928689","-77.0434452318",0,2,2,1178,1571,2749,1163,1484,2647
4202,"THEFT/OTHER","38.9133387609","-77.0455910014",0,2,2,1178,1571,2749,1163,1484,2647
4202,"BURGLARY","38.9111232547","-77.0441713962",0,2,2,1178,1571,2749,1163,1484,2647
4202,"THEFT F/AUTO","38.9133390377","-77.0448761198",0,2,2,1178,1571,2749,1163,1484,2647
4202,"THEFT/OTHER","38.9155739758","-77.0425483224",0,2,2,1178,1571,2749,1163,1484,2647
4202,"THEFT/OTHER","38.9126012212","-77.0425580792",0,2,2,1178,1571,2749,1163,1484,2647
4202,"SEX ABUSE","38.9140876008","-77.0425474356",0,2,2,1178,1571,2749,1163,1484,2647
4202,"THEFT/OTHER","38.9137185749","-77.0416709042",0,2,2,1178,1571,2749,1163,1484,2647
4202,"THEFT/OTHER","38.9140876008","-77.0425474356",0,2,2,1178,1571,2749,1163,1484,2647
4202,"THEFT/OTHER","38.9151952992","-77.0434359566",0,2,2,1178,1571,2749,1163,1484,2647
4202,"THEFT/OTHER","38.9148262842","-77.0425478763",0,2,2,1178,1571,2749,1163,1484,2647
4202,"THEFT/OTHER","38.9122321994","-77.0416700358",0,2,2,1178,1571,2749,1163,1484,2647
4202,"BURGLARY","38.9147440746","-77.045557308",0,2,2,1178,1571,2749,1163,1484,2647
4202,"THEFT F/AUTO","38.9113222871","-77.0418655146",0,2,2,1178,1571,2749,1163,1484,2647
4202,"THEFT F/AUTO","38.9122315569","-77.0434341516",0,2,2,1178,1571,2749,1163,1484,2647
4202,"THEFT F/AUTO","38.9122315569","-77.0434341516",0,2,2,1178,1571,2749,1163,1484,2647
4202,"MOTOR VEHICLE THEFT","38.9106284076","-77.0425223123",0,2,2,1178,1571,2749,1163,1484,2647
4202,"THEFT F/AUTO","38.9155739758","-77.0425483224",0,2,2,1178,1571,2749,1163,1484,2647
4202,"THEFT/OTHER","38.9099274291","-77.0436069637",0,2,2,1178,1571,2749,1163,1484,2647
4202,"THEFT/OTHER","38.9099274291","-77.0436069637",0,2,2,1178,1571,2749,1163,1484,2647
4202,"MOTOR VEHICLE THEFT","38.9151952992","-77.0434359566",0,2,2,1178,1571,2749,1163,1484,2647
4202,"MOTOR VEHICLE THEFT","38.9111232547","-77.0441713962",0,2,2,1178,1571,2749,1163,1484,2647
4202,"THEFT/OTHER","38.9133390377","-77.0448761198",0,2,2,1178,1571,2749,1163,1484,2647
4202,"THEFT/OTHER","38.9099274291","-77.0436069637",0,2,2,1178,1571,2749,1163,1484,2647
4202,"THEFT/OTHER","38.9118625375","-77.0425576384",0,2,2,1178,1571,2749,1163,1484,2647
4202,"THEFT F/AUTO","38.9142213741","-77.0461104378",0,2,2,1178,1571,2749,1163,1484,2647
4202,"THEFT F/AUTO","38.9111237822","-77.0427532075",0,2,2,1178,1571,2749,1163,1484,2647
4202,"THEFT F/AUTO","38.915726795","-77.0434247495",0,2,2,1178,1571,2749,1163,1484,2647
4202,"THEFT/OTHER","38.9129798913","-77.0416704726",0,2,2,1178,1571,2749,1163,1484,2647
4202,"BURGLARY","38.9099274291","-77.0436069637",0,2,2,1178,1571,2749,1163,1484,2647
4202,"THEFT/OTHER","38.9099274291","-77.0436069637",0,2,2,1178,1571,2749,1163,1484,2647
4202,"THEFT/OTHER","38.9140876008","-77.0425474356",0,2,2,1178,1571,2749,1163,1484,2647
4202,"THEFT/OTHER","38.9099274291","-77.0436069637",0,2,2,1178,1571,2749,1163,1484,2647
4202,"THEFT F/AUTO","38.9099274291","-77.0436069637",0,2,2,1178,1571,2749,1163,1484,2647
4202,"THEFT F/AUTO","38.915573533","-77.0437475161",0,2,2,1178,1571,2749,1163,1484,2647
4202,"THEFT/OTHER","38.9140865066","-77.0454531137",0,2,2,1178,1571,2749,1163,1484,2647
4202,"THEFT F/AUTO","38.9137179324","-77.0434350568",0,2,2,1178,1571,2749,1163,1484,2647
4202,"BURGLARY","38.9099274291","-77.0436069637",0,2,2,1178,1571,2749,1163,1484,2647
4202,"THEFT/OTHER","38.9137185749","-77.0416709042",0,2,2,1178,1571,2749,1163,1484,2647
4202,"BURGLARY","38.9151959457","-77.0416602368",0,2,2,1178,1571,2749,1163,1484,2647
4202,"ROBBERY","38.9140876008","-77.0425474356",0,2,2,1178,1571,2749,1163,1484,2647
4202,"THEFT/OTHER","38.9137179324","-77.0434350568",0,2,2,1178,1571,2749,1163,1484,2647
4202,"THEFT/OTHER","38.9099274291","-77.0436069637",0,2,2,1178,1571,2749,1163,1484,2647
4202,"THEFT/OTHER","38.9151952992","-77.0434359566",0,2,2,1178,1571,2749,1163,1484,2647
4202,"THEFT/OTHER","38.9099274291","-77.0436069637",0,2,2,1178,1571,2749,1163,1484,2647
4202,"THEFT/OTHER","38.9111232547","-77.0441713962",0,2,2,1178,1571,2749,1163,1484,2647
4202,"BURGLARY","38.9099274291","-77.0436069637",0,2,2,1178,1571,2749,1163,1484,2647
4202,"THEFT/OTHER","38.9099274291","-77.0436069637",0,2,2,1178,1571,2749,1163,1484,2647
4202,"THEFT F/AUTO","38.9118625375","-77.0425576384",0,2,2,1178,1571,2749,1163,1484,2647
4202,"THEFT F/AUTO","38.9126006265","-77.0441607809",0,2,2,1178,1571,2749,1163,1484,2647
4202,"MOTOR VEHICLE THEFT","38.9137179324","-77.0434350568",0,2,2,1178,1571,2749,1163,1484,2647
4300,"BURGLARY","38.9169996416","-77.0355152984",136,70,206,1882,1627,3509,1657,1404,3061
4300,"THEFT/OTHER","38.9169913016","-77.0332436991",136,70,206,1882,1627,3509,1657,1404,3061
4300,"ROBBERY","38.915567982","-77.0332545663",136,70,206,1882,1627,3509,1657,1404,3061
4300,"MOTOR VEHICLE THEFT","38.916640337","-77.0319520765",136,70,206,1882,1627,3509,1657,1404,3061
4300,"MOTOR VEHICLE THEFT","38.9140907972","-77.0326081712",136,70,206,1882,1627,3509,1657,1404,3061
4300,"THEFT/OTHER","38.9186032703","-77.0350317866",136,70,206,1882,1627,3509,1657,1404,3061
4300,"MOTOR VEHICLE THEFT","38.915567982","-77.0332545663",136,70,206,1882,1627,3509,1657,1404,3061
4300,"THEFT/OTHER","38.9175578524","-77.0365072452",136,70,206,1882,1627,3509,1657,1404,3061
4300,"THEFT F/AUTO","38.9159273446","-77.0365064105",136,70,206,1882,1627,3509,1657,1404,3061
4300,"THEFT/OTHER","38.918640186","-77.0319529725",136,70,206,1882,1627,3509,1657,1404,3061
4300,"THEFT/OTHER","38.9144603174","-77.0319626304",136,70,206,1882,1627,3509,1657,1404,3061
4300,"BURGLARY","38.9169996416","-77.0355152984",136,70,206,1882,1627,3509,1657,1404,3061
4300,"THEFT/OTHER","38.9175501783","-77.0319524842",136,70,206,1882,1627,3509,1657,1404,3061
4300,"ROBBERY","38.9144589827","-77.0365171895",136,70,206,1882,1627,3509,1657,1404,3061
4300,"THEFT/OTHER","38.9191803122","-77.0332908446",136,70,206,1882,1627,3509,1657,1404,3061
4300,"BURGLARY","38.9140907972","-77.0326081712",136,70,206,1882,1627,3509,1657,1404,3061
4300,"MOTOR VEHICLE THEFT","38.9191803122","-77.0332908446",136,70,206,1882,1627,3509,1657,1404,3061
4300,"THEFT F/AUTO","38.9175670146","-77.0360114154",136,70,206,1882,1627,3509,1657,1404,3061
4300,"THEFT/OTHER","38.9166396022","-77.0345349941",136,70,206,1882,1627,3509,1657,1404,3061
4300,"THEFT/OTHER","38.9159286757","-77.0319632885",136,70,206,1882,1627,3509,1657,1404,3061
4300,"THEFT/OTHER","38.9159286757","-77.0319632885",136,70,206,1882,1627,3509,1657,1404,3061
4300,"THEFT/OTHER","38.9144603174","-77.0319626304",136,70,206,1882,1627,3509,1657,1404,3061
4300,"BURGLARY","38.9169996416","-77.0355152984",136,70,206,1882,1627,3509,1657,1404,3061
4300,"THEFT/OTHER","38.915567982","-77.0332545663",136,70,206,1882,1627,3509,1657,1404,3061
4300,"THEFT F/AUTO","38.916640337","-77.0319520765",136,70,206,1882,1627,3509,1657,1404,3061
4300,"ROBBERY","38.9169913016","-77.0332436991",136,70,206,1882,1627,3509,1657,1404,3061
4300,"THEFT/OTHER","38.9144589827","-77.0365171895",136,70,206,1882,1627,3509,1657,1404,3061
4300,"MOTOR VEHICLE THEFT","38.9169996416","-77.0355152984",136,70,206,1882,1627,3509,1657,1404,3061
4300,"THEFT/OTHER","38.9191803122","-77.0332908446",136,70,206,1882,1627,3509,1657,1404,3061
4300,"MOTOR VEHICLE THEFT","38.9169913016","-77.0332436991",136,70,206,1882,1627,3509,1657,1404,3061
4300,"THEFT F/AUTO","38.918640186","-77.0319529725",136,70,206,1882,1627,3509,1657,1404,3061
4300,"THEFT/OTHER","38.9159286757","-77.0319632885",136,70,206,1882,1627,3509,1657,1404,3061
4300,"THEFT F/AUTO","38.9140899432","-77.0355369104",136,70,206,1882,1627,3509,1657,1404,3061
4300,"THEFT/OTHER","38.916640337","-77.0319520765",136,70,206,1882,1627,3509,1657,1404,3061
4300,"THEFT/OTHER","38.9140904264","-77.0339111142",136,70,206,1882,1627,3509,1657,1404,3061
4300,"THEFT F/AUTO","38.91628798","-77.0355264749",136,70,206,1882,1627,3509,1657,1404,3061
4300,"MOTOR VEHICLE THEFT","38.9140907972","-77.0326081712",136,70,206,1882,1627,3509,1657,1404,3061
4300,"THEFT/OTHER","38.9162882913","-77.0332438326",136,70,206,1882,1627,3509,1657,1404,3061
4300,"THEFT/OTHER","38.9169913016","-77.0332436991",136,70,206,1882,1627,3509,1657,1404,3061
4300,"THEFT/OTHER","38.9175670146","-77.0360114154",136,70,206,1882,1627,3509,1657,1404,3061
4300,"BURGLARY","38.9169996416","-77.0355152984",136,70,206,1882,1627,3509,1657,1404,3061
4300,"MOTOR VEHICLE THEFT","38.9144603174","-77.0319626304",136,70,206,1882,1627,3509,1657,1404,3061
4300,"THEFT/OTHER","38.9169913016","-77.0332436991",136,70,206,1882,1627,3509,1657,1404,3061
4300,"THEFT/OTHER","38.9169913016","-77.0332436991",136,70,206,1882,1627,3509,1657,1404,3061
4300,"THEFT/OTHER","38.9151982657","-77.0345458268",136,70,206,1882,1627,3509,1657,1404,3061
4300,"THEFT F/AUTO","38.9140904264","-77.0339111142",136,70,206,1882,1627,3509,1657,1404,3061
4300,"MOTOR VEHICLE THEFT","38.9144603174","-77.0319626304",136,70,206,1882,1627,3509,1657,1404,3061
4300,"THEFT/OTHER","38.9169996416","-77.0355152984",136,70,206,1882,1627,3509,1657,1404,3061
4300,"MOTOR VEHICLE THEFT","38.9196220936","-77.0319534125",136,70,206,1882,1627,3509,1657,1404,3061
4300,"MOTOR VEHICLE THEFT","38.9155673134","-77.0355261159",136,70,206,1882,1627,3509,1657,1404,3061
4300,"THEFT/OTHER","38.9169913016","-77.0332436991",136,70,206,1882,1627,3509,1657,1404,3061
4300,"ROBBERY","38.9155673134","-77.0355261159",136,70,206,1882,1627,3509,1657,1404,3061
4300,"THEFT F/AUTO","38.9140899432","-77.0355369104",136,70,206,1882,1627,3509,1657,1404,3061
4300,"MOTOR VEHICLE THEFT","38.9169996416","-77.0355152984",136,70,206,1882,1627,3509,1657,1404,3061
4300,"BURGLARY","38.9191803122","-77.0332908446",136,70,206,1882,1627,3509,1657,1404,3061
4300,"MOTOR VEHICLE THEFT","38.9169913016","-77.0332436991",136,70,206,1882,1627,3509,1657,1404,3061
4300,"ASSAULT W/DANGEROUS WEAPON","38.915567982","-77.0332545663",136,70,206,1882,1627,3509,1657,1404,3061
4300,"THEFT F/AUTO","38.9175578524","-77.0365072452",136,70,206,1882,1627,3509,1657,1404,3061
4300,"THEFT F/AUTO","38.9175501783","-77.0319524842",136,70,206,1882,1627,3509,1657,1404,3061
4300,"THEFT/OTHER","38.9140899432","-77.0355369104",136,70,206,1882,1627,3509,1657,1404,3061
4300,"THEFT/OTHER","38.9186032703","-77.0350317866",136,70,206,1882,1627,3509,1657,1404,3061
4300,"BURGLARY","38.9181083344","-77.0332442198",136,70,206,1882,1627,3509,1657,1404,3061
4300,"THEFT/OTHER","38.9191803122","-77.0332908446",136,70,206,1882,1627,3509,1657,1404,3061
4300,"THEFT/OTHER","38.9144603174","-77.0319626304",136,70,206,1882,1627,3509,1657,1404,3061
4300,"THEFT/OTHER","38.915567982","-77.0332545663",136,70,206,1882,1627,3509,1657,1404,3061
4300,"THEFT/OTHER","38.9186032703","-77.0350317866",136,70,206,1882,1627,3509,1657,1404,3061
4300,"THEFT/OTHER","38.9159286757","-77.0319632885",136,70,206,1882,1627,3509,1657,1404,3061
4300,"THEFT F/AUTO","38.9159273446","-77.0365064105",136,70,206,1882,1627,3509,1657,1404,3061
4300,"THEFT/OTHER","38.9169913016","-77.0332436991",136,70,206,1882,1627,3509,1657,1404,3061
4300,"THEFT/OTHER","38.9181083344","-77.0332442198",136,70,206,1882,1627,3509,1657,1404,3061
4300,"ASSAULT W/DANGEROUS WEAPON","38.9181083344","-77.0332442198",136,70,206,1882,1627,3509,1657,1404,3061
4300,"THEFT F/AUTO","38.9181083344","-77.0332442198",136,70,206,1882,1627,3509,1657,1404,3061
4300,"THEFT F/AUTO","38.9148292987","-77.0332542219",136,70,206,1882,1627,3509,1657,1404,3061
4300,"THEFT F/AUTO","38.9186032703","-77.0350317866",136,70,206,1882,1627,3509,1657,1404,3061
4300,"THEFT F/AUTO","38.9155673134","-77.0355261159",136,70,206,1882,1627,3509,1657,1404,3061
4300,"THEFT/OTHER","38.9144603174","-77.0319626304",136,70,206,1882,1627,3509,1657,1404,3061
4300,"ROBBERY","38.915567982","-77.0332545663",136,70,206,1882,1627,3509,1657,1404,3061
4300,"THEFT F/AUTO","38.915567982","-77.0332545663",136,70,206,1882,1627,3509,1657,1404,3061
4300,"MOTOR VEHICLE THEFT","38.9175494435","-77.0345354346",136,70,206,1882,1627,3509,1657,1404,3061
4300,"THEFT F/AUTO","38.916640337","-77.0319520765",136,70,206,1882,1627,3509,1657,1404,3061
4300,"THEFT/OTHER","38.9159273446","-77.0365064105",136,70,206,1882,1627,3509,1657,1404,3061
4300,"THEFT/OTHER","38.9140907972","-77.0326081712",136,70,206,1882,1627,3509,1657,1404,3061
4300,"THEFT/OTHER","38.9181083344","-77.0332442198",136,70,206,1882,1627,3509,1657,1404,3061
4300,"MOTOR VEHICLE THEFT","38.9169913016","-77.0332436991",136,70,206,1882,1627,3509,1657,1404,3061
4300,"THEFT/OTHER","38.9151982657","-77.0345458268",136,70,206,1882,1627,3509,1657,1404,3061
4300,"THEFT/OTHER","38.9175501783","-77.0319524842",136,70,206,1882,1627,3509,1657,1404,3061
4300,"THEFT/OTHER","38.918640186","-77.0319529725",136,70,206,1882,1627,3509,1657,1404,3061
4300,"ROBBERY","38.9186032703","-77.0350317866",136,70,206,1882,1627,3509,1657,1404,3061
4300,"THEFT/OTHER","38.9169913016","-77.0332436991",136,70,206,1882,1627,3509,1657,1404,3061
4300,"BURGLARY","38.9191803122","-77.0332908446",136,70,206,1882,1627,3509,1657,1404,3061
4300,"THEFT/OTHER","38.9197387988","-77.0333948878",136,70,206,1882,1627,3509,1657,1404,3061
4300,"THEFT/OTHER","38.9169913016","-77.0332436991",136,70,206,1882,1627,3509,1657,1404,3061
4300,"THEFT/OTHER","38.9159279406","-77.0345461802",136,70,206,1882,1627,3509,1657,1404,3061
4300,"MOTOR VEHICLE THEFT","38.916640337","-77.0319520765",136,70,206,1882,1627,3509,1657,1404,3061
4300,"THEFT/OTHER","38.9148292987","-77.0332542219",136,70,206,1882,1627,3509,1657,1404,3061
4300,"THEFT F/AUTO","38.9159286757","-77.0319632885",136,70,206,1882,1627,3509,1657,1404,3061
4300,"MOTOR VEHICLE THEFT","38.9159286757","-77.0319632885",136,70,206,1882,1627,3509,1657,1404,3061
4300,"THEFT/OTHER","38.9159286757","-77.0319632885",136,70,206,1882,1627,3509,1657,1404,3061
4300,"THEFT F/AUTO","38.9140904264","-77.0339111142",136,70,206,1882,1627,3509,1657,1404,3061
4300,"THEFT/OTHER","38.9191803122","-77.0332908446",136,70,206,1882,1627,3509,1657,1404,3061
4300,"THEFT/OTHER","38.9151976697","-77.036506037",136,70,206,1882,1627,3509,1657,1404,3061
4300,"THEFT/OTHER","38.916640337","-77.0319520765",136,70,206,1882,1627,3509,1657,1404,3061
4300,"THEFT F/AUTO","38.9155673134","-77.0355261159",136,70,206,1882,1627,3509,1657,1404,3061
4300,"THEFT/OTHER","38.9144603174","-77.0319626304",136,70,206,1882,1627,3509,1657,1404,3061
4300,"THEFT/OTHER","38.9197387988","-77.0333948878",136,70,206,1882,1627,3509,1657,1404,3061
4300,"MOTOR VEHICLE THEFT","38.9144603174","-77.0319626304",136,70,206,1882,1627,3509,1657,1404,3061
4300,"MOTOR VEHICLE THEFT","38.916640337","-77.0319520765",136,70,206,1882,1627,3509,1657,1404,3061
4300,"THEFT/OTHER","38.9144603174","-77.0319626304",136,70,206,1882,1627,3509,1657,1404,3061
4300,"MOTOR VEHICLE THEFT","38.9197387988","-77.0333948878",136,70,206,1882,1627,3509,1657,1404,3061
4300,"THEFT F/AUTO","38.9159286757","-77.0319632885",136,70,206,1882,1627,3509,1657,1404,3061
4300,"THEFT/OTHER","38.9169913016","-77.0332436991",136,70,206,1882,1627,3509,1657,1404,3061
4300,"THEFT/OTHER","38.9169913016","-77.0332436991",136,70,206,1882,1627,3509,1657,1404,3061
4300,"BURGLARY","38.9175494435","-77.0345354346",136,70,206,1882,1627,3509,1657,1404,3061
4300,"THEFT F/AUTO","38.9148292987","-77.0332542219",136,70,206,1882,1627,3509,1657,1404,3061
4300,"THEFT/OTHER","38.915567982","-77.0332545663",136,70,206,1882,1627,3509,1657,1404,3061
4300,"THEFT/OTHER","38.915567982","-77.0332545663",136,70,206,1882,1627,3509,1657,1404,3061
4300,"THEFT/OTHER","38.9148292987","-77.0332542219",136,70,206,1882,1627,3509,1657,1404,3061
4300,"THEFT F/AUTO","38.9159286757","-77.0319632885",136,70,206,1882,1627,3509,1657,1404,3061
4300,"THEFT/OTHER","38.9169913016","-77.0332436991",136,70,206,1882,1627,3509,1657,1404,3061
4300,"THEFT/OTHER","38.916640337","-77.0319520765",136,70,206,1882,1627,3509,1657,1404,3061
4300,"THEFT/OTHER","38.9140907972","-77.0326081712",136,70,206,1882,1627,3509,1657,1404,3061
4300,"THEFT F/AUTO","38.9148286301","-77.0355257479",136,70,206,1882,1627,3509,1657,1404,3061
4300,"THEFT/OTHER","38.9151982657","-77.0345458268",136,70,206,1882,1627,3509,1657,1404,3061
4300,"THEFT F/AUTO","38.9181083344","-77.0332442198",136,70,206,1882,1627,3509,1657,1404,3061
4300,"THEFT F/AUTO","38.9159279406","-77.0345461802",136,70,206,1882,1627,3509,1657,1404,3061
4300,"ASSAULT W/DANGEROUS WEAPON","38.918640186","-77.0319529725",136,70,206,1882,1627,3509,1657,1404,3061
4300,"THEFT/OTHER","38.9186032703","-77.0350317866",136,70,206,1882,1627,3509,1657,1404,3061
4300,"ROBBERY","38.916640337","-77.0319520765",136,70,206,1882,1627,3509,1657,1404,3061
4300,"THEFT/OTHER","38.9140899432","-77.0355369104",136,70,206,1882,1627,3509,1657,1404,3061
4300,"ASSAULT W/DANGEROUS WEAPON","38.9175501783","-77.0319524842",136,70,206,1882,1627,3509,1657,1404,3061
4300,"ASSAULT W/DANGEROUS WEAPON","38.9191803122","-77.0332908446",136,70,206,1882,1627,3509,1657,1404,3061
4300,"THEFT F/AUTO","38.9159286757","-77.0319632885",136,70,206,1882,1627,3509,1657,1404,3061
4300,"THEFT/OTHER","38.9159286757","-77.0319632885",136,70,206,1882,1627,3509,1657,1404,3061
4300,"THEFT/OTHER","38.9169996416","-77.0355152984",136,70,206,1882,1627,3509,1657,1404,3061
4300,"THEFT/OTHER","38.9144603174","-77.0319626304",136,70,206,1882,1627,3509,1657,1404,3061
4300,"THEFT/OTHER","38.9140907972","-77.0326081712",136,70,206,1882,1627,3509,1657,1404,3061
4300,"THEFT/OTHER","38.915567982","-77.0332545663",136,70,206,1882,1627,3509,1657,1404,3061
4300,"THEFT/OTHER","38.9181083344","-77.0332442198",136,70,206,1882,1627,3509,1657,1404,3061
4300,"THEFT F/AUTO","38.9169913016","-77.0332436991",136,70,206,1882,1627,3509,1657,1404,3061
4300,"THEFT F/AUTO","38.91628798","-77.0355264749",136,70,206,1882,1627,3509,1657,1404,3061
4300,"MOTOR VEHICLE THEFT","38.9191803122","-77.0332908446",136,70,206,1882,1627,3509,1657,1404,3061
4300,"THEFT F/AUTO","38.9155673134","-77.0355261159",136,70,206,1882,1627,3509,1657,1404,3061
4300,"THEFT/OTHER","38.9159286757","-77.0319632885",136,70,206,1882,1627,3509,1657,1404,3061
4300,"THEFT/OTHER","38.9144603174","-77.0319626304",136,70,206,1882,1627,3509,1657,1404,3061
4300,"THEFT/OTHER","38.915567982","-77.0332545663",136,70,206,1882,1627,3509,1657,1404,3061
4300,"MOTOR VEHICLE THEFT","38.9144603174","-77.0319626304",136,70,206,1882,1627,3509,1657,1404,3061
4300,"THEFT/OTHER","38.9169996416","-77.0355152984",136,70,206,1882,1627,3509,1657,1404,3061
4300,"THEFT/OTHER","38.918640186","-77.0319529725",136,70,206,1882,1627,3509,1657,1404,3061
4300,"THEFT F/AUTO","38.9191803122","-77.0332908446",136,70,206,1882,1627,3509,1657,1404,3061
4300,"THEFT F/AUTO","38.9169913016","-77.0332436991",136,70,206,1882,1627,3509,1657,1404,3061
4300,"THEFT/OTHER","38.9169913016","-77.0332436991",136,70,206,1882,1627,3509,1657,1404,3061
4300,"THEFT F/AUTO","38.9148286301","-77.0355257479",136,70,206,1882,1627,3509,1657,1404,3061
4300,"ROBBERY","38.9175501783","-77.0319524842",136,70,206,1882,1627,3509,1657,1404,3061
4300,"THEFT F/AUTO","38.9196220936","-77.0319534125",136,70,206,1882,1627,3509,1657,1404,3061
4300,"THEFT/OTHER","38.9159286757","-77.0319632885",136,70,206,1882,1627,3509,1657,1404,3061
4300,"THEFT/OTHER","38.9169996416","-77.0355152984",136,70,206,1882,1627,3509,1657,1404,3061
4300,"THEFT/OTHER","38.9159286757","-77.0319632885",136,70,206,1882,1627,3509,1657,1404,3061
4300,"THEFT F/AUTO","38.9181083344","-77.0332442198",136,70,206,1882,1627,3509,1657,1404,3061
4300,"MOTOR VEHICLE THEFT","38.9181083344","-77.0332442198",136,70,206,1882,1627,3509,1657,1404,3061
4300,"THEFT F/AUTO","38.9181083344","-77.0332442198",136,70,206,1882,1627,3509,1657,1404,3061
4300,"THEFT/OTHER","38.9140907972","-77.0326081712",136,70,206,1882,1627,3509,1657,1404,3061
4300,"THEFT/OTHER","38.9175494435","-77.0345354346",136,70,206,1882,1627,3509,1657,1404,3061
4300,"MOTOR VEHICLE THEFT","38.9169913016","-77.0332436991",136,70,206,1882,1627,3509,1657,1404,3061
4401,"THEFT/OTHER","38.918641426","-77.027040679",65,77,142,1254,1579,2833,1210,1519,2729
4401,"THEFT/OTHER","38.9186407997","-77.029623669",65,77,142,1254,1579,2833,1210,1519,2729
4401,"MOTOR VEHICLE THEFT","38.9180655126","-77.0242153378",65,77,142,1254,1579,2833,1210,1519,2729
4401,"THEFT/OTHER","38.918640186","-77.0319529725",65,77,142,1254,1579,2833,1210,1519,2729
4401,"THEFT F/AUTO","38.9181094988","-77.0288623944",65,77,142,1254,1579,2833,1210,1519,2729
4401,"MOTOR VEHICLE THEFT","38.917550792","-77.0296232163",65,77,142,1254,1579,2833,1210,1519,2729
4401,"THEFT/OTHER","38.9169919745","-77.0307876091",65,77,142,1254,1579,2833,1210,1519,2729
4401,"THEFT F/AUTO","38.918640186","-77.0319529725",65,77,142,1254,1579,2833,1210,1519,2729
4401,"MOTOR VEHICLE THEFT","38.9169930207","-77.0265211617",65,77,142,1254,1579,2833,1210,1519,2729
4401,"THEFT F/AUTO","38.9206769708","-77.0284598297",65,77,142,1254,1579,2833,1210,1519,2729
4401,"THEFT F/AUTO","38.9186411785","-77.0280900187",65,77,142,1254,1579,2833,1210,1519,2729
4401,"THEFT F/AUTO","38.917550792","-77.0296232163",65,77,142,1254,1579,2833,1210,1519,2729
4401,"THEFT F/AUTO","38.9175514183","-77.0270402657",65,77,142,1254,1579,2833,1210,1519,2729
4401,"BURGLARY","38.918640186","-77.0319529725",65,77,142,1254,1579,2833,1210,1519,2729
4401,"THEFT F/AUTO","38.91996565","-77.0270411811",65,77,142,1254,1579,2833,1210,1519,2729
4401,"THEFT F/AUTO","38.9181094988","-77.0288623944",65,77,142,1254,1579,2833,1210,1519,2729
4401,"THEFT F/AUTO","38.9191818044","-77.0275597921",65,77,142,1254,1579,2833,1210,1519,2729
4401,"THEFT/OTHER","38.9181090073","-77.0307880913",65,77,142,1254,1579,2833,1210,1519,2729
4401,"MOTOR VEHICLE THEFT","38.9175518727","-77.0249992735",65,77,142,1254,1579,2833,1210,1519,2729
4401,"THEFT F/AUTO","38.9198487773","-77.0260033106",65,77,142,1254,1579,2833,1210,1519,2729
4401,"ASSAULT W/DANGEROUS WEAPON","38.9181094988","-77.0288623944",65,77,142,1254,1579,2833,1210,1519,2729
4401,"THEFT F/AUTO","38.9206769708","-77.0284598297",65,77,142,1254,1579,2833,1210,1519,2729
4401,"THEFT/OTHER","38.9186407997","-77.029623669",65,77,142,1254,1579,2833,1210,1519,2729
4401,"THEFT F/AUTO","38.9191820445","-77.0265219757",65,77,142,1254,1579,2833,1210,1519,2729
4401,"THEFT F/AUTO","38.9175516538","-77.026002473",65,77,142,1254,1579,2833,1210,1519,2729
4401,"THEFT F/AUTO","38.9206769708","-77.0284598297",65,77,142,1254,1579,2833,1210,1519,2729
4401,"THEFT F/AUTO","38.9181100536","-77.0265215771",65,77,142,1254,1579,2833,1210,1519,2729
4401,"THEFT F/AUTO","38.9186407997","-77.029623669",65,77,142,1254,1579,2833,1210,1519,2729
4401,"THEFT F/AUTO","38.9186407997","-77.029623669",65,77,142,1254,1579,2833,1210,1519,2729
4401,"BURGLARY","38.917550792","-77.0296232163",65,77,142,1254,1579,2833,1210,1519,2729
4401,"THEFT F/AUTO","38.9175518727","-77.0249992735",65,77,142,1254,1579,2833,1210,1519,2729
4401,"THEFT F/AUTO","38.9186411785","-77.0280900187",65,77,142,1254,1579,2833,1210,1519,2729
4401,"THEFT F/AUTO","38.9175516538","-77.026002473",65,77,142,1254,1579,2833,1210,1519,2729
4401,"THEFT F/AUTO","38.916992466","-77.0288619423",65,77,142,1254,1579,2833,1210,1519,2729
4401,"THEFT/OTHER","38.9175501783","-77.0319524842",65,77,142,1254,1579,2833,1210,1519,2729
4401,"THEFT F/AUTO","38.9186407997","-77.029623669",65,77,142,1254,1579,2833,1210,1519,2729
4401,"MOTOR VEHICLE THEFT","38.918640186","-77.0319529725",65,77,142,1254,1579,2833,1210,1519,2729
4401,"THEFT/OTHER","38.918640186","-77.0319529725",65,77,142,1254,1579,2833,1210,1519,2729
4401,"ROBBERY","38.9181094988","-77.0288623944",65,77,142,1254,1579,2833,1210,1519,2729
4401,"THEFT/OTHER","38.9169919745","-77.0307876091",65,77,142,1254,1579,2833,1210,1519,2729
4401,"THEFT F/AUTO","38.9191818044","-77.0275597921",65,77,142,1254,1579,2833,1210,1519,2729
4401,"ROBBERY","38.9175501783","-77.0319524842",65,77,142,1254,1579,2833,1210,1519,2729
4401,"MOTOR VEHICLE THEFT","38.9173719259","-77.0239498893",65,77,142,1254,1579,2833,1210,1519,2729
4401,"ROBBERY","38.9196220936","-77.0319534125",65,77,142,1254,1579,2833,1210,1519,2729
4401,"THEFT/OTHER","38.918640186","-77.0319529725",65,77,142,1254,1579,2833,1210,1519,2729
4401,"THEFT F/AUTO","38.9181090073","-77.0307880913",65,77,142,1254,1579,2833,1210,1519,2729
4401,"THEFT F/AUTO","38.917550792","-77.0296232163",65,77,142,1254,1579,2833,1210,1519,2729
4401,"THEFT F/AUTO","38.918641426","-77.027040679",65,77,142,1254,1579,2833,1210,1519,2729
4401,"THEFT F/AUTO","38.9175514183","-77.0270402657",65,77,142,1254,1579,2833,1210,1519,2729
4401,"THEFT F/AUTO","38.9181103196","-77.0253223406",65,77,142,1254,1579,2833,1210,1519,2729
4401,"THEFT F/AUTO","38.9175518727","-77.0249992735",65,77,142,1254,1579,2833,1210,1519,2729
4401,"THEFT F/AUTO","38.9191820445","-77.0265219757",65,77,142,1254,1579,2833,1210,1519,2729
4401,"THEFT/OTHER","38.9182546226","-77.0245267429",65,77,142,1254,1579,2833,1210,1519,2729
4401,"THEFT F/AUTO","38.9175518727","-77.0249992735",65,77,142,1254,1579,2833,1210,1519,2729
4401,"MOTOR VEHICLE THEFT","38.9169919745","-77.0307876091",65,77,142,1254,1579,2833,1210,1519,2729
4401,"THEFT/OTHER","38.9169919745","-77.0307876091",65,77,142,1254,1579,2833,1210,1519,2729
4401,"MOTOR VEHICLE THEFT","38.9181090073","-77.0307880913",65,77,142,1254,1579,2833,1210,1519,2729
4401,"THEFT/OTHER","38.918640186","-77.0319529725",65,77,142,1254,1579,2833,1210,1519,2729
4401,"THEFT F/AUTO","38.9181090073","-77.0307880913",65,77,142,1254,1579,2833,1210,1519,2729
4401,"THEFT F/AUTO","38.9191809983","-77.0307885541",65,77,142,1254,1579,2833,1210,1519,2729
4401,"MOTOR VEHICLE THEFT","38.9169919745","-77.0307876091",65,77,142,1254,1579,2833,1210,1519,2729
4401,"BURGLARY","38.9175501783","-77.0319524842",65,77,142,1254,1579,2833,1210,1519,2729
4401,"THEFT F/AUTO","38.9181090073","-77.0307880913",65,77,142,1254,1579,2833,1210,1519,2729
4401,"THEFT F/AUTO","38.9186407997","-77.029623669",65,77,142,1254,1579,2833,1210,1519,2729
4401,"THEFT/OTHER","38.9175501783","-77.0319524842",65,77,142,1254,1579,2833,1210,1519,2729
4401,"THEFT/OTHER","38.9169919745","-77.0307876091",65,77,142,1254,1579,2833,1210,1519,2729
4401,"THEFT/OTHER","38.9169927779","-77.0275704771",65,77,142,1254,1579,2833,1210,1519,2729
4401,"THEFT/OTHER","38.9169930207","-77.0265211617",65,77,142,1254,1579,2833,1210,1519,2729
4401,"THEFT F/AUTO","38.9175511707","-77.0280895894",65,77,142,1254,1579,2833,1210,1519,2729
4401,"THEFT/OTHER","38.9169930207","-77.0265211617",65,77,142,1254,1579,2833,1210,1519,2729
4401,"THEFT/OTHER","38.9199201811","-77.0288285329",65,77,142,1254,1579,2833,1210,1519,2729
4401,"THEFT/OTHER","38.9169934322","-77.0246416186",65,77,142,1254,1579,2833,1210,1519,2729
4401,"THEFT F/AUTO","38.917550792","-77.0296232163",65,77,142,1254,1579,2833,1210,1519,2729
4401,"THEFT/OTHER","38.9175511707","-77.0280895894",65,77,142,1254,1579,2833,1210,1519,2729
4401,"ROBBERY","38.9169927779","-77.0275704771",65,77,142,1254,1579,2833,1210,1519,2729
4401,"THEFT F/AUTO","38.916992466","-77.0288619423",65,77,142,1254,1579,2833,1210,1519,2729
4401,"THEFT F/AUTO","38.917550792","-77.0296232163",65,77,142,1254,1579,2833,1210,1519,2729
4401,"THEFT F/AUTO","38.9181098107","-77.027570909",65,77,142,1254,1579,2833,1210,1519,2729
4401,"ROBBERY","38.9169919745","-77.0307876091",65,77,142,1254,1579,2833,1210,1519,2729
4401,"MOTOR VEHICLE THEFT","38.9169919745","-77.0307876091",65,77,142,1254,1579,2833,1210,1519,2729
4401,"MOTOR VEHICLE THEFT","38.9175514183","-77.0270402657",65,77,142,1254,1579,2833,1210,1519,2729
4401,"THEFT F/AUTO","38.9207312336","-77.0275719224",65,77,142,1254,1579,2833,1210,1519,2729
4401,"THEFT F/AUTO","38.9191818044","-77.0275597921",65,77,142,1254,1579,2833,1210,1519,2729
4401,"MOTOR VEHICLE THEFT","38.9191815888","-77.028459233",65,77,142,1254,1579,2833,1210,1519,2729
4401,"THEFT F/AUTO","38.9191820445","-77.0265219757",65,77,142,1254,1579,2833,1210,1519,2729
4401,"THEFT/OTHER","38.9175518727","-77.0249992735",65,77,142,1254,1579,2833,1210,1519,2729
4401,"THEFT/OTHER","38.918640186","-77.0319529725",65,77,142,1254,1579,2833,1210,1519,2729
4401,"THEFT/OTHER","38.9169927779","-77.0275704771",65,77,142,1254,1579,2833,1210,1519,2729
4401,"THEFT/OTHER","38.9199201811","-77.0288285329",65,77,142,1254,1579,2833,1210,1519,2729
4401,"THEFT F/AUTO","38.9175518727","-77.0249992735",65,77,142,1254,1579,2833,1210,1519,2729
4401,"THEFT/OTHER","38.916992466","-77.0288619423",65,77,142,1254,1579,2833,1210,1519,2729
4401,"THEFT/OTHER","38.9175501783","-77.0319524842",65,77,142,1254,1579,2833,1210,1519,2729
4401,"THEFT/OTHER","38.918641426","-77.027040679",65,77,142,1254,1579,2833,1210,1519,2729
4401,"MOTOR VEHICLE THEFT","38.9191815888","-77.028459233",65,77,142,1254,1579,2833,1210,1519,2729
4401,"THEFT F/AUTO","38.9198487773","-77.0260033106",65,77,142,1254,1579,2833,1210,1519,2729
4401,"THEFT/OTHER","38.9199383775","-77.0280905296",65,77,142,1254,1579,2833,1210,1519,2729
4401,"THEFT F/AUTO","38.9199383775","-77.0280905296",65,77,142,1254,1579,2833,1210,1519,2729
4401,"THEFT F/AUTO","38.917550792","-77.0296232163",65,77,142,1254,1579,2833,1210,1519,2729
4401,"THEFT/OTHER","38.9169927779","-77.0275704771",65,77,142,1254,1579,2833,1210,1519,2729
4401,"THEFT F/AUTO","38.9175516538","-77.026002473",65,77,142,1254,1579,2833,1210,1519,2729
4401,"THEFT F/AUTO","38.9180655126","-77.0242153378",65,77,142,1254,1579,2833,1210,1519,2729
4401,"THEFT/OTHER","38.9169934322","-77.0246416186",65,77,142,1254,1579,2833,1210,1519,2729
4401,"ROBBERY","38.9191732797","-77.0254264997",65,77,142,1254,1579,2833,1210,1519,2729
4401,"ROBBERY","38.9169927779","-77.0275704771",65,77,142,1254,1579,2833,1210,1519,2729
4401,"THEFT/OTHER","38.918640186","-77.0319529725",65,77,142,1254,1579,2833,1210,1519,2729
4401,"MOTOR VEHICLE THEFT","38.9180655126","-77.0242153378",65,77,142,1254,1579,2833,1210,1519,2729
4401,"MOTOR VEHICLE THEFT","38.9175516538","-77.026002473",65,77,142,1254,1579,2833,1210,1519,2729
4401,"THEFT/OTHER","38.918640186","-77.0319529725",65,77,142,1254,1579,2833,1210,1519,2729
4401,"THEFT/OTHER","38.918640186","-77.0319529725",65,77,142,1254,1579,2833,1210,1519,2729
4401,"THEFT/OTHER","38.9169919745","-77.0307876091",65,77,142,1254,1579,2833,1210,1519,2729
4401,"THEFT F/AUTO","38.9207312336","-77.0275719224",65,77,142,1254,1579,2833,1210,1519,2729
4401,"THEFT F/AUTO","38.9202800079","-77.0308120916",65,77,142,1254,1579,2833,1210,1519,2729
4401,"MOTOR VEHICLE THEFT","38.91996565","-77.0270411811",65,77,142,1254,1579,2833,1210,1519,2729
4401,"ROBBERY","38.9198487773","-77.0260033106",65,77,142,1254,1579,2833,1210,1519,2729
4401,"THEFT/OTHER","38.9169919745","-77.0307876091",65,77,142,1254,1579,2833,1210,1519,2729
4401,"THEFT F/AUTO","38.9191813981","-77.0292318296",65,77,142,1254,1579,2833,1210,1519,2729
4401,"THEFT/OTHER","38.916992466","-77.0288619423",65,77,142,1254,1579,2833,1210,1519,2729
4401,"THEFT/OTHER","38.918640186","-77.0319529725",65,77,142,1254,1579,2833,1210,1519,2729
4401,"MOTOR VEHICLE THEFT","38.9186411785","-77.0280900187",65,77,142,1254,1579,2833,1210,1519,2729
4401,"ROBBERY","38.9175518727","-77.0249992735",65,77,142,1254,1579,2833,1210,1519,2729
4401,"THEFT/OTHER","38.9199201811","-77.0288285329",65,77,142,1254,1579,2833,1210,1519,2729
4401,"THEFT/OTHER","38.9191809983","-77.0307885541",65,77,142,1254,1579,2833,1210,1519,2729
4401,"THEFT/OTHER","38.918640186","-77.0319529725",65,77,142,1254,1579,2833,1210,1519,2729
4401,"THEFT/OTHER","38.9182546226","-77.0245267429",65,77,142,1254,1579,2833,1210,1519,2729
4401,"THEFT/OTHER","38.9186416615","-77.0260028705",65,77,142,1254,1579,2833,1210,1519,2729
4401,"THEFT F/AUTO","38.9175514183","-77.0270402657",65,77,142,1254,1579,2833,1210,1519,2729
4401,"MOTOR VEHICLE THEFT","38.9182546226","-77.0245267429",65,77,142,1254,1579,2833,1210,1519,2729
4401,"THEFT/OTHER","38.9169919745","-77.0307876091",65,77,142,1254,1579,2833,1210,1519,2729
4401,"THEFT F/AUTO","38.917550792","-77.0296232163",65,77,142,1254,1579,2833,1210,1519,2729
4401,"MOTOR VEHICLE THEFT","38.9180655126","-77.0242153378",65,77,142,1254,1579,2833,1210,1519,2729
4401,"THEFT F/AUTO","38.9175511707","-77.0280895894",65,77,142,1254,1579,2833,1210,1519,2729
4401,"MOTOR VEHICLE THEFT","38.9173719259","-77.0239498893",65,77,142,1254,1579,2833,1210,1519,2729
4401,"THEFT F/AUTO","38.9175511707","-77.0280895894",65,77,142,1254,1579,2833,1210,1519,2729
4401,"THEFT F/AUTO","38.9173719259","-77.0239498893",65,77,142,1254,1579,2833,1210,1519,2729
4401,"MOTOR VEHICLE THEFT","38.9169930207","-77.0265211617",65,77,142,1254,1579,2833,1210,1519,2729
4401,"THEFT/OTHER","38.918640186","-77.0319529725",65,77,142,1254,1579,2833,1210,1519,2729
4401,"THEFT F/AUTO","38.9175511707","-77.0280895894",65,77,142,1254,1579,2833,1210,1519,2729
4401,"THEFT F/AUTO","38.9181090073","-77.0307880913",65,77,142,1254,1579,2833,1210,1519,2729
4401,"THEFT/OTHER","38.9199201811","-77.0288285329",65,77,142,1254,1579,2833,1210,1519,2729
4401,"THEFT/OTHER","38.9175501783","-77.0319524842",65,77,142,1254,1579,2833,1210,1519,2729
4401,"MOTOR VEHICLE THEFT","38.9191809983","-77.0307885541",65,77,142,1254,1579,2833,1210,1519,2729
4401,"THEFT/OTHER","38.918640186","-77.0319529725",65,77,142,1254,1579,2833,1210,1519,2729
4401,"THEFT F/AUTO","38.918641426","-77.027040679",65,77,142,1254,1579,2833,1210,1519,2729
4401,"MOTOR VEHICLE THEFT","38.917550792","-77.0296232163",65,77,142,1254,1579,2833,1210,1519,2729
4401,"THEFT F/AUTO","38.9181103196","-77.0253223406",65,77,142,1254,1579,2833,1210,1519,2729
4401,"THEFT F/AUTO","38.9181090073","-77.0307880913",65,77,142,1254,1579,2833,1210,1519,2729
4401,"BURGLARY","38.918641426","-77.027040679",65,77,142,1254,1579,2833,1210,1519,2729
4401,"THEFT F/AUTO","38.91996565","-77.0270411811",65,77,142,1254,1579,2833,1210,1519,2729
4401,"THEFT F/AUTO","38.9186416615","-77.0260028705",65,77,142,1254,1579,2833,1210,1519,2729
4401,"MOTOR VEHICLE THEFT","38.9175518727","-77.0249992735",65,77,142,1254,1579,2833,1210,1519,2729
4401,"ROBBERY","38.917550792","-77.0296232163",65,77,142,1254,1579,2833,1210,1519,2729
4401,"THEFT/OTHER","38.918640186","-77.0319529725",65,77,142,1254,1579,2833,1210,1519,2729
4401,"THEFT/OTHER","38.9169919745","-77.0307876091",65,77,142,1254,1579,2833,1210,1519,2729
4401,"THEFT/OTHER","38.9175501783","-77.0319524842",65,77,142,1254,1579,2833,1210,1519,2729
4401,"THEFT/OTHER","38.918640186","-77.0319529725",65,77,142,1254,1579,2833,1210,1519,2729
4401,"THEFT/OTHER","38.918640186","-77.0319529725",65,77,142,1254,1579,2833,1210,1519,2729
4401,"THEFT F/AUTO","38.9199383775","-77.0280905296",65,77,142,1254,1579,2833,1210,1519,2729
4401,"ASSAULT W/DANGEROUS WEAPON","38.9175501783","-77.0319524842",65,77,142,1254,1579,2833,1210,1519,2729
4401,"THEFT/OTHER","38.9175501783","-77.0319524842",65,77,142,1254,1579,2833,1210,1519,2729
4401,"THEFT/OTHER","38.9169919745","-77.0307876091",65,77,142,1254,1579,2833,1210,1519,2729
4401,"THEFT F/AUTO","38.9207312336","-77.0275719224",65,77,142,1254,1579,2833,1210,1519,2729
4401,"THEFT/OTHER","38.918640186","-77.0319529725",65,77,142,1254,1579,2833,1210,1519,2729
4401,"ROBBERY","38.9181098107","-77.027570909",65,77,142,1254,1579,2833,1210,1519,2729
4401,"THEFT/OTHER","38.918640186","-77.0319529725",65,77,142,1254,1579,2833,1210,1519,2729
4401,"THEFT/OTHER","38.9169919745","-77.0307876091",65,77,142,1254,1579,2833,1210,1519,2729
4401,"THEFT/OTHER","38.9191809983","-77.0307885541",65,77,142,1254,1579,2833,1210,1519,2729
4401,"THEFT/OTHER","38.918641426","-77.027040679",65,77,142,1254,1579,2833,1210,1519,2729
4401,"THEFT/OTHER","38.9169927779","-77.0275704771",65,77,142,1254,1579,2833,1210,1519,2729
4401,"ROBBERY","38.9175518727","-77.0249992735",65,77,142,1254,1579,2833,1210,1519,2729
4401,"THEFT/OTHER","38.9199201811","-77.0288285329",65,77,142,1254,1579,2833,1210,1519,2729
4401,"THEFT F/AUTO","38.9181090073","-77.0307880913",65,77,142,1254,1579,2833,1210,1519,2729
4401,"THEFT F/AUTO","38.9175511707","-77.0280895894",65,77,142,1254,1579,2833,1210,1519,2729
4401,"THEFT F/AUTO","38.9181090073","-77.0307880913",65,77,142,1254,1579,2833,1210,1519,2729
4401,"THEFT/OTHER","38.9175501783","-77.0319524842",65,77,142,1254,1579,2833,1210,1519,2729
4401,"THEFT/OTHER","38.9191809983","-77.0307885541",65,77,142,1254,1579,2833,1210,1519,2729
4401,"ASSAULT W/DANGEROUS WEAPON","38.9169927779","-77.0275704771",65,77,142,1254,1579,2833,1210,1519,2729
4401,"MOTOR VEHICLE THEFT","38.918641426","-77.027040679",65,77,142,1254,1579,2833,1210,1519,2729
4401,"THEFT F/AUTO","38.9206954458","-77.026511007",65,77,142,1254,1579,2833,1210,1519,2729
4401,"BURGLARY","38.9196220936","-77.0319534125",65,77,142,1254,1579,2833,1210,1519,2729
4401,"THEFT F/AUTO","38.917550792","-77.0296232163",65,77,142,1254,1579,2833,1210,1519,2729
4401,"THEFT/OTHER","38.918640186","-77.0319529725",65,77,142,1254,1579,2833,1210,1519,2729
4401,"THEFT F/AUTO","38.9181090073","-77.0307880913",65,77,142,1254,1579,2833,1210,1519,2729
4401,"THEFT/OTHER","38.9175501783","-77.0319524842",65,77,142,1254,1579,2833,1210,1519,2729
4401,"ROBBERY","38.9180655126","-77.0242153378",65,77,142,1254,1579,2833,1210,1519,2729
4401,"THEFT/OTHER","38.9181103196","-77.0253223406",65,77,142,1254,1579,2833,1210,1519,2729
4401,"THEFT F/AUTO","38.9202800079","-77.0308120916",65,77,142,1254,1579,2833,1210,1519,2729
4401,"THEFT/OTHER","38.9186416615","-77.0260028705",65,77,142,1254,1579,2833,1210,1519,2729
4401,"THEFT F/AUTO","38.917550792","-77.0296232163",65,77,142,1254,1579,2833,1210,1519,2729
4401,"THEFT/OTHER","38.9173719259","-77.0239498893",65,77,142,1254,1579,2833,1210,1519,2729
4401,"MOTOR VEHICLE THEFT","38.9169919745","-77.0307876091",65,77,142,1254,1579,2833,1210,1519,2729
4401,"THEFT F/AUTO","38.9181090073","-77.0307880913",65,77,142,1254,1579,2833,1210,1519,2729
4401,"THEFT/OTHER","38.9175511707","-77.0280895894",65,77,142,1254,1579,2833,1210,1519,2729
4401,"THEFT F/AUTO","38.9175516538","-77.026002473",65,77,142,1254,1579,2833,1210,1519,2729
4401,"MOTOR VEHICLE THEFT","38.9181100536","-77.0265215771",65,77,142,1254,1579,2833,1210,1519,2729
4401,"THEFT/OTHER","38.9180655126","-77.0242153378",65,77,142,1254,1579,2833,1210,1519,2729
4401,"THEFT/OTHER","38.9169919745","-77.0307876091",65,77,142,1254,1579,2833,1210,1519,2729
4401,"THEFT F/AUTO","38.9186411785","-77.0280900187",65,77,142,1254,1579,2833,1210,1519,2729
4401,"THEFT/OTHER","38.9169919745","-77.0307876091",65,77,142,1254,1579,2833,1210,1519,2729
4401,"THEFT F/AUTO","38.917550792","-77.0296232163",65,77,142,1254,1579,2833,1210,1519,2729
4401,"BURGLARY","38.916992466","-77.0288619423",65,77,142,1254,1579,2833,1210,1519,2729
4401,"ASSAULT W/DANGEROUS WEAPON","38.9169919745","-77.0307876091",65,77,142,1254,1579,2833,1210,1519,2729
4401,"ROBBERY","38.9191815888","-77.028459233",65,77,142,1254,1579,2833,1210,1519,2729
4401,"THEFT/OTHER","38.918640186","-77.0319529725",65,77,142,1254,1579,2833,1210,1519,2729
4401,"MOTOR VEHICLE THEFT","38.9181098107","-77.027570909",65,77,142,1254,1579,2833,1210,1519,2729
4401,"THEFT F/AUTO","38.918640186","-77.0319529725",65,77,142,1254,1579,2833,1210,1519,2729
4401,"MOTOR VEHICLE THEFT","38.916992466","-77.0288619423",65,77,142,1254,1579,2833,1210,1519,2729
4401,"BURGLARY","38.9169930207","-77.0265211617",65,77,142,1254,1579,2833,1210,1519,2729
4401,"THEFT F/AUTO","38.9175516538","-77.026002473",65,77,142,1254,1579,2833,1210,1519,2729
4401,"MOTOR VEHICLE THEFT","38.9173719259","-77.0239498893",65,77,142,1254,1579,2833,1210,1519,2729
4401,"THEFT/OTHER","38.9198389072","-77.0296241667",65,77,142,1254,1579,2833,1210,1519,2729
4401,"THEFT F/AUTO","38.9187860896","-77.024642238",65,77,142,1254,1579,2833,1210,1519,2729
4401,"BURGLARY","38.9169927779","-77.0275704771",65,77,142,1254,1579,2833,1210,1519,2729
4401,"THEFT/OTHER","38.9175501783","-77.0319524842",65,77,142,1254,1579,2833,1210,1519,2729
4401,"THEFT F/AUTO","38.9181094988","-77.0288623944",65,77,142,1254,1579,2833,1210,1519,2729
4401,"THEFT/OTHER","38.9169919745","-77.0307876091",65,77,142,1254,1579,2833,1210,1519,2729
4401,"THEFT/OTHER","38.9199201811","-77.0288285329",65,77,142,1254,1579,2833,1210,1519,2729
4401,"ROBBERY","38.9180655126","-77.0242153378",65,77,142,1254,1579,2833,1210,1519,2729
4401,"THEFT/OTHER","38.9175501783","-77.0319524842",65,77,142,1254,1579,2833,1210,1519,2729
4401,"MOTOR VEHICLE THEFT","38.9169919745","-77.0307876091",65,77,142,1254,1579,2833,1210,1519,2729
4401,"THEFT/OTHER","38.9186407997","-77.029623669",65,77,142,1254,1579,2833,1210,1519,2729
4401,"THEFT/OTHER","38.9180655126","-77.0242153378",65,77,142,1254,1579,2833,1210,1519,2729
4401,"THEFT F/AUTO","38.9181090073","-77.0307880913",65,77,142,1254,1579,2833,1210,1519,2729
4401,"MOTOR VEHICLE THEFT","38.9191809983","-77.0307885541",65,77,142,1254,1579,2833,1210,1519,2729
4401,"THEFT F/AUTO","38.9186407997","-77.029623669",65,77,142,1254,1579,2833,1210,1519,2729
4401,"MOTOR VEHICLE THEFT","38.9175514183","-77.0270402657",65,77,142,1254,1579,2833,1210,1519,2729
4401,"THEFT F/AUTO","38.9175516538","-77.026002473",65,77,142,1254,1579,2833,1210,1519,2729
4401,"MOTOR VEHICLE THEFT","38.9198389072","-77.0296241667",65,77,142,1254,1579,2833,1210,1519,2729
4401,"MOTOR VEHICLE THEFT","38.9169927779","-77.0275704771",65,77,142,1254,1579,2833,1210,1519,2729
4401,"THEFT F/AUTO","38.9175514183","-77.0270402657",65,77,142,1254,1579,2833,1210,1519,2729
4401,"THEFT/OTHER","38.9198389072","-77.0296241667",65,77,142,1254,1579,2833,1210,1519,2729
4401,"THEFT F/AUTO","38.9181094988","-77.0288623944",65,77,142,1254,1579,2833,1210,1519,2729
4401,"THEFT/OTHER","38.918640186","-77.0319529725",65,77,142,1254,1579,2833,1210,1519,2729
4401,"THEFT/OTHER","38.918640186","-77.0319529725",65,77,142,1254,1579,2833,1210,1519,2729
4401,"THEFT/OTHER","38.918640186","-77.0319529725",65,77,142,1254,1579,2833,1210,1519,2729
4401,"THEFT/OTHER","38.917550792","-77.0296232163",65,77,142,1254,1579,2833,1210,1519,2729
4401,"THEFT F/AUTO","38.9207312336","-77.0275719224",65,77,142,1254,1579,2833,1210,1519,2729
4401,"THEFT F/AUTO","38.9169930207","-77.0265211617",65,77,142,1254,1579,2833,1210,1519,2729
4401,"MOTOR VEHICLE THEFT","38.9169919745","-77.0307876091",65,77,142,1254,1579,2833,1210,1519,2729
4401,"THEFT F/AUTO","38.9198487773","-77.0260033106",65,77,142,1254,1579,2833,1210,1519,2729
4401,"THEFT F/AUTO","38.9181103196","-77.0253223406",65,77,142,1254,1579,2833,1210,1519,2729
4401,"MOTOR VEHICLE THEFT","38.9181100536","-77.0265215771",65,77,142,1254,1579,2833,1210,1519,2729
4401,"THEFT F/AUTO","38.917550792","-77.0296232163",65,77,142,1254,1579,2833,1210,1519,2729
4401,"THEFT/OTHER","38.918640186","-77.0319529725",65,77,142,1254,1579,2833,1210,1519,2729
4401,"THEFT F/AUTO","38.9206769708","-77.0284598297",65,77,142,1254,1579,2833,1210,1519,2729
4401,"THEFT/OTHER","38.917550792","-77.0296232163",65,77,142,1254,1579,2833,1210,1519,2729
4401,"THEFT F/AUTO","38.917550792","-77.0296232163",65,77,142,1254,1579,2833,1210,1519,2729
4401,"THEFT/OTHER","38.9196220936","-77.0319534125",65,77,142,1254,1579,2833,1210,1519,2729
4401,"THEFT F/AUTO","38.9181090073","-77.0307880913",65,77,142,1254,1579,2833,1210,1519,2729
4401,"THEFT/OTHER","38.918640186","-77.0319529725",65,77,142,1254,1579,2833,1210,1519,2729
4401,"THEFT/OTHER","38.9169927779","-77.0275704771",65,77,142,1254,1579,2833,1210,1519,2729
4401,"THEFT F/AUTO","38.9181090073","-77.0307880913",65,77,142,1254,1579,2833,1210,1519,2729
4401,"THEFT/OTHER","38.9175501783","-77.0319524842",65,77,142,1254,1579,2833,1210,1519,2729
4401,"THEFT/OTHER","38.918640186","-77.0319529725",65,77,142,1254,1579,2833,1210,1519,2729
4401,"THEFT F/AUTO","38.9181090073","-77.0307880913",65,77,142,1254,1579,2833,1210,1519,2729
4401,"THEFT F/AUTO","38.9169930207","-77.0265211617",65,77,142,1254,1579,2833,1210,1519,2729
4401,"BURGLARY","38.9181103196","-77.0253223406",65,77,142,1254,1579,2833,1210,1519,2729
4401,"THEFT F/AUTO","38.9206769708","-77.0284598297",65,77,142,1254,1579,2833,1210,1519,2729
4401,"ROBBERY","38.91996565","-77.0270411811",65,77,142,1254,1579,2833,1210,1519,2729
4401,"THEFT/OTHER","38.9169934322","-77.0246416186",65,77,142,1254,1579,2833,1210,1519,2729
4401,"THEFT F/AUTO","38.9202800079","-77.0308120916",65,77,142,1254,1579,2833,1210,1519,2729
4401,"THEFT F/AUTO","38.9175516538","-77.026002473",65,77,142,1254,1579,2833,1210,1519,2729
4401,"THEFT F/AUTO","38.917550792","-77.0296232163",65,77,142,1254,1579,2833,1210,1519,2729
4401,"ASSAULT W/DANGEROUS WEAPON","38.9175514183","-77.0270402657",65,77,142,1254,1579,2833,1210,1519,2729
4401,"THEFT F/AUTO","38.9198389072","-77.0296241667",65,77,142,1254,1579,2833,1210,1519,2729
4401,"THEFT/OTHER","38.9199201811","-77.0288285329",65,77,142,1254,1579,2833,1210,1519,2729
4401,"THEFT F/AUTO","38.91996565","-77.0270411811",65,77,142,1254,1579,2833,1210,1519,2729
4401,"THEFT/OTHER","38.9169919745","-77.0307876091",65,77,142,1254,1579,2833,1210,1519,2729
4401,"THEFT F/AUTO","38.9198389072","-77.0296241667",65,77,142,1254,1579,2833,1210,1519,2729
4401,"THEFT F/AUTO","38.9186407997","-77.029623669",65,77,142,1254,1579,2833,1210,1519,2729
4401,"THEFT/OTHER","38.9175501783","-77.0319524842",65,77,142,1254,1579,2833,1210,1519,2729
4401,"THEFT/OTHER","38.9202800079","-77.0308120916",65,77,142,1254,1579,2833,1210,1519,2729
4401,"ROBBERY","38.9202800079","-77.0308120916",65,77,142,1254,1579,2833,1210,1519,2729
4401,"THEFT/OTHER","38.9181090073","-77.0307880913",65,77,142,1254,1579,2833,1210,1519,2729
4401,"THEFT F/AUTO","38.917550792","-77.0296232163",65,77,142,1254,1579,2833,1210,1519,2729
4401,"THEFT F/AUTO","38.9175516538","-77.026002473",65,77,142,1254,1579,2833,1210,1519,2729
4401,"ASSAULT W/DANGEROUS WEAPON","38.9191820445","-77.0265219757",65,77,142,1254,1579,2833,1210,1519,2729
4401,"THEFT F/AUTO","38.9205776828","-77.029255465",65,77,142,1254,1579,2833,1210,1519,2729
4401,"MOTOR VEHICLE THEFT","38.918641426","-77.027040679",65,77,142,1254,1579,2833,1210,1519,2729
4401,"ROBBERY","38.9169930207","-77.0265211617",65,77,142,1254,1579,2833,1210,1519,2729
4401,"THEFT F/AUTO","38.9181090073","-77.0307880913",65,77,142,1254,1579,2833,1210,1519,2729
4401,"ROBBERY","38.9181094988","-77.0288623944",65,77,142,1254,1579,2833,1210,1519,2729
4401,"THEFT/OTHER","38.9169934322","-77.0246416186",65,77,142,1254,1579,2833,1210,1519,2729
4402,"THEFT F/AUTO","38.9161379859","-77.0229462951",23,55,78,947,999,1946,675,647,1322
4402,"THEFT F/AUTO","38.9162812437","-77.0270397841",23,55,78,947,999,1946,675,647,1322
4402,"ASSAULT W/DANGEROUS WEAPON","38.916640337","-77.0319520765",23,55,78,947,999,1946,675,647,1322
4402,"THEFT F/AUTO","38.9159292896","-77.0296340735",23,55,78,947,999,1946,675,647,1322
4402,"THEFT F/AUTO","38.9148223507","-77.0249867861",23,55,78,947,999,1946,675,647,1322
4402,"THEFT/OTHER","38.9144603174","-77.0319626304",23,55,78,947,999,1946,675,647,1322
4402,"THEFT/OTHER","38.9162809962","-77.0280890891",23,55,78,947,999,1946,675,647,1322
4402,"ASSAULT W/DANGEROUS WEAPON","38.914830273","-77.0296336169",23,55,78,947,999,1946,675,647,1322
4402,"MOTOR VEHICLE THEFT","38.914830273","-77.0296336169",23,55,78,947,999,1946,675,647,1322
4402,"THEFT F/AUTO","38.9162815379","-77.025736801",23,55,78,947,999,1946,675,647,1322
4402,"THEFT F/AUTO","38.9144532216","-77.0239719702",23,55,78,947,999,1946,675,647,1322
4402,"THEFT F/AUTO","38.9155686551","-77.0307985254",23,55,78,947,999,1946,675,647,1322
4402,"ROBBERY","38.9161379859","-77.0229462951",23,55,78,947,999,1946,675,647,1322
4402,"BURGLARY","38.9161379859","-77.0229462951",23,55,78,947,999,1946,675,647,1322
4402,"THEFT/OTHER","38.9162815379","-77.025736801",23,55,78,947,999,1946,675,647,1322
4402,"MOTOR VEHICLE THEFT","38.9151990007","-77.0319629614",23,55,78,947,999,1946,675,647,1322
4402,"THEFT/OTHER","38.9169930207","-77.0265211617",23,55,78,947,999,1946,675,647,1322
4402,"THEFT/OTHER","38.9169930207","-77.0265211617",23,55,78,947,999,1946,675,647,1322
4402,"THEFT F/AUTO","38.9169919745","-77.0307876091",23,55,78,947,999,1946,675,647,1322
4402,"ASSAULT W/DANGEROUS WEAPON","38.9169919745","-77.0307876091",23,55,78,947,999,1946,675,647,1322
4402,"THEFT F/AUTO","38.9162809962","-77.0280890891",23,55,78,947,999,1946,675,647,1322
4402,"THEFT F/AUTO","38.9148223507","-77.0249867861",23,55,78,947,999,1946,675,647,1322
4402,"THEFT F/AUTO","38.915191905","-77.0239722185",23,55,78,947,999,1946,675,647,1322
4402,"THEFT/OTHER","38.9144603174","-77.0319626304",23,55,78,947,999,1946,675,647,1322
4402,"MOTOR VEHICLE THEFT","38.9169919745","-77.0307876091",23,55,78,947,999,1946,675,647,1322
4402,"THEFT/OTHER","38.9162812437","-77.0270397841",23,55,78,947,999,1946,675,647,1322
4402,"THEFT/OTHER","38.9169930207","-77.0265211617",23,55,78,947,999,1946,675,647,1322
4402,"THEFT/OTHER","38.9169930207","-77.0265211617",23,55,78,947,999,1946,675,647,1322
4402,"THEFT/OTHER","38.9159129746","-77.0219199846",23,55,78,947,999,1946,675,647,1322
4402,"ROBBERY","38.914830273","-77.0296336169",23,55,78,947,999,1946,675,647,1322
4402,"MOTOR VEHICLE THEFT","38.9162729049","-77.0239725818",23,55,78,947,999,1946,675,647,1322
4402,"THEFT F/AUTO","38.9160821338","-77.0247153314",23,55,78,947,999,1946,675,647,1322
4402,"BURGLARY","38.9169934322","-77.0246416186",23,55,78,947,999,1946,675,647,1322
4402,"THEFT/OTHER","38.9161379859","-77.0229462951",23,55,78,947,999,1946,675,647,1322
4402,"THEFT/OTHER","38.9161379859","-77.0229462951",23,55,78,947,999,1946,675,647,1322
4402,"THEFT/OTHER","38.9169930207","-77.0265211617",23,55,78,947,999,1946,675,647,1322
4402,"THEFT F/AUTO","38.9162803134","-77.0307988327",23,55,78,947,999,1946,675,647,1322
4402,"THEFT/OTHER","38.9159286757","-77.0319632885",23,55,78,947,999,1946,675,647,1322
4402,"THEFT/OTHER","38.9155705595","-77.0224387613",23,55,78,947,999,1946,675,647,1322
4402,"THEFT F/AUTO","38.9169927779","-77.0275704771",23,55,78,947,999,1946,675,647,1322
4402,"THEFT F/AUTO","38.9155686551","-77.0307985254",23,55,78,947,999,1946,675,647,1322
4402,"THEFT/OTHER","38.9161379859","-77.0229462951",23,55,78,947,999,1946,675,647,1322
4402,"THEFT/OTHER","38.9169919745","-77.0307876091",23,55,78,947,999,1946,675,647,1322
4402,"THEFT/OTHER","38.9151990007","-77.0319629614",23,55,78,947,999,1946,675,647,1322
4402,"MOTOR VEHICLE THEFT","38.9144532216","-77.0239719702",23,55,78,947,999,1946,675,647,1322
4402,"THEFT/OTHER","38.9169930207","-77.0265211617",23,55,78,947,999,1946,675,647,1322
4402,"THEFT F/AUTO","38.9140822831","-77.030786353",23,55,78,947,999,1946,675,647,1322
4402,"THEFT/OTHER","38.9161379859","-77.0229462951",23,55,78,947,999,1946,675,647,1322
4402,"THEFT F/AUTO","38.9161379859","-77.0229462951",23,55,78,947,999,1946,675,647,1322
4402,"THEFT F/AUTO","38.915569686","-77.0266013473",23,55,78,947,999,1946,675,647,1322
4402,"THEFT/OTHER","38.9159129746","-77.0219199846",23,55,78,947,999,1946,675,647,1322
4402,"THEFT/OTHER","38.914830273","-77.0296336169",23,55,78,947,999,1946,675,647,1322
4402,"MOTOR VEHICLE THEFT","38.9149661487","-77.0265088773",23,55,78,947,999,1946,675,647,1322
4402,"THEFT/OTHER","38.9159129746","-77.0219199846",23,55,78,947,999,1946,675,647,1322
4402,"THEFT/OTHER","38.9144603174","-77.0319626304",23,55,78,947,999,1946,675,647,1322
4402,"THEFT F/AUTO","38.9161379859","-77.0229462951",23,55,78,947,999,1946,675,647,1322
4402,"THEFT F/AUTO","38.9169919745","-77.0307876091",23,55,78,947,999,1946,675,647,1322
4402,"THEFT/OTHER","38.9162803134","-77.0307988327",23,55,78,947,999,1946,675,647,1322
4402,"THEFT/OTHER","38.9144603174","-77.0319626304",23,55,78,947,999,1946,675,647,1322
4402,"MOTOR VEHICLE THEFT","38.9169919745","-77.0307876091",23,55,78,947,999,1946,675,647,1322
4402,"THEFT/OTHER","38.9140827746","-77.0288607648",23,55,78,947,999,1946,675,647,1322
4402,"THEFT/OTHER","38.916640337","-77.0319520765",23,55,78,947,999,1946,675,647,1322
4402,"THEFT/OTHER","38.915191905","-77.0239722185",23,55,78,947,999,1946,675,647,1322
4402,"MOTOR VEHICLE THEFT","38.9151990007","-77.0319629614",23,55,78,947,999,1946,675,647,1322
4402,"THEFT/OTHER","38.9159129746","-77.0219199846",23,55,78,947,999,1946,675,647,1322
4402,"THEFT F/AUTO","38.9149661487","-77.0265088773",23,55,78,947,999,1946,675,647,1322
4402,"THEFT F/AUTO","38.9148223507","-77.0249867861",23,55,78,947,999,1946,675,647,1322
4402,"THEFT/OTHER","38.9148227693","-77.022945872",23,55,78,947,999,1946,675,647,1322
4402,"THEFT/OTHER","38.9155694615","-77.0275699269",23,55,78,947,999,1946,675,647,1322
4402,"THEFT F/AUTO","38.9162803134","-77.0307988327",23,55,78,947,999,1946,675,647,1322
4402,"THEFT/OTHER","38.9159129746","-77.0219199846",23,55,78,947,999,1946,675,647,1322
4402,"THEFT/OTHER","38.9159129746","-77.0219199846",23,55,78,947,999,1946,675,647,1322
4402,"MOTOR VEHICLE THEFT","38.9155686551","-77.0307985254",23,55,78,947,999,1946,675,647,1322
4402,"THEFT/OTHER","38.9159129746","-77.0219199846",23,55,78,947,999,1946,675,647,1322
4402,"MOTOR VEHICLE THEFT","38.9162803134","-77.0307988327",23,55,78,947,999,1946,675,647,1322
4402,"MOTOR VEHICLE THEFT","38.9169919745","-77.0307876091",23,55,78,947,999,1946,675,647,1322
4402,"ASSAULT W/DANGEROUS WEAPON","38.9161379859","-77.0229462951",23,55,78,947,999,1946,675,647,1322
4402,"THEFT F/AUTO","38.9162815379","-77.025736801",23,55,78,947,999,1946,675,647,1322
4402,"THEFT/OTHER","38.9159286757","-77.0319632885",23,55,78,947,999,1946,675,647,1322
4402,"THEFT/OTHER","38.9169930207","-77.0265211617",23,55,78,947,999,1946,675,647,1322
4402,"THEFT F/AUTO","38.915569686","-77.0266013473",23,55,78,947,999,1946,675,647,1322
4402,"THEFT/OTHER","38.916640337","-77.0319520765",23,55,78,947,999,1946,675,647,1322
4402,"ASSAULT W/DANGEROUS WEAPON","38.9159129746","-77.0219199846",23,55,78,947,999,1946,675,647,1322
4402,"MOTOR VEHICLE THEFT","38.9162729049","-77.0239725818",23,55,78,947,999,1946,675,647,1322
4402,"THEFT F/AUTO","38.9148306546","-77.0280885179",23,55,78,947,999,1946,675,647,1322
4402,"THEFT F/AUTO","38.9155703579","-77.0234649944",23,55,78,947,999,1946,675,647,1322
4402,"ASSAULT W/DANGEROUS WEAPON","38.9162729049","-77.0239725818",23,55,78,947,999,1946,675,647,1322
4402,"THEFT F/AUTO","38.9162803134","-77.0307988327",23,55,78,947,999,1946,675,647,1322
4402,"MOTOR VEHICLE THEFT","38.9148229663","-77.0219196496",23,55,78,947,999,1946,675,647,1322
4402,"MOTOR VEHICLE THEFT","38.916640337","-77.0319520765",23,55,78,947,999,1946,675,647,1322
4402,"ASSAULT W/DANGEROUS WEAPON","38.9162809962","-77.0280890891",23,55,78,947,999,1946,675,647,1322
4402,"THEFT/OTHER","38.916640337","-77.0319520765",23,55,78,947,999,1946,675,647,1322
4402,"THEFT/OTHER","38.9162803134","-77.0307988327",23,55,78,947,999,1946,675,647,1322
4402,"MOTOR VEHICLE THEFT","38.9161379859","-77.0229462951",23,55,78,947,999,1946,675,647,1322
4402,"ASSAULT W/DANGEROUS WEAPON","38.9162729049","-77.0239725818",23,55,78,947,999,1946,675,647,1322
4402,"THEFT/OTHER","38.9169919745","-77.0307876091",23,55,78,947,999,1946,675,647,1322
4402,"THEFT/OTHER","38.9159129746","-77.0219199846",23,55,78,947,999,1946,675,647,1322
4402,"ROBBERY","38.9160821338","-77.0247153314",23,55,78,947,999,1946,675,647,1322
4402,"MOTOR VEHICLE THEFT","38.9144532216","-77.0239719702",23,55,78,947,999,1946,675,647,1322
4402,"ASSAULT W/DANGEROUS WEAPON","38.9148227693","-77.022945872",23,55,78,947,999,1946,675,647,1322
4402,"THEFT F/AUTO","38.9144527902","-77.0259898127",23,55,78,947,999,1946,675,647,1322
4402,"THEFT/OTHER","38.9155700251","-77.025067763",23,55,78,947,999,1946,675,647,1322
4402,"THEFT/OTHER","38.9169934322","-77.0246416186",23,55,78,947,999,1946,675,647,1322
4402,"THEFT/OTHER","38.9162729049","-77.0239725818",23,55,78,947,999,1946,675,647,1322
4402,"THEFT/OTHER","38.9169930207","-77.0265211617",23,55,78,947,999,1946,675,647,1322
4402,"THEFT/OTHER","38.9161379859","-77.0229462951",23,55,78,947,999,1946,675,647,1322
4402,"THEFT F/AUTO","38.9169934322","-77.0246416186",23,55,78,947,999,1946,675,647,1322
4402,"THEFT F/AUTO","38.915569686","-77.0266013473",23,55,78,947,999,1946,675,647,1322
4402,"MOTOR VEHICLE THEFT","38.9159286757","-77.0319632885",23,55,78,947,999,1946,675,647,1322
4402,"THEFT/OTHER","38.9162729049","-77.0239725818",23,55,78,947,999,1946,675,647,1322
4402,"THEFT/OTHER","38.9140836673","-77.0249865273",23,55,78,947,999,1946,675,647,1322
4402,"THEFT/OTHER","38.9169930207","-77.0265211617",23,55,78,947,999,1946,675,647,1322
4402,"ASSAULT W/DANGEROUS WEAPON","38.9169919745","-77.0307876091",23,55,78,947,999,1946,675,647,1322
4402,"THEFT/OTHER","38.9169934322","-77.0246416186",23,55,78,947,999,1946,675,647,1322
4402,"THEFT F/AUTO","38.9155703579","-77.0234649944",23,55,78,947,999,1946,675,647,1322
4402,"THEFT/OTHER","38.9169930207","-77.0265211617",23,55,78,947,999,1946,675,647,1322
4402,"THEFT/OTHER","38.9169930207","-77.0265211617",23,55,78,947,999,1946,675,647,1322
4402,"THEFT/OTHER","38.9144532216","-77.0239719702",23,55,78,947,999,1946,675,647,1322
4402,"THEFT/OTHER","38.9169930207","-77.0265211617",23,55,78,947,999,1946,675,647,1322
4402,"THEFT F/AUTO","38.9148227693","-77.022945872",23,55,78,947,999,1946,675,647,1322
4402,"BURGLARY","38.9169919745","-77.0307876091",23,55,78,947,999,1946,675,647,1322
4402,"THEFT F/AUTO","38.9148306546","-77.0280885179",23,55,78,947,999,1946,675,647,1322
4402,"THEFT F/AUTO","38.9144532216","-77.0239719702",23,55,78,947,999,1946,675,647,1322
4402,"MOTOR VEHICLE THEFT","38.916640337","-77.0319520765",23,55,78,947,999,1946,675,647,1322
4402,"MOTOR VEHICLE THEFT","38.9148223507","-77.0249867861",23,55,78,947,999,1946,675,647,1322
4402,"THEFT/OTHER","38.9162729049","-77.0239725818",23,55,78,947,999,1946,675,647,1322
4402,"THEFT/OTHER","38.9155691497","-77.0288613663",23,55,78,947,999,1946,675,647,1322
4402,"THEFT/OTHER","38.9161379859","-77.0229462951",23,55,78,947,999,1946,675,647,1322
4402,"THEFT/OTHER","38.9169930207","-77.0265211617",23,55,78,947,999,1946,675,647,1322
4402,"THEFT F/AUTO","38.9140836673","-77.0249865273",23,55,78,947,999,1946,675,647,1322
4402,"THEFT/OTHER","38.9159129746","-77.0219199846",23,55,78,947,999,1946,675,647,1322
4402,"THEFT F/AUTO","38.9159129746","-77.0219199846",23,55,78,947,999,1946,675,647,1322
4402,"THEFT/OTHER","38.9159129746","-77.0219199846",23,55,78,947,999,1946,675,647,1322
4402,"ROBBERY","38.9169934322","-77.0246416186",23,55,78,947,999,1946,675,647,1322
4402,"ROBBERY","38.9162812437","-77.0270397841",23,55,78,947,999,1946,675,647,1322
4402,"THEFT/OTHER","38.9169930207","-77.0265211617",23,55,78,947,999,1946,675,647,1322
4402,"BURGLARY","38.9140827746","-77.0288607648",23,55,78,947,999,1946,675,647,1322
4402,"THEFT F/AUTO","38.9162809962","-77.0280890891",23,55,78,947,999,1946,675,647,1322
4402,"THEFT/OTHER","38.9140836673","-77.0249865273",23,55,78,947,999,1946,675,647,1322
4402,"THEFT F/AUTO","38.9148227693","-77.022945872",23,55,78,947,999,1946,675,647,1322
4402,"THEFT F/AUTO","38.9162729049","-77.0239725818",23,55,78,947,999,1946,675,647,1322
4402,"THEFT F/AUTO","38.9148229663","-77.0219196496",23,55,78,947,999,1946,675,647,1322
4402,"THEFT F/AUTO","38.9140836673","-77.0249865273",23,55,78,947,999,1946,675,647,1322
4402,"MOTOR VEHICLE THEFT","38.9148223507","-77.0249867861",23,55,78,947,999,1946,675,647,1322
4402,"THEFT/OTHER","38.9148223507","-77.0249867861",23,55,78,947,999,1946,675,647,1322
4402,"THEFT/OTHER","38.9159129746","-77.0219199846",23,55,78,947,999,1946,675,647,1322
4402,"BURGLARY","38.9162729049","-77.0239725818",23,55,78,947,999,1946,675,647,1322
4402,"MOTOR VEHICLE THEFT","38.9159286757","-77.0319632885",23,55,78,947,999,1946,675,647,1322
4402,"THEFT F/AUTO","38.914830273","-77.0296336169",23,55,78,947,999,1946,675,647,1322
4402,"ROBBERY","38.914830273","-77.0296336169",23,55,78,947,999,1946,675,647,1322
4402,"THEFT F/AUTO","38.9169919745","-77.0307876091",23,55,78,947,999,1946,675,647,1322
4402,"THEFT/OTHER","38.916992466","-77.0288619423",23,55,78,947,999,1946,675,647,1322
4402,"THEFT F/AUTO","38.9144532216","-77.0239719702",23,55,78,947,999,1946,675,647,1322
4402,"THEFT/OTHER","38.9161379859","-77.0229462951",23,55,78,947,999,1946,675,647,1322
4402,"THEFT F/AUTO","38.915191905","-77.0239722185",23,55,78,947,999,1946,675,647,1322
4402,"THEFT F/AUTO","38.914830273","-77.0296336169",23,55,78,947,999,1946,675,647,1322
4402,"THEFT/OTHER","38.9169919745","-77.0307876091",23,55,78,947,999,1946,675,647,1322
4402,"THEFT F/AUTO","38.9162815379","-77.025736801",23,55,78,947,999,1946,675,647,1322
4402,"ROBBERY","38.9155686551","-77.0307985254",23,55,78,947,999,1946,675,647,1322
4402,"THEFT/OTHER","38.9159286757","-77.0319632885",23,55,78,947,999,1946,675,647,1322
4402,"MOTOR VEHICLE THEFT","38.9151990007","-77.0319629614",23,55,78,947,999,1946,675,647,1322
4402,"THEFT F/AUTO","38.9169934322","-77.0246416186",23,55,78,947,999,1946,675,647,1322
4402,"THEFT F/AUTO","38.9148227693","-77.022945872",23,55,78,947,999,1946,675,647,1322
4402,"THEFT F/AUTO","38.9159286757","-77.0319632885",23,55,78,947,999,1946,675,647,1322
4402,"THEFT/OTHER","38.9144603174","-77.0319626304",23,55,78,947,999,1946,675,647,1322
4402,"THEFT/OTHER","38.9162815379","-77.025736801",23,55,78,947,999,1946,675,647,1322
4402,"THEFT/OTHER","38.9140830891","-77.0275578219",23,55,78,947,999,1946,675,647,1322
4402,"MOTOR VEHICLE THEFT","38.9169930207","-77.0265211617",23,55,78,947,999,1946,675,647,1322
4402,"ROBBERY","38.9162729049","-77.0239725818",23,55,78,947,999,1946,675,647,1322
4402,"THEFT/OTHER","38.9169930207","-77.0265211617",23,55,78,947,999,1946,675,647,1322
4402,"THEFT F/AUTO","38.9162803134","-77.0307988327",23,55,78,947,999,1946,675,647,1322
4402,"THEFT/OTHER","38.9169919745","-77.0307876091",23,55,78,947,999,1946,675,647,1322
4402,"THEFT F/AUTO","38.9144527902","-77.0259898127",23,55,78,947,999,1946,675,647,1322
4402,"THEFT/OTHER","38.9159292896","-77.0296340735",23,55,78,947,999,1946,675,647,1322
4402,"THEFT F/AUTO","38.9144532216","-77.0239719702",23,55,78,947,999,1946,675,647,1322
4402,"THEFT/OTHER","38.9144532216","-77.0239719702",23,55,78,947,999,1946,675,647,1322
4402,"THEFT F/AUTO","38.915569686","-77.0266013473",23,55,78,947,999,1946,675,647,1322
4402,"THEFT F/AUTO","38.9162809962","-77.0280890891",23,55,78,947,999,1946,675,647,1322
4402,"ASSAULT W/DANGEROUS WEAPON","38.9151990007","-77.0319629614",23,55,78,947,999,1946,675,647,1322
4402,"THEFT/OTHER","38.9159129746","-77.0219199846",23,55,78,947,999,1946,675,647,1322
4402,"THEFT/OTHER","38.9169930207","-77.0265211617",23,55,78,947,999,1946,675,647,1322
4402,"THEFT/OTHER","38.9169919745","-77.0307876091",23,55,78,947,999,1946,675,647,1322
4402,"MOTOR VEHICLE THEFT","38.9161379859","-77.0229462951",23,55,78,947,999,1946,675,647,1322
4402,"MOTOR VEHICLE THEFT","38.9169927779","-77.0275704771",23,55,78,947,999,1946,675,647,1322
4402,"THEFT/OTHER","38.9162803134","-77.0307988327",23,55,78,947,999,1946,675,647,1322
4402,"BURGLARY","38.9161379859","-77.0229462951",23,55,78,947,999,1946,675,647,1322
4402,"ROBBERY","38.914830273","-77.0296336169",23,55,78,947,999,1946,675,647,1322
4402,"THEFT F/AUTO","38.9162803134","-77.0307988327",23,55,78,947,999,1946,675,647,1322
4402,"THEFT/OTHER","38.9162729049","-77.0239725818",23,55,78,947,999,1946,675,647,1322
4402,"MOTOR VEHICLE THEFT","38.9161379859","-77.0229462951",23,55,78,947,999,1946,675,647,1322
4402,"BURGLARY","38.9144603174","-77.0319626304",23,55,78,947,999,1946,675,647,1322
4402,"THEFT F/AUTO","38.9162812437","-77.0270397841",23,55,78,947,999,1946,675,647,1322
4402,"THEFT/OTHER","38.9159286757","-77.0319632885",23,55,78,947,999,1946,675,647,1322
4402,"THEFT/OTHER","38.916640337","-77.0319520765",23,55,78,947,999,1946,675,647,1322
4402,"MOTOR VEHICLE THEFT","38.9169927779","-77.0275704771",23,55,78,947,999,1946,675,647,1322
4402,"THEFT F/AUTO","38.9159129746","-77.0219199846",23,55,78,947,999,1946,675,647,1322
4402,"MOTOR VEHICLE THEFT","38.9159286757","-77.0319632885",23,55,78,947,999,1946,675,647,1322
4402,"THEFT/OTHER","38.916640337","-77.0319520765",23,55,78,947,999,1946,675,647,1322
4402,"THEFT F/AUTO","38.914830273","-77.0296336169",23,55,78,947,999,1946,675,647,1322
4402,"THEFT/OTHER","38.9159129746","-77.0219199846",23,55,78,947,999,1946,675,647,1322
4402,"MOTOR VEHICLE THEFT","38.9169919745","-77.0307876091",23,55,78,947,999,1946,675,647,1322
4402,"THEFT/OTHER","38.9169934322","-77.0246416186",23,55,78,947,999,1946,675,647,1322
4402,"BURGLARY","38.9162809962","-77.0280890891",23,55,78,947,999,1946,675,647,1322
4402,"THEFT/OTHER","38.9159129746","-77.0219199846",23,55,78,947,999,1946,675,647,1322
4402,"THEFT F/AUTO","38.916640337","-77.0319520765",23,55,78,947,999,1946,675,647,1322
4402,"THEFT/OTHER","38.9161379859","-77.0229462951",23,55,78,947,999,1946,675,647,1322
4402,"ROBBERY","38.9148223507","-77.0249867861",23,55,78,947,999,1946,675,647,1322
4402,"THEFT/OTHER","38.9144603174","-77.0319626304",23,55,78,947,999,1946,675,647,1322
4402,"THEFT/OTHER","38.9162729049","-77.0239725818",23,55,78,947,999,1946,675,647,1322
4402,"THEFT/OTHER","38.9159129746","-77.0219199846",23,55,78,947,999,1946,675,647,1322
4402,"ROBBERY","38.9155694615","-77.0275699269",23,55,78,947,999,1946,675,647,1322
4402,"THEFT/OTHER","38.9169930207","-77.0265211617",23,55,78,947,999,1946,675,647,1322
4402,"THEFT F/AUTO","38.9148227693","-77.022945872",23,55,78,947,999,1946,675,647,1322
4402,"THEFT F/AUTO","38.9148223507","-77.0249867861",23,55,78,947,999,1946,675,647,1322
4402,"THEFT F/AUTO","38.9162729049","-77.0239725818",23,55,78,947,999,1946,675,647,1322
4402,"THEFT F/AUTO","38.914830273","-77.0296336169",23,55,78,947,999,1946,675,647,1322
4402,"THEFT/OTHER","38.9159129746","-77.0219199846",23,55,78,947,999,1946,675,647,1322
4402,"BURGLARY","38.9169930207","-77.0265211617",23,55,78,947,999,1946,675,647,1322
4402,"MOTOR VEHICLE THEFT","38.9144603174","-77.0319626304",23,55,78,947,999,1946,675,647,1322
4402,"THEFT F/AUTO","38.9155686551","-77.0307985254",23,55,78,947,999,1946,675,647,1322
4402,"THEFT F/AUTO","38.9155700251","-77.025067763",23,55,78,947,999,1946,675,647,1322
4402,"THEFT/OTHER","38.9159129746","-77.0219199846",23,55,78,947,999,1946,675,647,1322
4402,"THEFT F/AUTO","38.9155691497","-77.0288613663",23,55,78,947,999,1946,675,647,1322
4402,"THEFT/OTHER","38.916992466","-77.0288619423",23,55,78,947,999,1946,675,647,1322
4402,"ASSAULT W/DANGEROUS WEAPON","38.9155705595","-77.0224387613",23,55,78,947,999,1946,675,647,1322
4402,"THEFT F/AUTO","38.915569686","-77.0266013473",23,55,78,947,999,1946,675,647,1322
4402,"THEFT/OTHER","38.9159129746","-77.0219199846",23,55,78,947,999,1946,675,647,1322
4402,"ASSAULT W/DANGEROUS WEAPON","38.9161379859","-77.0229462951",23,55,78,947,999,1946,675,647,1322
4402,"MOTOR VEHICLE THEFT","38.9169927779","-77.0275704771",23,55,78,947,999,1946,675,647,1322
4402,"THEFT/OTHER","38.9159129746","-77.0219199846",23,55,78,947,999,1946,675,647,1322
4402,"THEFT/OTHER","38.9155686551","-77.0307985254",23,55,78,947,999,1946,675,647,1322
4402,"THEFT/OTHER","38.916640337","-77.0319520765",23,55,78,947,999,1946,675,647,1322
4402,"MOTOR VEHICLE THEFT","38.9155700251","-77.025067763",23,55,78,947,999,1946,675,647,1322
4402,"THEFT/OTHER","38.9166409507","-77.0296228383",23,55,78,947,999,1946,675,647,1322
4402,"THEFT/OTHER","38.9169919745","-77.0307876091",23,55,78,947,999,1946,675,647,1322
4402,"MOTOR VEHICLE THEFT","38.9169919745","-77.0307876091",23,55,78,947,999,1946,675,647,1322
4402,"THEFT/OTHER","38.9148223507","-77.0249867861",23,55,78,947,999,1946,675,647,1322
4402,"THEFT/OTHER","38.9169930207","-77.0265211617",23,55,78,947,999,1946,675,647,1322
4402,"THEFT/OTHER","38.914830273","-77.0296336169",23,55,78,947,999,1946,675,647,1322
4402,"BURGLARY","38.9162729049","-77.0239725818",23,55,78,947,999,1946,675,647,1322
4402,"ROBBERY","38.9148306546","-77.0280885179",23,55,78,947,999,1946,675,647,1322
4402,"THEFT/OTHER","38.9159129746","-77.0219199846",23,55,78,947,999,1946,675,647,1322
4402,"THEFT/OTHER","38.9169919745","-77.0307876091",23,55,78,947,999,1946,675,647,1322
4402,"THEFT/OTHER","38.9169919745","-77.0307876091",23,55,78,947,999,1946,675,647,1322
4402,"THEFT F/AUTO","38.9140836673","-77.0249865273",23,55,78,947,999,1946,675,647,1322
4402,"THEFT F/AUTO","38.9159286757","-77.0319632885",23,55,78,947,999,1946,675,647,1322
4402,"THEFT F/AUTO","38.9162803134","-77.0307988327",23,55,78,947,999,1946,675,647,1322
4402,"THEFT/OTHER","38.9162812437","-77.0270397841",23,55,78,947,999,1946,675,647,1322
4402,"THEFT/OTHER","38.9148223507","-77.0249867861",23,55,78,947,999,1946,675,647,1322
4402,"THEFT/OTHER","38.9162812437","-77.0270397841",23,55,78,947,999,1946,675,647,1322
4402,"THEFT/OTHER","38.9159129746","-77.0219199846",23,55,78,947,999,1946,675,647,1322
4402,"MOTOR VEHICLE THEFT","38.916640337","-77.0319520765",23,55,78,947,999,1946,675,647,1322
4402,"THEFT F/AUTO","38.9148306546","-77.0280885179",23,55,78,947,999,1946,675,647,1322
4402,"THEFT/OTHER","38.9161379859","-77.0229462951",23,55,78,947,999,1946,675,647,1322
4402,"ROBBERY","38.9144527902","-77.0259898127",23,55,78,947,999,1946,675,647,1322
4402,"THEFT/OTHER","38.9169919745","-77.0307876091",23,55,78,947,999,1946,675,647,1322
4402,"BURGLARY","38.9162809962","-77.0280890891",23,55,78,947,999,1946,675,647,1322
4402,"THEFT F/AUTO","38.9155686551","-77.0307985254",23,55,78,947,999,1946,675,647,1322
4402,"THEFT/OTHER","38.9166409507","-77.0296228383",23,55,78,947,999,1946,675,647,1322
4402,"THEFT F/AUTO","38.9162803134","-77.0307988327",23,55,78,947,999,1946,675,647,1322
4402,"MOTOR VEHICLE THEFT","38.9159292896","-77.0296340735",23,55,78,947,999,1946,675,647,1322
4402,"THEFT F/AUTO","38.9148227693","-77.022945872",23,55,78,947,999,1946,675,647,1322
4402,"HOMICIDE","38.916992466","-77.0288619423",23,55,78,947,999,1946,675,647,1322
4402,"BURGLARY","38.9169919745","-77.0307876091",23,55,78,947,999,1946,675,647,1322
4402,"ROBBERY","38.9155686551","-77.0307985254",23,55,78,947,999,1946,675,647,1322
4402,"THEFT F/AUTO","38.9162812437","-77.0270397841",23,55,78,947,999,1946,675,647,1322
4402,"THEFT F/AUTO","38.9150200771","-77.0270393059",23,55,78,947,999,1946,675,647,1322
4402,"MOTOR VEHICLE THEFT","38.9169934322","-77.0246416186",23,55,78,947,999,1946,675,647,1322
4402,"THEFT F/AUTO","38.9159286757","-77.0319632885",23,55,78,947,999,1946,675,647,1322
4402,"THEFT F/AUTO","38.9155703579","-77.0234649944",23,55,78,947,999,1946,675,647,1322
4402,"THEFT F/AUTO","38.9155686551","-77.0307985254",23,55,78,947,999,1946,675,647,1322
4402,"THEFT/OTHER","38.9169919745","-77.0307876091",23,55,78,947,999,1946,675,647,1322
4402,"THEFT F/AUTO","38.9155703579","-77.0234649944",23,55,78,947,999,1946,675,647,1322
4402,"THEFT F/AUTO","38.9155700251","-77.025067763",23,55,78,947,999,1946,675,647,1322
4402,"THEFT/OTHER","38.9148223507","-77.0249867861",23,55,78,947,999,1946,675,647,1322
4402,"THEFT/OTHER","38.9169930207","-77.0265211617",23,55,78,947,999,1946,675,647,1322
4402,"THEFT/OTHER","38.9169930207","-77.0265211617",23,55,78,947,999,1946,675,647,1322
4402,"THEFT/OTHER","38.9161379859","-77.0229462951",23,55,78,947,999,1946,675,647,1322
4402,"THEFT/OTHER","38.9144603174","-77.0319626304",23,55,78,947,999,1946,675,647,1322
4402,"THEFT/OTHER","38.9162803134","-77.0307988327",23,55,78,947,999,1946,675,647,1322
4402,"THEFT F/AUTO","38.9162815379","-77.025736801",23,55,78,947,999,1946,675,647,1322
4402,"THEFT F/AUTO","38.9162815379","-77.025736801",23,55,78,947,999,1946,675,647,1322
4402,"THEFT F/AUTO","38.9162809962","-77.0280890891",23,55,78,947,999,1946,675,647,1322
4402,"THEFT/OTHER","38.9169930207","-77.0265211617",23,55,78,947,999,1946,675,647,1322
4402,"ROBBERY","38.9169919745","-77.0307876091",23,55,78,947,999,1946,675,647,1322
4402,"THEFT F/AUTO","38.915569686","-77.0266013473",23,55,78,947,999,1946,675,647,1322
4402,"MOTOR VEHICLE THEFT","38.9162729049","-77.0239725818",23,55,78,947,999,1946,675,647,1322
4402,"THEFT/OTHER","38.916992466","-77.0288619423",23,55,78,947,999,1946,675,647,1322
4402,"THEFT F/AUTO","38.9162803134","-77.0307988327",23,55,78,947,999,1946,675,647,1322
4402,"ROBBERY","38.9162815379","-77.025736801",23,55,78,947,999,1946,675,647,1322
4402,"MOTOR VEHICLE THEFT","38.9169927779","-77.0275704771",23,55,78,947,999,1946,675,647,1322
4402,"THEFT F/AUTO","38.915191905","-77.0239722185",23,55,78,947,999,1946,675,647,1322
4402,"THEFT/OTHER","38.9159129746","-77.0219199846",23,55,78,947,999,1946,675,647,1322
4402,"THEFT/OTHER","38.9159129746","-77.0219199846",23,55,78,947,999,1946,675,647,1322
4402,"MOTOR VEHICLE THEFT","38.9140836673","-77.0249865273",23,55,78,947,999,1946,675,647,1322
4402,"THEFT/OTHER","38.9159129746","-77.0219199846",23,55,78,947,999,1946,675,647,1322
4402,"THEFT F/AUTO","38.9162815379","-77.025736801",23,55,78,947,999,1946,675,647,1322
4402,"THEFT/OTHER","38.9159129746","-77.0219199846",23,55,78,947,999,1946,675,647,1322
4402,"THEFT F/AUTO","38.9162815379","-77.025736801",23,55,78,947,999,1946,675,647,1322
4402,"THEFT/OTHER","38.914830273","-77.0296336169",23,55,78,947,999,1946,675,647,1322
4402,"THEFT/OTHER","38.9161379859","-77.0229462951",23,55,78,947,999,1946,675,647,1322
4402,"THEFT F/AUTO","38.9148223507","-77.0249867861",23,55,78,947,999,1946,675,647,1322
4402,"THEFT F/AUTO","38.915569686","-77.0266013473",23,55,78,947,999,1946,675,647,1322
4402,"THEFT F/AUTO","38.915569686","-77.0266013473",23,55,78,947,999,1946,675,647,1322
4402,"THEFT/OTHER","38.9169919745","-77.0307876091",23,55,78,947,999,1946,675,647,1322
4402,"THEFT/OTHER","38.9159129746","-77.0219199846",23,55,78,947,999,1946,675,647,1322
4402,"THEFT/OTHER","38.9169930207","-77.0265211617",23,55,78,947,999,1946,675,647,1322
4402,"THEFT F/AUTO","38.914830273","-77.0296336169",23,55,78,947,999,1946,675,647,1322
4402,"THEFT/OTHER","38.9144603174","-77.0319626304",23,55,78,947,999,1946,675,647,1322
4402,"THEFT/OTHER","38.9161379859","-77.0229462951",23,55,78,947,999,1946,675,647,1322
4402,"MOTOR VEHICLE THEFT","38.9162729049","-77.0239725818",23,55,78,947,999,1946,675,647,1322
4402,"THEFT/OTHER","38.9169934322","-77.0246416186",23,55,78,947,999,1946,675,647,1322
4402,"THEFT F/AUTO","38.9148223507","-77.0249867861",23,55,78,947,999,1946,675,647,1322
4402,"ROBBERY","38.9148227693","-77.022945872",23,55,78,947,999,1946,675,647,1322
4402,"THEFT F/AUTO","38.9166409507","-77.0296228383",23,55,78,947,999,1946,675,647,1322
4402,"ROBBERY","38.9151990007","-77.0319629614",23,55,78,947,999,1946,675,647,1322
4402,"THEFT/OTHER","38.9162812437","-77.0270397841",23,55,78,947,999,1946,675,647,1322
4402,"THEFT/OTHER","38.9148306546","-77.0280885179",23,55,78,947,999,1946,675,647,1322
4402,"ASSAULT W/DANGEROUS WEAPON","38.9159129746","-77.0219199846",23,55,78,947,999,1946,675,647,1322
4402,"THEFT/OTHER","38.9169930207","-77.0265211617",23,55,78,947,999,1946,675,647,1322
4402,"THEFT/OTHER","38.9159129746","-77.0219199846",23,55,78,947,999,1946,675,647,1322
4402,"THEFT/OTHER","38.9159129746","-77.0219199846",23,55,78,947,999,1946,675,647,1322
4402,"SEX ABUSE","38.9155686551","-77.0307985254",23,55,78,947,999,1946,675,647,1322
4402,"THEFT/OTHER","38.9169930207","-77.0265211617",23,55,78,947,999,1946,675,647,1322
4402,"BURGLARY","38.9159292896","-77.0296340735",23,55,78,947,999,1946,675,647,1322
4402,"THEFT/OTHER","38.9155686551","-77.0307985254",23,55,78,947,999,1946,675,647,1322
4402,"THEFT/OTHER","38.9169930207","-77.0265211617",23,55,78,947,999,1946,675,647,1322
4402,"MOTOR VEHICLE THEFT","38.9162729049","-77.0239725818",23,55,78,947,999,1946,675,647,1322
4402,"THEFT F/AUTO","38.9162729049","-77.0239725818",23,55,78,947,999,1946,675,647,1322
4402,"THEFT/OTHER","38.914830273","-77.0296336169",23,55,78,947,999,1946,675,647,1322
4402,"BURGLARY","38.9169930207","-77.0265211617",23,55,78,947,999,1946,675,647,1322
4402,"ROBBERY","38.9162729049","-77.0239725818",23,55,78,947,999,1946,675,647,1322
4402,"THEFT F/AUTO","38.9161379859","-77.0229462951",23,55,78,947,999,1946,675,647,1322
4402,"THEFT/OTHER","38.9169930207","-77.0265211617",23,55,78,947,999,1946,675,647,1322
4402,"THEFT F/AUTO","38.9140839828","-77.0234645054",23,55,78,947,999,1946,675,647,1322
4402,"MOTOR VEHICLE THEFT","38.9169934322","-77.0246416186",23,55,78,947,999,1946,675,647,1322
4402,"THEFT/OTHER","38.9155686551","-77.0307985254",23,55,78,947,999,1946,675,647,1322
4402,"THEFT F/AUTO","38.9150200771","-77.0270393059",23,55,78,947,999,1946,675,647,1322
4402,"THEFT F/AUTO","38.9162815379","-77.025736801",23,55,78,947,999,1946,675,647,1322
4402,"THEFT F/AUTO","38.9148223507","-77.0249867861",23,55,78,947,999,1946,675,647,1322
4402,"THEFT/OTHER","38.9159129746","-77.0219199846",23,55,78,947,999,1946,675,647,1322
4402,"THEFT F/AUTO","38.9148306546","-77.0280885179",23,55,78,947,999,1946,675,647,1322
4402,"ASSAULT W/DANGEROUS WEAPON","38.9155705595","-77.0224387613",23,55,78,947,999,1946,675,647,1322
4402,"THEFT/OTHER","38.9159129746","-77.0219199846",23,55,78,947,999,1946,675,647,1322
4402,"MOTOR VEHICLE THEFT","38.916992466","-77.0288619423",23,55,78,947,999,1946,675,647,1322
4402,"THEFT/OTHER","38.916640337","-77.0319520765",23,55,78,947,999,1946,675,647,1322
4402,"THEFT F/AUTO","38.916992466","-77.0288619423",23,55,78,947,999,1946,675,647,1322
4402,"THEFT F/AUTO","38.9166409507","-77.0296228383",23,55,78,947,999,1946,675,647,1322
4402,"THEFT F/AUTO","38.916992466","-77.0288619423",23,55,78,947,999,1946,675,647,1322
4402,"THEFT F/AUTO","38.9150200771","-77.0270393059",23,55,78,947,999,1946,675,647,1322
4402,"MOTOR VEHICLE THEFT","38.9144532216","-77.0239719702",23,55,78,947,999,1946,675,647,1322
4402,"THEFT/OTHER","38.9161379859","-77.0229462951",23,55,78,947,999,1946,675,647,1322
4402,"THEFT/OTHER","38.9162729049","-77.0239725818",23,55,78,947,999,1946,675,647,1322
4402,"MOTOR VEHICLE THEFT","38.9169934322","-77.0246416186",23,55,78,947,999,1946,675,647,1322
4402,"MOTOR VEHICLE THEFT","38.9140827746","-77.0288607648",23,55,78,947,999,1946,675,647,1322
4402,"THEFT F/AUTO","38.914830273","-77.0296336169",23,55,78,947,999,1946,675,647,1322
4402,"THEFT/OTHER","38.9144603174","-77.0319626304",23,55,78,947,999,1946,675,647,1322
4402,"THEFT F/AUTO","38.9161379859","-77.0229462951",23,55,78,947,999,1946,675,647,1322
4402,"THEFT F/AUTO","38.9162803134","-77.0307988327",23,55,78,947,999,1946,675,647,1322
4402,"THEFT F/AUTO","38.9162809962","-77.0280890891",23,55,78,947,999,1946,675,647,1322
4402,"THEFT/OTHER","38.9155686551","-77.0307985254",23,55,78,947,999,1946,675,647,1322
4402,"THEFT F/AUTO","38.9159292896","-77.0296340735",23,55,78,947,999,1946,675,647,1322
4402,"THEFT/OTHER","38.9169930207","-77.0265211617",23,55,78,947,999,1946,675,647,1322
4402,"THEFT F/AUTO","38.9161379859","-77.0229462951",23,55,78,947,999,1946,675,647,1322
4402,"MOTOR VEHICLE THEFT","38.9169927779","-77.0275704771",23,55,78,947,999,1946,675,647,1322
4402,"THEFT/OTHER","38.9159129746","-77.0219199846",23,55,78,947,999,1946,675,647,1322
4402,"ASSAULT W/DANGEROUS WEAPON","38.9155705595","-77.0224387613",23,55,78,947,999,1946,675,647,1322
4402,"THEFT F/AUTO","38.9148229663","-77.0219196496",23,55,78,947,999,1946,675,647,1322
4402,"ROBBERY","38.9140839828","-77.0234645054",23,55,78,947,999,1946,675,647,1322
4402,"THEFT F/AUTO","38.9162809962","-77.0280890891",23,55,78,947,999,1946,675,647,1322
4402,"MOTOR VEHICLE THEFT","38.9159286757","-77.0319632885",23,55,78,947,999,1946,675,647,1322
4402,"THEFT/OTHER","38.9169930207","-77.0265211617",23,55,78,947,999,1946,675,647,1322
4402,"ROBBERY","38.9169930207","-77.0265211617",23,55,78,947,999,1946,675,647,1322
4402,"THEFT F/AUTO","38.9148227693","-77.022945872",23,55,78,947,999,1946,675,647,1322
4402,"THEFT F/AUTO","38.9162815379","-77.025736801",23,55,78,947,999,1946,675,647,1322
4402,"THEFT/OTHER","38.9155694615","-77.0275699269",23,55,78,947,999,1946,675,647,1322
4402,"THEFT F/AUTO","38.9162812437","-77.0270397841",23,55,78,947,999,1946,675,647,1322
4402,"THEFT F/AUTO","38.915191905","-77.0239722185",23,55,78,947,999,1946,675,647,1322
4402,"THEFT/OTHER","38.9169930207","-77.0265211617",23,55,78,947,999,1946,675,647,1322
4402,"MOTOR VEHICLE THEFT","38.916640337","-77.0319520765",23,55,78,947,999,1946,675,647,1322
4402,"MOTOR VEHICLE THEFT","38.916992466","-77.0288619423",23,55,78,947,999,1946,675,647,1322
4402,"THEFT/OTHER","38.9162729049","-77.0239725818",23,55,78,947,999,1946,675,647,1322
4402,"THEFT/OTHER","38.9162803134","-77.0307988327",23,55,78,947,999,1946,675,647,1322
4402,"THEFT/OTHER","38.9162729049","-77.0239725818",23,55,78,947,999,1946,675,647,1322
4402,"ROBBERY","38.9155686551","-77.0307985254",23,55,78,947,999,1946,675,647,1322
4402,"THEFT/OTHER","38.9161379859","-77.0229462951",23,55,78,947,999,1946,675,647,1322
4402,"THEFT F/AUTO","38.9150200771","-77.0270393059",23,55,78,947,999,1946,675,647,1322
4402,"MOTOR VEHICLE THEFT","38.916992466","-77.0288619423",23,55,78,947,999,1946,675,647,1322
4402,"THEFT/OTHER","38.9162729049","-77.0239725818",23,55,78,947,999,1946,675,647,1322
4402,"MOTOR VEHICLE THEFT","38.9169919745","-77.0307876091",23,55,78,947,999,1946,675,647,1322
4402,"ROBBERY","38.9144527902","-77.0259898127",23,55,78,947,999,1946,675,647,1322
4402,"THEFT F/AUTO","38.9162815379","-77.025736801",23,55,78,947,999,1946,675,647,1322
4402,"THEFT/OTHER","38.916640337","-77.0319520765",23,55,78,947,999,1946,675,647,1322
4402,"THEFT F/AUTO","38.915191905","-77.0239722185",23,55,78,947,999,1946,675,647,1322
4402,"THEFT F/AUTO","38.9162803134","-77.0307988327",23,55,78,947,999,1946,675,647,1322
4402,"ROBBERY","38.9169934322","-77.0246416186",23,55,78,947,999,1946,675,647,1322
4402,"THEFT F/AUTO","38.9169919745","-77.0307876091",23,55,78,947,999,1946,675,647,1322
4402,"MOTOR VEHICLE THEFT","38.9162729049","-77.0239725818",23,55,78,947,999,1946,675,647,1322
4402,"THEFT F/AUTO","38.915569686","-77.0266013473",23,55,78,947,999,1946,675,647,1322
4402,"MOTOR VEHICLE THEFT","38.9162729049","-77.0239725818",23,55,78,947,999,1946,675,647,1322
4402,"THEFT/OTHER","38.916992466","-77.0288619423",23,55,78,947,999,1946,675,647,1322
4402,"THEFT/OTHER","38.9169930207","-77.0265211617",23,55,78,947,999,1946,675,647,1322
4402,"THEFT F/AUTO","38.9162803134","-77.0307988327",23,55,78,947,999,1946,675,647,1322
4402,"MOTOR VEHICLE THEFT","38.9161379859","-77.0229462951",23,55,78,947,999,1946,675,647,1322
4402,"THEFT F/AUTO","38.9159292896","-77.0296340735",23,55,78,947,999,1946,675,647,1322
4402,"THEFT F/AUTO","38.9161379859","-77.0229462951",23,55,78,947,999,1946,675,647,1322
4402,"THEFT/OTHER","38.9155686551","-77.0307985254",23,55,78,947,999,1946,675,647,1322
4402,"THEFT/OTHER","38.9148223507","-77.0249867861",23,55,78,947,999,1946,675,647,1322
4402,"THEFT/OTHER","38.9161379859","-77.0229462951",23,55,78,947,999,1946,675,647,1322
4402,"THEFT F/AUTO","38.9162729049","-77.0239725818",23,55,78,947,999,1946,675,647,1322
4402,"THEFT/OTHER","38.9169930207","-77.0265211617",23,55,78,947,999,1946,675,647,1322
4402,"THEFT F/AUTO","38.9162803134","-77.0307988327",23,55,78,947,999,1946,675,647,1322
4402,"THEFT F/AUTO","38.9169919745","-77.0307876091",23,55,78,947,999,1946,675,647,1322
4402,"THEFT/OTHER","38.9162803134","-77.0307988327",23,55,78,947,999,1946,675,647,1322
4402,"THEFT/OTHER","38.9161379859","-77.0229462951",23,55,78,947,999,1946,675,647,1322
4402,"MOTOR VEHICLE THEFT","38.9162729049","-77.0239725818",23,55,78,947,999,1946,675,647,1322
4402,"THEFT F/AUTO","38.9169919745","-77.0307876091",23,55,78,947,999,1946,675,647,1322
4402,"THEFT F/AUTO","38.9150200771","-77.0270393059",23,55,78,947,999,1946,675,647,1322
4402,"THEFT/OTHER","38.9159129746","-77.0219199846",23,55,78,947,999,1946,675,647,1322
4402,"THEFT/OTHER","38.9162812437","-77.0270397841",23,55,78,947,999,1946,675,647,1322
4402,"MOTOR VEHICLE THEFT","38.9162729049","-77.0239725818",23,55,78,947,999,1946,675,647,1322
4402,"THEFT F/AUTO","38.9162729049","-77.0239725818",23,55,78,947,999,1946,675,647,1322
4402,"THEFT/OTHER","38.9162729049","-77.0239725818",23,55,78,947,999,1946,675,647,1322
4402,"ROBBERY","38.9155703579","-77.0234649944",23,55,78,947,999,1946,675,647,1322
4600,"THEFT/OTHER","38.9085637386","-77.0106763883",79,40,119,1155,1348,2503,787,954,1741
4600,"THEFT F/AUTO","38.906104149","-77.0136620776",79,40,119,1155,1348,2503,787,954,1741
4600,"ROBBERY","38.9076427724","-77.0090530223",79,40,119,1155,1348,2503,787,954,1741
4600,"THEFT/OTHER","38.9116174212","-77.0121642245",79,40,119,1155,1348,2503,787,954,1741
4600,"THEFT F/AUTO","38.9067439061","-77.0121749227",79,40,119,1155,1348,2503,787,954,1741
4600,"THEFT F/AUTO","38.9096357378","-77.0106073703",79,40,119,1155,1348,2503,787,954,1741
4600,"THEFT/OTHER","38.9131841839","-77.0175722137",79,40,119,1155,1348,2503,787,954,1741
4600,"MOTOR VEHICLE THEFT","38.9072304865","-77.0108606585",79,40,119,1155,1348,2503,787,954,1741
4600,"THEFT/OTHER","38.9116174212","-77.0121642245",79,40,119,1155,1348,2503,787,954,1741
4600,"THEFT/OTHER","38.9072301024","-77.0144117018",79,40,119,1155,1348,2503,787,954,1741
4600,"MOTOR VEHICLE THEFT","38.9076427724","-77.0090530223",79,40,119,1155,1348,2503,787,954,1741
4600,"THEFT/OTHER","38.9129953434","-77.0151853964",79,40,119,1155,1348,2503,787,954,1741
4600,"HOMICIDE","38.9103744219","-77.0106074801",79,40,119,1155,1348,2503,787,954,1741
4600,"THEFT F/AUTO","38.9072302777","-77.0129128848",79,40,119,1155,1348,2503,787,954,1741
4600,"ROBBERY","38.9067170107","-77.0108605803",79,40,119,1155,1348,2503,787,954,1741
4600,"ROBBERY","38.9064553831","-77.0144230745",79,40,119,1155,1348,2503,787,954,1741
4600,"THEFT/OTHER","38.9072302777","-77.0129128848",79,40,119,1155,1348,2503,787,954,1741
4600,"MOTOR VEHICLE THEFT","38.906104149","-77.0136620776",79,40,119,1155,1348,2503,787,954,1741
4600,"THEFT/OTHER","38.913544808","-77.0155198945",79,40,119,1155,1348,2503,787,954,1741
4600,"THEFT/OTHER","38.9096351671","-77.0156804603",79,40,119,1155,1348,2503,787,954,1741
4600,"THEFT/OTHER","38.9131841839","-77.0175722137",79,40,119,1155,1348,2503,787,954,1741
4600,"MOTOR VEHICLE THEFT","38.9107432586","-77.0151849169",79,40,119,1155,1348,2503,787,954,1741
4600,"ROBBERY","38.9103741032","-77.0136744254",79,40,119,1155,1348,2503,787,954,1741
4600,"THEFT/OTHER","38.9067170107","-77.0108605803",79,40,119,1155,1348,2503,787,954,1741
4600,"THEFT/OTHER","38.9122293499","-77.0172376035",79,40,119,1155,1348,2503,787,954,1741
4600,"ASSAULT W/DANGEROUS WEAPON","38.9085637386","-77.0106763883",79,40,119,1155,1348,2503,787,954,1741
4600,"THEFT F/AUTO","38.9096354191","-77.0136742838",79,40,119,1155,1348,2503,787,954,1741
4600,"THEFT F/AUTO","38.9064553831","-77.0144230745",79,40,119,1155,1348,2503,787,954,1741
4600,"THEFT/OTHER","38.9072304865","-77.0108606585",79,40,119,1155,1348,2503,787,954,1741
4600,"BURGLARY","38.9100052108","-77.0090509008",79,40,119,1155,1348,2503,787,954,1741
4600,"THEFT F/AUTO","38.9125990942","-77.0142513635",79,40,119,1155,1348,2503,787,954,1741
4600,"THEFT/OTHER","38.9072304865","-77.0108606585",79,40,119,1155,1348,2503,787,954,1741
4600,"MOTOR VEHICLE THEFT","38.9108151143","-77.0167299443",79,40,119,1155,1348,2503,787,954,1741
4600,"THEFT/OTHER","38.9111127871","-77.013674567",79,40,119,1155,1348,2503,787,954,1741
4600,"THEFT/OTHER","38.9096357378","-77.0106073703",79,40,119,1155,1348,2503,787,954,1741
4600,"ROBBERY","38.9107432586","-77.0151849169",79,40,119,1155,1348,2503,787,954,1741
4600,"THEFT/OTHER","38.9072301024","-77.0144117018",79,40,119,1155,1348,2503,787,954,1741
4600,"ASSAULT W/DANGEROUS WEAPON","38.9076427724","-77.0090530223",79,40,119,1155,1348,2503,787,954,1741
4600,"THEFT/OTHER","38.9091037403","-77.0151845679",79,40,119,1155,1348,2503,787,954,1741
4600,"THEFT F/AUTO","38.9068428335","-77.0136622191",79,40,119,1155,1348,2503,787,954,1741
4600,"ROBBERY","38.9072304865","-77.0108606585",79,40,119,1155,1348,2503,787,954,1741
4600,"THEFT/OTHER","38.9107436122","-77.0121640755",79,40,119,1155,1348,2503,787,954,1741
4600,"THEFT/OTHER","38.9107432586","-77.0151849169",79,40,119,1155,1348,2503,787,954,1741
4600,"THEFT/OTHER","38.9103744219","-77.0106074801",79,40,119,1155,1348,2503,787,954,1741
4600,"ROBBERY","38.9091040939","-77.0121637959",79,40,119,1155,1348,2503,787,954,1741
4600,"THEFT/OTHER","38.9067170107","-77.0108605803",79,40,119,1155,1348,2503,787,954,1741
4600,"THEFT/OTHER","38.9131665724","-77.0146319775",79,40,119,1155,1348,2503,787,954,1741
4600,"ROBBERY","38.9139410453","-77.0164654773",79,40,119,1155,1348,2503,787,954,1741
4600,"THEFT/OTHER","38.9060501981","-77.0127858503",79,40,119,1155,1348,2503,787,954,1741
4600,"THEFT/OTHER","38.9116174212","-77.0121642245",79,40,119,1155,1348,2503,787,954,1741
4600,"HOMICIDE","38.9111127871","-77.013674567",79,40,119,1155,1348,2503,787,954,1741
4600,"THEFT/OTHER","38.9125990942","-77.0142513635",79,40,119,1155,1348,2503,787,954,1741
4600,"MOTOR VEHICLE THEFT","38.9116174212","-77.0121642245",79,40,119,1155,1348,2503,787,954,1741
4600,"THEFT/OTHER","38.9060501981","-77.0127858503",79,40,119,1155,1348,2503,787,954,1741
4600,"THEFT F/AUTO","38.9125990942","-77.0142513635",79,40,119,1155,1348,2503,787,954,1741
4600,"THEFT F/AUTO","38.9064553831","-77.0144230745",79,40,119,1155,1348,2503,787,954,1741
4600,"THEFT/OTHER","38.9111125351","-77.0156807851",79,40,119,1155,1348,2503,787,954,1741
4600,"MOTOR VEHICLE THEFT","38.9135357105","-77.0161771242",79,40,119,1155,1348,2503,787,954,1741
4600,"THEFT/OTHER","38.9076360154","-77.0090621296",79,40,119,1155,1348,2503,787,954,1741
4600,"THEFT F/AUTO","38.9091037403","-77.0151845679",79,40,119,1155,1348,2503,787,954,1741
4600,"THEFT/OTHER","38.9085637386","-77.0106763883",79,40,119,1155,1348,2503,787,954,1741
4600,"THEFT/OTHER","38.9103741032","-77.0136744254",79,40,119,1155,1348,2503,787,954,1741
4600,"THEFT F/AUTO","38.906104149","-77.0136620776",79,40,119,1155,1348,2503,787,954,1741
4600,"ASSAULT W/DANGEROUS WEAPON","38.9085637386","-77.0106763883",79,40,119,1155,1348,2503,787,954,1741
4600,"THEFT/OTHER","38.9078881749","-77.0099729896",79,40,119,1155,1348,2503,787,954,1741
4600,"ASSAULT W/DANGEROUS WEAPON","38.9076427724","-77.0090530223",79,40,119,1155,1348,2503,787,954,1741
4600,"THEFT/OTHER","38.913544808","-77.0155198945",79,40,119,1155,1348,2503,787,954,1741
4600,"MOTOR VEHICLE THEFT","38.9072576449","-77.0093157276",79,40,119,1155,1348,2503,787,954,1741
4600,"BURGLARY","38.9100052108","-77.0090509008",79,40,119,1155,1348,2503,787,954,1741
4600,"THEFT F/AUTO","38.906104149","-77.0136620776",79,40,119,1155,1348,2503,787,954,1741
4600,"THEFT/OTHER","38.9078881749","-77.0099729896",79,40,119,1155,1348,2503,787,954,1741
4600,"HOMICIDE","38.9076427724","-77.0090530223",79,40,119,1155,1348,2503,787,954,1741
4600,"ASSAULT W/DANGEROUS WEAPON","38.9109600649","-77.0094315108",79,40,119,1155,1348,2503,787,954,1741
4600,"THEFT/OTHER","38.9096351671","-77.0156804603",79,40,119,1155,1348,2503,787,954,1741
4600,"THEFT/OTHER","38.9103741032","-77.0136744254",79,40,119,1155,1348,2503,787,954,1741
4600,"THEFT F/AUTO","38.9064553831","-77.0144230745",79,40,119,1155,1348,2503,787,954,1741
4600,"THEFT/OTHER","38.9129321519","-77.0161769873",79,40,119,1155,1348,2503,787,954,1741
4600,"BURGLARY","38.9078969745","-77.0121751195",79,40,119,1155,1348,2503,787,954,1741
4600,"THEFT F/AUTO","38.9091040939","-77.0121637959",79,40,119,1155,1348,2503,787,954,1741
4600,"THEFT/OTHER","38.9072304865","-77.0108606585",79,40,119,1155,1348,2503,787,954,1741
4600,"THEFT/OTHER","38.9111130696","-77.0109996096",79,40,119,1155,1348,2503,787,954,1741
4600,"ASSAULT W/DANGEROUS WEAPON","38.9096354191","-77.0136742838",79,40,119,1155,1348,2503,787,954,1741
4600,"MOTOR VEHICLE THEFT","38.9107432586","-77.0151849169",79,40,119,1155,1348,2503,787,954,1741
4600,"THEFT F/AUTO","38.913544808","-77.0155198945",79,40,119,1155,1348,2503,787,954,1741
4600,"THEFT/OTHER","38.9096357378","-77.0106073703",79,40,119,1155,1348,2503,787,954,1741
4600,"THEFT/OTHER","38.9096354191","-77.0136742838",79,40,119,1155,1348,2503,787,954,1741
4600,"ROBBERY","38.9096351671","-77.0156804603",79,40,119,1155,1348,2503,787,954,1741
4600,"THEFT/OTHER","38.9072302777","-77.0129128848",79,40,119,1155,1348,2503,787,954,1741
4600,"THEFT/OTHER","38.9109600649","-77.0094315108",79,40,119,1155,1348,2503,787,954,1741
4600,"THEFT/OTHER","38.9076427724","-77.0090530223",79,40,119,1155,1348,2503,787,954,1741
4600,"MOTOR VEHICLE THEFT","38.9076427724","-77.0090530223",79,40,119,1155,1348,2503,787,954,1741
4600,"THEFT/OTHER","38.9103744219","-77.0106074801",79,40,119,1155,1348,2503,787,954,1741
4600,"ASSAULT W/DANGEROUS WEAPON","38.9076427724","-77.0090530223",79,40,119,1155,1348,2503,787,954,1741
4600,"ROBBERY","38.9103737836","-77.0161764071",79,40,119,1155,1348,2503,787,954,1741
4600,"ASSAULT W/DANGEROUS WEAPON","38.9100052108","-77.0090509008",79,40,119,1155,1348,2503,787,954,1741
4600,"SEX ABUSE","38.9076427724","-77.0090530223",79,40,119,1155,1348,2503,787,954,1741
4600,"THEFT/OTHER","38.9103737836","-77.0161764071",79,40,119,1155,1348,2503,787,954,1741
4600,"THEFT F/AUTO","38.9072302777","-77.0129128848",79,40,119,1155,1348,2503,787,954,1741
4600,"THEFT/OTHER","38.9116174212","-77.0121642245",79,40,119,1155,1348,2503,787,954,1741
4600,"THEFT/OTHER","38.9118602928","-77.0151851548",79,40,119,1155,1348,2503,787,954,1741
4600,"THEFT/OTHER","38.9111130696","-77.0109996096",79,40,119,1155,1348,2503,787,954,1741
4600,"THEFT F/AUTO","38.9072301024","-77.0144117018",79,40,119,1155,1348,2503,787,954,1741
4600,"THEFT/OTHER","38.9085637386","-77.0106763883",79,40,119,1155,1348,2503,787,954,1741
4600,"THEFT/OTHER","38.9116174212","-77.0121642245",79,40,119,1155,1348,2503,787,954,1741
4600,"THEFT F/AUTO","38.9111127871","-77.013674567",79,40,119,1155,1348,2503,787,954,1741
4600,"ASSAULT W/DANGEROUS WEAPON","38.9100052108","-77.0090509008",79,40,119,1155,1348,2503,787,954,1741
4600,"ASSAULT W/DANGEROUS WEAPON","38.9072576449","-77.0093157276",79,40,119,1155,1348,2503,787,954,1741
4600,"THEFT/OTHER","38.9107432586","-77.0151849169",79,40,119,1155,1348,2503,787,954,1741
4600,"THEFT F/AUTO","38.9103744219","-77.0106074801",79,40,119,1155,1348,2503,787,954,1741
4600,"THEFT/OTHER","38.9111130696","-77.0109996096",79,40,119,1155,1348,2503,787,954,1741
4600,"THEFT/OTHER","38.9064553831","-77.0144230745",79,40,119,1155,1348,2503,787,954,1741
4600,"THEFT F/AUTO","38.9076427724","-77.0090530223",79,40,119,1155,1348,2503,787,954,1741
4600,"THEFT/OTHER","38.9096354191","-77.0136742838",79,40,119,1155,1348,2503,787,954,1741
4600,"MOTOR VEHICLE THEFT","38.9108151143","-77.0167299443",79,40,119,1155,1348,2503,787,954,1741
4600,"THEFT F/AUTO","38.9096357378","-77.0106073703",79,40,119,1155,1348,2503,787,954,1741
4600,"THEFT/OTHER","38.9091037403","-77.0151845679",79,40,119,1155,1348,2503,787,954,1741
4600,"THEFT F/AUTO","38.9085637386","-77.0106763883",79,40,119,1155,1348,2503,787,954,1741
4600,"MOTOR VEHICLE THEFT","38.9111127871","-77.013674567",79,40,119,1155,1348,2503,787,954,1741
4600,"THEFT F/AUTO","38.9131841839","-77.0175722137",79,40,119,1155,1348,2503,787,954,1741
4600,"THEFT F/AUTO","38.9125987589","-77.0167764837",79,40,119,1155,1348,2503,787,954,1741
4600,"HOMICIDE","38.9072302777","-77.0129128848",79,40,119,1155,1348,2503,787,954,1741
4600,"THEFT F/AUTO","38.9085637386","-77.0106763883",79,40,119,1155,1348,2503,787,954,1741
4600,"ASSAULT W/DANGEROUS WEAPON","38.9076427724","-77.0090530223",79,40,119,1155,1348,2503,787,954,1741
4600,"THEFT/OTHER","38.9096357378","-77.0106073703",79,40,119,1155,1348,2503,787,954,1741
4600,"BURGLARY","38.9076427724","-77.0090530223",79,40,119,1155,1348,2503,787,954,1741
4600,"HOMICIDE","38.9056897473","-77.0138118767",79,40,119,1155,1348,2503,787,954,1741
4600,"THEFT/OTHER","38.9107432586","-77.0151849169",79,40,119,1155,1348,2503,787,954,1741
4600,"THEFT/OTHER","38.9116174212","-77.0121642245",79,40,119,1155,1348,2503,787,954,1741
4600,"MOTOR VEHICLE THEFT","38.9114644279","-77.0106422324",79,40,119,1155,1348,2503,787,954,1741
4600,"THEFT F/AUTO","38.9100045746","-77.0151847597",79,40,119,1155,1348,2503,787,954,1741
4600,"THEFT F/AUTO","38.9096354191","-77.0136742838",79,40,119,1155,1348,2503,787,954,1741
4600,"THEFT/OTHER","38.9072302777","-77.0129128848",79,40,119,1155,1348,2503,787,954,1741
4600,"THEFT F/AUTO","38.9072302777","-77.0129128848",79,40,119,1155,1348,2503,787,954,1741
4600,"MOTOR VEHICLE THEFT","38.9096357378","-77.0106073703",79,40,119,1155,1348,2503,787,954,1741
4600,"THEFT F/AUTO","38.9131841839","-77.0175722137",79,40,119,1155,1348,2503,787,954,1741
4600,"THEFT F/AUTO","38.9096354191","-77.0136742838",79,40,119,1155,1348,2503,787,954,1741
4600,"THEFT F/AUTO","38.9114644279","-77.0106422324",79,40,119,1155,1348,2503,787,954,1741
4600,"THEFT/OTHER","38.9072304865","-77.0108606585",79,40,119,1155,1348,2503,787,954,1741
4600,"THEFT/OTHER","38.9091037403","-77.0151845679",79,40,119,1155,1348,2503,787,954,1741
4600,"ASSAULT W/DANGEROUS WEAPON","38.9072576449","-77.0093157276",79,40,119,1155,1348,2503,787,954,1741
4600,"THEFT F/AUTO","38.9072304865","-77.0108606585",79,40,119,1155,1348,2503,787,954,1741
4600,"THEFT/OTHER","38.9076427724","-77.0090530223",79,40,119,1155,1348,2503,787,954,1741
4600,"THEFT/OTHER","38.9139410453","-77.0164654773",79,40,119,1155,1348,2503,787,954,1741
4600,"THEFT/OTHER","38.9091037403","-77.0151845679",79,40,119,1155,1348,2503,787,954,1741
4600,"THEFT F/AUTO","38.9072301024","-77.0144117018",79,40,119,1155,1348,2503,787,954,1741
4600,"ROBBERY","38.9076427724","-77.0090530223",79,40,119,1155,1348,2503,787,954,1741
4600,"THEFT F/AUTO","38.9114644279","-77.0106422324",79,40,119,1155,1348,2503,787,954,1741
4600,"THEFT/OTHER","38.9072304865","-77.0108606585",79,40,119,1155,1348,2503,787,954,1741
4600,"BURGLARY","38.9129953434","-77.0151853964",79,40,119,1155,1348,2503,787,954,1741
4600,"ROBBERY","38.9076427724","-77.0090530223",79,40,119,1155,1348,2503,787,954,1741
4600,"ROBBERY","38.9085637386","-77.0106763883",79,40,119,1155,1348,2503,787,954,1741
4600,"THEFT F/AUTO","38.9072304865","-77.0108606585",79,40,119,1155,1348,2503,787,954,1741
4600,"THEFT/OTHER","38.9144183224","-77.0175955788",79,40,119,1155,1348,2503,787,954,1741
4600,"ROBBERY","38.9107432586","-77.0151849169",79,40,119,1155,1348,2503,787,954,1741
4600,"THEFT F/AUTO","38.9078881749","-77.0099729896",79,40,119,1155,1348,2503,787,954,1741
4600,"THEFT/OTHER","38.9137429292","-77.0159811542",79,40,119,1155,1348,2503,787,954,1741
4600,"THEFT/OTHER","38.9060499289","-77.0150455677",79,40,119,1155,1348,2503,787,954,1741
4600,"THEFT F/AUTO","38.9072304865","-77.0108606585",79,40,119,1155,1348,2503,787,954,1741
4600,"THEFT F/AUTO","38.9109600649","-77.0094315108",79,40,119,1155,1348,2503,787,954,1741
4600,"MOTOR VEHICLE THEFT","38.9072576449","-77.0093157276",79,40,119,1155,1348,2503,787,954,1741
4600,"THEFT/OTHER","38.9078969745","-77.0121751195",79,40,119,1155,1348,2503,787,954,1741
4600,"BURGLARY","38.9078969745","-77.0121751195",79,40,119,1155,1348,2503,787,954,1741
4600,"THEFT/OTHER","38.9100052108","-77.0090509008",79,40,119,1155,1348,2503,787,954,1741
4600,"THEFT/OTHER","38.9116174212","-77.0121642245",79,40,119,1155,1348,2503,787,954,1741
4600,"THEFT/OTHER","38.9076427724","-77.0090530223",79,40,119,1155,1348,2503,787,954,1741
4600,"ROBBERY","38.9125990942","-77.0142513635",79,40,119,1155,1348,2503,787,954,1741
4600,"ASSAULT W/DANGEROUS WEAPON","38.9078881749","-77.0099729896",79,40,119,1155,1348,2503,787,954,1741
4600,"THEFT/OTHER","38.913544808","-77.0155198945",79,40,119,1155,1348,2503,787,954,1741
4600,"MOTOR VEHICLE THEFT","38.9116174212","-77.0121642245",79,40,119,1155,1348,2503,787,954,1741
4600,"SEX ABUSE","38.9072302777","-77.0129128848",79,40,119,1155,1348,2503,787,954,1741
4600,"BURGLARY","38.9100052108","-77.0090509008",79,40,119,1155,1348,2503,787,954,1741
4600,"THEFT/OTHER","38.9078881749","-77.0099729896",79,40,119,1155,1348,2503,787,954,1741
4600,"ROBBERY","38.9078881749","-77.0099729896",79,40,119,1155,1348,2503,787,954,1741
4600,"BURGLARY","38.9132744105","-77.0165921572",79,40,119,1155,1348,2503,787,954,1741
4600,"THEFT F/AUTO","38.9089054428","-77.0160377185",79,40,119,1155,1348,2503,787,954,1741
4600,"THEFT/OTHER","38.9085637386","-77.0106763883",79,40,119,1155,1348,2503,787,954,1741
4600,"BURGLARY","38.9076360154","-77.0090621296",79,40,119,1155,1348,2503,787,954,1741
4600,"ASSAULT W/DANGEROUS WEAPON","38.9100052108","-77.0090509008",79,40,119,1155,1348,2503,787,954,1741
4600,"ASSAULT W/DANGEROUS WEAPON","38.9072302777","-77.0129128848",79,40,119,1155,1348,2503,787,954,1741
4600,"THEFT/OTHER","38.9096357378","-77.0106073703",79,40,119,1155,1348,2503,787,954,1741
4600,"THEFT F/AUTO","38.9103741032","-77.0136744254",79,40,119,1155,1348,2503,787,954,1741
4600,"THEFT F/AUTO","38.9072302777","-77.0129128848",79,40,119,1155,1348,2503,787,954,1741
4702,"THEFT F/AUTO","38.9025100284","-77.0117130561",103,211,314,1801,1463,3264,1559,1235,2794
4702,"THEFT/OTHER","38.9002039928","-77.0106290242",103,211,314,1801,1463,3264,1559,1235,2794
4702,"THEFT F/AUTO","38.9007532495","-77.013119222",103,211,314,1801,1463,3264,1559,1235,2794
4702,"MOTOR VEHICLE THEFT","38.9025183981","-77.0169239847",103,211,314,1801,1463,3264,1559,1235,2794
4702,"THEFT F/AUTO","38.9013202868","-77.0169237004",103,211,314,1801,1463,3264,1559,1235,2794
4702,"THEFT/OTHER","38.9002039928","-77.0106290242",103,211,314,1801,1463,3264,1559,1235,2794
4702,"THEFT F/AUTO","38.9007438566","-77.0161857516",103,211,314,1801,1463,3264,1559,1235,2794
4702,"THEFT/OTHER","38.902510174","-77.0101566953",103,211,314,1801,1463,3264,1559,1235,2794
4702,"THEFT F/AUTO","38.90132008","-77.0182955807",103,211,314,1801,1463,3264,1559,1235,2794
4702,"BURGLARY","38.9025181913","-77.018295888",103,211,314,1801,1463,3264,1559,1235,2794
4702,"THEFT F/AUTO","38.9018060921","-77.0209126715",103,211,314,1801,1463,3264,1559,1235,2794
4702,"THEFT F/AUTO","38.9005185027","-77.0172001888",103,211,314,1801,1463,3264,1559,1235,2794
4702,"THEFT F/AUTO","38.9016990903","-77.0134421931",103,211,314,1801,1463,3264,1559,1235,2794
4702,"MOTOR VEHICLE THEFT","38.9025181913","-77.018295888",103,211,314,1801,1463,3264,1559,1235,2794
4702,"MOTOR VEHICLE THEFT","38.9025181913","-77.018295888",103,211,314,1801,1463,3264,1559,1235,2794
4702,"BURGLARY","38.9025183981","-77.0169239847",103,211,314,1801,1463,3264,1559,1235,2794
4702,"THEFT/OTHER","38.9019154286","-77.0121856271",103,211,314,1801,1463,3264,1559,1235,2794
4702,"THEFT/OTHER","38.9002039928","-77.0106290242",103,211,314,1801,1463,3264,1559,1235,2794
4702,"THEFT F/AUTO","38.9025183981","-77.0169239847",103,211,314,1801,1463,3264,1559,1235,2794
4702,"THEFT/OTHER","38.9016990903","-77.0134421931",103,211,314,1801,1463,3264,1559,1235,2794
4702,"THEFT/OTHER","38.9002039928","-77.0106290242",103,211,314,1801,1463,3264,1559,1235,2794
4702,"THEFT/OTHER","38.9002039928","-77.0106290242",103,211,314,1801,1463,3264,1559,1235,2794
4702,"THEFT F/AUTO","38.9025183981","-77.0169239847",103,211,314,1801,1463,3264,1559,1235,2794
4702,"THEFT F/AUTO","38.9019150775","-77.0151830376",103,211,314,1801,1463,3264,1559,1235,2794
4702,"MOTOR VEHICLE THEFT","38.9002039928","-77.0106290242",103,211,314,1801,1463,3264,1559,1235,2794
4702,"THEFT F/AUTO","38.9019154286","-77.0121856271",103,211,314,1801,1463,3264,1559,1235,2794
4702,"ASSAULT W/DANGEROUS WEAPON","38.9002039928","-77.0106290242",103,211,314,1801,1463,3264,1559,1235,2794
4702,"THEFT/OTHER","38.9007438566","-77.0161857516",103,211,314,1801,1463,3264,1559,1235,2794
4702,"THEFT/OTHER","38.9025180089","-77.0194256908",103,211,314,1801,1463,3264,1559,1235,2794
4702,"THEFT F/AUTO","38.9019145305","-77.0189298008",103,211,314,1801,1463,3264,1559,1235,2794
4702,"THEFT/OTHER","38.9025180089","-77.0194256908",103,211,314,1801,1463,3264,1559,1235,2794
4702,"THEFT/OTHER","38.9002039928","-77.0106290242",103,211,314,1801,1463,3264,1559,1235,2794
4702,"THEFT F/AUTO","38.9013571938","-77.0090728604",103,211,314,1801,1463,3264,1559,1235,2794
4702,"BURGLARY","38.9005185027","-77.0172001888",103,211,314,1801,1463,3264,1559,1235,2794
4702,"THEFT F/AUTO","38.9016990903","-77.0134421931",103,211,314,1801,1463,3264,1559,1235,2794
4702,"MOTOR VEHICLE THEFT","38.9013202868","-77.0169237004",103,211,314,1801,1463,3264,1559,1235,2794
4702,"THEFT F/AUTO","38.9018060921","-77.0209126715",103,211,314,1801,1463,3264,1559,1235,2794
4702,"THEFT/OTHER","38.9017051261","-77.0134404649",103,211,314,1801,1463,3264,1559,1235,2794
4702,"THEFT/OTHER","38.9002039928","-77.0106290242",103,211,314,1801,1463,3264,1559,1235,2794
4702,"THEFT/OTHER","38.9002039928","-77.0106290242",103,211,314,1801,1463,3264,1559,1235,2794
4702,"THEFT F/AUTO","38.9025183981","-77.0169239847",103,211,314,1801,1463,3264,1559,1235,2794
4702,"MOTOR VEHICLE THEFT","38.9025181913","-77.018295888",103,211,314,1801,1463,3264,1559,1235,2794
4702,"THEFT F/AUTO","38.9025183981","-77.0169239847",103,211,314,1801,1463,3264,1559,1235,2794
4702,"THEFT/OTHER","38.9002039928","-77.0106290242",103,211,314,1801,1463,3264,1559,1235,2794
4702,"BURGLARY","38.9002034382","-77.015574633",103,211,314,1801,1463,3264,1559,1235,2794
4702,"THEFT F/AUTO","38.9013202868","-77.0169237004",103,211,314,1801,1463,3264,1559,1235,2794
4702,"THEFT F/AUTO","38.9025180089","-77.0194256908",103,211,314,1801,1463,3264,1559,1235,2794
4702,"MOTOR VEHICLE THEFT","38.9025183981","-77.0169239847",103,211,314,1801,1463,3264,1559,1235,2794
4702,"ROBBERY","38.9019149429","-77.0161860173",103,211,314,1801,1463,3264,1559,1235,2794
4702,"MOTOR VEHICLE THEFT","38.9025097211","-77.0144568625",103,211,314,1801,1463,3264,1559,1235,2794
4702,"ASSAULT W/DANGEROUS WEAPON","38.9002039928","-77.0106290242",103,211,314,1801,1463,3264,1559,1235,2794
4702,"THEFT/OTHER","38.9013202868","-77.0169237004",103,211,314,1801,1463,3264,1559,1235,2794
4702,"MOTOR VEHICLE THEFT","38.9002039928","-77.0106290242",103,211,314,1801,1463,3264,1559,1235,2794
4702,"MOTOR VEHICLE THEFT","38.9025183981","-77.0169239847",103,211,314,1801,1463,3264,1559,1235,2794
4702,"MOTOR VEHICLE THEFT","38.9025183981","-77.0169239847",103,211,314,1801,1463,3264,1559,1235,2794
4702,"THEFT/OTHER","38.9007532495","-77.013119222",103,211,314,1801,1463,3264,1559,1235,2794
4702,"THEFT F/AUTO","38.9019150775","-77.0151830376",103,211,314,1801,1463,3264,1559,1235,2794
4702,"THEFT/OTHER","38.9016990903","-77.0134421931",103,211,314,1801,1463,3264,1559,1235,2794
4702,"MOTOR VEHICLE THEFT","38.9025183981","-77.0169239847",103,211,314,1801,1463,3264,1559,1235,2794
4702,"ASSAULT W/DANGEROUS WEAPON","38.9002039928","-77.0106290242",103,211,314,1801,1463,3264,1559,1235,2794
4702,"THEFT/OTHER","38.9025180089","-77.0194256908",103,211,314,1801,1463,3264,1559,1235,2794
4702,"BURGLARY","38.9025183981","-77.0169239847",103,211,314,1801,1463,3264,1559,1235,2794
4702,"ROBBERY","38.9019145305","-77.0189298008",103,211,314,1801,1463,3264,1559,1235,2794
4702,"MOTOR VEHICLE THEFT","38.9002039928","-77.0106290242",103,211,314,1801,1463,3264,1559,1235,2794
4702,"ROBBERY","38.9019145305","-77.0189298008",103,211,314,1801,1463,3264,1559,1235,2794
4702,"THEFT/OTHER","38.9002039928","-77.0106290242",103,211,314,1801,1463,3264,1559,1235,2794
4702,"THEFT F/AUTO","38.900789033","-77.015182798",103,211,314,1801,1463,3264,1559,1235,2794
4702,"MOTOR VEHICLE THEFT","38.9025183981","-77.0169239847",103,211,314,1801,1463,3264,1559,1235,2794
4702,"THEFT/OTHER","38.9025181913","-77.018295888",103,211,314,1801,1463,3264,1559,1235,2794
4702,"THEFT F/AUTO","38.9019150775","-77.0151830376",103,211,314,1801,1463,3264,1559,1235,2794
4702,"ROBBERY","38.9013202868","-77.0169237004",103,211,314,1801,1463,3264,1559,1235,2794
4702,"THEFT/OTHER","38.9002039928","-77.0106290242",103,211,314,1801,1463,3264,1559,1235,2794
4702,"SEX ABUSE","38.9025097211","-77.0144568625",103,211,314,1801,1463,3264,1559,1235,2794
4702,"THEFT/OTHER","38.9002034382","-77.015574633",103,211,314,1801,1463,3264,1559,1235,2794
4702,"THEFT F/AUTO","38.9025185718","-77.0156788959",103,211,314,1801,1463,3264,1559,1235,2794
4702,"THEFT F/AUTO","38.902510174","-77.0101566953",103,211,314,1801,1463,3264,1559,1235,2794
4702,"MOTOR VEHICLE THEFT","38.9025183981","-77.0169239847",103,211,314,1801,1463,3264,1559,1235,2794
4702,"THEFT/OTHER","38.9002039928","-77.0106290242",103,211,314,1801,1463,3264,1559,1235,2794
4702,"THEFT/OTHER","38.9002039928","-77.0106290242",103,211,314,1801,1463,3264,1559,1235,2794
4702,"MOTOR VEHICLE THEFT","38.9013202868","-77.0169237004",103,211,314,1801,1463,3264,1559,1235,2794
4702,"THEFT/OTHER","38.9002039928","-77.0106290242",103,211,314,1801,1463,3264,1559,1235,2794
4702,"ROBBERY","38.9002039928","-77.0106290242",103,211,314,1801,1463,3264,1559,1235,2794
4702,"THEFT/OTHER","38.9005185027","-77.0172001888",103,211,314,1801,1463,3264,1559,1235,2794
4702,"THEFT/OTHER","38.9002039928","-77.0106290242",103,211,314,1801,1463,3264,1559,1235,2794
4702,"THEFT/OTHER","38.9002039928","-77.0106290242",103,211,314,1801,1463,3264,1559,1235,2794
4702,"ROBBERY","38.9025180089","-77.0194256908",103,211,314,1801,1463,3264,1559,1235,2794
4702,"THEFT F/AUTO","38.90132008","-77.0182955807",103,211,314,1801,1463,3264,1559,1235,2794
4702,"ROBBERY","38.9019154286","-77.0121856271",103,211,314,1801,1463,3264,1559,1235,2794
4702,"BURGLARY","38.9018060921","-77.0209126715",103,211,314,1801,1463,3264,1559,1235,2794
4702,"THEFT F/AUTO","38.9016990903","-77.0134421931",103,211,314,1801,1463,3264,1559,1235,2794
4702,"THEFT F/AUTO","38.9007438566","-77.0161857516",103,211,314,1801,1463,3264,1559,1235,2794
4702,"ROBBERY","38.8981862515","-77.0090724571",103,211,314,1801,1463,3264,1559,1235,2794
4702,"BURGLARY","38.9007532495","-77.013119222",103,211,314,1801,1463,3264,1559,1235,2794
4702,"THEFT F/AUTO","38.9025185718","-77.0156788959",103,211,314,1801,1463,3264,1559,1235,2794
4702,"THEFT F/AUTO","38.9013571938","-77.0090728604",103,211,314,1801,1463,3264,1559,1235,2794
4702,"THEFT/OTHER","38.9005185027","-77.0172001888",103,211,314,1801,1463,3264,1559,1235,2794
4702,"THEFT/OTHER","38.9025180089","-77.0194256908",103,211,314,1801,1463,3264,1559,1235,2794
4702,"HOMICIDE","38.9016990903","-77.0134421931",103,211,314,1801,1463,3264,1559,1235,2794
4702,"THEFT/OTHER","38.9002039928","-77.0106290242",103,211,314,1801,1463,3264,1559,1235,2794
4702,"THEFT/OTHER","38.9025183981","-77.0169239847",103,211,314,1801,1463,3264,1559,1235,2794
4702,"MOTOR VEHICLE THEFT","38.90132008","-77.0182955807",103,211,314,1801,1463,3264,1559,1235,2794
4702,"THEFT/OTHER","38.9005185027","-77.0172001888",103,211,314,1801,1463,3264,1559,1235,2794
4702,"THEFT/OTHER","38.9007438566","-77.0161857516",103,211,314,1801,1463,3264,1559,1235,2794
4702,"THEFT/OTHER","38.9016990903","-77.0134421931",103,211,314,1801,1463,3264,1559,1235,2794
4702,"ASSAULT W/DANGEROUS WEAPON","38.9002039928","-77.0106290242",103,211,314,1801,1463,3264,1559,1235,2794
4702,"THEFT/OTHER","38.9002039928","-77.0106290242",103,211,314,1801,1463,3264,1559,1235,2794
4702,"THEFT F/AUTO","38.9019150775","-77.0151830376",103,211,314,1801,1463,3264,1559,1235,2794
4702,"THEFT F/AUTO","38.9019154286","-77.0121856271",103,211,314,1801,1463,3264,1559,1235,2794
4702,"THEFT F/AUTO","38.9002039928","-77.0106290242",103,211,314,1801,1463,3264,1559,1235,2794
4702,"THEFT F/AUTO","38.9019150775","-77.0151830376",103,211,314,1801,1463,3264,1559,1235,2794
4702,"MOTOR VEHICLE THEFT","38.9025177521","-77.0209128801",103,211,314,1801,1463,3264,1559,1235,2794
4702,"THEFT/OTHER","38.9025177521","-77.0209128801",103,211,314,1801,1463,3264,1559,1235,2794
4702,"MOTOR VEHICLE THEFT","38.90132008","-77.0182955807",103,211,314,1801,1463,3264,1559,1235,2794
4702,"THEFT/OTHER","38.9005185027","-77.0172001888",103,211,314,1801,1463,3264,1559,1235,2794
4702,"THEFT/OTHER","38.9025180089","-77.0194256908",103,211,314,1801,1463,3264,1559,1235,2794
4702,"ROBBERY","38.902510174","-77.0101566953",103,211,314,1801,1463,3264,1559,1235,2794
4702,"THEFT F/AUTO","38.9019154286","-77.0121856271",103,211,314,1801,1463,3264,1559,1235,2794
4702,"BURGLARY","38.9013919182","-77.0197020661",103,211,314,1801,1463,3264,1559,1235,2794
4702,"THEFT/OTHER","38.9002039928","-77.0106290242",103,211,314,1801,1463,3264,1559,1235,2794
4702,"THEFT F/AUTO","38.9025183981","-77.0169239847",103,211,314,1801,1463,3264,1559,1235,2794
4702,"THEFT F/AUTO","38.9007532495","-77.013119222",103,211,314,1801,1463,3264,1559,1235,2794
4702,"THEFT F/AUTO","38.9019154286","-77.0121856271",103,211,314,1801,1463,3264,1559,1235,2794
4702,"BURGLARY","38.9002039928","-77.0106290242",103,211,314,1801,1463,3264,1559,1235,2794
4702,"THEFT F/AUTO","38.9002039928","-77.0106290242",103,211,314,1801,1463,3264,1559,1235,2794
4702,"THEFT/OTHER","38.9019150775","-77.0151830376",103,211,314,1801,1463,3264,1559,1235,2794
4702,"MOTOR VEHICLE THEFT","38.9025181913","-77.018295888",103,211,314,1801,1463,3264,1559,1235,2794
4702,"MOTOR VEHICLE THEFT","38.9013202868","-77.0169237004",103,211,314,1801,1463,3264,1559,1235,2794
4702,"MOTOR VEHICLE THEFT","38.9025183981","-77.0169239847",103,211,314,1801,1463,3264,1559,1235,2794
4702,"BURGLARY","38.9005185027","-77.0172001888",103,211,314,1801,1463,3264,1559,1235,2794
4702,"BURGLARY","38.9013202868","-77.0169237004",103,211,314,1801,1463,3264,1559,1235,2794
4702,"MOTOR VEHICLE THEFT","38.90132008","-77.0182955807",103,211,314,1801,1463,3264,1559,1235,2794
4702,"THEFT F/AUTO","38.9025100284","-77.0117130561",103,211,314,1801,1463,3264,1559,1235,2794
4702,"THEFT F/AUTO","38.9025183981","-77.0169239847",103,211,314,1801,1463,3264,1559,1235,2794
4702,"THEFT/OTHER","38.9025180089","-77.0194256908",103,211,314,1801,1463,3264,1559,1235,2794
4702,"ASSAULT W/DANGEROUS WEAPON","38.9002039928","-77.0106290242",103,211,314,1801,1463,3264,1559,1235,2794
4702,"THEFT/OTHER","38.9005185027","-77.0172001888",103,211,314,1801,1463,3264,1559,1235,2794
4702,"THEFT F/AUTO","38.9019149429","-77.0161860173",103,211,314,1801,1463,3264,1559,1235,2794
4702,"THEFT/OTHER","38.9002039928","-77.0106290242",103,211,314,1801,1463,3264,1559,1235,2794
4702,"SEX ABUSE","38.901311909","-77.0117935582",103,211,314,1801,1463,3264,1559,1235,2794
4702,"THEFT/OTHER","38.9025180089","-77.0194256908",103,211,314,1801,1463,3264,1559,1235,2794
4702,"THEFT F/AUTO","38.9019150775","-77.0151830376",103,211,314,1801,1463,3264,1559,1235,2794
4702,"THEFT F/AUTO","38.9025185718","-77.0156788959",103,211,314,1801,1463,3264,1559,1235,2794
4702,"THEFT/OTHER","38.9025180089","-77.0194256908",103,211,314,1801,1463,3264,1559,1235,2794
4702,"THEFT/OTHER","38.9002039928","-77.0106290242",103,211,314,1801,1463,3264,1559,1235,2794
4702,"MOTOR VEHICLE THEFT","38.9016990903","-77.0134421931",103,211,314,1801,1463,3264,1559,1235,2794
4702,"THEFT F/AUTO","38.902510174","-77.0101566953",103,211,314,1801,1463,3264,1559,1235,2794
4702,"THEFT/OTHER","38.9002039928","-77.0106290242",103,211,314,1801,1463,3264,1559,1235,2794
4702,"ROBBERY","38.9007438566","-77.0161857516",103,211,314,1801,1463,3264,1559,1235,2794
4702,"MOTOR VEHICLE THEFT","38.9013202868","-77.0169237004",103,211,314,1801,1463,3264,1559,1235,2794
4702,"MOTOR VEHICLE THEFT","38.9025181913","-77.018295888",103,211,314,1801,1463,3264,1559,1235,2794
4702,"MOTOR VEHICLE THEFT","38.9013202868","-77.0169237004",103,211,314,1801,1463,3264,1559,1235,2794
4702,"THEFT F/AUTO","38.9025100284","-77.0117130561",103,211,314,1801,1463,3264,1559,1235,2794
4702,"MOTOR VEHICLE THEFT","38.9019149429","-77.0161860173",103,211,314,1801,1463,3264,1559,1235,2794
4702,"ROBBERY","38.9025183981","-77.0169239847",103,211,314,1801,1463,3264,1559,1235,2794
4702,"THEFT F/AUTO","38.9007532495","-77.013119222",103,211,314,1801,1463,3264,1559,1235,2794
4702,"THEFT F/AUTO","38.9002039928","-77.0106290242",103,211,314,1801,1463,3264,1559,1235,2794
4702,"THEFT/OTHER","38.9025180089","-77.0194256908",103,211,314,1801,1463,3264,1559,1235,2794
4702,"ROBBERY","38.9025183981","-77.0169239847",103,211,314,1801,1463,3264,1559,1235,2794
4702,"MOTOR VEHICLE THEFT","38.9025183981","-77.0169239847",103,211,314,1801,1463,3264,1559,1235,2794
4702,"THEFT F/AUTO","38.9002039928","-77.0106290242",103,211,314,1801,1463,3264,1559,1235,2794
4702,"THEFT F/AUTO","38.9025183981","-77.0169239847",103,211,314,1801,1463,3264,1559,1235,2794
4702,"THEFT F/AUTO","38.9018060921","-77.0209126715",103,211,314,1801,1463,3264,1559,1235,2794
4702,"ROBBERY","38.9025180089","-77.0194256908",103,211,314,1801,1463,3264,1559,1235,2794
4702,"THEFT F/AUTO","38.9019154286","-77.0121856271",103,211,314,1801,1463,3264,1559,1235,2794
4702,"THEFT F/AUTO","38.9019154286","-77.0121856271",103,211,314,1801,1463,3264,1559,1235,2794
4702,"THEFT/OTHER","38.9025180089","-77.0194256908",103,211,314,1801,1463,3264,1559,1235,2794
4702,"THEFT/OTHER","38.9025180089","-77.0194256908",103,211,314,1801,1463,3264,1559,1235,2794
4702,"THEFT/OTHER","38.9007532495","-77.013119222",103,211,314,1801,1463,3264,1559,1235,2794
4702,"THEFT F/AUTO","38.9007438566","-77.0161857516",103,211,314,1801,1463,3264,1559,1235,2794
4702,"THEFT/OTHER","38.9025180089","-77.0194256908",103,211,314,1801,1463,3264,1559,1235,2794
4702,"THEFT F/AUTO","38.9016990903","-77.0134421931",103,211,314,1801,1463,3264,1559,1235,2794
4702,"BURGLARY","38.9025177521","-77.0209128801",103,211,314,1801,1463,3264,1559,1235,2794
4702,"THEFT/OTHER","38.9002039928","-77.0106290242",103,211,314,1801,1463,3264,1559,1235,2794
4702,"THEFT/OTHER","38.9025097211","-77.0144568625",103,211,314,1801,1463,3264,1559,1235,2794
4702,"THEFT F/AUTO","38.9016990903","-77.0134421931",103,211,314,1801,1463,3264,1559,1235,2794
4702,"THEFT F/AUTO","38.9005185027","-77.0172001888",103,211,314,1801,1463,3264,1559,1235,2794
4702,"THEFT/OTHER","38.9002039928","-77.0106290242",103,211,314,1801,1463,3264,1559,1235,2794
4702,"MOTOR VEHICLE THEFT","38.902510174","-77.0101566953",103,211,314,1801,1463,3264,1559,1235,2794
4702,"BURGLARY","38.9019149429","-77.0161860173",103,211,314,1801,1463,3264,1559,1235,2794
4702,"THEFT/OTHER","38.9016990903","-77.0134421931",103,211,314,1801,1463,3264,1559,1235,2794
4702,"THEFT F/AUTO","38.9013204606","-77.0156786326",103,211,314,1801,1463,3264,1559,1235,2794
4702,"MOTOR VEHICLE THEFT","38.9013202868","-77.0169237004",103,211,314,1801,1463,3264,1559,1235,2794
4702,"THEFT/OTHER","38.9025180089","-77.0194256908",103,211,314,1801,1463,3264,1559,1235,2794
4702,"BURGLARY","38.9013571938","-77.0090728604",103,211,314,1801,1463,3264,1559,1235,2794
4702,"THEFT/OTHER","38.9002039928","-77.0106290242",103,211,314,1801,1463,3264,1559,1235,2794
4702,"MOTOR VEHICLE THEFT","38.9013202868","-77.0169237004",103,211,314,1801,1463,3264,1559,1235,2794
4702,"THEFT/OTHER","38.9002039928","-77.0106290242",103,211,314,1801,1463,3264,1559,1235,2794
4702,"THEFT F/AUTO","38.9013202868","-77.0169237004",103,211,314,1801,1463,3264,1559,1235,2794
4702,"THEFT F/AUTO","38.9002039928","-77.0106290242",103,211,314,1801,1463,3264,1559,1235,2794
4702,"THEFT/OTHER","38.9002039928","-77.0106290242",103,211,314,1801,1463,3264,1559,1235,2794
4702,"MOTOR VEHICLE THEFT","38.9025181913","-77.018295888",103,211,314,1801,1463,3264,1559,1235,2794
4702,"THEFT/OTHER","38.9016990903","-77.0134421931",103,211,314,1801,1463,3264,1559,1235,2794
4702,"THEFT/OTHER","38.9007532495","-77.013119222",103,211,314,1801,1463,3264,1559,1235,2794
4702,"MOTOR VEHICLE THEFT","38.9002039928","-77.0106290242",103,211,314,1801,1463,3264,1559,1235,2794
4702,"THEFT/OTHER","38.9016990903","-77.0134421931",103,211,314,1801,1463,3264,1559,1235,2794
4702,"THEFT F/AUTO","38.9019150775","-77.0151830376",103,211,314,1801,1463,3264,1559,1235,2794
4702,"THEFT/OTHER","38.9025180089","-77.0194256908",103,211,314,1801,1463,3264,1559,1235,2794
4702,"MOTOR VEHICLE THEFT","38.9025183981","-77.0169239847",103,211,314,1801,1463,3264,1559,1235,2794
4702,"MOTOR VEHICLE THEFT","38.9025183981","-77.0169239847",103,211,314,1801,1463,3264,1559,1235,2794
4702,"THEFT F/AUTO","38.9007438566","-77.0161857516",103,211,314,1801,1463,3264,1559,1235,2794
4702,"THEFT F/AUTO","38.9001222958","-77.0160703284",103,211,314,1801,1463,3264,1559,1235,2794
4702,"THEFT F/AUTO","38.9007532495","-77.013119222",103,211,314,1801,1463,3264,1559,1235,2794
4702,"THEFT/OTHER","38.9025180089","-77.0194256908",103,211,314,1801,1463,3264,1559,1235,2794
4702,"THEFT F/AUTO","38.9002039928","-77.0106290242",103,211,314,1801,1463,3264,1559,1235,2794
4702,"THEFT/OTHER","38.9005185027","-77.0172001888",103,211,314,1801,1463,3264,1559,1235,2794
4702,"THEFT F/AUTO","38.9025181913","-77.018295888",103,211,314,1801,1463,3264,1559,1235,2794
4702,"ROBBERY","38.9002039928","-77.0106290242",103,211,314,1801,1463,3264,1559,1235,2794
4703,"THEFT/OTHER","38.9037254238","-77.0175583548",287,120,407,1267,1111,2378,740,901,1641
4703,"THEFT/OTHER","38.9031220639","-77.0161747625",287,120,407,1267,1111,2378,740,901,1641
4703,"THEFT/OTHER","38.9037254238","-77.0175583548",287,120,407,1267,1111,2378,740,901,1641
4703,"THEFT/OTHER","38.9037254238","-77.0175583548",287,120,407,1267,1111,2378,740,901,1641
4703,"THEFT/OTHER","38.9025177521","-77.0209128801",287,120,407,1267,1111,2378,740,901,1641
4703,"THEFT/OTHER","38.9037254238","-77.0175583548",287,120,407,1267,1111,2378,740,901,1641
4703,"ASSAULT W/DANGEROUS WEAPON","38.9025185718","-77.0156788959",287,120,407,1267,1111,2378,740,901,1641
4703,"ROBBERY","38.9037254238","-77.0175583548",287,120,407,1267,1111,2378,740,901,1641
4703,"THEFT F/AUTO","38.9037254238","-77.0175583548",287,120,407,1267,1111,2378,740,901,1641
4703,"THEFT F/AUTO","38.9031220639","-77.0161747625",287,120,407,1267,1111,2378,740,901,1641
4703,"MOTOR VEHICLE THEFT","38.9031126416","-77.0189301188",287,120,407,1267,1111,2378,740,901,1641
4703,"THEFT F/AUTO","38.9025185718","-77.0156788959",287,120,407,1267,1111,2378,740,901,1641
4703,"THEFT/OTHER","38.9025181913","-77.018295888",287,120,407,1267,1111,2378,740,901,1641
4703,"THEFT/OTHER","38.9025177521","-77.0209128801",287,120,407,1267,1111,2378,740,901,1641
4703,"THEFT/OTHER","38.9037254238","-77.0175583548",287,120,407,1267,1111,2378,740,901,1641
4703,"THEFT F/AUTO","38.9037254238","-77.0175583548",287,120,407,1267,1111,2378,740,901,1641
4703,"THEFT/OTHER","38.9025177521","-77.0209128801",287,120,407,1267,1111,2378,740,901,1641
4703,"THEFT F/AUTO","38.9037254238","-77.0175583548",287,120,407,1267,1111,2378,740,901,1641
4703,"THEFT F/AUTO","38.9025185718","-77.0156788959",287,120,407,1267,1111,2378,740,901,1641
4703,"MOTOR VEHICLE THEFT","38.9025181913","-77.018295888",287,120,407,1267,1111,2378,740,901,1641
4703,"THEFT F/AUTO","38.9025181913","-77.018295888",287,120,407,1267,1111,2378,740,901,1641
4703,"MOTOR VEHICLE THEFT","38.9025181913","-77.018295888",287,120,407,1267,1111,2378,740,901,1641
4703,"THEFT/OTHER","38.9037254238","-77.0175583548",287,120,407,1267,1111,2378,740,901,1641
4703,"THEFT F/AUTO","38.9025177521","-77.0209128801",287,120,407,1267,1111,2378,740,901,1641
4703,"THEFT/OTHER","38.9037254238","-77.0175583548",287,120,407,1267,1111,2378,740,901,1641
4703,"BURGLARY","38.9045182119","-77.0172011533",287,120,407,1267,1111,2378,740,901,1641
4703,"THEFT F/AUTO","38.9037254238","-77.0175583548",287,120,407,1267,1111,2378,740,901,1641
4703,"THEFT/OTHER","38.9031220639","-77.0161747625",287,120,407,1267,1111,2378,740,901,1641
4703,"THEFT/OTHER","38.9025185718","-77.0156788959",287,120,407,1267,1111,2378,740,901,1641
4703,"ASSAULT W/DANGEROUS WEAPON","38.9025185718","-77.0156788959",287,120,407,1267,1111,2378,740,901,1641
4703,"BURGLARY","38.9025185718","-77.0156788959",287,120,407,1267,1111,2378,740,901,1641
4703,"THEFT F/AUTO","38.9025181913","-77.018295888",287,120,407,1267,1111,2378,740,901,1641
4703,"THEFT/OTHER","38.9037254238","-77.0175583548",287,120,407,1267,1111,2378,740,901,1641
4703,"MOTOR VEHICLE THEFT","38.9037254238","-77.0175583548",287,120,407,1267,1111,2378,740,901,1641
4703,"BURGLARY","38.9025177521","-77.0209128801",287,120,407,1267,1111,2378,740,901,1641
4703,"BURGLARY","38.9025181913","-77.018295888",287,120,407,1267,1111,2378,740,901,1641
4703,"BURGLARY","38.9031126416","-77.0189301188",287,120,407,1267,1111,2378,740,901,1641
4703,"THEFT/OTHER","38.9025181913","-77.018295888",287,120,407,1267,1111,2378,740,901,1641
4703,"THEFT/OTHER","38.9037254238","-77.0175583548",287,120,407,1267,1111,2378,740,901,1641
4703,"THEFT/OTHER","38.9037254238","-77.0175583548",287,120,407,1267,1111,2378,740,901,1641
4703,"THEFT/OTHER","38.9037254238","-77.0175583548",287,120,407,1267,1111,2378,740,901,1641
4703,"THEFT F/AUTO","38.9037254238","-77.0175583548",287,120,407,1267,1111,2378,740,901,1641
4703,"SEX ABUSE","38.9025185718","-77.0156788959",287,120,407,1267,1111,2378,740,901,1641
4703,"ASSAULT W/DANGEROUS WEAPON","38.9037254238","-77.0175583548",287,120,407,1267,1111,2378,740,901,1641
4703,"MOTOR VEHICLE THEFT","38.9025181913","-77.018295888",287,120,407,1267,1111,2378,740,901,1641
4703,"THEFT/OTHER","38.9037254238","-77.0175583548",287,120,407,1267,1111,2378,740,901,1641
4703,"THEFT/OTHER","38.9025181913","-77.018295888",287,120,407,1267,1111,2378,740,901,1641
4703,"THEFT/OTHER","38.9037254238","-77.0175583548",287,120,407,1267,1111,2378,740,901,1641
4703,"THEFT/OTHER","38.9025177521","-77.0209128801",287,120,407,1267,1111,2378,740,901,1641
4703,"THEFT F/AUTO","38.9031220639","-77.0161747625",287,120,407,1267,1111,2378,740,901,1641
4703,"THEFT F/AUTO","38.9025185718","-77.0156788959",287,120,407,1267,1111,2378,740,901,1641
4703,"THEFT/OTHER","38.9037254238","-77.0175583548",287,120,407,1267,1111,2378,740,901,1641
4703,"SEX ABUSE","38.9037254238","-77.0175583548",287,120,407,1267,1111,2378,740,901,1641
4703,"THEFT F/AUTO","38.9031220639","-77.0161747625",287,120,407,1267,1111,2378,740,901,1641
4703,"THEFT/OTHER","38.9025177521","-77.0209128801",287,120,407,1267,1111,2378,740,901,1641
4703,"MOTOR VEHICLE THEFT","38.9037254238","-77.0175583548",287,120,407,1267,1111,2378,740,901,1641
4703,"THEFT/OTHER","38.9037254238","-77.0175583548",287,120,407,1267,1111,2378,740,901,1641
4703,"THEFT/OTHER","38.9025177521","-77.0209128801",287,120,407,1267,1111,2378,740,901,1641
4703,"THEFT/OTHER","38.9037254238","-77.0175583548",287,120,407,1267,1111,2378,740,901,1641
4703,"MOTOR VEHICLE THEFT","38.9037254238","-77.0175583548",287,120,407,1267,1111,2378,740,901,1641
4703,"THEFT/OTHER","38.9025177521","-77.0209128801",287,120,407,1267,1111,2378,740,901,1641
4703,"MOTOR VEHICLE THEFT","38.9037254238","-77.0175583548",287,120,407,1267,1111,2378,740,901,1641
4703,"SEX ABUSE","38.9025185718","-77.0156788959",287,120,407,1267,1111,2378,740,901,1641
4703,"THEFT/OTHER","38.9025177521","-77.0209128801",287,120,407,1267,1111,2378,740,901,1641
4703,"THEFT/OTHER","38.9037254238","-77.0175583548",287,120,407,1267,1111,2378,740,901,1641
4703,"THEFT/OTHER","38.9025181913","-77.018295888",287,120,407,1267,1111,2378,740,901,1641
4703,"THEFT/OTHER","38.9025177521","-77.0209128801",287,120,407,1267,1111,2378,740,901,1641
4703,"MOTOR VEHICLE THEFT","38.9031126416","-77.0189301188",287,120,407,1267,1111,2378,740,901,1641
4703,"THEFT F/AUTO","38.9025181913","-77.018295888",287,120,407,1267,1111,2378,740,901,1641
4703,"THEFT/OTHER","38.9025177521","-77.0209128801",287,120,407,1267,1111,2378,740,901,1641
4703,"THEFT/OTHER","38.9037254238","-77.0175583548",287,120,407,1267,1111,2378,740,901,1641
4703,"MOTOR VEHICLE THEFT","38.9037254238","-77.0175583548",287,120,407,1267,1111,2378,740,901,1641
4703,"THEFT/OTHER","38.9037254238","-77.0175583548",287,120,407,1267,1111,2378,740,901,1641
4703,"THEFT F/AUTO","38.9031220639","-77.0161747625",287,120,407,1267,1111,2378,740,901,1641
4703,"MOTOR VEHICLE THEFT","38.9037254238","-77.0175583548",287,120,407,1267,1111,2378,740,901,1641
4703,"MOTOR VEHICLE THEFT","38.9031126416","-77.0189301188",287,120,407,1267,1111,2378,740,901,1641
4703,"THEFT/OTHER","38.9037254238","-77.0175583548",287,120,407,1267,1111,2378,740,901,1641
4703,"BURGLARY","38.9025177521","-77.0209128801",287,120,407,1267,1111,2378,740,901,1641
4703,"THEFT F/AUTO","38.9037254238","-77.0175583548",287,120,407,1267,1111,2378,740,901,1641
4703,"THEFT/OTHER","38.9037254238","-77.0175583548",287,120,407,1267,1111,2378,740,901,1641
4703,"ASSAULT W/DANGEROUS WEAPON","38.9025185718","-77.0156788959",287,120,407,1267,1111,2378,740,901,1641
4703,"THEFT F/AUTO","38.9037254238","-77.0175583548",287,120,407,1267,1111,2378,740,901,1641
4703,"THEFT/OTHER","38.9037254238","-77.0175583548",287,120,407,1267,1111,2378,740,901,1641
4703,"THEFT/OTHER","38.9037254238","-77.0175583548",287,120,407,1267,1111,2378,740,901,1641
4703,"MOTOR VEHICLE THEFT","38.9031126416","-77.0189301188",287,120,407,1267,1111,2378,740,901,1641
4703,"THEFT/OTHER","38.9031126416","-77.0189301188",287,120,407,1267,1111,2378,740,901,1641
4703,"THEFT/OTHER","38.9037254238","-77.0175583548",287,120,407,1267,1111,2378,740,901,1641
4703,"THEFT F/AUTO","38.9031220639","-77.0161747625",287,120,407,1267,1111,2378,740,901,1641
4703,"THEFT/OTHER","38.9037254238","-77.0175583548",287,120,407,1267,1111,2378,740,901,1641
4703,"THEFT/OTHER","38.9037254238","-77.0175583548",287,120,407,1267,1111,2378,740,901,1641
4703,"BURGLARY","38.9025177521","-77.0209128801",287,120,407,1267,1111,2378,740,901,1641
4703,"THEFT/OTHER","38.9037254238","-77.0175583548",287,120,407,1267,1111,2378,740,901,1641
4703,"THEFT F/AUTO","38.9025185718","-77.0156788959",287,120,407,1267,1111,2378,740,901,1641
4703,"THEFT/OTHER","38.9037254238","-77.0175583548",287,120,407,1267,1111,2378,740,901,1641
4703,"ROBBERY","38.9031220639","-77.0161747625",287,120,407,1267,1111,2378,740,901,1641
4703,"THEFT/OTHER","38.9037254238","-77.0175583548",287,120,407,1267,1111,2378,740,901,1641
4703,"MOTOR VEHICLE THEFT","38.9031220639","-77.0161747625",287,120,407,1267,1111,2378,740,901,1641
4703,"MOTOR VEHICLE THEFT","38.9025181913","-77.018295888",287,120,407,1267,1111,2378,740,901,1641
4703,"THEFT F/AUTO","38.9031220639","-77.0161747625",287,120,407,1267,1111,2378,740,901,1641
4703,"THEFT/OTHER","38.9031220639","-77.0161747625",287,120,407,1267,1111,2378,740,901,1641
4703,"THEFT/OTHER","38.9037254238","-77.0175583548",287,120,407,1267,1111,2378,740,901,1641
4703,"MOTOR VEHICLE THEFT","38.9037254238","-77.0175583548",287,120,407,1267,1111,2378,740,901,1641
4703,"THEFT F/AUTO","38.9031220639","-77.0161747625",287,120,407,1267,1111,2378,740,901,1641
4703,"THEFT F/AUTO","38.9037254238","-77.0175583548",287,120,407,1267,1111,2378,740,901,1641
4703,"THEFT F/AUTO","38.9037254238","-77.0175583548",287,120,407,1267,1111,2378,740,901,1641
4703,"MOTOR VEHICLE THEFT","38.9037254238","-77.0175583548",287,120,407,1267,1111,2378,740,901,1641
4703,"THEFT/OTHER","38.9025177521","-77.0209128801",287,120,407,1267,1111,2378,740,901,1641
4703,"THEFT/OTHER","38.9025177521","-77.0209128801",287,120,407,1267,1111,2378,740,901,1641
4703,"MOTOR VEHICLE THEFT","38.9037254238","-77.0175583548",287,120,407,1267,1111,2378,740,901,1641
4703,"ASSAULT W/DANGEROUS WEAPON","38.9037254238","-77.0175583548",287,120,407,1267,1111,2378,740,901,1641
4703,"MOTOR VEHICLE THEFT","38.9037254238","-77.0175583548",287,120,407,1267,1111,2378,740,901,1641
4703,"MOTOR VEHICLE THEFT","38.9025181913","-77.018295888",287,120,407,1267,1111,2378,740,901,1641
4703,"THEFT/OTHER","38.9025177521","-77.0209128801",287,120,407,1267,1111,2378,740,901,1641
4703,"THEFT/OTHER","38.9037254238","-77.0175583548",287,120,407,1267,1111,2378,740,901,1641
4703,"THEFT/OTHER","38.9025185718","-77.0156788959",287,120,407,1267,1111,2378,740,901,1641
4703,"THEFT F/AUTO","38.9037254238","-77.0175583548",287,120,407,1267,1111,2378,740,901,1641
4703,"THEFT/OTHER","38.9037254238","-77.0175583548",287,120,407,1267,1111,2378,740,901,1641
4703,"THEFT/OTHER","38.9037254238","-77.0175583548",287,120,407,1267,1111,2378,740,901,1641
4703,"MOTOR VEHICLE THEFT","38.9025181913","-77.018295888",287,120,407,1267,1111,2378,740,901,1641
4703,"THEFT F/AUTO","38.9032294141","-77.02090156",287,120,407,1267,1111,2378,740,901,1641
4703,"THEFT F/AUTO","38.9031220639","-77.0161747625",287,120,407,1267,1111,2378,740,901,1641
4703,"THEFT/OTHER","38.9037254238","-77.0175583548",287,120,407,1267,1111,2378,740,901,1641
4703,"THEFT/OTHER","38.9037254238","-77.0175583548",287,120,407,1267,1111,2378,740,901,1641
4703,"THEFT/OTHER","38.9025185718","-77.0156788959",287,120,407,1267,1111,2378,740,901,1641
4703,"THEFT/OTHER","38.9025185718","-77.0156788959",287,120,407,1267,1111,2378,740,901,1641
4703,"THEFT F/AUTO","38.9037254238","-77.0175583548",287,120,407,1267,1111,2378,740,901,1641
4703,"THEFT/OTHER","38.9037254238","-77.0175583548",287,120,407,1267,1111,2378,740,901,1641
4703,"BURGLARY","38.9025177521","-77.0209128801",287,120,407,1267,1111,2378,740,901,1641
4703,"THEFT/OTHER","38.9025177521","-77.0209128801",287,120,407,1267,1111,2378,740,901,1641
4703,"MOTOR VEHICLE THEFT","38.9037254238","-77.0175583548",287,120,407,1267,1111,2378,740,901,1641
4703,"BURGLARY","38.9025177521","-77.0209128801",287,120,407,1267,1111,2378,740,901,1641
4703,"THEFT/OTHER","38.9037254238","-77.0175583548",287,120,407,1267,1111,2378,740,901,1641
4703,"MOTOR VEHICLE THEFT","38.9031220639","-77.0161747625",287,120,407,1267,1111,2378,740,901,1641
4703,"THEFT/OTHER","38.9025185718","-77.0156788959",287,120,407,1267,1111,2378,740,901,1641
4703,"THEFT/OTHER","38.9025177521","-77.0209128801",287,120,407,1267,1111,2378,740,901,1641
4703,"THEFT F/AUTO","38.9037254238","-77.0175583548",287,120,407,1267,1111,2378,740,901,1641
4703,"THEFT/OTHER","38.9037254238","-77.0175583548",287,120,407,1267,1111,2378,740,901,1641
4703,"THEFT F/AUTO","38.9025181913","-77.018295888",287,120,407,1267,1111,2378,740,901,1641
4703,"THEFT/OTHER","38.9025177521","-77.0209128801",287,120,407,1267,1111,2378,740,901,1641
4703,"THEFT/OTHER","38.9037254238","-77.0175583548",287,120,407,1267,1111,2378,740,901,1641
4703,"THEFT/OTHER","38.9037254238","-77.0175583548",287,120,407,1267,1111,2378,740,901,1641
4703,"THEFT/OTHER","38.9031220639","-77.0161747625",287,120,407,1267,1111,2378,740,901,1641
4704,"THEFT/OTHER","38.9045189852","-77.0107334275",101,0,101,604,172,776,103,38,141
4704,"MOTOR VEHICLE THEFT","38.9025100284","-77.0117130561",101,0,101,604,172,776,103,38,141
4704,"THEFT/OTHER","38.9037350085","-77.0131774144",101,0,101,604,172,776,103,38,141
4704,"ASSAULT W/DANGEROUS WEAPON","38.9031225493","-77.0121743046",101,0,101,604,172,776,103,38,141
4704,"THEFT/OTHER","38.9025100284","-77.0117130561",101,0,101,604,172,776,103,38,141
4704,"THEFT F/AUTO","38.90501402","-77.0146418341",101,0,101,604,172,776,103,38,141
4704,"THEFT/OTHER","38.9042033056","-77.014341917",101,0,101,604,172,776,103,38,141
4704,"MOTOR VEHICLE THEFT","38.9025100284","-77.0117130561",101,0,101,604,172,776,103,38,141
4704,"THEFT/OTHER","38.9076427724","-77.0090530223",101,0,101,604,172,776,103,38,141
4704,"THEFT F/AUTO","38.9031225493","-77.0121743046",101,0,101,604,172,776,103,38,141
4704,"THEFT F/AUTO","38.9025100284","-77.0117130561",101,0,101,604,172,776,103,38,141
4704,"THEFT/OTHER","38.9051654756","-77.0090657356",101,0,101,604,172,776,103,38,141
4704,"ASSAULT W/DANGEROUS WEAPON","38.9056359299","-77.0116789821",101,0,101,604,172,776,103,38,141
4704,"ASSAULT W/DANGEROUS WEAPON","38.9031225493","-77.0121743046",101,0,101,604,172,776,103,38,141
4704,"THEFT F/AUTO","38.902510174","-77.0101566953",101,0,101,604,172,776,103,38,141
4704,"THEFT/OTHER","38.9076427724","-77.0090530223",101,0,101,604,172,776,103,38,141
4704,"THEFT/OTHER","38.9025100284","-77.0117130561",101,0,101,604,172,776,103,38,141
4704,"THEFT/OTHER","38.9076427724","-77.0090530223",101,0,101,604,172,776,103,38,141
4704,"ROBBERY","38.9050865527","-77.0102723523",101,0,101,604,172,776,103,38,141
4704,"ROBBERY","38.9046808671","-77.0133389944",101,0,101,604,172,776,103,38,141
4704,"MOTOR VEHICLE THEFT","38.9037350085","-77.0131774144",101,0,101,604,172,776,103,38,141
4704,"THEFT/OTHER","38.9025100284","-77.0117130561",101,0,101,604,172,776,103,38,141
4704,"ROBBERY","38.9076427724","-77.0090530223",101,0,101,604,172,776,103,38,141
4704,"MOTOR VEHICLE THEFT","38.9067170107","-77.0108605803",101,0,101,604,172,776,103,38,141
4704,"HOMICIDE","38.902510174","-77.0101566953",101,0,101,604,172,776,103,38,141
4704,"ASSAULT W/DANGEROUS WEAPON","38.9037350085","-77.0131774144",101,0,101,604,172,776,103,38,141
4704,"THEFT/OTHER","38.9076427724","-77.0090530223",101,0,101,604,172,776,103,38,141
4704,"ASSAULT W/DANGEROUS WEAPON","38.9076427724","-77.0090530223",101,0,101,604,172,776,103,38,141
4704,"THEFT F/AUTO","38.9051654756","-77.0090657356",101,0,101,604,172,776,103,38,141
4704,"ASSAULT W/DANGEROUS WEAPON","38.9076427724","-77.0090530223",101,0,101,604,172,776,103,38,141
4704,"BURGLARY","38.9076427724","-77.0090530223",101,0,101,604,172,776,103,38,141
4704,"ASSAULT W/DANGEROUS WEAPON","38.9076427724","-77.0090530223",101,0,101,604,172,776,103,38,141
4704,"THEFT F/AUTO","38.9031225493","-77.0121743046",101,0,101,604,172,776,103,38,141
4704,"ASSAULT W/DANGEROUS WEAPON","38.9037350085","-77.0131774144",101,0,101,604,172,776,103,38,141
4704,"ASSAULT W/DANGEROUS WEAPON","38.9067170107","-77.0108605803",101,0,101,604,172,776,103,38,141
4704,"THEFT F/AUTO","38.9067170107","-77.0108605803",101,0,101,604,172,776,103,38,141
4704,"THEFT/OTHER","38.9031225493","-77.0121743046",101,0,101,604,172,776,103,38,141
4704,"THEFT F/AUTO","38.9042035504","-77.012186018",101,0,101,604,172,776,103,38,141
4704,"ARSON","38.902510174","-77.0101566953",101,0,101,604,172,776,103,38,141
4704,"ASSAULT W/DANGEROUS WEAPON","38.9076427724","-77.0090530223",101,0,101,604,172,776,103,38,141
4704,"HOMICIDE","38.9067170107","-77.0108605803",101,0,101,604,172,776,103,38,141
4704,"ASSAULT W/DANGEROUS WEAPON","38.9050865527","-77.0102723523",101,0,101,604,172,776,103,38,141
4704,"THEFT F/AUTO","38.9031225493","-77.0121743046",101,0,101,604,172,776,103,38,141
4704,"THEFT F/AUTO","38.9051584368","-77.0121746521",101,0,101,604,172,776,103,38,141
4704,"THEFT/OTHER","38.9056451216","-77.0096729193",101,0,101,604,172,776,103,38,141
4704,"THEFT/OTHER","38.9076427724","-77.0090530223",101,0,101,604,172,776,103,38,141
4704,"THEFT/OTHER","38.90501402","-77.0146418341",101,0,101,604,172,776,103,38,141
4704,"THEFT/OTHER","38.9031225493","-77.0121743046",101,0,101,604,172,776,103,38,141
4704,"THEFT F/AUTO","38.9051654756","-77.0090657356",101,0,101,604,172,776,103,38,141
4704,"SEX ABUSE","38.9037350085","-77.0131774144",101,0,101,604,172,776,103,38,141
4704,"ROBBERY","38.9056450289","-77.010733597",101,0,101,604,172,776,103,38,141
4704,"THEFT F/AUTO","38.9025100284","-77.0117130561",101,0,101,604,172,776,103,38,141
4704,"ASSAULT W/DANGEROUS WEAPON","38.9042035504","-77.012186018",101,0,101,604,172,776,103,38,141
4704,"THEFT F/AUTO","38.9051654756","-77.0090657356",101,0,101,604,172,776,103,38,141
4704,"MOTOR VEHICLE THEFT","38.9031225493","-77.0121743046",101,0,101,604,172,776,103,38,141
4704,"ASSAULT W/DANGEROUS WEAPON","38.9025100284","-77.0117130561",101,0,101,604,172,776,103,38,141
4704,"THEFT F/AUTO","38.9025100284","-77.0117130561",101,0,101,604,172,776,103,38,141
4704,"THEFT F/AUTO","38.9037350085","-77.0131774144",101,0,101,604,172,776,103,38,141
4704,"HOMICIDE","38.9042035504","-77.012186018",101,0,101,604,172,776,103,38,141
4704,"THEFT/OTHER","38.9037350085","-77.0131774144",101,0,101,604,172,776,103,38,141
4704,"ASSAULT W/DANGEROUS WEAPON","38.9050865527","-77.0102723523",101,0,101,604,172,776,103,38,141
4704,"THEFT/OTHER","38.9076427724","-77.0090530223",101,0,101,604,172,776,103,38,141
4704,"HOMICIDE","38.9076427724","-77.0090530223",101,0,101,604,172,776,103,38,141
4704,"THEFT F/AUTO","38.9067170107","-77.0108605803",101,0,101,604,172,776,103,38,141
4704,"THEFT/OTHER","38.9037350085","-77.0131774144",101,0,101,604,172,776,103,38,141
4704,"THEFT F/AUTO","38.9076427724","-77.0090530223",101,0,101,604,172,776,103,38,141
4704,"THEFT F/AUTO","38.9031138229","-77.0090730838",101,0,101,604,172,776,103,38,141
4704,"MOTOR VEHICLE THEFT","38.9056451216","-77.0096729193",101,0,101,604,172,776,103,38,141
4704,"THEFT/OTHER","38.9067170107","-77.0108605803",101,0,101,604,172,776,103,38,141
4704,"MOTOR VEHICLE THEFT","38.9056359299","-77.0116789821",101,0,101,604,172,776,103,38,141
4704,"ASSAULT W/DANGEROUS WEAPON","38.9076427724","-77.0090530223",101,0,101,604,172,776,103,38,141
4704,"THEFT F/AUTO","38.9042035504","-77.012186018",101,0,101,604,172,776,103,38,141
4704,"THEFT F/AUTO","38.9037350085","-77.0131774144",101,0,101,604,172,776,103,38,141
4704,"THEFT/OTHER","38.9076427724","-77.0090530223",101,0,101,604,172,776,103,38,141
4801,"THEFT/OTHER","38.9147692774","-77.0199017815",70,133,203,1109,1427,2536,784,1175,1959
4801,"BURGLARY","38.9091031933","-77.0189317087",70,133,203,1109,1427,2536,784,1175,1959
4801,"THEFT/OTHER","38.9140843791","-77.0214005515",70,133,203,1109,1427,2536,784,1175,1959
4801,"THEFT/OTHER","38.9118595847","-77.0199009696",70,133,203,1109,1427,2536,784,1175,1959
4801,"THEFT/OTHER","38.9134807346","-77.0208795434",70,133,203,1109,1427,2536,784,1175,1959
4801,"MOTOR VEHICLE THEFT","38.9135621605","-77.0199014447",70,133,203,1109,1427,2536,784,1175,1959
4801,"MOTOR VEHICLE THEFT","38.9091030304","-77.0199117301",70,133,203,1109,1427,2536,784,1175,1959
4801,"THEFT/OTHER","38.9104367324","-77.0169489233",70,133,203,1109,1427,2536,784,1175,1959
4801,"THEFT F/AUTO","38.9135621605","-77.0199014447",70,133,203,1109,1427,2536,784,1175,1959
4801,"THEFT F/AUTO","38.9103820377","-77.0209267159",70,133,203,1109,1427,2536,784,1175,1959
4801,"MOTOR VEHICLE THEFT","38.9103820377","-77.0209267159",70,133,203,1109,1427,2536,784,1175,1959
4801,"THEFT F/AUTO","38.9091031933","-77.0189317087",70,133,203,1109,1427,2536,784,1175,1959
4801,"THEFT/OTHER","38.9140848879","-77.0184141599",70,133,203,1109,1427,2536,784,1175,1959
4801,"THEFT/OTHER","38.9118598897","-77.0180215617",70,133,203,1109,1427,2536,784,1175,1959
4801,"THEFT F/AUTO","38.9129767796","-77.0189327369",70,133,203,1109,1427,2536,784,1175,1959
4801,"THEFT/OTHER","38.9135624135","-77.0183563731",70,133,203,1109,1427,2536,784,1175,1959
4801,"ASSAULT W/DANGEROUS WEAPON","38.9108151143","-77.0167299443",70,133,203,1109,1427,2536,784,1175,1959
4801,"THEFT F/AUTO","38.9133455994","-77.0219191955",70,133,203,1109,1427,2536,784,1175,1959
4801,"ROBBERY","38.9159129746","-77.0219199846",70,133,203,1109,1427,2536,784,1175,1959
4801,"THEFT/OTHER","38.9103820377","-77.0209267159",70,133,203,1109,1427,2536,784,1175,1959
4801,"THEFT/OTHER","38.9104367324","-77.0169489233",70,133,203,1109,1427,2536,784,1175,1959
4801,"THEFT F/AUTO","38.9091030304","-77.0199117301",70,133,203,1109,1427,2536,784,1175,1959
4801,"ASSAULT W/DANGEROUS WEAPON","38.9091031933","-77.0189317087",70,133,203,1109,1427,2536,784,1175,1959
4801,"THEFT/OTHER","38.9103820377","-77.0209267159",70,133,203,1109,1427,2536,784,1175,1959
4801,"THEFT F/AUTO","38.9135621605","-77.0199014447",70,133,203,1109,1427,2536,784,1175,1959
4801,"ROBBERY","38.9148229663","-77.0219196496",70,133,203,1109,1427,2536,784,1175,1959
4801,"THEFT/OTHER","38.9103820377","-77.0209267159",70,133,203,1109,1427,2536,784,1175,1959
4801,"MOTOR VEHICLE THEFT","38.9155617458","-77.0214009948",70,133,203,1109,1427,2536,784,1175,1959
4801,"BURGLARY","38.915633931","-77.0207437654",70,133,203,1109,1427,2536,784,1175,1959
4801,"BURGLARY","38.9148229663","-77.0219196496",70,133,203,1109,1427,2536,784,1175,1959
4801,"THEFT/OTHER","38.9155617458","-77.0214009948",70,133,203,1109,1427,2536,784,1175,1959
4801,"THEFT/OTHER","38.9135621605","-77.0199014447",70,133,203,1109,1427,2536,784,1175,1959
4801,"BURGLARY","38.9096348911","-77.0176174583",70,133,203,1109,1427,2536,784,1175,1959
4801,"THEFT/OTHER","38.9140843791","-77.0214005515",70,133,203,1109,1427,2536,784,1175,1959
4801,"THEFT/OTHER","38.912841396","-77.0204662267",70,133,203,1109,1427,2536,784,1175,1959
4801,"ROBBERY","38.9111208114","-77.020419613",70,133,203,1109,1427,2536,784,1175,1959
4801,"THEFT F/AUTO","38.9131838919","-77.0194170655",70,133,203,1109,1427,2536,784,1175,1959
4801,"THEFT/OTHER","38.9118595847","-77.0199009696",70,133,203,1109,1427,2536,784,1175,1959
4801,"THEFT/OTHER","38.9145352217","-77.0189331506",70,133,203,1109,1427,2536,784,1175,1959
4801,"THEFT F/AUTO","38.9114907066","-77.0169607038",70,133,203,1109,1427,2536,784,1175,1959
4801,"THEFT/OTHER","38.9140845605","-77.0203858702",70,133,203,1109,1427,2536,784,1175,1959
4801,"MOTOR VEHICLE THEFT","38.91259835","-77.0194169061",70,133,203,1109,1427,2536,784,1175,1959
4801,"MOTOR VEHICLE THEFT","38.9103818559","-77.0219182847",70,133,203,1109,1427,2536,784,1175,1959
4801,"THEFT/OTHER","38.9114907066","-77.0169607038",70,133,203,1109,1427,2536,784,1175,1959
4801,"THEFT/OTHER","38.912841396","-77.0204662267",70,133,203,1109,1427,2536,784,1175,1959
4801,"THEFT F/AUTO","38.9145352217","-77.0189331506",70,133,203,1109,1427,2536,784,1175,1959
4801,"BURGLARY","38.9148229663","-77.0219196496",70,133,203,1109,1427,2536,784,1175,1959
4801,"ROBBERY","38.9147692774","-77.0199017815",70,133,203,1109,1427,2536,784,1175,1959
4801,"ASSAULT W/DANGEROUS WEAPON","38.910076468","-77.0164645852",70,133,203,1109,1427,2536,784,1175,1959
4801,"THEFT F/AUTO","38.9125985538","-77.0181485809",70,133,203,1109,1427,2536,784,1175,1959
4801,"THEFT/OTHER","38.9135624135","-77.0183563731",70,133,203,1109,1427,2536,784,1175,1959
4801,"THEFT/OTHER","38.9147692774","-77.0199017815",70,133,203,1109,1427,2536,784,1175,1959
4801,"THEFT F/AUTO","38.9155889643","-77.0203171159",70,133,203,1109,1427,2536,784,1175,1959
4801,"THEFT/OTHER","38.9135624135","-77.0183563731",70,133,203,1109,1427,2536,784,1175,1959
4801,"ASSAULT W/DANGEROUS WEAPON","38.9131841839","-77.0175722137",70,133,203,1109,1427,2536,784,1175,1959
4801,"ROBBERY","38.9118864305","-77.0209271573",70,133,203,1109,1427,2536,784,1175,1959
4801,"MOTOR VEHICLE THEFT","38.9131841839","-77.0175722137",70,133,203,1109,1427,2536,784,1175,1959
4801,"THEFT/OTHER","38.9114907066","-77.0169607038",70,133,203,1109,1427,2536,784,1175,1959
4801,"THEFT/OTHER","38.9122293499","-77.0172376035",70,133,203,1109,1427,2536,784,1175,1959
4801,"MOTOR VEHICLE THEFT","38.9135624135","-77.0183563731",70,133,203,1109,1427,2536,784,1175,1959
4801,"THEFT/OTHER","38.9125985538","-77.0181485809",70,133,203,1109,1427,2536,784,1175,1959
4801,"THEFT/OTHER","38.9140848879","-77.0184141599",70,133,203,1109,1427,2536,784,1175,1959
4801,"THEFT/OTHER","38.9103820377","-77.0209267159",70,133,203,1109,1427,2536,784,1175,1959
4801,"THEFT/OTHER","38.9111206318","-77.0214227222",70,133,203,1109,1427,2536,784,1175,1959
4801,"THEFT F/AUTO","38.9111209824","-77.0194165039",70,133,203,1109,1427,2536,784,1175,1959
4801,"ROBBERY","38.91259835","-77.0194169061",70,133,203,1109,1427,2536,784,1175,1959
4801,"THEFT F/AUTO","38.9147692774","-77.0199017815",70,133,203,1109,1427,2536,784,1175,1959
4801,"ASSAULT W/DANGEROUS WEAPON","38.9155617458","-77.0214009948",70,133,203,1109,1427,2536,784,1175,1959
4801,"THEFT F/AUTO","38.9148229663","-77.0219196496",70,133,203,1109,1427,2536,784,1175,1959
4801,"THEFT F/AUTO","38.9140845605","-77.0203858702",70,133,203,1109,1427,2536,784,1175,1959
4801,"THEFT F/AUTO","38.9103733696","-77.0189320458",70,133,203,1109,1427,2536,784,1175,1959
4801,"ROBBERY","38.9118595847","-77.0199009696",70,133,203,1109,1427,2536,784,1175,1959
4801,"THEFT F/AUTO","38.9135621605","-77.0199014447",70,133,203,1109,1427,2536,784,1175,1959
4801,"THEFT/OTHER","38.9159129746","-77.0219199846",70,133,203,1109,1427,2536,784,1175,1959
4801,"ROBBERY","38.9135621605","-77.0199014447",70,133,203,1109,1427,2536,784,1175,1959
4801,"THEFT F/AUTO","38.9148229663","-77.0219196496",70,133,203,1109,1427,2536,784,1175,1959
4801,"THEFT/OTHER","38.9140845605","-77.0203858702",70,133,203,1109,1427,2536,784,1175,1959
4801,"THEFT/OTHER","38.9096348911","-77.0176174583",70,133,203,1109,1427,2536,784,1175,1959
4801,"THEFT/OTHER","38.9091026713","-77.0219178916",70,133,203,1109,1427,2536,784,1175,1959
4801,"ROBBERY","38.9159129746","-77.0219199846",70,133,203,1109,1427,2536,784,1175,1959
4801,"THEFT/OTHER","38.9147692774","-77.0199017815",70,133,203,1109,1427,2536,784,1175,1959
4801,"THEFT/OTHER","38.9111208114","-77.020419613",70,133,203,1109,1427,2536,784,1175,1959
4801,"ROBBERY","38.9103818559","-77.0219182847",70,133,203,1109,1427,2536,784,1175,1959
4801,"MOTOR VEHICLE THEFT","38.9147692774","-77.0199017815",70,133,203,1109,1427,2536,784,1175,1959
4801,"THEFT F/AUTO","38.9155617458","-77.0214009948",70,133,203,1109,1427,2536,784,1175,1959
4801,"ASSAULT W/DANGEROUS WEAPON","38.9159129746","-77.0219199846",70,133,203,1109,1427,2536,784,1175,1959
4801,"THEFT/OTHER","38.9103820377","-77.0209267159",70,133,203,1109,1427,2536,784,1175,1959
4801,"ROBBERY","38.91259835","-77.0194169061",70,133,203,1109,1427,2536,784,1175,1959
4801,"MOTOR VEHICLE THEFT","38.9135624135","-77.0183563731",70,133,203,1109,1427,2536,784,1175,1959
4801,"THEFT/OTHER","38.9148229663","-77.0219196496",70,133,203,1109,1427,2536,784,1175,1959
4801,"THEFT/OTHER","38.9114907066","-77.0169607038",70,133,203,1109,1427,2536,784,1175,1959
4801,"THEFT/OTHER","38.9125985538","-77.0181485809",70,133,203,1109,1427,2536,784,1175,1959
4801,"THEFT/OTHER","38.9152197679","-77.0194637424",70,133,203,1109,1427,2536,784,1175,1959
4801,"THEFT/OTHER","38.9147692774","-77.0199017815",70,133,203,1109,1427,2536,784,1175,1959
4801,"BURGLARY","38.9159129746","-77.0219199846",70,133,203,1109,1427,2536,784,1175,1959
4801,"ROBBERY","38.9147692774","-77.0199017815",70,133,203,1109,1427,2536,784,1175,1959
4801,"ROBBERY","38.9125981709","-77.0204661569",70,133,203,1109,1427,2536,784,1175,1959
4801,"BURGLARY","38.9118595847","-77.0199009696",70,133,203,1109,1427,2536,784,1175,1959
4801,"THEFT F/AUTO","38.9148231564","-77.0208818966",70,133,203,1109,1427,2536,784,1175,1959
4801,"THEFT/OTHER","38.9117150902","-77.0219186944",70,133,203,1109,1427,2536,784,1175,1959
4801,"THEFT/OTHER","38.9155889643","-77.0203171159",70,133,203,1109,1427,2536,784,1175,1959
4801,"THEFT/OTHER","38.9135624135","-77.0183563731",70,133,203,1109,1427,2536,784,1175,1959
4801,"THEFT F/AUTO","38.9103733696","-77.0189320458",70,133,203,1109,1427,2536,784,1175,1959
4801,"THEFT F/AUTO","38.9147692774","-77.0199017815",70,133,203,1109,1427,2536,784,1175,1959
4801,"THEFT/OTHER","38.9103818559","-77.0219182847",70,133,203,1109,1427,2536,784,1175,1959
4801,"THEFT/OTHER","38.9148229663","-77.0219196496",70,133,203,1109,1427,2536,784,1175,1959
4801,"THEFT F/AUTO","38.9155617458","-77.0214009948",70,133,203,1109,1427,2536,784,1175,1959
4801,"THEFT/OTHER","38.9111206318","-77.0214227222",70,133,203,1109,1427,2536,784,1175,1959
4801,"THEFT/OTHER","38.9091030304","-77.0199117301",70,133,203,1109,1427,2536,784,1175,1959
4801,"MOTOR VEHICLE THEFT","38.9111122188","-77.017883013",70,133,203,1109,1427,2536,784,1175,1959
4801,"HOMICIDE","38.9140843791","-77.0214005515",70,133,203,1109,1427,2536,784,1175,1959
4801,"THEFT F/AUTO","38.9140845605","-77.0203858702",70,133,203,1109,1427,2536,784,1175,1959
4801,"THEFT F/AUTO","38.9148229663","-77.0219196496",70,133,203,1109,1427,2536,784,1175,1959
4801,"THEFT/OTHER","38.9131838919","-77.0194170655",70,133,203,1109,1427,2536,784,1175,1959
4801,"MOTOR VEHICLE THEFT","38.9159129746","-77.0219199846",70,133,203,1109,1427,2536,784,1175,1959
4801,"THEFT/OTHER","38.9135621605","-77.0199014447",70,133,203,1109,1427,2536,784,1175,1959
4801,"THEFT F/AUTO","38.9145352217","-77.0189331506",70,133,203,1109,1427,2536,784,1175,1959
4801,"THEFT/OTHER","38.9135621605","-77.0199014447",70,133,203,1109,1427,2536,784,1175,1959
4801,"ROBBERY","38.912841396","-77.0204662267",70,133,203,1109,1427,2536,784,1175,1959
4801,"MOTOR VEHICLE THEFT","38.9145352217","-77.0189331506",70,133,203,1109,1427,2536,784,1175,1959
4801,"THEFT/OTHER","38.9091031933","-77.0189317087",70,133,203,1109,1427,2536,784,1175,1959
4801,"MOTOR VEHICLE THEFT","38.9155617458","-77.0214009948",70,133,203,1109,1427,2536,784,1175,1959
4801,"THEFT/OTHER","38.9118595847","-77.0199009696",70,133,203,1109,1427,2536,784,1175,1959
4801,"BURGLARY","38.9135621605","-77.0199014447",70,133,203,1109,1427,2536,784,1175,1959
4801,"ASSAULT W/DANGEROUS WEAPON","38.9145352217","-77.0189331506",70,133,203,1109,1427,2536,784,1175,1959
4801,"MOTOR VEHICLE THEFT","38.9135624135","-77.0183563731",70,133,203,1109,1427,2536,784,1175,1959
4801,"THEFT/OTHER","38.9091026713","-77.0219178916",70,133,203,1109,1427,2536,784,1175,1959
4801,"THEFT/OTHER","38.9148229663","-77.0219196496",70,133,203,1109,1427,2536,784,1175,1959
4801,"ROBBERY","38.9111209824","-77.0194165039",70,133,203,1109,1427,2536,784,1175,1959
4801,"THEFT/OTHER","38.9131841839","-77.0175722137",70,133,203,1109,1427,2536,784,1175,1959
4801,"THEFT F/AUTO","38.9147692774","-77.0199017815",70,133,203,1109,1427,2536,784,1175,1959
4801,"THEFT/OTHER","38.9147692774","-77.0199017815",70,133,203,1109,1427,2536,784,1175,1959
4801,"MOTOR VEHICLE THEFT","38.9131841839","-77.0175722137",70,133,203,1109,1427,2536,784,1175,1959
4801,"THEFT/OTHER","38.9135621605","-77.0199014447",70,133,203,1109,1427,2536,784,1175,1959
4801,"THEFT F/AUTO","38.9147692774","-77.0199017815",70,133,203,1109,1427,2536,784,1175,1959
4801,"THEFT/OTHER","38.9147692774","-77.0199017815",70,133,203,1109,1427,2536,784,1175,1959
4801,"THEFT F/AUTO","38.9135621605","-77.0199014447",70,133,203,1109,1427,2536,784,1175,1959
4801,"MOTOR VEHICLE THEFT","38.9147692774","-77.0199017815",70,133,203,1109,1427,2536,784,1175,1959
4801,"THEFT F/AUTO","38.9135621605","-77.0199014447",70,133,203,1109,1427,2536,784,1175,1959
4801,"THEFT/OTHER","38.9152197679","-77.0194637424",70,133,203,1109,1427,2536,784,1175,1959
4801,"THEFT F/AUTO","38.9155617458","-77.0214009948",70,133,203,1109,1427,2536,784,1175,1959
4801,"MOTOR VEHICLE THEFT","38.9131841839","-77.0175722137",70,133,203,1109,1427,2536,784,1175,1959
4801,"THEFT F/AUTO","38.909634435","-77.0204191875",70,133,203,1109,1427,2536,784,1175,1959
4801,"THEFT F/AUTO","38.9140848879","-77.0184141599",70,133,203,1109,1427,2536,784,1175,1959
4801,"THEFT/OTHER","38.9125985538","-77.0181485809",70,133,203,1109,1427,2536,784,1175,1959
4801,"ASSAULT W/DANGEROUS WEAPON","38.9148229663","-77.0219196496",70,133,203,1109,1427,2536,784,1175,1959
4801,"THEFT F/AUTO","38.9147692774","-77.0199017815",70,133,203,1109,1427,2536,784,1175,1959
4802,"THEFT F/AUTO","38.9048961324","-77.0199105558",142,251,393,1387,1317,2704,1068,928,1996
4802,"THEFT F/AUTO","38.9045182119","-77.0172011533",142,251,393,1387,1317,2704,1068,928,1996
4802,"THEFT F/AUTO","38.9035445206","-77.0219161838",142,251,393,1387,1317,2704,1068,928,1996
4802,"ASSAULT W/DANGEROUS WEAPON","38.9079049206","-77.0199113957",142,251,393,1387,1317,2704,1068,928,1996
4802,"THEFT/OTHER","38.9035445206","-77.0219161838",142,251,393,1387,1317,2704,1068,928,1996
4802,"BURGLARY","38.9085719152","-77.0175595478",142,251,393,1387,1317,2704,1068,928,1996
4802,"THEFT F/AUTO","38.9078960751","-77.0189313883",142,251,393,1387,1317,2704,1068,928,1996
4802,"THEFT/OTHER","38.9035445206","-77.0219161838",142,251,393,1387,1317,2704,1068,928,1996
4802,"THEFT/OTHER","38.9056348986","-77.0194265396",142,251,393,1387,1317,2704,1068,928,1996
4802,"THEFT/OTHER","38.9049053036","-77.0189305945",142,251,393,1387,1317,2704,1068,928,1996
4802,"ROBBERY","38.9049047816","-77.0219166017",142,251,393,1387,1317,2704,1068,928,1996
4802,"ROBBERY","38.9056351942","-77.0175588249",142,251,393,1387,1317,2704,1068,928,1996
4802,"THEFT F/AUTO","38.9056351942","-77.0175588249",142,251,393,1387,1317,2704,1068,928,1996
4802,"THEFT F/AUTO","38.9035445206","-77.0219161838",142,251,393,1387,1317,2704,1068,928,1996
4802,"MOTOR VEHICLE THEFT","38.9079045614","-77.0219175235",142,251,393,1387,1317,2704,1068,928,1996
4802,"THEFT F/AUTO","38.9041572724","-77.0209133608",142,251,393,1387,1317,2704,1068,928,1996
4802,"THEFT F/AUTO","38.9056351942","-77.0175588249",142,251,393,1387,1317,2704,1068,928,1996
4802,"THEFT F/AUTO","38.9045182119","-77.0172011533",142,251,393,1387,1317,2704,1068,928,1996
4802,"THEFT/OTHER","38.9035445206","-77.0219161838",142,251,393,1387,1317,2704,1068,928,1996
4802,"THEFT/OTHER","38.9072296718","-77.0175592174",142,251,393,1387,1317,2704,1068,928,1996
4802,"THEFT/OTHER","38.9072296718","-77.0175592174",142,251,393,1387,1317,2704,1068,928,1996
4802,"MOTOR VEHICLE THEFT","38.9032294141","-77.02090156",142,251,393,1387,1317,2704,1068,928,1996
4802,"THEFT F/AUTO","38.9072381277","-77.0209142641",142,251,393,1387,1317,2704,1068,928,1996
4802,"THEFT/OTHER","38.9079049206","-77.0199113957",142,251,393,1387,1317,2704,1068,928,1996
4802,"THEFT/OTHER","38.9056351942","-77.0175588249",142,251,393,1387,1317,2704,1068,928,1996
4802,"THEFT F/AUTO","38.9068330884","-77.0189426355",142,251,393,1387,1317,2704,1068,928,1996
4802,"THEFT/OTHER","38.9045182119","-77.0172011533",142,251,393,1387,1317,2704,1068,928,1996
4802,"THEFT/OTHER","38.9056351942","-77.0175588249",142,251,393,1387,1317,2704,1068,928,1996
4802,"MOTOR VEHICLE THEFT","38.9068335042","-77.0161756042",142,251,393,1387,1317,2704,1068,928,1996
4802,"THEFT F/AUTO","38.9072381277","-77.0209142641",142,251,393,1387,1317,2704,1068,928,1996
4802,"THEFT F/AUTO","38.9056346418","-77.0209137939",142,251,393,1387,1317,2704,1068,928,1996
4802,"THEFT F/AUTO","38.9032294141","-77.02090156",142,251,393,1387,1317,2704,1068,928,1996
4802,"ASSAULT W/DANGEROUS WEAPON","38.9072296718","-77.0175592174",142,251,393,1387,1317,2704,1068,928,1996
4802,"ASSAULT W/DANGEROUS WEAPON","38.9045182119","-77.0172011533",142,251,393,1387,1317,2704,1068,928,1996
4802,"THEFT F/AUTO","38.906040768","-77.0161869536",142,251,393,1387,1317,2704,1068,928,1996
4802,"THEFT/OTHER","38.9056348986","-77.0194265396",142,251,393,1387,1317,2704,1068,928,1996
4802,"THEFT/OTHER","38.9054015922","-77.0214304584",142,251,393,1387,1317,2704,1068,928,1996
4802,"THEFT F/AUTO","38.9049047816","-77.0219166017",142,251,393,1387,1317,2704,1068,928,1996
4802,"MOTOR VEHICLE THEFT","38.9035445206","-77.0219161838",142,251,393,1387,1317,2704,1068,928,1996
4802,"THEFT/OTHER","38.9048961324","-77.0199105558",142,251,393,1387,1317,2704,1068,928,1996
4802,"BURGLARY","38.9072296718","-77.0175592174",142,251,393,1387,1317,2704,1068,928,1996
4802,"HOMICIDE","38.9072381277","-77.0209142641",142,251,393,1387,1317,2704,1068,928,1996
4802,"THEFT F/AUTO","38.9056351942","-77.0175588249",142,251,393,1387,1317,2704,1068,928,1996
4802,"HOMICIDE","38.9079045614","-77.0219175235",142,251,393,1387,1317,2704,1068,928,1996
4802,"THEFT F/AUTO","38.9079049206","-77.0199113957",142,251,393,1387,1317,2704,1068,928,1996
4802,"THEFT/OTHER","38.9072296718","-77.0175592174",142,251,393,1387,1317,2704,1068,928,1996
4802,"ASSAULT W/DANGEROUS WEAPON","38.906436201","-77.0219170723",142,251,393,1387,1317,2704,1068,928,1996
4802,"THEFT/OTHER","38.9054015922","-77.0214304584",142,251,393,1387,1317,2704,1068,928,1996
4802,"THEFT F/AUTO","38.9068330884","-77.0189426355",142,251,393,1387,1317,2704,1068,928,1996
4802,"THEFT/OTHER","38.9068330884","-77.0189426355",142,251,393,1387,1317,2704,1068,928,1996
4802,"THEFT/OTHER","38.9037431449","-77.0194260244",142,251,393,1387,1317,2704,1068,928,1996
4802,"THEFT F/AUTO","38.9079049206","-77.0199113957",142,251,393,1387,1317,2704,1068,928,1996
4802,"THEFT F/AUTO","38.9041572724","-77.0209133608",142,251,393,1387,1317,2704,1068,928,1996
4802,"THEFT F/AUTO","38.9049047816","-77.0219166017",142,251,393,1387,1317,2704,1068,928,1996
4802,"MOTOR VEHICLE THEFT","38.9079045614","-77.0219175235",142,251,393,1387,1317,2704,1068,928,1996
4802,"MOTOR VEHICLE THEFT","38.9060403556","-77.0189308958",142,251,393,1387,1317,2704,1068,928,1996
4802,"THEFT F/AUTO","38.9048961324","-77.0199105558",142,251,393,1387,1317,2704,1068,928,1996
4802,"THEFT/OTHER","38.9064459456","-77.0175590245",142,251,393,1387,1317,2704,1068,928,1996
4802,"THEFT/OTHER","38.9054015922","-77.0214304584",142,251,393,1387,1317,2704,1068,928,1996
4802,"BURGLARY","38.9068330884","-77.0189426355",142,251,393,1387,1317,2704,1068,928,1996
4802,"THEFT/OTHER","38.9056346418","-77.0209137939",142,251,393,1387,1317,2704,1068,928,1996
4802,"MOTOR VEHICLE THEFT","38.9056348986","-77.0194265396",142,251,393,1387,1317,2704,1068,928,1996
4802,"MOTOR VEHICLE THEFT","38.9064459456","-77.0175590245",142,251,393,1387,1317,2704,1068,928,1996
4802,"THEFT/OTHER","38.906436201","-77.0219170723",142,251,393,1387,1317,2704,1068,928,1996
4802,"THEFT F/AUTO","38.9048961324","-77.0199105558",142,251,393,1387,1317,2704,1068,928,1996
4802,"THEFT F/AUTO","38.9072389288","-77.0158182859",142,251,393,1387,1317,2704,1068,928,1996
4802,"MOTOR VEHICLE THEFT","38.9064459456","-77.0175590245",142,251,393,1387,1317,2704,1068,928,1996
4802,"ASSAULT W/DANGEROUS WEAPON","38.9079045614","-77.0219175235",142,251,393,1387,1317,2704,1068,928,1996
4802,"THEFT F/AUTO","38.9078965567","-77.0156800781",142,251,393,1387,1317,2704,1068,928,1996
4802,"THEFT/OTHER","38.9056351942","-77.0175588249",142,251,393,1387,1317,2704,1068,928,1996
4802,"THEFT/OTHER","38.9078960751","-77.0189313883",142,251,393,1387,1317,2704,1068,928,1996
4802,"MOTOR VEHICLE THEFT","38.9045182119","-77.0172011533",142,251,393,1387,1317,2704,1068,928,1996
4802,"THEFT F/AUTO","38.9032294141","-77.02090156",142,251,393,1387,1317,2704,1068,928,1996
4802,"THEFT/OTHER","38.9048961324","-77.0199105558",142,251,393,1387,1317,2704,1068,928,1996
4802,"THEFT F/AUTO","38.9045182119","-77.0172011533",142,251,393,1387,1317,2704,1068,928,1996
7708,"THEFT/OTHER","38.882839177","-76.9620467902",116,167,283,972,588,1560,62,56,118
4802,"ASSAULT W/DANGEROUS WEAPON","38.906436201","-77.0219170723",142,251,393,1387,1317,2704,1068,928,1996
4802,"THEFT F/AUTO","38.9056351942","-77.0175588249",142,251,393,1387,1317,2704,1068,928,1996
4802,"THEFT F/AUTO","38.9032294141","-77.02090156",142,251,393,1387,1317,2704,1068,928,1996
4802,"THEFT F/AUTO","38.9079045614","-77.0219175235",142,251,393,1387,1317,2704,1068,928,1996
4802,"ASSAULT W/DANGEROUS WEAPON","38.9056351942","-77.0175588249",142,251,393,1387,1317,2704,1068,928,1996
4802,"MOTOR VEHICLE THEFT","38.9056351942","-77.0175588249",142,251,393,1387,1317,2704,1068,928,1996
4802,"THEFT F/AUTO","38.906040768","-77.0161869536",142,251,393,1387,1317,2704,1068,928,1996
4802,"MOTOR VEHICLE THEFT","38.9056444652","-77.0157141703",142,251,393,1387,1317,2704,1068,928,1996
4802,"THEFT F/AUTO","38.9078960751","-77.0189313883",142,251,393,1387,1317,2704,1068,928,1996
4802,"MOTOR VEHICLE THEFT","38.9079049206","-77.0199113957",142,251,393,1387,1317,2704,1068,928,1996
4802,"THEFT/OTHER","38.9056351942","-77.0175588249",142,251,393,1387,1317,2704,1068,928,1996
4802,"THEFT/OTHER","38.9056444652","-77.0157141703",142,251,393,1387,1317,2704,1068,928,1996
4802,"THEFT F/AUTO","38.9041572724","-77.0209133608",142,251,393,1387,1317,2704,1068,928,1996
4802,"THEFT F/AUTO","38.9064459456","-77.0175590245",142,251,393,1387,1317,2704,1068,928,1996
4802,"THEFT F/AUTO","38.9064365601","-77.0199109858",142,251,393,1387,1317,2704,1068,928,1996
4802,"THEFT/OTHER","38.9056351942","-77.0175588249",142,251,393,1387,1317,2704,1068,928,1996
4802,"THEFT F/AUTO","38.9032294141","-77.02090156",142,251,393,1387,1317,2704,1068,928,1996
4802,"ASSAULT W/DANGEROUS WEAPON","38.9078960751","-77.0189313883",142,251,393,1387,1317,2704,1068,928,1996
4802,"THEFT/OTHER","38.9056351942","-77.0175588249",142,251,393,1387,1317,2704,1068,928,1996
4802,"MOTOR VEHICLE THEFT","38.9067804607","-77.0206494174",142,251,393,1387,1317,2704,1068,928,1996
4802,"THEFT/OTHER","38.9045182119","-77.0172011533",142,251,393,1387,1317,2704,1068,928,1996
4802,"THEFT F/AUTO","38.9079049206","-77.0199113957",142,251,393,1387,1317,2704,1068,928,1996
4802,"THEFT F/AUTO","38.9064459456","-77.0175590245",142,251,393,1387,1317,2704,1068,928,1996
4802,"THEFT/OTHER","38.9072296718","-77.0175592174",142,251,393,1387,1317,2704,1068,928,1996
4802,"THEFT F/AUTO","38.9041572724","-77.0209133608",142,251,393,1387,1317,2704,1068,928,1996
4802,"THEFT/OTHER","38.9048961324","-77.0199105558",142,251,393,1387,1317,2704,1068,928,1996
4802,"THEFT/OTHER","38.9072296718","-77.0175592174",142,251,393,1387,1317,2704,1068,928,1996
4802,"THEFT/OTHER","38.9045182119","-77.0172011533",142,251,393,1387,1317,2704,1068,928,1996
4802,"THEFT/OTHER","38.9079049206","-77.0199113957",142,251,393,1387,1317,2704,1068,928,1996
4802,"THEFT/OTHER","38.9045182119","-77.0172011533",142,251,393,1387,1317,2704,1068,928,1996
4802,"MOTOR VEHICLE THEFT","38.9078960751","-77.0189313883",142,251,393,1387,1317,2704,1068,928,1996
4802,"THEFT F/AUTO","38.9064459456","-77.0175590245",142,251,393,1387,1317,2704,1068,928,1996
4802,"MOTOR VEHICLE THEFT","38.9072381277","-77.0209142641",142,251,393,1387,1317,2704,1068,928,1996
4802,"THEFT/OTHER","38.9068335042","-77.0161756042",142,251,393,1387,1317,2704,1068,928,1996
4802,"THEFT F/AUTO","38.9056351942","-77.0175588249",142,251,393,1387,1317,2704,1068,928,1996
4802,"THEFT/OTHER","38.9045182119","-77.0172011533",142,251,393,1387,1317,2704,1068,928,1996
4802,"THEFT F/AUTO","38.9067804607","-77.0206494174",142,251,393,1387,1317,2704,1068,928,1996
4901,"THEFT F/AUTO","38.9103818559","-77.0219182847",98,84,182,1253,1627,2880,943,1270,2213
4901,"THEFT/OTHER","38.9103814528","-77.0239706017",98,84,182,1253,1627,2880,943,1270,2213
4901,"THEFT F/AUTO","38.9085708789","-77.0234626917",98,84,182,1253,1627,2880,943,1270,2213
4901,"THEFT/OTHER","38.9117150902","-77.0219186944",98,84,182,1253,1627,2880,943,1270,2213
4901,"ASSAULT W/DANGEROUS WEAPON","38.9103818559","-77.0219182847",98,84,182,1253,1627,2880,943,1270,2213
4901,"THEFT F/AUTO","38.9140833293","-77.0265200797",98,84,182,1253,1627,2880,943,1270,2213
4901,"THEFT/OTHER","38.9133359754","-77.0249862654",98,84,182,1253,1627,2880,943,1270,2213
4901,"THEFT/OTHER","38.9103818559","-77.0219182847",98,84,182,1253,1627,2880,943,1270,2213
4901,"THEFT F/AUTO","38.9126063001","-77.0249860097",98,84,182,1253,1627,2880,943,1270,2213
4901,"THEFT/OTHER","38.9091026713","-77.0219178916",98,84,182,1253,1627,2880,943,1270,2213
4901,"ASSAULT W/DANGEROUS WEAPON","38.9129668462","-77.0239714706",98,84,182,1253,1627,2880,943,1270,2213
4901,"THEFT F/AUTO","38.9085706708","-77.0244772946",98,84,182,1253,1627,2880,943,1270,2213
4901,"BURGLARY","38.9103814528","-77.0239706017",98,84,182,1253,1627,2880,943,1270,2213
4901,"THEFT/OTHER","38.9085708789","-77.0234626917",98,84,182,1253,1627,2880,943,1270,2213
4901,"THEFT/OTHER","38.9117868569","-77.0234637497",98,84,182,1253,1627,2880,943,1270,2213
4901,"THEFT/OTHER","38.9096428718","-77.0234630444",98,84,182,1253,1627,2880,943,1270,2213
4901,"ASSAULT W/DANGEROUS WEAPON","38.9117868569","-77.0234637497",98,84,182,1253,1627,2880,943,1270,2213
4901,"THEFT/OTHER","38.9096428718","-77.0234630444",98,84,182,1253,1627,2880,943,1270,2213
4901,"THEFT/OTHER","38.9096426636","-77.0244776625",98,84,182,1253,1627,2880,943,1270,2213
4901,"THEFT/OTHER","38.9117150902","-77.0219186944",98,84,182,1253,1627,2880,943,1270,2213
4901,"THEFT/OTHER","38.9125969538","-77.026519527",98,84,182,1253,1627,2880,943,1270,2213
4901,"THEFT/OTHER","38.9100925165","-77.0270374379",98,84,182,1253,1627,2880,943,1270,2213
4901,"ROBBERY","38.9091026713","-77.0219178916",98,84,182,1253,1627,2880,943,1270,2213
4901,"THEFT/OTHER","38.9117868569","-77.0234637497",98,84,182,1253,1627,2880,943,1270,2213
4901,"THEFT/OTHER","38.9117150902","-77.0219186944",98,84,182,1253,1627,2880,943,1270,2213
4901,"ROBBERY","38.9096428718","-77.0234630444",98,84,182,1253,1627,2880,943,1270,2213
4901,"THEFT/OTHER","38.9103814528","-77.0239706017",98,84,182,1253,1627,2880,943,1270,2213
4901,"THEFT F/AUTO","38.9111204413","-77.0224373613",98,84,182,1253,1627,2880,943,1270,2213
4901,"BURGLARY","38.9100925165","-77.0270374379",98,84,182,1253,1627,2880,943,1270,2213
4901,"THEFT/OTHER","38.9085708789","-77.0234626917",98,84,182,1253,1627,2880,943,1270,2213
4901,"ROBBERY","38.9096426636","-77.0244776625",98,84,182,1253,1627,2880,943,1270,2213
4901,"THEFT/OTHER","38.9140833293","-77.0265200797",98,84,182,1253,1627,2880,943,1270,2213
4901,"THEFT/OTHER","38.9091022682","-77.0239701718",98,84,182,1253,1627,2880,943,1270,2213
4901,"THEFT/OTHER","38.9091026713","-77.0219178916",98,84,182,1253,1627,2880,943,1270,2213
4901,"THEFT/OTHER","38.9103814528","-77.0239706017",98,84,182,1253,1627,2880,943,1270,2213
4901,"THEFT F/AUTO","38.9103816589","-77.0229444432",98,84,182,1253,1627,2880,943,1270,2213
4901,"THEFT F/AUTO","38.9096426636","-77.0244776625",98,84,182,1253,1627,2880,943,1270,2213
4901,"THEFT/OTHER","38.9114082815","-77.0245589787",98,84,182,1253,1627,2880,943,1270,2213
4901,"THEFT/OTHER","38.9117868569","-77.0234637497",98,84,182,1253,1627,2880,943,1270,2213
4901,"THEFT F/AUTO","38.9103814528","-77.0239706017",98,84,182,1253,1627,2880,943,1270,2213
4901,"THEFT/OTHER","38.9103818559","-77.0219182847",98,84,182,1253,1627,2880,943,1270,2213
4901,"THEFT/OTHER","38.9114082815","-77.0245589787",98,84,182,1253,1627,2880,943,1270,2213
4901,"THEFT/OTHER","38.9114082815","-77.0245589787",98,84,182,1253,1627,2880,943,1270,2213
4901,"THEFT/OTHER","38.9091022682","-77.0239701718",98,84,182,1253,1627,2880,943,1270,2213
4901,"BURGLARY","38.9133455994","-77.0219191955",98,84,182,1253,1627,2880,943,1270,2213
4901,"THEFT/OTHER","38.9103816589","-77.0229444432",98,84,182,1253,1627,2880,943,1270,2213
4901,"THEFT/OTHER","38.9103814528","-77.0239706017",98,84,182,1253,1627,2880,943,1270,2213
4901,"THEFT F/AUTO","38.9103814528","-77.0239706017",98,84,182,1253,1627,2880,943,1270,2213
4901,"THEFT/OTHER","38.9085704538","-77.0254918974",98,84,182,1253,1627,2880,943,1270,2213
4901,"THEFT/OTHER","38.9103816589","-77.0229444432",98,84,182,1253,1627,2880,943,1270,2213
4901,"THEFT/OTHER","38.9103818559","-77.0219182847",98,84,182,1253,1627,2880,943,1270,2213
4901,"MOTOR VEHICLE THEFT","38.9091022682","-77.0239701718",98,84,182,1253,1627,2880,943,1270,2213
4901,"THEFT/OTHER","38.9103818559","-77.0219182847",98,84,182,1253,1627,2880,943,1270,2213
4901,"THEFT/OTHER","38.9126063001","-77.0249860097",98,84,182,1253,1627,2880,943,1270,2213
4901,"ROBBERY","38.9137055298","-77.0239717189",98,84,182,1253,1627,2880,943,1270,2213
4901,"THEFT/OTHER","38.9096428718","-77.0234630444",98,84,182,1253,1627,2880,943,1270,2213
4901,"THEFT/OTHER","38.9091026713","-77.0219178916",98,84,182,1253,1627,2880,943,1270,2213
4901,"THEFT/OTHER","38.9103818559","-77.0219182847",98,84,182,1253,1627,2880,943,1270,2213
4901,"THEFT/OTHER","38.9103818559","-77.0219182847",98,84,182,1253,1627,2880,943,1270,2213
4901,"THEFT/OTHER","38.9091022682","-77.0239701718",98,84,182,1253,1627,2880,943,1270,2213
4901,"THEFT/OTHER","38.9102729188","-77.0259998194",98,84,182,1253,1627,2880,943,1270,2213
4901,"THEFT/OTHER","38.9140833293","-77.0265200797",98,84,182,1253,1627,2880,943,1270,2213
4901,"THEFT/OTHER","38.9096428718","-77.0234630444",98,84,182,1253,1627,2880,943,1270,2213
4901,"THEFT F/AUTO","38.9091015988","-77.0270370623",98,84,182,1253,1627,2880,943,1270,2213
4901,"THEFT/OTHER","38.9091022682","-77.0239701718",98,84,182,1253,1627,2880,943,1270,2213
4901,"THEFT/OTHER","38.9126063001","-77.0249860097",98,84,182,1253,1627,2880,943,1270,2213
4901,"THEFT/OTHER","38.9117150902","-77.0219186944",98,84,182,1253,1627,2880,943,1270,2213
4901,"THEFT F/AUTO","38.9102729188","-77.0259998194",98,84,182,1253,1627,2880,943,1270,2213
4901,"THEFT F/AUTO","38.9117868569","-77.0234637497",98,84,182,1253,1627,2880,943,1270,2213
4901,"THEFT/OTHER","38.9091015988","-77.0270370623",98,84,182,1253,1627,2880,943,1270,2213
4901,"BURGLARY","38.9091022682","-77.0239701718",98,84,182,1253,1627,2880,943,1270,2213
4901,"THEFT F/AUTO","38.9085708789","-77.0234626917",98,84,182,1253,1627,2880,943,1270,2213
4901,"ASSAULT W/DANGEROUS WEAPON","38.9126063001","-77.0249860097",98,84,182,1253,1627,2880,943,1270,2213
4901,"BURGLARY","38.9085708789","-77.0234626917",98,84,182,1253,1627,2880,943,1270,2213
4901,"THEFT/OTHER","38.9091026713","-77.0219178916",98,84,182,1253,1627,2880,943,1270,2213
4901,"THEFT/OTHER","38.9131373351","-77.0270385922",98,84,182,1253,1627,2880,943,1270,2213
4901,"THEFT F/AUTO","38.9131373351","-77.0270385922",98,84,182,1253,1627,2880,943,1270,2213
4901,"THEFT F/AUTO","38.9140836673","-77.0249865273",98,84,182,1253,1627,2880,943,1270,2213
4901,"THEFT/OTHER","38.9091026713","-77.0219178916",98,84,182,1253,1627,2880,943,1270,2213
4901,"THEFT/OTHER","38.9117150902","-77.0219186944",98,84,182,1253,1627,2880,943,1270,2213
4901,"THEFT/OTHER","38.9126063001","-77.0249860097",98,84,182,1253,1627,2880,943,1270,2213
4901,"THEFT F/AUTO","38.9106240564","-77.026830101",98,84,182,1253,1627,2880,943,1270,2213
4901,"THEFT/OTHER","38.9091026713","-77.0219178916",98,84,182,1253,1627,2880,943,1270,2213
4901,"THEFT/OTHER","38.9096428718","-77.0234630444",98,84,182,1253,1627,2880,943,1270,2213
4901,"THEFT F/AUTO","38.9103814528","-77.0239706017",98,84,182,1253,1627,2880,943,1270,2213
4901,"THEFT F/AUTO","38.9091015988","-77.0270370623",98,84,182,1253,1627,2880,943,1270,2213
4901,"THEFT/OTHER","38.9117868569","-77.0234637497",98,84,182,1253,1627,2880,943,1270,2213
4901,"MOTOR VEHICLE THEFT","38.9091026713","-77.0219178916",98,84,182,1253,1627,2880,943,1270,2213
4901,"SEX ABUSE","38.9085708789","-77.0234626917",98,84,182,1253,1627,2880,943,1270,2213
4901,"THEFT/OTHER","38.9129668462","-77.0239714706",98,84,182,1253,1627,2880,943,1270,2213
4901,"ROBBERY","38.9140833293","-77.0265200797",98,84,182,1253,1627,2880,943,1270,2213
4901,"THEFT/OTHER","38.9103814528","-77.0239706017",98,84,182,1253,1627,2880,943,1270,2213
4901,"THEFT/OTHER","38.9096430733","-77.0224368965",98,84,182,1253,1627,2880,943,1270,2213
4901,"THEFT/OTHER","38.9133455994","-77.0219191955",98,84,182,1253,1627,2880,943,1270,2213
4901,"MOTOR VEHICLE THEFT","38.9091022682","-77.0239701718",98,84,182,1253,1627,2880,943,1270,2213
4901,"THEFT F/AUTO","38.9103816589","-77.0229444432",98,84,182,1253,1627,2880,943,1270,2213
4901,"THEFT F/AUTO","38.9103814528","-77.0239706017",98,84,182,1253,1627,2880,943,1270,2213
4901,"THEFT/OTHER","38.9091015988","-77.0270370623",98,84,182,1253,1627,2880,943,1270,2213
4901,"THEFT/OTHER","38.9091015988","-77.0270370623",98,84,182,1253,1627,2880,943,1270,2213
4901,"THEFT/OTHER","38.9138760187","-77.0270388722",98,84,182,1253,1627,2880,943,1270,2213
4901,"THEFT F/AUTO","38.9133455994","-77.0219191955",98,84,182,1253,1627,2880,943,1270,2213
4901,"THEFT/OTHER","38.9117150902","-77.0219186944",98,84,182,1253,1627,2880,943,1270,2213
4901,"THEFT/OTHER","38.9133455994","-77.0219191955",98,84,182,1253,1627,2880,943,1270,2213
4901,"THEFT/OTHER","38.9091015988","-77.0270370623",98,84,182,1253,1627,2880,943,1270,2213
4901,"BURGLARY","38.9140833293","-77.0265200797",98,84,182,1253,1627,2880,943,1270,2213
4901,"THEFT/OTHER","38.9096428718","-77.0234630444",98,84,182,1253,1627,2880,943,1270,2213
4901,"THEFT/OTHER","38.9133455994","-77.0219191955",98,84,182,1253,1627,2880,943,1270,2213
4901,"THEFT/OTHER","38.9103818559","-77.0219182847",98,84,182,1253,1627,2880,943,1270,2213
4901,"THEFT/OTHER","38.9103814528","-77.0239706017",98,84,182,1253,1627,2880,943,1270,2213
4901,"THEFT/OTHER","38.9096428718","-77.0234630444",98,84,182,1253,1627,2880,943,1270,2213
4901,"BURGLARY","38.9103814528","-77.0239706017",98,84,182,1253,1627,2880,943,1270,2213
4901,"THEFT F/AUTO","38.9117868569","-77.0234637497",98,84,182,1253,1627,2880,943,1270,2213
4901,"THEFT/OTHER","38.9114082815","-77.0245589787",98,84,182,1253,1627,2880,943,1270,2213
4901,"THEFT/OTHER","38.9096426636","-77.0244776625",98,84,182,1253,1627,2880,943,1270,2213
4901,"THEFT/OTHER","38.9096430733","-77.0224368965",98,84,182,1253,1627,2880,943,1270,2213
4901,"THEFT F/AUTO","38.9125969538","-77.026519527",98,84,182,1253,1627,2880,943,1270,2213
4901,"THEFT/OTHER","38.9091015988","-77.0270370623",98,84,182,1253,1627,2880,943,1270,2213
4901,"THEFT/OTHER","38.9085708789","-77.0234626917",98,84,182,1253,1627,2880,943,1270,2213
4901,"THEFT F/AUTO","38.9126063001","-77.0249860097",98,84,182,1253,1627,2880,943,1270,2213
4901,"THEFT/OTHER","38.9133455994","-77.0219191955",98,84,182,1253,1627,2880,943,1270,2213
4901,"THEFT/OTHER","38.9085708789","-77.0234626917",98,84,182,1253,1627,2880,943,1270,2213
4901,"THEFT/OTHER","38.9096428718","-77.0234630444",98,84,182,1253,1627,2880,943,1270,2213
4901,"THEFT/OTHER","38.9085708789","-77.0234626917",98,84,182,1253,1627,2880,943,1270,2213
4901,"MOTOR VEHICLE THEFT","38.9117150902","-77.0219186944",98,84,182,1253,1627,2880,943,1270,2213
4901,"THEFT F/AUTO","38.9137055298","-77.0239717189",98,84,182,1253,1627,2880,943,1270,2213
4901,"THEFT/OTHER","38.9117868569","-77.0234637497",98,84,182,1253,1627,2880,943,1270,2213
4901,"THEFT F/AUTO","38.9137055298","-77.0239717189",98,84,182,1253,1627,2880,943,1270,2213
4901,"THEFT/OTHER","38.9091018369","-77.0259878629",98,84,182,1253,1627,2880,943,1270,2213
4901,"MOTOR VEHICLE THEFT","38.9103818559","-77.0219182847",98,84,182,1253,1627,2880,943,1270,2213
4901,"THEFT F/AUTO","38.9103814528","-77.0239706017",98,84,182,1253,1627,2880,943,1270,2213
4901,"THEFT F/AUTO","38.9103814528","-77.0239706017",98,84,182,1253,1627,2880,943,1270,2213
4901,"THEFT F/AUTO","38.9091018369","-77.0259878629",98,84,182,1253,1627,2880,943,1270,2213
4901,"THEFT F/AUTO","38.9103814528","-77.0239706017",98,84,182,1253,1627,2880,943,1270,2213
4901,"THEFT/OTHER","38.9102729188","-77.0259998194",98,84,182,1253,1627,2880,943,1270,2213
4901,"THEFT/OTHER","38.9103816589","-77.0229444432",98,84,182,1253,1627,2880,943,1270,2213
4901,"THEFT F/AUTO","38.9103814528","-77.0239706017",98,84,182,1253,1627,2880,943,1270,2213
4901,"THEFT/OTHER","38.9096430733","-77.0224368965",98,84,182,1253,1627,2880,943,1270,2213
4901,"THEFT/OTHER","38.9140836673","-77.0249865273",98,84,182,1253,1627,2880,943,1270,2213
4901,"SEX ABUSE","38.9091022682","-77.0239701718",98,84,182,1253,1627,2880,943,1270,2213
4901,"THEFT/OTHER","38.9091026713","-77.0219178916",98,84,182,1253,1627,2880,943,1270,2213
4901,"THEFT/OTHER","38.9085708789","-77.0234626917",98,84,182,1253,1627,2880,943,1270,2213
4901,"THEFT/OTHER","38.9103818559","-77.0219182847",98,84,182,1253,1627,2880,943,1270,2213
4901,"THEFT/OTHER","38.9117150902","-77.0219186944",98,84,182,1253,1627,2880,943,1270,2213
4901,"THEFT/OTHER","38.9096430733","-77.0224368965",98,84,182,1253,1627,2880,943,1270,2213
4901,"THEFT/OTHER","38.9096428718","-77.0234630444",98,84,182,1253,1627,2880,943,1270,2213
4901,"MOTOR VEHICLE THEFT","38.9085708789","-77.0234626917",98,84,182,1253,1627,2880,943,1270,2213
4901,"BURGLARY","38.9085706708","-77.0244772946",98,84,182,1253,1627,2880,943,1270,2213
4901,"ASSAULT W/DANGEROUS WEAPON","38.9129668462","-77.0239714706",98,84,182,1253,1627,2880,943,1270,2213
4901,"THEFT/OTHER","38.9126063001","-77.0249860097",98,84,182,1253,1627,2880,943,1270,2213
4901,"THEFT/OTHER","38.9091015988","-77.0270370623",98,84,182,1253,1627,2880,943,1270,2213
4901,"THEFT F/AUTO","38.9129668462","-77.0239714706",98,84,182,1253,1627,2880,943,1270,2213
4901,"THEFT/OTHER","38.9115347264","-77.0229448141",98,84,182,1253,1627,2880,943,1270,2213
4901,"THEFT/OTHER","38.9091026713","-77.0219178916",98,84,182,1253,1627,2880,943,1270,2213
4901,"THEFT F/AUTO","38.9096428718","-77.0234630444",98,84,182,1253,1627,2880,943,1270,2213
4901,"MOTOR VEHICLE THEFT","38.9133455994","-77.0219191955",98,84,182,1253,1627,2880,943,1270,2213
4901,"THEFT/OTHER","38.9117150902","-77.0219186944",98,84,182,1253,1627,2880,943,1270,2213
4902,"THEFT/OTHER","38.9049039473","-77.0259863335",95,30,125,1610,1528,3138,1348,1149,2497
4902,"THEFT/OTHER","38.9064357956","-77.0239808049",95,30,125,1610,1528,3138,1348,1149,2497
4902,"THEFT/OTHER","38.9064357956","-77.0239808049",95,30,125,1610,1528,3138,1348,1149,2497
4902,"THEFT/OTHER","38.9049037066","-77.0270470001",95,30,125,1610,1528,3138,1348,1149,2497
4902,"MOTOR VEHICLE THEFT","38.9079041584","-77.0239697691",95,30,125,1610,1528,3138,1348,1149,2497
4902,"THEFT/OTHER","38.9056428483","-77.0249950996",95,30,125,1610,1528,3138,1348,1149,2497
4902,"THEFT F/AUTO","38.904156468","-77.0250061076",95,30,125,1610,1528,3138,1348,1149,2497
4902,"THEFT/OTHER","38.904156468","-77.0250061076",95,30,125,1610,1528,3138,1348,1149,2497
4902,"THEFT/OTHER","38.9049039473","-77.0259863335",95,30,125,1610,1528,3138,1348,1149,2497
4902,"THEFT F/AUTO","38.904156468","-77.0250061076",95,30,125,1610,1528,3138,1348,1149,2497
4902,"THEFT/OTHER","38.9056428483","-77.0249950996",95,30,125,1610,1528,3138,1348,1149,2497
4902,"THEFT/OTHER","38.904156468","-77.0250061076",95,30,125,1610,1528,3138,1348,1149,2497
4902,"THEFT/OTHER","38.9049037066","-77.0270470001",95,30,125,1610,1528,3138,1348,1149,2497
4902,"THEFT/OTHER","38.9049039473","-77.0259863335",95,30,125,1610,1528,3138,1348,1149,2497
4902,"THEFT/OTHER","38.9049039473","-77.0259863335",95,30,125,1610,1528,3138,1348,1149,2497
4902,"THEFT/OTHER","38.9049039473","-77.0259863335",95,30,125,1610,1528,3138,1348,1149,2497
4902,"BURGLARY","38.9049043692","-77.024014877",95,30,125,1610,1528,3138,1348,1149,2497
4902,"THEFT/OTHER","38.904156468","-77.0250061076",95,30,125,1610,1528,3138,1348,1149,2497
4902,"ROBBERY","38.9072376438","-77.0234622532",95,30,125,1610,1528,3138,1348,1149,2497
4902,"THEFT/OTHER","38.9064357956","-77.0239808049",95,30,125,1610,1528,3138,1348,1149,2497
4902,"THEFT/OTHER","38.9049039473","-77.0259863335",95,30,125,1610,1528,3138,1348,1149,2497
4902,"THEFT F/AUTO","38.9079041584","-77.0239697691",95,30,125,1610,1528,3138,1348,1149,2497
4902,"THEFT/OTHER","38.907903489","-77.0270366081",95,30,125,1610,1528,3138,1348,1149,2497
4902,"THEFT/OTHER","38.9049037066","-77.0270470001",95,30,125,1610,1528,3138,1348,1149,2497
4902,"THEFT/OTHER","38.9079041584","-77.0239697691",95,30,125,1610,1528,3138,1348,1149,2497
4902,"THEFT/OTHER","38.9049039473","-77.0259863335",95,30,125,1610,1528,3138,1348,1149,2497
4902,"THEFT/OTHER","38.9049039473","-77.0259863335",95,30,125,1610,1528,3138,1348,1149,2497
4902,"ASSAULT W/DANGEROUS WEAPON","38.9078953561","-77.0229436434",95,30,125,1610,1528,3138,1348,1149,2497
4902,"THEFT/OTHER","38.9049039473","-77.0259863335",95,30,125,1610,1528,3138,1348,1149,2497
4902,"THEFT F/AUTO","38.904156468","-77.0250061076",95,30,125,1610,1528,3138,1348,1149,2497
4902,"THEFT/OTHER","38.9049039473","-77.0259863335",95,30,125,1610,1528,3138,1348,1149,2497
4902,"THEFT/OTHER","38.9064357956","-77.0239808049",95,30,125,1610,1528,3138,1348,1149,2497
4902,"THEFT F/AUTO","38.9064353666","-77.0259868914",95,30,125,1610,1528,3138,1348,1149,2497
4902,"THEFT/OTHER","38.9049039473","-77.0259863335",95,30,125,1610,1528,3138,1348,1149,2497
4902,"THEFT/OTHER","38.9049037066","-77.0270470001",95,30,125,1610,1528,3138,1348,1149,2497
4902,"MOTOR VEHICLE THEFT","38.9056428483","-77.0249950996",95,30,125,1610,1528,3138,1348,1149,2497
4902,"THEFT/OTHER","38.9064353666","-77.0259868914",95,30,125,1610,1528,3138,1348,1149,2497
4902,"THEFT/OTHER","38.9049039473","-77.0259863335",95,30,125,1610,1528,3138,1348,1149,2497
4902,"BURGLARY","38.9064357956","-77.0239808049",95,30,125,1610,1528,3138,1348,1149,2497
4902,"THEFT/OTHER","38.9049039473","-77.0259863335",95,30,125,1610,1528,3138,1348,1149,2497
4902,"THEFT/OTHER","38.9049039473","-77.0259863335",95,30,125,1610,1528,3138,1348,1149,2497
4902,"THEFT F/AUTO","38.9072376438","-77.0234622532",95,30,125,1610,1528,3138,1348,1149,2497
4902,"THEFT/OTHER","38.9072373283","-77.024984129",95,30,125,1610,1528,3138,1348,1149,2497
4902,"THEFT/OTHER","38.9049039473","-77.0259863335",95,30,125,1610,1528,3138,1348,1149,2497
4902,"THEFT F/AUTO","38.9056428483","-77.0249950996",95,30,125,1610,1528,3138,1348,1149,2497
4902,"THEFT/OTHER","38.9049039473","-77.0259863335",95,30,125,1610,1528,3138,1348,1149,2497
4902,"THEFT/OTHER","38.9049039473","-77.0259863335",95,30,125,1610,1528,3138,1348,1149,2497
4902,"THEFT F/AUTO","38.9064357956","-77.0239808049",95,30,125,1610,1528,3138,1348,1149,2497
4902,"ASSAULT W/DANGEROUS WEAPON","38.9072373283","-77.024984129",95,30,125,1610,1528,3138,1348,1149,2497
4902,"THEFT/OTHER","38.9064353666","-77.0259868914",95,30,125,1610,1528,3138,1348,1149,2497
4902,"THEFT/OTHER","38.9041651434","-77.0265163922",95,30,125,1610,1528,3138,1348,1149,2497
4902,"BURGLARY","38.9049039473","-77.0259863335",95,30,125,1610,1528,3138,1348,1149,2497
4902,"THEFT/OTHER","38.9049037066","-77.0270470001",95,30,125,1610,1528,3138,1348,1149,2497
4902,"BURGLARY","38.9072373283","-77.024984129",95,30,125,1610,1528,3138,1348,1149,2497
4902,"THEFT/OTHER","38.9056425128","-77.0265169414",95,30,125,1610,1528,3138,1348,1149,2497
4902,"THEFT/OTHER","38.9049037066","-77.0270470001",95,30,125,1610,1528,3138,1348,1149,2497
4902,"THEFT/OTHER","38.9049037066","-77.0270470001",95,30,125,1610,1528,3138,1348,1149,2497
4902,"THEFT/OTHER","38.9064357956","-77.0239808049",95,30,125,1610,1528,3138,1348,1149,2497
4902,"THEFT/OTHER","38.9049039473","-77.0259863335",95,30,125,1610,1528,3138,1348,1149,2497
4902,"THEFT/OTHER","38.9064353666","-77.0259868914",95,30,125,1610,1528,3138,1348,1149,2497
4902,"THEFT/OTHER","38.9049039473","-77.0259863335",95,30,125,1610,1528,3138,1348,1149,2497
4902,"THEFT/OTHER","38.907903489","-77.0270366081",95,30,125,1610,1528,3138,1348,1149,2497
4902,"THEFT/OTHER","38.9049039473","-77.0259863335",95,30,125,1610,1528,3138,1348,1149,2497
4902,"ASSAULT W/DANGEROUS WEAPON","38.9079041584","-77.0239697691",95,30,125,1610,1528,3138,1348,1149,2497
4902,"THEFT/OTHER","38.9064351259","-77.0270475808",95,30,125,1610,1528,3138,1348,1149,2497
4902,"THEFT/OTHER","38.9072376438","-77.0234622532",95,30,125,1610,1528,3138,1348,1149,2497
4902,"MOTOR VEHICLE THEFT","38.9064351259","-77.0270475808",95,30,125,1610,1528,3138,1348,1149,2497
4902,"THEFT/OTHER","38.904156468","-77.0250061076",95,30,125,1610,1528,3138,1348,1149,2497
4902,"THEFT F/AUTO","38.9049043692","-77.024014877",95,30,125,1610,1528,3138,1348,1149,2497
4902,"THEFT/OTHER","38.9049039473","-77.0259863335",95,30,125,1610,1528,3138,1348,1149,2497
4902,"THEFT/OTHER","38.9049037066","-77.0270470001",95,30,125,1610,1528,3138,1348,1149,2497
4902,"THEFT/OTHER","38.9049039473","-77.0259863335",95,30,125,1610,1528,3138,1348,1149,2497
4902,"THEFT F/AUTO","38.9049037066","-77.0270470001",95,30,125,1610,1528,3138,1348,1149,2497
4902,"THEFT F/AUTO","38.9079041584","-77.0239697691",95,30,125,1610,1528,3138,1348,1149,2497
4902,"THEFT/OTHER","38.9064357956","-77.0239808049",95,30,125,1610,1528,3138,1348,1149,2497
4902,"THEFT F/AUTO","38.904156468","-77.0250061076",95,30,125,1610,1528,3138,1348,1149,2497
4902,"MOTOR VEHICLE THEFT","38.9078953561","-77.0229436434",95,30,125,1610,1528,3138,1348,1149,2497
4902,"SEX ABUSE","38.9072373283","-77.024984129",95,30,125,1610,1528,3138,1348,1149,2497
4902,"THEFT/OTHER","38.9068458252","-77.024985606",95,30,125,1610,1528,3138,1348,1149,2497
4902,"THEFT/OTHER","38.9072373283","-77.024984129",95,30,125,1610,1528,3138,1348,1149,2497
4902,"ASSAULT W/DANGEROUS WEAPON","38.9072369903","-77.0265175341",95,30,125,1610,1528,3138,1348,1149,2497
4902,"THEFT F/AUTO","38.9056428483","-77.0249950996",95,30,125,1610,1528,3138,1348,1149,2497
4902,"MOTOR VEHICLE THEFT","38.9085702254","-77.0265180298",95,30,125,1610,1528,3138,1348,1149,2497
4902,"THEFT/OTHER","38.9085706708","-77.0244772946",95,30,125,1610,1528,3138,1348,1149,2497
4902,"THEFT/OTHER","38.9056428483","-77.0249950996",95,30,125,1610,1528,3138,1348,1149,2497
4902,"THEFT/OTHER","38.9064357956","-77.0239808049",95,30,125,1610,1528,3138,1348,1149,2497
4902,"THEFT/OTHER","38.9049039473","-77.0259863335",95,30,125,1610,1528,3138,1348,1149,2497
4902,"THEFT/OTHER","38.9049039473","-77.0259863335",95,30,125,1610,1528,3138,1348,1149,2497
4902,"THEFT/OTHER","38.9049039473","-77.0259863335",95,30,125,1610,1528,3138,1348,1149,2497
4902,"THEFT/OTHER","38.9049039473","-77.0259863335",95,30,125,1610,1528,3138,1348,1149,2497
4902,"THEFT/OTHER","38.9049039473","-77.0259863335",95,30,125,1610,1528,3138,1348,1149,2497
4902,"THEFT/OTHER","38.9049039473","-77.0259863335",95,30,125,1610,1528,3138,1348,1149,2497
4902,"THEFT/OTHER","38.9049039473","-77.0259863335",95,30,125,1610,1528,3138,1348,1149,2497
4902,"THEFT/OTHER","38.9049039473","-77.0259863335",95,30,125,1610,1528,3138,1348,1149,2497
4902,"THEFT/OTHER","38.9049039473","-77.0259863335",95,30,125,1610,1528,3138,1348,1149,2497
4902,"ASSAULT W/DANGEROUS WEAPON","38.9079045614","-77.0219175235",95,30,125,1610,1528,3138,1348,1149,2497
4902,"ROBBERY","38.9079037271","-77.0259874264",95,30,125,1610,1528,3138,1348,1149,2497
4902,"THEFT F/AUTO","38.9085620721","-77.0224365565",95,30,125,1610,1528,3138,1348,1149,2497
4902,"THEFT/OTHER","38.9064357956","-77.0239808049",95,30,125,1610,1528,3138,1348,1149,2497
4902,"THEFT F/AUTO","38.907228837","-77.0224361371",95,30,125,1610,1528,3138,1348,1149,2497
4902,"MOTOR VEHICLE THEFT","38.9085706708","-77.0244772946",95,30,125,1610,1528,3138,1348,1149,2497
4902,"ROBBERY","38.9072373283","-77.024984129",95,30,125,1610,1528,3138,1348,1149,2497
4902,"THEFT/OTHER","38.9049039473","-77.0259863335",95,30,125,1610,1528,3138,1348,1149,2497
4902,"ROBBERY","38.9079041584","-77.0239697691",95,30,125,1610,1528,3138,1348,1149,2497
4902,"THEFT/OTHER","38.9049039473","-77.0259863335",95,30,125,1610,1528,3138,1348,1149,2497
4902,"THEFT/OTHER","38.9049039473","-77.0259863335",95,30,125,1610,1528,3138,1348,1149,2497
4902,"THEFT F/AUTO","38.9064357956","-77.0239808049",95,30,125,1610,1528,3138,1348,1149,2497
4902,"MOTOR VEHICLE THEFT","38.9079041584","-77.0239697691",95,30,125,1610,1528,3138,1348,1149,2497
4902,"THEFT/OTHER","38.9049039473","-77.0259863335",95,30,125,1610,1528,3138,1348,1149,2497
4902,"THEFT/OTHER","38.9078953561","-77.0229436434",95,30,125,1610,1528,3138,1348,1149,2497
4902,"THEFT F/AUTO","38.9049043692","-77.024014877",95,30,125,1610,1528,3138,1348,1149,2497
4902,"THEFT/OTHER","38.9049039473","-77.0259863335",95,30,125,1610,1528,3138,1348,1149,2497
4902,"THEFT/OTHER","38.9079041584","-77.0239697691",95,30,125,1610,1528,3138,1348,1149,2497
4902,"THEFT/OTHER","38.9049039473","-77.0259863335",95,30,125,1610,1528,3138,1348,1149,2497
4902,"BURGLARY","38.9056428483","-77.0249950996",95,30,125,1610,1528,3138,1348,1149,2497
4902,"THEFT/OTHER","38.9049039473","-77.0259863335",95,30,125,1610,1528,3138,1348,1149,2497
4902,"THEFT/OTHER","38.9079041584","-77.0239697691",95,30,125,1610,1528,3138,1348,1149,2497
4902,"THEFT F/AUTO","38.9072376438","-77.0234622532",95,30,125,1610,1528,3138,1348,1149,2497
4902,"MOTOR VEHICLE THEFT","38.9078953561","-77.0229436434",95,30,125,1610,1528,3138,1348,1149,2497
4902,"THEFT/OTHER","38.9049039473","-77.0259863335",95,30,125,1610,1528,3138,1348,1149,2497
4902,"THEFT/OTHER","38.9064353666","-77.0259868914",95,30,125,1610,1528,3138,1348,1149,2497
4902,"THEFT/OTHER","38.9049039473","-77.0259863335",95,30,125,1610,1528,3138,1348,1149,2497
4902,"THEFT/OTHER","38.9081166344","-77.024977404",95,30,125,1610,1528,3138,1348,1149,2497
4902,"THEFT/OTHER","38.9049039473","-77.0259863335",95,30,125,1610,1528,3138,1348,1149,2497
4902,"THEFT/OTHER","38.9049039473","-77.0259863335",95,30,125,1610,1528,3138,1348,1149,2497
4902,"MOTOR VEHICLE THEFT","38.9072373283","-77.024984129",95,30,125,1610,1528,3138,1348,1149,2497
4902,"THEFT F/AUTO","38.9079045614","-77.0219175235",95,30,125,1610,1528,3138,1348,1149,2497
4902,"THEFT/OTHER","38.9049039473","-77.0259863335",95,30,125,1610,1528,3138,1348,1149,2497
4902,"THEFT/OTHER","38.9032376112","-77.0250288429",95,30,125,1610,1528,3138,1348,1149,2497
4902,"THEFT/OTHER","38.9049039473","-77.0259863335",95,30,125,1610,1528,3138,1348,1149,2497
4902,"THEFT/OTHER","38.9049039473","-77.0259863335",95,30,125,1610,1528,3138,1348,1149,2497
4902,"THEFT F/AUTO","38.904156468","-77.0250061076",95,30,125,1610,1528,3138,1348,1149,2497
4902,"THEFT/OTHER","38.9079041584","-77.0239697691",95,30,125,1610,1528,3138,1348,1149,2497
4902,"THEFT/OTHER","38.904156468","-77.0250061076",95,30,125,1610,1528,3138,1348,1149,2497
4902,"THEFT/OTHER","38.9049039473","-77.0259863335",95,30,125,1610,1528,3138,1348,1149,2497
4902,"THEFT/OTHER","38.9049039473","-77.0259863335",95,30,125,1610,1528,3138,1348,1149,2497
4902,"THEFT/OTHER","38.9049039473","-77.0259863335",95,30,125,1610,1528,3138,1348,1149,2497
4902,"THEFT F/AUTO","38.9079041584","-77.0239697691",95,30,125,1610,1528,3138,1348,1149,2497
4902,"MOTOR VEHICLE THEFT","38.9064357956","-77.0239808049",95,30,125,1610,1528,3138,1348,1149,2497
4902,"THEFT/OTHER","38.9049039473","-77.0259863335",95,30,125,1610,1528,3138,1348,1149,2497
4902,"THEFT/OTHER","38.9049039473","-77.0259863335",95,30,125,1610,1528,3138,1348,1149,2497
4902,"THEFT/OTHER","38.9049037066","-77.0270470001",95,30,125,1610,1528,3138,1348,1149,2497
4902,"THEFT/OTHER","38.907228837","-77.0224361371",95,30,125,1610,1528,3138,1348,1149,2497
4902,"THEFT F/AUTO","38.9064353666","-77.0259868914",95,30,125,1610,1528,3138,1348,1149,2497
4902,"THEFT/OTHER","38.9049037066","-77.0270470001",95,30,125,1610,1528,3138,1348,1149,2497
4902,"THEFT/OTHER","38.9049039473","-77.0259863335",95,30,125,1610,1528,3138,1348,1149,2497
4902,"THEFT/OTHER","38.9064351259","-77.0270475808",95,30,125,1610,1528,3138,1348,1149,2497
4902,"THEFT/OTHER","38.9049039473","-77.0259863335",95,30,125,1610,1528,3138,1348,1149,2497
4902,"THEFT/OTHER","38.904156468","-77.0250061076",95,30,125,1610,1528,3138,1348,1149,2497
4902,"THEFT/OTHER","38.904156468","-77.0250061076",95,30,125,1610,1528,3138,1348,1149,2497
4902,"THEFT/OTHER","38.9049039473","-77.0259863335",95,30,125,1610,1528,3138,1348,1149,2497
4902,"THEFT/OTHER","38.904156468","-77.0250061076",95,30,125,1610,1528,3138,1348,1149,2497
4902,"THEFT F/AUTO","38.9049039473","-77.0259863335",95,30,125,1610,1528,3138,1348,1149,2497
4902,"THEFT/OTHER","38.9049039473","-77.0259863335",95,30,125,1610,1528,3138,1348,1149,2497
4902,"THEFT/OTHER","38.9064357956","-77.0239808049",95,30,125,1610,1528,3138,1348,1149,2497
4902,"THEFT/OTHER","38.9049039473","-77.0259863335",95,30,125,1610,1528,3138,1348,1149,2497
4902,"MOTOR VEHICLE THEFT","38.9079041584","-77.0239697691",95,30,125,1610,1528,3138,1348,1149,2497
4902,"THEFT/OTHER","38.9049039473","-77.0259863335",95,30,125,1610,1528,3138,1348,1149,2497
4902,"ROBBERY","38.904156468","-77.0250061076",95,30,125,1610,1528,3138,1348,1149,2497
4902,"THEFT/OTHER","38.906436201","-77.0219170723",95,30,125,1610,1528,3138,1348,1149,2497
4902,"THEFT F/AUTO","38.9041651434","-77.0265163922",95,30,125,1610,1528,3138,1348,1149,2497
4902,"THEFT/OTHER","38.9068458252","-77.024985606",95,30,125,1610,1528,3138,1348,1149,2497
4902,"ASSAULT W/DANGEROUS WEAPON","38.9079045614","-77.0219175235",95,30,125,1610,1528,3138,1348,1149,2497
4902,"THEFT/OTHER","38.9049039473","-77.0259863335",95,30,125,1610,1528,3138,1348,1149,2497
4902,"THEFT/OTHER","38.9049039473","-77.0259863335",95,30,125,1610,1528,3138,1348,1149,2497
4902,"THEFT F/AUTO","38.9056428483","-77.0249950996",95,30,125,1610,1528,3138,1348,1149,2497
4902,"MOTOR VEHICLE THEFT","38.9056425128","-77.0265169414",95,30,125,1610,1528,3138,1348,1149,2497
4902,"THEFT/OTHER","38.9041651434","-77.0265163922",95,30,125,1610,1528,3138,1348,1149,2497
4902,"THEFT/OTHER","38.9049039473","-77.0259863335",95,30,125,1610,1528,3138,1348,1149,2497
4902,"THEFT/OTHER","38.9049039473","-77.0259863335",95,30,125,1610,1528,3138,1348,1149,2497
4902,"THEFT/OTHER","38.9072369903","-77.0265175341",95,30,125,1610,1528,3138,1348,1149,2497
4902,"THEFT/OTHER","38.9049039473","-77.0259863335",95,30,125,1610,1528,3138,1348,1149,2497
4902,"THEFT F/AUTO","38.9049039473","-77.0259863335",95,30,125,1610,1528,3138,1348,1149,2497
4902,"THEFT/OTHER","38.9085620721","-77.0224365565",95,30,125,1610,1528,3138,1348,1149,2497
4902,"THEFT F/AUTO","38.905643267","-77.0229544481",95,30,125,1610,1528,3138,1348,1149,2497
4902,"MOTOR VEHICLE THEFT","38.906436201","-77.0219170723",95,30,125,1610,1528,3138,1348,1149,2497
4902,"THEFT/OTHER","38.9049039473","-77.0259863335",95,30,125,1610,1528,3138,1348,1149,2497
4902,"THEFT F/AUTO","38.907228837","-77.0224361371",95,30,125,1610,1528,3138,1348,1149,2497
4902,"THEFT/OTHER","38.9072373283","-77.024984129",95,30,125,1610,1528,3138,1348,1149,2497
4902,"THEFT F/AUTO","38.9049037066","-77.0270470001",95,30,125,1610,1528,3138,1348,1149,2497
4902,"THEFT/OTHER","38.9049039473","-77.0259863335",95,30,125,1610,1528,3138,1348,1149,2497
4902,"THEFT/OTHER","38.9049039473","-77.0259863335",95,30,125,1610,1528,3138,1348,1149,2497
4902,"THEFT/OTHER","38.904156468","-77.0250061076",95,30,125,1610,1528,3138,1348,1149,2497
4902,"THEFT/OTHER","38.9064357956","-77.0239808049",95,30,125,1610,1528,3138,1348,1149,2497
4902,"THEFT/OTHER","38.9049039473","-77.0259863335",95,30,125,1610,1528,3138,1348,1149,2497
4902,"THEFT/OTHER","38.9064351259","-77.0270475808",95,30,125,1610,1528,3138,1348,1149,2497
4902,"MOTOR VEHICLE THEFT","38.9056428483","-77.0249950996",95,30,125,1610,1528,3138,1348,1149,2497
4902,"THEFT/OTHER","38.9064357956","-77.0239808049",95,30,125,1610,1528,3138,1348,1149,2497
4902,"THEFT/OTHER","38.9064357956","-77.0239808049",95,30,125,1610,1528,3138,1348,1149,2497
4902,"THEFT/OTHER","38.9064357956","-77.0239808049",95,30,125,1610,1528,3138,1348,1149,2497
4902,"THEFT/OTHER","38.904156468","-77.0250061076",95,30,125,1610,1528,3138,1348,1149,2497
4902,"THEFT/OTHER","38.9049039473","-77.0259863335",95,30,125,1610,1528,3138,1348,1149,2497
4902,"THEFT F/AUTO","38.9049043692","-77.024014877",95,30,125,1610,1528,3138,1348,1149,2497
4902,"THEFT/OTHER","38.9064357956","-77.0239808049",95,30,125,1610,1528,3138,1348,1149,2497
4902,"THEFT/OTHER","38.9049039473","-77.0259863335",95,30,125,1610,1528,3138,1348,1149,2497
4902,"THEFT/OTHER","38.9049039473","-77.0259863335",95,30,125,1610,1528,3138,1348,1149,2497
4902,"THEFT/OTHER","38.9049039473","-77.0259863335",95,30,125,1610,1528,3138,1348,1149,2497
4902,"THEFT/OTHER","38.9049039473","-77.0259863335",95,30,125,1610,1528,3138,1348,1149,2497
4902,"THEFT/OTHER","38.9049039473","-77.0259863335",95,30,125,1610,1528,3138,1348,1149,2497
4902,"BURGLARY","38.9068458252","-77.024985606",95,30,125,1610,1528,3138,1348,1149,2497
4902,"THEFT/OTHER","38.9079045614","-77.0219175235",95,30,125,1610,1528,3138,1348,1149,2497
4902,"ROBBERY","38.9079041584","-77.0239697691",95,30,125,1610,1528,3138,1348,1149,2497
4902,"THEFT/OTHER","38.906436201","-77.0219170723",95,30,125,1610,1528,3138,1348,1149,2497
4902,"THEFT/OTHER","38.9049039473","-77.0259863335",95,30,125,1610,1528,3138,1348,1149,2497
4902,"THEFT/OTHER","38.9064353666","-77.0259868914",95,30,125,1610,1528,3138,1348,1149,2497
5001,"THEFT/OTHER","38.9108311978","-77.0270492479",32,93,125,750,1079,1829,654,1014,1668
5001,"THEFT/OTHER","38.911119139","-77.0284214259",32,93,125,750,1079,1829,654,1014,1668
5001,"THEFT/OTHER","38.912973942","-77.0319619643",32,93,125,750,1079,1829,654,1014,1668
5001,"THEFT/OTHER","38.9111186757","-77.0302662242",32,93,125,750,1079,1829,654,1014,1668
5001,"MOTOR VEHICLE THEFT","38.9111183682","-77.0314307532",32,93,125,750,1079,1829,654,1014,1668
5001,"THEFT F/AUTO","38.9114881801","-77.0296322283",32,93,125,750,1079,1829,654,1014,1668
5001,"THEFT F/AUTO","38.9103798257","-77.0309000536",32,93,125,750,1079,1829,654,1014,1668
5001,"THEFT/OTHER","38.9118581511","-77.0270381072",32,93,125,750,1079,1829,654,1014,1668
5001,"THEFT F/AUTO","38.9126049129","-77.0307972456",32,93,125,750,1079,1829,654,1014,1668
5001,"THEFT/OTHER","38.9099121021","-77.0280865809",32,93,125,750,1079,1829,654,1014,1668
5001,"THEFT F/AUTO","38.9111183682","-77.0314307532",32,93,125,750,1079,1829,654,1014,1668
5001,"MOTOR VEHICLE THEFT","38.9118581511","-77.0270381072",32,93,125,750,1079,1829,654,1014,1668
5001,"ROBBERY","38.9096410003","-77.0314301021",32,93,125,750,1079,1829,654,1014,1668
5001,"THEFT/OTHER","38.9122352583","-77.0319616332",32,93,125,750,1079,1829,654,1014,1668
5001,"THEFT/OTHER","38.9111186757","-77.0302662242",32,93,125,750,1079,1829,654,1014,1668
5001,"THEFT/OTHER","38.9126057437","-77.0274650092",32,93,125,750,1079,1829,654,1014,1668
5001,"THEFT/OTHER","38.912973942","-77.0319619643",32,93,125,750,1079,1829,654,1014,1668
5001,"THEFT F/AUTO","38.9126049129","-77.0307972456",32,93,125,750,1079,1829,654,1014,1668
5001,"THEFT F/AUTO","38.9115336007","-77.0280987495",32,93,125,750,1079,1829,654,1014,1668
5001,"ROBBERY","38.9096410003","-77.0314301021",32,93,125,750,1079,1829,654,1014,1668
5001,"THEFT F/AUTO","38.9096410003","-77.0314301021",32,93,125,750,1079,1829,654,1014,1668
5001,"THEFT F/AUTO","38.9133435966","-77.0307975645",32,93,125,750,1079,1829,654,1014,1668
5001,"THEFT/OTHER","38.9122352583","-77.0319616332",32,93,125,750,1079,1829,654,1014,1668
5001,"THEFT/OTHER","38.9118662323","-77.0307853965",32,93,125,750,1079,1829,654,1014,1668
5001,"THEFT F/AUTO","38.9103798257","-77.0309000536",32,93,125,750,1079,1829,654,1014,1668
5001,"THEFT/OTHER","38.912973942","-77.0319619643",32,93,125,750,1079,1829,654,1014,1668
5001,"THEFT/OTHER","38.9106507861","-77.0280868718",32,93,125,750,1079,1829,654,1014,1668
5001,"THEFT F/AUTO","38.9111186757","-77.0302662242",32,93,125,750,1079,1829,654,1014,1668
5001,"THEFT/OTHER","38.9122352583","-77.0319616332",32,93,125,750,1079,1829,654,1014,1668
5001,"THEFT F/AUTO","38.9106235271","-77.0290438436",32,93,125,750,1079,1829,654,1014,1668
5001,"THEFT F/AUTO","38.9106235271","-77.0290438436",32,93,125,750,1079,1829,654,1014,1668
5001,"THEFT/OTHER","38.9100101984","-77.0319606362",32,93,125,750,1079,1829,654,1014,1668
5001,"MOTOR VEHICLE THEFT","38.9111183682","-77.0314307532",32,93,125,750,1079,1829,654,1014,1668
5001,"THEFT F/AUTO","38.9126049129","-77.0307972456",32,93,125,750,1079,1829,654,1014,1668
5001,"THEFT F/AUTO","38.9111189485","-77.0291939352",32,93,125,750,1079,1829,654,1014,1668
5001,"THEFT/OTHER","38.9108311978","-77.0270492479",32,93,125,750,1079,1829,654,1014,1668
5001,"THEFT/OTHER","38.9103626428","-77.0275679142",32,93,125,750,1079,1829,654,1014,1668
5001,"ASSAULT W/DANGEROUS WEAPON","38.9133435966","-77.0307975645",32,93,125,750,1079,1829,654,1014,1668
5001,"THEFT F/AUTO","38.9133435966","-77.0307975645",32,93,125,750,1079,1829,654,1014,1668
5001,"THEFT F/AUTO","38.9126049129","-77.0307972456",32,93,125,750,1079,1829,654,1014,1668
5001,"BURGLARY","38.912973942","-77.0319619643",32,93,125,750,1079,1829,654,1014,1668
5001,"MOTOR VEHICLE THEFT","38.9114965746","-77.0319613022",32,93,125,750,1079,1829,654,1014,1668
5001,"THEFT/OTHER","38.9133435966","-77.0307975645",32,93,125,750,1079,1829,654,1014,1668
5001,"THEFT F/AUTO","38.9106507861","-77.0280868718",32,93,125,750,1079,1829,654,1014,1668
5001,"THEFT F/AUTO","38.9131912666","-77.0275459469",32,93,125,750,1079,1829,654,1014,1668
5001,"THEFT F/AUTO","38.9118662323","-77.0307853965",32,93,125,750,1079,1829,654,1014,1668
5001,"THEFT/OTHER","38.9103626428","-77.0275679142",32,93,125,750,1079,1829,654,1014,1668
5001,"MOTOR VEHICLE THEFT","38.9114881801","-77.0296322283",32,93,125,750,1079,1829,654,1014,1668
5001,"THEFT/OTHER","38.9106507861","-77.0280868718",32,93,125,750,1079,1829,654,1014,1668
5001,"THEFT F/AUTO","38.9126049129","-77.0307972456",32,93,125,750,1079,1829,654,1014,1668
5001,"THEFT F/AUTO","38.9137132395","-77.0296331527",32,93,125,750,1079,1829,654,1014,1668
5001,"THEFT/OTHER","38.9122268639","-77.0296325352",32,93,125,750,1079,1829,654,1014,1668
5001,"ROBBERY","38.9118581511","-77.0270381072",32,93,125,750,1079,1829,654,1014,1668
5001,"THEFT F/AUTO","38.9126054302","-77.0287679251",32,93,125,750,1079,1829,654,1014,1668
5001,"THEFT F/AUTO","38.9100109456","-77.0291012432",32,93,125,750,1079,1829,654,1014,1668
5001,"THEFT F/AUTO","38.9111193434","-77.0275682067",32,93,125,750,1079,1829,654,1014,1668
5001,"THEFT/OTHER","38.9108311978","-77.0270492479",32,93,125,750,1079,1829,654,1014,1668
5001,"THEFT F/AUTO","38.9133435966","-77.0307975645",32,93,125,750,1079,1829,654,1014,1668
5001,"MOTOR VEHICLE THEFT","38.9111186757","-77.0302662242",32,93,125,750,1079,1829,654,1014,1668
5001,"THEFT F/AUTO","38.9126057437","-77.0274650092",32,93,125,750,1079,1829,654,1014,1668
5001,"THEFT F/AUTO","38.9108311978","-77.0270492479",32,93,125,750,1079,1829,654,1014,1668
5001,"THEFT F/AUTO","38.9111193434","-77.0275682067",32,93,125,750,1079,1829,654,1014,1668
5001,"THEFT/OTHER","38.912973942","-77.0319619643",32,93,125,750,1079,1829,654,1014,1668
5001,"THEFT F/AUTO","38.9118662323","-77.0307853965",32,93,125,750,1079,1829,654,1014,1668
5001,"THEFT/OTHER","38.9114965746","-77.0319613022",32,93,125,750,1079,1829,654,1014,1668
5001,"THEFT/OTHER","38.912973942","-77.0319619643",32,93,125,750,1079,1829,654,1014,1668
5001,"THEFT F/AUTO","38.9126049129","-77.0307972456",32,93,125,750,1079,1829,654,1014,1668
5001,"THEFT/OTHER","38.9103626428","-77.0275679142",32,93,125,750,1079,1829,654,1014,1668
5001,"THEFT F/AUTO","38.9140822831","-77.030786353",32,93,125,750,1079,1829,654,1014,1668
5001,"THEFT F/AUTO","38.9106507861","-77.0280868718",32,93,125,750,1079,1829,654,1014,1668
5001,"THEFT/OTHER","38.912973942","-77.0319619643",32,93,125,750,1079,1829,654,1014,1668
5001,"MOTOR VEHICLE THEFT","38.9133435966","-77.0307975645",32,93,125,750,1079,1829,654,1014,1668
5001,"THEFT/OTHER","38.9108311978","-77.0270492479",32,93,125,750,1079,1829,654,1014,1668
5001,"THEFT F/AUTO","38.9115336007","-77.0280987495",32,93,125,750,1079,1829,654,1014,1668
5001,"THEFT/OTHER","38.9114965746","-77.0319613022",32,93,125,750,1079,1829,654,1014,1668
5001,"THEFT/OTHER","38.9111186757","-77.0302662242",32,93,125,750,1079,1829,654,1014,1668
5001,"THEFT/OTHER","38.9118581511","-77.0270381072",32,93,125,750,1079,1829,654,1014,1668
5001,"BURGLARY","38.912973942","-77.0319619643",32,93,125,750,1079,1829,654,1014,1668
5001,"THEFT F/AUTO","38.9103798257","-77.0309000536",32,93,125,750,1079,1829,654,1014,1668
5001,"MOTOR VEHICLE THEFT","38.9107488824","-77.0319609672",32,93,125,750,1079,1829,654,1014,1668
5001,"THEFT/OTHER","38.9106507861","-77.0280868718",32,93,125,750,1079,1829,654,1014,1668
5001,"MOTOR VEHICLE THEFT","38.9133435966","-77.0307975645",32,93,125,750,1079,1829,654,1014,1668
5001,"THEFT F/AUTO","38.9106507861","-77.0280868718",32,93,125,750,1079,1829,654,1014,1668
5001,"THEFT F/AUTO","38.9106504074","-77.0296203503",32,93,125,750,1079,1829,654,1014,1668
5001,"THEFT F/AUTO","38.9106235271","-77.0290438436",32,93,125,750,1079,1829,654,1014,1668
5001,"THEFT/OTHER","38.9118662323","-77.0307853965",32,93,125,750,1079,1829,654,1014,1668
5001,"MOTOR VEHICLE THEFT","38.9111186757","-77.0302662242",32,93,125,750,1079,1829,654,1014,1668
5001,"THEFT/OTHER","38.912973942","-77.0319619643",32,93,125,750,1079,1829,654,1014,1668
5001,"MOTOR VEHICLE THEFT","38.9096410003","-77.0314301021",32,93,125,750,1079,1829,654,1014,1668
5001,"THEFT/OTHER","38.9122352583","-77.0319616332",32,93,125,750,1079,1829,654,1014,1668
5001,"THEFT/OTHER","38.9126054302","-77.0287679251",32,93,125,750,1079,1829,654,1014,1668
5001,"THEFT/OTHER","38.9122352583","-77.0319616332",32,93,125,750,1079,1829,654,1014,1668
5001,"THEFT/OTHER","38.9122352583","-77.0319616332",32,93,125,750,1079,1829,654,1014,1668
5001,"THEFT/OTHER","38.9108311978","-77.0270492479",32,93,125,750,1079,1829,654,1014,1668
5001,"THEFT/OTHER","38.912973942","-77.0319619643",32,93,125,750,1079,1829,654,1014,1668
5001,"THEFT/OTHER","38.9111189485","-77.0291939352",32,93,125,750,1079,1829,654,1014,1668
5001,"THEFT F/AUTO","38.9126049129","-77.0307972456",32,93,125,750,1079,1829,654,1014,1668
5001,"THEFT/OTHER","38.9114965746","-77.0319613022",32,93,125,750,1079,1829,654,1014,1668
5001,"THEFT/OTHER","38.911119139","-77.0284214259",32,93,125,750,1079,1829,654,1014,1668
5001,"THEFT/OTHER","38.912973942","-77.0319619643",32,93,125,750,1079,1829,654,1014,1668
5001,"THEFT F/AUTO","38.9103626428","-77.0275679142",32,93,125,750,1079,1829,654,1014,1668
5001,"MOTOR VEHICLE THEFT","38.9114965746","-77.0319613022",32,93,125,750,1079,1829,654,1014,1668
5001,"THEFT/OTHER","38.911119139","-77.0284214259",32,93,125,750,1079,1829,654,1014,1668
5001,"THEFT F/AUTO","38.9118662323","-77.0307853965",32,93,125,750,1079,1829,654,1014,1668
5001,"THEFT/OTHER","38.9106473482","-77.0303089155",32,93,125,750,1079,1829,654,1014,1668
5001,"MOTOR VEHICLE THEFT","38.9126049129","-77.0307972456",32,93,125,750,1079,1829,654,1014,1668
5001,"THEFT F/AUTO","38.9096419754","-77.0275676357",32,93,125,750,1079,1829,654,1014,1668
5001,"THEFT F/AUTO","38.9111186757","-77.0302662242",32,93,125,750,1079,1829,654,1014,1668
5001,"THEFT F/AUTO","38.9126049129","-77.0307972456",32,93,125,750,1079,1829,654,1014,1668
5001,"THEFT/OTHER","38.911119139","-77.0284214259",32,93,125,750,1079,1829,654,1014,1668
5001,"THEFT/OTHER","38.9103626428","-77.0275679142",32,93,125,750,1079,1829,654,1014,1668
5001,"THEFT F/AUTO","38.9115336007","-77.0280987495",32,93,125,750,1079,1829,654,1014,1668
5001,"THEFT/OTHER","38.9106507861","-77.0280868718",32,93,125,750,1079,1829,654,1014,1668
5001,"THEFT F/AUTO","38.9115154806","-77.0285253544",32,93,125,750,1079,1829,654,1014,1668
5001,"THEFT/OTHER","38.9111186757","-77.0302662242",32,93,125,750,1079,1829,654,1014,1668
5001,"THEFT F/AUTO","38.9133435966","-77.0307975645",32,93,125,750,1079,1829,654,1014,1668
5001,"THEFT/OTHER","38.9118581511","-77.0270381072",32,93,125,750,1079,1829,654,1014,1668
5001,"MOTOR VEHICLE THEFT","38.9103798257","-77.0309000536",32,93,125,750,1079,1829,654,1014,1668
5001,"THEFT/OTHER","38.9118581511","-77.0270381072",32,93,125,750,1079,1829,654,1014,1668
5001,"THEFT/OTHER","38.9126049129","-77.0307972456",32,93,125,750,1079,1829,654,1014,1668
5001,"MOTOR VEHICLE THEFT","38.9111183682","-77.0314307532",32,93,125,750,1079,1829,654,1014,1668
5001,"ROBBERY","38.9140822831","-77.030786353",32,93,125,750,1079,1829,654,1014,1668
5001,"THEFT F/AUTO","38.9140822831","-77.030786353",32,93,125,750,1079,1829,654,1014,1668
5001,"MOTOR VEHICLE THEFT","38.9107488824","-77.0319609672",32,93,125,750,1079,1829,654,1014,1668
5001,"THEFT F/AUTO","38.9111189485","-77.0291939352",32,93,125,750,1079,1829,654,1014,1668
5001,"THEFT/OTHER","38.9122352583","-77.0319616332",32,93,125,750,1079,1829,654,1014,1668
5001,"THEFT/OTHER","38.912973942","-77.0319619643",32,93,125,750,1079,1829,654,1014,1668
5001,"THEFT/OTHER","38.9106235271","-77.0290438436",32,93,125,750,1079,1829,654,1014,1668
5001,"THEFT F/AUTO","38.9131912666","-77.0275459469",32,93,125,750,1079,1829,654,1014,1668
5001,"THEFT/OTHER","38.9122352583","-77.0319616332",32,93,125,750,1079,1829,654,1014,1668
5001,"THEFT/OTHER","38.9114965746","-77.0319613022",32,93,125,750,1079,1829,654,1014,1668
5001,"THEFT/OTHER","38.9118662323","-77.0307853965",32,93,125,750,1079,1829,654,1014,1668
5001,"THEFT F/AUTO","38.9114881801","-77.0296322283",32,93,125,750,1079,1829,654,1014,1668
5003,"BURGLARY","38.906596189","-77.0313941727",47,6,53,552,977,1529,535,904,1439
5003,"THEFT F/AUTO","38.9079026012","-77.0306338026",47,6,53,552,977,1529,535,904,1439
5003,"THEFT F/AUTO","38.9091276081","-77.0311185748",47,6,53,552,977,1529,535,904,1439
5003,"THEFT F/AUTO","38.9080373712","-77.0319597522",47,6,53,552,977,1529,535,904,1439
5003,"THEFT F/AUTO","38.9091276081","-77.0311185748",47,6,53,552,977,1529,535,904,1439
5003,"MOTOR VEHICLE THEFT","38.9091276081","-77.0311185748",47,6,53,552,977,1529,535,904,1439
5003,"THEFT/OTHER","38.9056415243","-77.0305636569",47,6,53,552,977,1529,535,904,1439
5003,"MOTOR VEHICLE THEFT","38.9056415243","-77.0305636569",47,6,53,552,977,1529,535,904,1439
5003,"MOTOR VEHICLE THEFT","38.9080373712","-77.0319597522",47,6,53,552,977,1529,535,904,1439
5003,"THEFT/OTHER","38.9079026012","-77.0306338026",47,6,53,552,977,1529,535,904,1439
5003,"MOTOR VEHICLE THEFT","38.9080373712","-77.0319597522",47,6,53,552,977,1529,535,904,1439
5003,"THEFT/OTHER","38.9056415243","-77.0305636569",47,6,53,552,977,1529,535,904,1439
5003,"THEFT F/AUTO","38.9091276081","-77.0311185748",47,6,53,552,977,1529,535,904,1439
5003,"SEX ABUSE","38.9058484496","-77.0315667807",47,6,53,552,977,1529,535,904,1439
5003,"THEFT F/AUTO","38.9091276081","-77.0311185748",47,6,53,552,977,1529,535,904,1439
5003,"THEFT F/AUTO","38.9079026012","-77.0306338026",47,6,53,552,977,1529,535,904,1439
5003,"THEFT F/AUTO","38.9091276081","-77.0311185748",47,6,53,552,977,1529,535,904,1439
5003,"THEFT/OTHER","38.9056415243","-77.0305636569",47,6,53,552,977,1529,535,904,1439
5003,"THEFT F/AUTO","38.9079028599","-77.0296307388",47,6,53,552,977,1529,535,904,1439
5003,"THEFT F/AUTO","38.906596189","-77.0313941727",47,6,53,552,977,1529,535,904,1439
5003,"THEFT F/AUTO","38.9079026012","-77.0306338026",47,6,53,552,977,1529,535,904,1439
5003,"MOTOR VEHICLE THEFT","38.9080373712","-77.0319597522",47,6,53,552,977,1529,535,904,1439
5003,"THEFT F/AUTO","38.9079026012","-77.0306338026",47,6,53,552,977,1529,535,904,1439
5003,"THEFT F/AUTO","38.9091276081","-77.0311185748",47,6,53,552,977,1529,535,904,1439
5003,"BURGLARY","38.9080373712","-77.0319597522",47,6,53,552,977,1529,535,904,1439
5003,"ASSAULT W/DANGEROUS WEAPON","38.9064435078","-77.0296301325",47,6,53,552,977,1529,535,904,1439
5003,"THEFT F/AUTO","38.9079026012","-77.0306338026",47,6,53,552,977,1529,535,904,1439
5003,"THEFT/OTHER","38.9091276081","-77.0311185748",47,6,53,552,977,1529,535,904,1439
5003,"THEFT/OTHER","38.9056415243","-77.0305636569",47,6,53,552,977,1529,535,904,1439
5003,"THEFT/OTHER","38.9058484496","-77.0315667807",47,6,53,552,977,1529,535,904,1439
5003,"THEFT F/AUTO","38.909235481","-77.031960289",47,6,53,552,977,1529,535,904,1439
5003,"THEFT/OTHER","38.9072360649","-77.0303222236",47,6,53,552,977,1529,535,904,1439
5003,"MOTOR VEHICLE THEFT","38.9079026012","-77.0306338026",47,6,53,552,977,1529,535,904,1439
5003,"THEFT/OTHER","38.9056415243","-77.0305636569",47,6,53,552,977,1529,535,904,1439
5003,"THEFT F/AUTO","38.9079028599","-77.0296307388",47,6,53,552,977,1529,535,904,1439
5003,"THEFT/OTHER","38.9072360649","-77.0303222236",47,6,53,552,977,1529,535,904,1439
5003,"THEFT F/AUTO","38.9064435078","-77.0296301325",47,6,53,552,977,1529,535,904,1439
5003,"THEFT/OTHER","38.9056415243","-77.0305636569",47,6,53,552,977,1529,535,904,1439
5003,"BURGLARY","38.906596189","-77.0313941727",47,6,53,552,977,1529,535,904,1439
5003,"THEFT F/AUTO","38.9079028599","-77.0296307388",47,6,53,552,977,1529,535,904,1439
5003,"MOTOR VEHICLE THEFT","38.909235481","-77.031960289",47,6,53,552,977,1529,535,904,1439
5003,"THEFT/OTHER","38.9072360649","-77.0303222236",47,6,53,552,977,1529,535,904,1439
5003,"THEFT F/AUTO","38.9080373712","-77.0319597522",47,6,53,552,977,1529,535,904,1439
5003,"THEFT F/AUTO","38.9080373712","-77.0319597522",47,6,53,552,977,1529,535,904,1439
5003,"THEFT/OTHER","38.9079028599","-77.0296307388",47,6,53,552,977,1529,535,904,1439
5003,"MOTOR VEHICLE THEFT","38.9080373712","-77.0319597522",47,6,53,552,977,1529,535,904,1439
5003,"MOTOR VEHICLE THEFT","38.906596189","-77.0313941727",47,6,53,552,977,1529,535,904,1439
5003,"MOTOR VEHICLE THEFT","38.9080373712","-77.0319597522",47,6,53,552,977,1529,535,904,1439
5003,"THEFT F/AUTO","38.906596189","-77.0313941727",47,6,53,552,977,1529,535,904,1439
5003,"THEFT/OTHER","38.9091276081","-77.0311185748",47,6,53,552,977,1529,535,904,1439
5003,"THEFT F/AUTO","38.909235481","-77.031960289",47,6,53,552,977,1529,535,904,1439
5003,"THEFT F/AUTO","38.9079026012","-77.0306338026",47,6,53,552,977,1529,535,904,1439
5003,"ROBBERY","38.906596189","-77.0313941727",47,6,53,552,977,1529,535,904,1439
5003,"THEFT F/AUTO","38.9072360649","-77.0303222236",47,6,53,552,977,1529,535,904,1439
5003,"THEFT F/AUTO","38.9072360649","-77.0303222236",47,6,53,552,977,1529,535,904,1439
5003,"THEFT/OTHER","38.9072360649","-77.0303222236",47,6,53,552,977,1529,535,904,1439
5003,"THEFT F/AUTO","38.9056415243","-77.0305636569",47,6,53,552,977,1529,535,904,1439
5003,"MOTOR VEHICLE THEFT","38.9058484496","-77.0315667807",47,6,53,552,977,1529,535,904,1439
5003,"THEFT/OTHER","38.9056991277","-77.032093941",47,6,53,552,977,1529,535,904,1439
5003,"THEFT/OTHER","38.9080373712","-77.0319597522",47,6,53,552,977,1529,535,904,1439
5003,"THEFT F/AUTO","38.9079026012","-77.0306338026",47,6,53,552,977,1529,535,904,1439
5003,"MOTOR VEHICLE THEFT","38.9079028599","-77.0296307388",47,6,53,552,977,1529,535,904,1439
5003,"BURGLARY","38.9080373712","-77.0319597522",47,6,53,552,977,1529,535,904,1439
5003,"THEFT/OTHER","38.9079028599","-77.0296307388",47,6,53,552,977,1529,535,904,1439
5003,"MOTOR VEHICLE THEFT","38.9072360649","-77.0303222236",47,6,53,552,977,1529,535,904,1439
5003,"THEFT/OTHER","38.909235481","-77.031960289",47,6,53,552,977,1529,535,904,1439
5003,"THEFT F/AUTO","38.9058484496","-77.0315667807",47,6,53,552,977,1529,535,904,1439
5003,"THEFT F/AUTO","38.9091276081","-77.0311185748",47,6,53,552,977,1529,535,904,1439
5003,"ASSAULT W/DANGEROUS WEAPON","38.9079026012","-77.0306338026",47,6,53,552,977,1529,535,904,1439
5003,"THEFT F/AUTO","38.9058484496","-77.0315667807",47,6,53,552,977,1529,535,904,1439
5003,"THEFT/OTHER","38.9079028599","-77.0296307388",47,6,53,552,977,1529,535,904,1439
5003,"MOTOR VEHICLE THEFT","38.9080373712","-77.0319597522",47,6,53,552,977,1529,535,904,1439
5003,"MOTOR VEHICLE THEFT","38.9056415243","-77.0305636569",47,6,53,552,977,1529,535,904,1439
5003,"THEFT/OTHER","38.9056415243","-77.0305636569",47,6,53,552,977,1529,535,904,1439
5003,"THEFT F/AUTO","38.9079028599","-77.0296307388",47,6,53,552,977,1529,535,904,1439
5003,"MOTOR VEHICLE THEFT","38.9064435078","-77.0296301325",47,6,53,552,977,1529,535,904,1439
5003,"THEFT/OTHER","38.906596189","-77.0313941727",47,6,53,552,977,1529,535,904,1439
5004,"THEFT/OTHER","38.9052363891","-77.0296296311",80,367,447,1391,1538,2929,976,1293,2269
5004,"THEFT/OTHER","38.9072364357","-77.0288579946",80,367,447,1391,1538,2929,976,1293,2269
5004,"THEFT/OTHER","38.9079028599","-77.0296307388",80,367,447,1391,1538,2929,976,1293,2269
5004,"THEFT/OTHER","38.9091015988","-77.0270370623",80,367,447,1391,1538,2929,976,1293,2269
5004,"ASSAULT W/DANGEROUS WEAPON","38.9056419582","-77.0288573495",80,367,447,1391,1538,2929,976,1293,2269
5004,"ASSAULT W/DANGEROUS WEAPON","38.9079028599","-77.0296307388",80,367,447,1391,1538,2929,976,1293,2269
5004,"THEFT/OTHER","38.9045699645","-77.0288569158",80,367,447,1391,1538,2929,976,1293,2269
5004,"BURGLARY","38.9052363891","-77.0296296311",80,367,447,1391,1538,2929,976,1293,2269
5004,"THEFT F/AUTO","38.9064435078","-77.0296301325",80,367,447,1391,1538,2929,976,1293,2269
5004,"THEFT/OTHER","38.9064435078","-77.0296301325",80,367,447,1391,1538,2929,976,1293,2269
5004,"MOTOR VEHICLE THEFT","38.9045699645","-77.0288569158",80,367,447,1391,1538,2929,976,1293,2269
5004,"THEFT/OTHER","38.9079032387","-77.0280973193",80,367,447,1391,1538,2929,976,1293,2269
5004,"THEFT F/AUTO","38.9085696708","-77.028858534",80,367,447,1391,1538,2929,976,1293,2269
5004,"THEFT/OTHER","38.9072367475","-77.0275667061",80,367,447,1391,1538,2929,976,1293,2269
5004,"THEFT/OTHER","38.9091015988","-77.0270370623",80,367,447,1391,1538,2929,976,1293,2269
5004,"THEFT/OTHER","38.9056419582","-77.0288573495",80,367,447,1391,1538,2929,976,1293,2269
5004,"THEFT/OTHER","38.9079032387","-77.0280973193",80,367,447,1391,1538,2929,976,1293,2269
5004,"MOTOR VEHICLE THEFT","38.9101739118","-77.0294397105",80,367,447,1391,1538,2929,976,1293,2269
5004,"BURGLARY","38.9064435078","-77.0296301325",80,367,447,1391,1538,2929,976,1293,2269
5004,"THEFT/OTHER","38.9056419582","-77.0288573495",80,367,447,1391,1538,2929,976,1293,2269
5004,"THEFT F/AUTO","38.9056419582","-77.0288573495",80,367,447,1391,1538,2929,976,1293,2269
5004,"THEFT F/AUTO","38.9079032387","-77.0280973193",80,367,447,1391,1538,2929,976,1293,2269
5004,"THEFT/OTHER","38.9064351259","-77.0270475808",80,367,447,1391,1538,2929,976,1293,2269
5004,"THEFT F/AUTO","38.90564227","-77.0275660899",80,367,447,1391,1538,2929,976,1293,2269
5004,"BURGLARY","38.9052363891","-77.0296296311",80,367,447,1391,1538,2929,976,1293,2269
5004,"BURGLARY","38.9072364357","-77.0288579946",80,367,447,1391,1538,2929,976,1293,2269
5004,"ROBBERY","38.9042008766","-77.0278076391",80,367,447,1391,1538,2929,976,1293,2269
5004,"THEFT/OTHER","38.9049665202","-77.0280846335",80,367,447,1391,1538,2929,976,1293,2269
5004,"THEFT F/AUTO","38.9085696708","-77.028858534",80,367,447,1391,1538,2929,976,1293,2269
5004,"THEFT F/AUTO","38.9079028599","-77.0296307388",80,367,447,1391,1538,2929,976,1293,2269
5004,"ROBBERY","38.9056419582","-77.0288573495",80,367,447,1391,1538,2929,976,1293,2269
5004,"THEFT/OTHER","38.9052363891","-77.0296296311",80,367,447,1391,1538,2929,976,1293,2269
5004,"THEFT/OTHER","38.9056419582","-77.0288573495",80,367,447,1391,1538,2929,976,1293,2269
5004,"THEFT/OTHER","38.9064435078","-77.0296301325",80,367,447,1391,1538,2929,976,1293,2269
5004,"THEFT/OTHER","38.9079028599","-77.0296307388",80,367,447,1391,1538,2929,976,1293,2269
5004,"THEFT F/AUTO","38.90564227","-77.0275660899",80,367,447,1391,1538,2929,976,1293,2269
5004,"THEFT/OTHER","38.9052363891","-77.0296296311",80,367,447,1391,1538,2929,976,1293,2269
5004,"THEFT F/AUTO","38.9064435078","-77.0296301325",80,367,447,1391,1538,2929,976,1293,2269
5004,"THEFT F/AUTO","38.9072364357","-77.0288579946",80,367,447,1391,1538,2929,976,1293,2269
5004,"THEFT F/AUTO","38.9064348811","-77.0280852117",80,367,447,1391,1538,2929,976,1293,2269
5004,"THEFT/OTHER","38.9085696708","-77.028858534",80,367,447,1391,1538,2929,976,1293,2269
5004,"THEFT/OTHER","38.9091015988","-77.0270370623",80,367,447,1391,1538,2929,976,1293,2269
5004,"THEFT/OTHER","38.9045699645","-77.0288569158",80,367,447,1391,1538,2929,976,1293,2269
5004,"MOTOR VEHICLE THEFT","38.9085696708","-77.028858534",80,367,447,1391,1538,2929,976,1293,2269
5004,"THEFT/OTHER","38.9064435078","-77.0296301325",80,367,447,1391,1538,2929,976,1293,2269
5004,"THEFT/OTHER","38.9079028599","-77.0296307388",80,367,447,1391,1538,2929,976,1293,2269
5004,"MOTOR VEHICLE THEFT","38.9079028599","-77.0296307388",80,367,447,1391,1538,2929,976,1293,2269
5004,"THEFT/OTHER","38.9056419582","-77.0288573495",80,367,447,1391,1538,2929,976,1293,2269
5004,"THEFT F/AUTO","38.9049037066","-77.0270470001",80,367,447,1391,1538,2929,976,1293,2269
5004,"ROBBERY","38.9091103596","-77.0280862652",80,367,447,1391,1538,2929,976,1293,2269
5004,"THEFT/OTHER","38.9049665202","-77.0280846335",80,367,447,1391,1538,2929,976,1293,2269
5004,"ROBBERY","38.9079028599","-77.0296307388",80,367,447,1391,1538,2929,976,1293,2269
5004,"THEFT/OTHER","38.9056419582","-77.0288573495",80,367,447,1391,1538,2929,976,1293,2269
5004,"THEFT/OTHER","38.9040298402","-77.0272887745",80,367,447,1391,1538,2929,976,1293,2269
5004,"THEFT/OTHER","38.9096417514","-77.0285015455",80,367,447,1391,1538,2929,976,1293,2269
5004,"THEFT/OTHER","38.9072367475","-77.0275667061",80,367,447,1391,1538,2929,976,1293,2269
5004,"THEFT F/AUTO","38.9085696708","-77.028858534",80,367,447,1391,1538,2929,976,1293,2269
5004,"THEFT/OTHER","38.9079032387","-77.0280973193",80,367,447,1391,1538,2929,976,1293,2269
5004,"THEFT/OTHER","38.9041559545","-77.0273003516",80,367,447,1391,1538,2929,976,1293,2269
5004,"THEFT/OTHER","38.9091015988","-77.0270370623",80,367,447,1391,1538,2929,976,1293,2269
5004,"THEFT/OTHER","38.9079032387","-77.0280973193",80,367,447,1391,1538,2929,976,1293,2269
5004,"THEFT F/AUTO","38.9064348811","-77.0280852117",80,367,447,1391,1538,2929,976,1293,2269
5004,"THEFT/OTHER","38.9049665202","-77.0280846335",80,367,447,1391,1538,2929,976,1293,2269
5004,"MOTOR VEHICLE THEFT","38.9040298402","-77.0272887745",80,367,447,1391,1538,2929,976,1293,2269
5004,"THEFT F/AUTO","38.9096417514","-77.0285015455",80,367,447,1391,1538,2929,976,1293,2269
5004,"THEFT/OTHER","38.9091015988","-77.0270370623",80,367,447,1391,1538,2929,976,1293,2269
5004,"THEFT F/AUTO","38.9091103596","-77.0280862652",80,367,447,1391,1538,2929,976,1293,2269
5004,"THEFT F/AUTO","38.9079032387","-77.0280973193",80,367,447,1391,1538,2929,976,1293,2269
5004,"THEFT F/AUTO","38.9091103596","-77.0280862652",80,367,447,1391,1538,2929,976,1293,2269
5004,"MOTOR VEHICLE THEFT","38.9101739118","-77.0294397105",80,367,447,1391,1538,2929,976,1293,2269
5004,"THEFT/OTHER","38.9064435078","-77.0296301325",80,367,447,1391,1538,2929,976,1293,2269
5004,"THEFT/OTHER","38.9049665202","-77.0280846335",80,367,447,1391,1538,2929,976,1293,2269
5004,"THEFT/OTHER","38.9045699645","-77.0288569158",80,367,447,1391,1538,2929,976,1293,2269
5004,"THEFT/OTHER","38.9072364357","-77.0288579946",80,367,447,1391,1538,2929,976,1293,2269
5004,"THEFT/OTHER","38.9042999023","-77.0280843711",80,367,447,1391,1538,2929,976,1293,2269
5004,"THEFT F/AUTO","38.9042008766","-77.0278076391",80,367,447,1391,1538,2929,976,1293,2269
5004,"BURGLARY","38.9045699645","-77.0288569158",80,367,447,1391,1538,2929,976,1293,2269
5004,"THEFT/OTHER","38.9064435078","-77.0296301325",80,367,447,1391,1538,2929,976,1293,2269
5004,"THEFT/OTHER","38.9056419582","-77.0288573495",80,367,447,1391,1538,2929,976,1293,2269
5004,"THEFT F/AUTO","38.9079032387","-77.0280973193",80,367,447,1391,1538,2929,976,1293,2269
5004,"MOTOR VEHICLE THEFT","38.90564227","-77.0275660899",80,367,447,1391,1538,2929,976,1293,2269
5004,"ROBBERY","38.9049665202","-77.0280846335",80,367,447,1391,1538,2929,976,1293,2269
5004,"ROBBERY","38.9085699826","-77.0275672214",80,367,447,1391,1538,2929,976,1293,2269
5004,"THEFT/OTHER","38.9064351259","-77.0270475808",80,367,447,1391,1538,2929,976,1293,2269
5004,"THEFT F/AUTO","38.9085699826","-77.0275672214",80,367,447,1391,1538,2929,976,1293,2269
5004,"THEFT F/AUTO","38.9064348811","-77.0280852117",80,367,447,1391,1538,2929,976,1293,2269
5004,"THEFT/OTHER","38.9042008766","-77.0278076391",80,367,447,1391,1538,2929,976,1293,2269
5004,"THEFT/OTHER","38.9049665202","-77.0280846335",80,367,447,1391,1538,2929,976,1293,2269
5004,"BURGLARY","38.9052363891","-77.0296296311",80,367,447,1391,1538,2929,976,1293,2269
5004,"THEFT/OTHER","38.9079028599","-77.0296307388",80,367,447,1391,1538,2929,976,1293,2269
5004,"THEFT/OTHER","38.9091015988","-77.0270370623",80,367,447,1391,1538,2929,976,1293,2269
5004,"THEFT/OTHER","38.9049665202","-77.0280846335",80,367,447,1391,1538,2929,976,1293,2269
5004,"ROBBERY","38.9091103596","-77.0280862652",80,367,447,1391,1538,2929,976,1293,2269
5004,"BURGLARY","38.9064435078","-77.0296301325",80,367,447,1391,1538,2929,976,1293,2269
5004,"THEFT/OTHER","38.9092452307","-77.0291239902",80,367,447,1391,1538,2929,976,1293,2269
5004,"THEFT F/AUTO","38.9064348811","-77.0280852117",80,367,447,1391,1538,2929,976,1293,2269
5004,"THEFT F/AUTO","38.9042008766","-77.0278076391",80,367,447,1391,1538,2929,976,1293,2269
5004,"THEFT/OTHER","38.9072364357","-77.0288579946",80,367,447,1391,1538,2929,976,1293,2269
5004,"THEFT F/AUTO","38.9072367475","-77.0275667061",80,367,447,1391,1538,2929,976,1293,2269
5004,"THEFT/OTHER","38.9072364357","-77.0288579946",80,367,447,1391,1538,2929,976,1293,2269
5004,"BURGLARY","38.9079032387","-77.0280973193",80,367,447,1391,1538,2929,976,1293,2269
5004,"BURGLARY","38.9056419582","-77.0288573495",80,367,447,1391,1538,2929,976,1293,2269
5004,"THEFT F/AUTO","38.9085699826","-77.0275672214",80,367,447,1391,1538,2929,976,1293,2269
5004,"THEFT/OTHER","38.9079028599","-77.0296307388",80,367,447,1391,1538,2929,976,1293,2269
5004,"THEFT/OTHER","38.9045699645","-77.0288569158",80,367,447,1391,1538,2929,976,1293,2269
5004,"BURGLARY","38.9072367475","-77.0275667061",80,367,447,1391,1538,2929,976,1293,2269
5202,"THEFT F/AUTO","38.9140907972","-77.0326081712",18,0,18,1244,1589,2833,1164,1339,2503
5202,"BURGLARY","38.9137126256","-77.0319622953",18,0,18,1244,1589,2833,1164,1339,2503
5202,"THEFT/OTHER","38.912973942","-77.0319619643",18,0,18,1244,1589,2833,1164,1339,2503
5202,"THEFT/OTHER","38.9118655561","-77.03325284",18,0,18,1244,1589,2833,1164,1339,2503
5202,"THEFT/OTHER","38.9086939445","-77.0355457516",18,0,18,1244,1589,2833,1164,1339,2503
5202,"THEFT F/AUTO","38.9103791768","-77.0332636769",18,0,18,1244,1589,2833,1164,1339,2503
5202,"THEFT/OTHER","38.9077752604","-77.0349918801",18,0,18,1244,1589,2833,1164,1339,2503
5202,"THEFT F/AUTO","38.9107481405","-77.0345667312",18,0,18,1244,1589,2833,1164,1339,2503
5202,"MOTOR VEHICLE THEFT","38.9114965746","-77.0319613022",18,0,18,1244,1589,2833,1164,1339,2503
5202,"THEFT F/AUTO","38.9111178607","-77.0332640214",18,0,18,1244,1589,2833,1164,1339,2503
5202,"THEFT F/AUTO","38.9133519317","-77.0332535331",18,0,18,1244,1589,2833,1164,1339,2503
5202,"MOTOR VEHICLE THEFT","38.9137126256","-77.0319622953",18,0,18,1244,1589,2833,1164,1339,2503
5202,"THEFT/OTHER","38.9096398205","-77.035546223",18,0,18,1244,1589,2833,1164,1339,2503
5202,"THEFT F/AUTO","38.9111178607","-77.0332640214",18,0,18,1244,1589,2833,1164,1339,2503
5202,"MOTOR VEHICLE THEFT","38.9122352583","-77.0319616332",18,0,18,1244,1589,2833,1164,1339,2503
5202,"THEFT/OTHER","38.9103785045","-77.0355465911",18,0,18,1244,1589,2833,1164,1339,2503
5202,"BURGLARY","38.9107488824","-77.0319609672",18,0,18,1244,1589,2833,1164,1339,2503
5202,"ASSAULT W/DANGEROUS WEAPON","38.9126040543","-77.0338988773",18,0,18,1244,1589,2833,1164,1339,2503
5202,"THEFT/OTHER","38.9111178607","-77.0332640214",18,0,18,1244,1589,2833,1164,1339,2503
5202,"THEFT F/AUTO","38.9086939445","-77.0355457516",18,0,18,1244,1589,2833,1164,1339,2503
5202,"THEFT F/AUTO","38.9118648841","-77.0355358018",18,0,18,1244,1589,2833,1164,1339,2503
5202,"THEFT/OTHER","38.9096398205","-77.035546223",18,0,18,1244,1589,2833,1164,1339,2503
5202,"THEFT F/AUTO","38.9126040543","-77.0338988773",18,0,18,1244,1589,2833,1164,1339,2503
5202,"THEFT F/AUTO","38.9118655561","-77.03325284",18,0,18,1244,1589,2833,1164,1339,2503
5202,"MOTOR VEHICLE THEFT","38.9114965746","-77.0319613022",18,0,18,1244,1589,2833,1164,1339,2503
5202,"THEFT/OTHER","38.9096495011","-77.0332633366",18,0,18,1244,1589,2833,1164,1339,2503
5202,"THEFT F/AUTO","38.9118655561","-77.03325284",18,0,18,1244,1589,2833,1164,1339,2503
5202,"MOTOR VEHICLE THEFT","38.9107488824","-77.0319609672",18,0,18,1244,1589,2833,1164,1339,2503
5202,"THEFT F/AUTO","38.9103791768","-77.0332636769",18,0,18,1244,1589,2833,1164,1339,2503
5202,"THEFT/OTHER","38.9118655561","-77.03325284",18,0,18,1244,1589,2833,1164,1339,2503
5202,"MOTOR VEHICLE THEFT","38.9137126256","-77.0319622953",18,0,18,1244,1589,2833,1164,1339,2503
5202,"THEFT F/AUTO","38.9103791768","-77.0332636769",18,0,18,1244,1589,2833,1164,1339,2503
5202,"THEFT/OTHER","38.9096495011","-77.0332633366",18,0,18,1244,1589,2833,1164,1339,2503
5202,"MOTOR VEHICLE THEFT","38.9126044218","-77.0326074916",18,0,18,1244,1589,2833,1164,1339,2503
5202,"THEFT F/AUTO","38.9077752604","-77.0349918801",18,0,18,1244,1589,2833,1164,1339,2503
5202,"THEFT/OTHER","38.9114965746","-77.0319613022",18,0,18,1244,1589,2833,1164,1339,2503
5202,"MOTOR VEHICLE THEFT","38.9100101984","-77.0319606362",18,0,18,1244,1589,2833,1164,1339,2503
5202,"THEFT/OTHER","38.9126044218","-77.0326074916",18,0,18,1244,1589,2833,1164,1339,2503
5202,"THEFT F/AUTO","38.9114958361","-77.0345555635",18,0,18,1244,1589,2833,1164,1339,2503
5202,"MOTOR VEHICLE THEFT","38.9118655561","-77.03325284",18,0,18,1244,1589,2833,1164,1339,2503
5202,"THEFT/OTHER","38.9100088603","-77.0365264409",18,0,18,1244,1589,2833,1164,1339,2503
5202,"THEFT/OTHER","38.9126035678","-77.0355361698",18,0,18,1244,1589,2833,1164,1339,2503
5202,"THEFT/OTHER","38.9083158881","-77.0345655525",18,0,18,1244,1589,2833,1164,1339,2503
5202,"MOTOR VEHICLE THEFT","38.9129726074","-77.0365164284",18,0,18,1244,1589,2833,1164,1339,2503
5202,"MOTOR VEHICLE THEFT","38.9118655561","-77.03325284",18,0,18,1244,1589,2833,1164,1339,2503
5202,"THEFT F/AUTO","38.9114965746","-77.0319613022",18,0,18,1244,1589,2833,1164,1339,2503
5202,"THEFT F/AUTO","38.9077752604","-77.0349918801",18,0,18,1244,1589,2833,1164,1339,2503
5202,"MOTOR VEHICLE THEFT","38.9111178607","-77.0332640214",18,0,18,1244,1589,2833,1164,1339,2503
5202,"THEFT/OTHER","38.9137126256","-77.0319622953",18,0,18,1244,1589,2833,1164,1339,2503
5202,"THEFT F/AUTO","38.9086939445","-77.0355457516",18,0,18,1244,1589,2833,1164,1339,2503
5202,"MOTOR VEHICLE THEFT","38.9137126256","-77.0319622953",18,0,18,1244,1589,2833,1164,1339,2503
5202,"BURGLARY","38.9071750139","-77.0365299473",18,0,18,1244,1589,2833,1164,1339,2503
5202,"SEX ABUSE","38.9077752604","-77.0349918801",18,0,18,1244,1589,2833,1164,1339,2503
5202,"THEFT F/AUTO","38.9114952364","-77.0365272021",18,0,18,1244,1589,2833,1164,1339,2503
5202,"ROBBERY","38.9103785045","-77.0355465911",18,0,18,1244,1589,2833,1164,1339,2503
5202,"THEFT F/AUTO","38.9086939445","-77.0355457516",18,0,18,1244,1589,2833,1164,1339,2503
5202,"THEFT/OTHER","38.912973942","-77.0319619643",18,0,18,1244,1589,2833,1164,1339,2503
5202,"THEFT/OTHER","38.9122339238","-77.0365160502",18,0,18,1244,1589,2833,1164,1339,2503
5202,"THEFT/OTHER","38.9077752604","-77.0349918801",18,0,18,1244,1589,2833,1164,1339,2503
5202,"THEFT/OTHER","38.9122352583","-77.0319616332",18,0,18,1244,1589,2833,1164,1339,2503
5202,"THEFT/OTHER","38.9114965746","-77.0319613022",18,0,18,1244,1589,2833,1164,1339,2503
5202,"THEFT F/AUTO","38.9118648841","-77.0355358018",18,0,18,1244,1589,2833,1164,1339,2503
5202,"THEFT F/AUTO","38.9126035678","-77.0355361698",18,0,18,1244,1589,2833,1164,1339,2503
5202,"THEFT F/AUTO","38.9103785045","-77.0355465911",18,0,18,1244,1589,2833,1164,1339,2503
5202,"THEFT F/AUTO","38.9071750139","-77.0365299473",18,0,18,1244,1589,2833,1164,1339,2503
5202,"ROBBERY","38.9129726074","-77.0365164284",18,0,18,1244,1589,2833,1164,1339,2503
5202,"THEFT F/AUTO","38.9133425453","-77.0345564583",18,0,18,1244,1589,2833,1164,1339,2503
5202,"THEFT/OTHER","38.9122339238","-77.0365160502",18,0,18,1244,1589,2833,1164,1339,2503
5202,"BURGLARY","38.9107481405","-77.0345667312",18,0,18,1244,1589,2833,1164,1339,2503
5202,"THEFT F/AUTO","38.9133519317","-77.0332535331",18,0,18,1244,1589,2833,1164,1339,2503
5202,"MOTOR VEHICLE THEFT","38.9126040543","-77.0338988773",18,0,18,1244,1589,2833,1164,1339,2503
5202,"SEX ABUSE","38.9122339238","-77.0365160502",18,0,18,1244,1589,2833,1164,1339,2503
5202,"MOTOR VEHICLE THEFT","38.9137126256","-77.0319622953",18,0,18,1244,1589,2833,1164,1339,2503
5202,"BURGLARY","38.9096495011","-77.0332633366",18,0,18,1244,1589,2833,1164,1339,2503
5202,"THEFT F/AUTO","38.9140907972","-77.0326081712",18,0,18,1244,1589,2833,1164,1339,2503
5202,"THEFT F/AUTO","38.9118648841","-77.0355358018",18,0,18,1244,1589,2833,1164,1339,2503
5202,"THEFT/OTHER","38.9100094566","-77.0345663732",18,0,18,1244,1589,2833,1164,1339,2503
5202,"THEFT/OTHER","38.9122352583","-77.0319616332",18,0,18,1244,1589,2833,1164,1339,2503
5202,"THEFT/OTHER","38.9118648841","-77.0355358018",18,0,18,1244,1589,2833,1164,1339,2503
5202,"THEFT/OTHER","38.9118648841","-77.0355358018",18,0,18,1244,1589,2833,1164,1339,2503
5202,"THEFT/OTHER","38.9133425453","-77.0345564583",18,0,18,1244,1589,2833,1164,1339,2503
5202,"THEFT/OTHER","38.9074504907","-77.0365251307",18,0,18,1244,1589,2833,1164,1339,2503
5202,"THEFT F/AUTO","38.913711291","-77.0365168066",18,0,18,1244,1589,2833,1164,1339,2503
5202,"THEFT/OTHER","38.9086939445","-77.0355457516",18,0,18,1244,1589,2833,1164,1339,2503
5202,"THEFT/OTHER","38.9091716808","-77.0345659672",18,0,18,1244,1589,2833,1164,1339,2503
5202,"THEFT/OTHER","38.9111178607","-77.0332640214",18,0,18,1244,1589,2833,1164,1339,2503
5202,"THEFT/OTHER","38.9114958361","-77.0345555635",18,0,18,1244,1589,2833,1164,1339,2503
5202,"MOTOR VEHICLE THEFT","38.9126044218","-77.0326074916",18,0,18,1244,1589,2833,1164,1339,2503
5202,"THEFT/OTHER","38.9096495011","-77.0332633366",18,0,18,1244,1589,2833,1164,1339,2503
5202,"THEFT/OTHER","38.9129726074","-77.0365164284",18,0,18,1244,1589,2833,1164,1339,2503
5202,"THEFT/OTHER","38.912973942","-77.0319619643",18,0,18,1244,1589,2833,1164,1339,2503
5202,"THEFT/OTHER","38.9129726074","-77.0365164284",18,0,18,1244,1589,2833,1164,1339,2503
5202,"ROBBERY","38.9137126256","-77.0319622953",18,0,18,1244,1589,2833,1164,1339,2503
5202,"MOTOR VEHICLE THEFT","38.9077752604","-77.0349918801",18,0,18,1244,1589,2833,1164,1339,2503
5202,"THEFT/OTHER","38.9074504907","-77.0365251307",18,0,18,1244,1589,2833,1164,1339,2503
5202,"MOTOR VEHICLE THEFT","38.9137126256","-77.0319622953",18,0,18,1244,1589,2833,1164,1339,2503
5202,"MOTOR VEHICLE THEFT","38.9071750139","-77.0365299473",18,0,18,1244,1589,2833,1164,1339,2503
5202,"THEFT F/AUTO","38.9077752604","-77.0349918801",18,0,18,1244,1589,2833,1164,1339,2503
5202,"THEFT/OTHER","38.9096495011","-77.0332633366",18,0,18,1244,1589,2833,1164,1339,2503
5202,"THEFT/OTHER","38.9103791768","-77.0332636769",18,0,18,1244,1589,2833,1164,1339,2503
5202,"THEFT F/AUTO","38.9118655561","-77.03325284",18,0,18,1244,1589,2833,1164,1339,2503
5202,"THEFT/OTHER","38.9100101984","-77.0319606362",18,0,18,1244,1589,2833,1164,1339,2503
5202,"MOTOR VEHICLE THEFT","38.9114952364","-77.0365272021",18,0,18,1244,1589,2833,1164,1339,2503
5202,"THEFT F/AUTO","38.9096495011","-77.0332633366",18,0,18,1244,1589,2833,1164,1339,2503
5202,"BURGLARY","38.9100101984","-77.0319606362",18,0,18,1244,1589,2833,1164,1339,2503
5202,"BURGLARY","38.9100101984","-77.0319606362",18,0,18,1244,1589,2833,1164,1339,2503
5202,"MOTOR VEHICLE THEFT","38.912973942","-77.0319619643",18,0,18,1244,1589,2833,1164,1339,2503
5202,"THEFT F/AUTO","38.9100094566","-77.0345663732",18,0,18,1244,1589,2833,1164,1339,2503
5202,"BURGLARY","38.9100101984","-77.0319606362",18,0,18,1244,1589,2833,1164,1339,2503
5202,"THEFT/OTHER","38.9096495011","-77.0332633366",18,0,18,1244,1589,2833,1164,1339,2503
5202,"THEFT F/AUTO","38.9086939445","-77.0355457516",18,0,18,1244,1589,2833,1164,1339,2503
5202,"THEFT/OTHER","38.9103791768","-77.0332636769",18,0,18,1244,1589,2833,1164,1339,2503
5202,"BURGLARY","38.9122352583","-77.0319616332",18,0,18,1244,1589,2833,1164,1339,2503
5202,"BURGLARY","38.912973942","-77.0319619643",18,0,18,1244,1589,2833,1164,1339,2503
5202,"THEFT/OTHER","38.9114965746","-77.0319613022",18,0,18,1244,1589,2833,1164,1339,2503
5202,"MOTOR VEHICLE THEFT","38.9096495011","-77.0332633366",18,0,18,1244,1589,2833,1164,1339,2503
5202,"THEFT F/AUTO","38.9133519317","-77.0332535331",18,0,18,1244,1589,2833,1164,1339,2503
5202,"THEFT F/AUTO","38.9077752604","-77.0349918801",18,0,18,1244,1589,2833,1164,1339,2503
5202,"BURGLARY","38.9103791768","-77.0332636769",18,0,18,1244,1589,2833,1164,1339,2503
5202,"THEFT/OTHER","38.9091716808","-77.0345659672",18,0,18,1244,1589,2833,1164,1339,2503
5202,"ROBBERY","38.9096398205","-77.035546223",18,0,18,1244,1589,2833,1164,1339,2503
5202,"MOTOR VEHICLE THEFT","38.9137126256","-77.0319622953",18,0,18,1244,1589,2833,1164,1339,2503
5202,"BURGLARY","38.9122352583","-77.0319616332",18,0,18,1244,1589,2833,1164,1339,2503
5202,"THEFT/OTHER","38.9103785045","-77.0355465911",18,0,18,1244,1589,2833,1164,1339,2503
5202,"MOTOR VEHICLE THEFT","38.9133425453","-77.0345564583",18,0,18,1244,1589,2833,1164,1339,2503
5202,"THEFT/OTHER","38.9096495011","-77.0332633366",18,0,18,1244,1589,2833,1164,1339,2503
5202,"THEFT/OTHER","38.9083158881","-77.0345655525",18,0,18,1244,1589,2833,1164,1339,2503
5202,"THEFT F/AUTO","38.9086939445","-77.0355457516",18,0,18,1244,1589,2833,1164,1339,2503
5202,"THEFT/OTHER","38.9137126256","-77.0319622953",18,0,18,1244,1589,2833,1164,1339,2503
5202,"THEFT/OTHER","38.9122352583","-77.0319616332",18,0,18,1244,1589,2833,1164,1339,2503
5202,"THEFT/OTHER","38.9140904264","-77.0339111142",18,0,18,1244,1589,2833,1164,1339,2503
5202,"THEFT/OTHER","38.9114965746","-77.0319613022",18,0,18,1244,1589,2833,1164,1339,2503
5202,"THEFT/OTHER","38.9111171884","-77.0355469593",18,0,18,1244,1589,2833,1164,1339,2503
5202,"THEFT F/AUTO","38.9122352583","-77.0319616332",18,0,18,1244,1589,2833,1164,1339,2503
5202,"THEFT/OTHER","38.9111171884","-77.0355469593",18,0,18,1244,1589,2833,1164,1339,2503
5202,"MOTOR VEHICLE THEFT","38.9096495011","-77.0332633366",18,0,18,1244,1589,2833,1164,1339,2503
5202,"THEFT/OTHER","38.9118655561","-77.03325284",18,0,18,1244,1589,2833,1164,1339,2503
5202,"THEFT F/AUTO","38.9103791768","-77.0332636769",18,0,18,1244,1589,2833,1164,1339,2503
5202,"ROBBERY","38.9114958361","-77.0345555635",18,0,18,1244,1589,2833,1164,1339,2503
5202,"THEFT/OTHER","38.9133425453","-77.0345564583",18,0,18,1244,1589,2833,1164,1339,2503
5202,"MOTOR VEHICLE THEFT","38.9100101984","-77.0319606362",18,0,18,1244,1589,2833,1164,1339,2503
5202,"MOTOR VEHICLE THEFT","38.9137126256","-77.0319622953",18,0,18,1244,1589,2833,1164,1339,2503
5202,"THEFT/OTHER","38.9107481405","-77.0345667312",18,0,18,1244,1589,2833,1164,1339,2503
5202,"THEFT F/AUTO","38.9133519317","-77.0332535331",18,0,18,1244,1589,2833,1164,1339,2503
5202,"THEFT/OTHER","38.9083158881","-77.0345655525",18,0,18,1244,1589,2833,1164,1339,2503
5202,"MOTOR VEHICLE THEFT","38.9114952364","-77.0365272021",18,0,18,1244,1589,2833,1164,1339,2503
5202,"THEFT/OTHER","38.9091716808","-77.0345659672",18,0,18,1244,1589,2833,1164,1339,2503
5202,"THEFT/OTHER","38.9083158881","-77.0345655525",18,0,18,1244,1589,2833,1164,1339,2503
5202,"THEFT/OTHER","38.9077752604","-77.0349918801",18,0,18,1244,1589,2833,1164,1339,2503
5202,"MOTOR VEHICLE THEFT","38.9137126256","-77.0319622953",18,0,18,1244,1589,2833,1164,1339,2503
5202,"THEFT/OTHER","38.912973942","-77.0319619643",18,0,18,1244,1589,2833,1164,1339,2503
5202,"ASSAULT W/DANGEROUS WEAPON","38.9126044218","-77.0326074916",18,0,18,1244,1589,2833,1164,1339,2503
5202,"BURGLARY","38.9137126256","-77.0319622953",18,0,18,1244,1589,2833,1164,1339,2503
5202,"THEFT F/AUTO","38.9086939445","-77.0355457516",18,0,18,1244,1589,2833,1164,1339,2503
5202,"THEFT/OTHER","38.9086939445","-77.0355457516",18,0,18,1244,1589,2833,1164,1339,2503
5202,"THEFT F/AUTO","38.9122339238","-77.0365160502",18,0,18,1244,1589,2833,1164,1339,2503
5202,"MOTOR VEHICLE THEFT","38.9126040543","-77.0338988773",18,0,18,1244,1589,2833,1164,1339,2503
5202,"THEFT/OTHER","38.9126035678","-77.0355361698",18,0,18,1244,1589,2833,1164,1339,2503
5202,"MOTOR VEHICLE THEFT","38.9137126256","-77.0319622953",18,0,18,1244,1589,2833,1164,1339,2503
5202,"MOTOR VEHICLE THEFT","38.9096495011","-77.0332633366",18,0,18,1244,1589,2833,1164,1339,2503
5202,"ROBBERY","38.9096495011","-77.0332633366",18,0,18,1244,1589,2833,1164,1339,2503
5202,"THEFT F/AUTO","38.9118648841","-77.0355358018",18,0,18,1244,1589,2833,1164,1339,2503
5202,"THEFT/OTHER","38.9096495011","-77.0332633366",18,0,18,1244,1589,2833,1164,1339,2503
5202,"THEFT F/AUTO","38.9129726074","-77.0365164284",18,0,18,1244,1589,2833,1164,1339,2503
5202,"MOTOR VEHICLE THEFT","38.9137126256","-77.0319622953",18,0,18,1244,1589,2833,1164,1339,2503
5202,"THEFT/OTHER","38.9126044218","-77.0326074916",18,0,18,1244,1589,2833,1164,1339,2503
5203,"MOTOR VEHICLE THEFT","38.909235481","-77.031960289",0,0,0,2358,1111,3469,1246,962,2208
5203,"THEFT/OTHER","38.9080373712","-77.0319597522",0,0,0,2358,1111,3469,1246,962,2208
5203,"THEFT F/AUTO","38.9096495011","-77.0332633366",0,0,0,2358,1111,3469,1246,962,2208
5203,"MOTOR VEHICLE THEFT","38.909235481","-77.031960289",0,0,0,2358,1111,3469,1246,962,2208
5203,"THEFT/OTHER","38.9083793247","-77.0332627443",0,0,0,2358,1111,3469,1246,962,2208
5203,"THEFT F/AUTO","38.9072352649","-77.0332622108",0,0,0,2358,1111,3469,1246,962,2208
5203,"THEFT/OTHER","38.9066140526","-77.0319591144",0,0,0,2358,1111,3469,1246,962,2208
5203,"THEFT/OTHER","38.9083793247","-77.0332627443",0,0,0,2358,1111,3469,1246,962,2208
5203,"MOTOR VEHICLE THEFT","38.9056951632","-77.0320970521",0,0,0,2358,1111,3469,1246,962,2208
5203,"BURGLARY","38.9096495011","-77.0332633366",0,0,0,2358,1111,3469,1246,962,2208
5203,"THEFT/OTHER","38.9096495011","-77.0332633366",0,0,0,2358,1111,3469,1246,962,2208
5203,"THEFT/OTHER","38.9096495011","-77.0332633366",0,0,0,2358,1111,3469,1246,962,2208
5203,"MOTOR VEHICLE THEFT","38.9056951632","-77.0320970521",0,0,0,2358,1111,3469,1246,962,2208
5203,"MOTOR VEHICLE THEFT","38.9083793247","-77.0332627443",0,0,0,2358,1111,3469,1246,962,2208
5203,"THEFT/OTHER","38.909235481","-77.031960289",0,0,0,2358,1111,3469,1246,962,2208
5203,"BURGLARY","38.909235481","-77.031960289",0,0,0,2358,1111,3469,1246,962,2208
5203,"THEFT/OTHER","38.9080373712","-77.0319597522",0,0,0,2358,1111,3469,1246,962,2208
5203,"ROBBERY","38.9080373712","-77.0319597522",0,0,0,2358,1111,3469,1246,962,2208
5203,"THEFT/OTHER","38.9080373712","-77.0319597522",0,0,0,2358,1111,3469,1246,962,2208
5203,"THEFT/OTHER","38.9096495011","-77.0332633366",0,0,0,2358,1111,3469,1246,962,2208
5203,"MOTOR VEHICLE THEFT","38.9083793247","-77.0332627443",0,0,0,2358,1111,3469,1246,962,2208
5203,"THEFT/OTHER","38.9056991277","-77.032093941",0,0,0,2358,1111,3469,1246,962,2208
5203,"BURGLARY","38.9096495011","-77.0332633366",0,0,0,2358,1111,3469,1246,962,2208
5203,"ROBBERY","38.9056951632","-77.0320970521",0,0,0,2358,1111,3469,1246,962,2208
5203,"THEFT/OTHER","38.9096495011","-77.0332633366",0,0,0,2358,1111,3469,1246,962,2208
5203,"BURGLARY","38.909235481","-77.031960289",0,0,0,2358,1111,3469,1246,962,2208
5203,"THEFT/OTHER","38.9083158881","-77.0345655525",0,0,0,2358,1111,3469,1246,962,2208
5203,"ROBBERY","38.9096495011","-77.0332633366",0,0,0,2358,1111,3469,1246,962,2208
5203,"THEFT F/AUTO","38.9066140526","-77.0319591144",0,0,0,2358,1111,3469,1246,962,2208
5203,"THEFT/OTHER","38.9096495011","-77.0332633366",0,0,0,2358,1111,3469,1246,962,2208
5203,"THEFT/OTHER","38.9083793247","-77.0332627443",0,0,0,2358,1111,3469,1246,962,2208
5203,"THEFT/OTHER","38.9080373712","-77.0319597522",0,0,0,2358,1111,3469,1246,962,2208
5203,"BURGLARY","38.9083793247","-77.0332627443",0,0,0,2358,1111,3469,1246,962,2208
5203,"ASSAULT W/DANGEROUS WEAPON","38.9080373712","-77.0319597522",0,0,0,2358,1111,3469,1246,962,2208
5203,"THEFT/OTHER","38.9069646329","-77.034576427",0,0,0,2358,1111,3469,1246,962,2208
5203,"THEFT/OTHER","38.9096495011","-77.0332633366",0,0,0,2358,1111,3469,1246,962,2208
5203,"THEFT F/AUTO","38.9056951632","-77.0320970521",0,0,0,2358,1111,3469,1246,962,2208
5203,"THEFT/OTHER","38.9072352649","-77.0332622108",0,0,0,2358,1111,3469,1246,962,2208
5203,"THEFT/OTHER","38.9083793247","-77.0332627443",0,0,0,2358,1111,3469,1246,962,2208
5203,"THEFT/OTHER","38.9075862122","-77.0345651989",0,0,0,2358,1111,3469,1246,962,2208
5203,"MOTOR VEHICLE THEFT","38.909235481","-77.031960289",0,0,0,2358,1111,3469,1246,962,2208
5203,"THEFT/OTHER","38.9096495011","-77.0332633366",0,0,0,2358,1111,3469,1246,962,2208
5203,"ASSAULT W/DANGEROUS WEAPON","38.9072352649","-77.0332622108",0,0,0,2358,1111,3469,1246,962,2208
5203,"THEFT/OTHER","38.9083793247","-77.0332627443",0,0,0,2358,1111,3469,1246,962,2208
5203,"BURGLARY","38.9083793247","-77.0332627443",0,0,0,2358,1111,3469,1246,962,2208
5203,"THEFT/OTHER","38.9096495011","-77.0332633366",0,0,0,2358,1111,3469,1246,962,2208
5203,"MOTOR VEHICLE THEFT","38.9096495011","-77.0332633366",0,0,0,2358,1111,3469,1246,962,2208
5203,"THEFT F/AUTO","38.9080373712","-77.0319597522",0,0,0,2358,1111,3469,1246,962,2208
5203,"THEFT/OTHER","38.9083793247","-77.0332627443",0,0,0,2358,1111,3469,1246,962,2208
5203,"THEFT/OTHER","38.9096495011","-77.0332633366",0,0,0,2358,1111,3469,1246,962,2208
5203,"THEFT F/AUTO","38.9083793247","-77.0332627443",0,0,0,2358,1111,3469,1246,962,2208
5203,"THEFT F/AUTO","38.9080373712","-77.0319597522",0,0,0,2358,1111,3469,1246,962,2208
5203,"MOTOR VEHICLE THEFT","38.9083793247","-77.0332627443",0,0,0,2358,1111,3469,1246,962,2208
5203,"THEFT/OTHER","38.9096495011","-77.0332633366",0,0,0,2358,1111,3469,1246,962,2208
5203,"MOTOR VEHICLE THEFT","38.9069646329","-77.034576427",0,0,0,2358,1111,3469,1246,962,2208
5203,"ROBBERY","38.9096495011","-77.0332633366",0,0,0,2358,1111,3469,1246,962,2208
5203,"THEFT/OTHER","38.9072352649","-77.0332622108",0,0,0,2358,1111,3469,1246,962,2208
5203,"THEFT/OTHER","38.9066140526","-77.0319591144",0,0,0,2358,1111,3469,1246,962,2208
5203,"THEFT/OTHER","38.9066140526","-77.0319591144",0,0,0,2358,1111,3469,1246,962,2208
5203,"THEFT F/AUTO","38.9083793247","-77.0332627443",0,0,0,2358,1111,3469,1246,962,2208
5203,"THEFT F/AUTO","38.9083793247","-77.0332627443",0,0,0,2358,1111,3469,1246,962,2208
5203,"THEFT/OTHER","38.9080373712","-77.0319597522",0,0,0,2358,1111,3469,1246,962,2208
5203,"THEFT F/AUTO","38.9056991277","-77.032093941",0,0,0,2358,1111,3469,1246,962,2208
5203,"THEFT/OTHER","38.909235481","-77.031960289",0,0,0,2358,1111,3469,1246,962,2208
5203,"BURGLARY","38.909235481","-77.031960289",0,0,0,2358,1111,3469,1246,962,2208
5203,"THEFT/OTHER","38.9056951632","-77.0320970521",0,0,0,2358,1111,3469,1246,962,2208
5203,"THEFT F/AUTO","38.9069646329","-77.034576427",0,0,0,2358,1111,3469,1246,962,2208
5203,"THEFT/OTHER","38.9096495011","-77.0332633366",0,0,0,2358,1111,3469,1246,962,2208
5203,"THEFT/OTHER","38.9072352649","-77.0332622108",0,0,0,2358,1111,3469,1246,962,2208
5203,"THEFT/OTHER","38.9083793247","-77.0332627443",0,0,0,2358,1111,3469,1246,962,2208
5203,"ASSAULT W/DANGEROUS WEAPON","38.9072352649","-77.0332622108",0,0,0,2358,1111,3469,1246,962,2208
5203,"THEFT/OTHER","38.909235481","-77.031960289",0,0,0,2358,1111,3469,1246,962,2208
5203,"THEFT/OTHER","38.9066140526","-77.0319591144",0,0,0,2358,1111,3469,1246,962,2208
5203,"MOTOR VEHICLE THEFT","38.909235481","-77.031960289",0,0,0,2358,1111,3469,1246,962,2208
5203,"THEFT F/AUTO","38.9083158881","-77.0345655525",0,0,0,2358,1111,3469,1246,962,2208
5203,"THEFT/OTHER","38.9096495011","-77.0332633366",0,0,0,2358,1111,3469,1246,962,2208
5203,"THEFT/OTHER","38.9096495011","-77.0332633366",0,0,0,2358,1111,3469,1246,962,2208
5203,"THEFT/OTHER","38.9083793247","-77.0332627443",0,0,0,2358,1111,3469,1246,962,2208
5203,"THEFT/OTHER","38.9083158881","-77.0345655525",0,0,0,2358,1111,3469,1246,962,2208
5203,"ROBBERY","38.9080373712","-77.0319597522",0,0,0,2358,1111,3469,1246,962,2208
5203,"THEFT/OTHER","38.9096495011","-77.0332633366",0,0,0,2358,1111,3469,1246,962,2208
5203,"THEFT/OTHER","38.9083158881","-77.0345655525",0,0,0,2358,1111,3469,1246,962,2208
5203,"THEFT F/AUTO","38.9083793247","-77.0332627443",0,0,0,2358,1111,3469,1246,962,2208
5203,"THEFT F/AUTO","38.9083793247","-77.0332627443",0,0,0,2358,1111,3469,1246,962,2208
5203,"MOTOR VEHICLE THEFT","38.909235481","-77.031960289",0,0,0,2358,1111,3469,1246,962,2208
5203,"THEFT/OTHER","38.9080373712","-77.0319597522",0,0,0,2358,1111,3469,1246,962,2208
5203,"MOTOR VEHICLE THEFT","38.9083158881","-77.0345655525",0,0,0,2358,1111,3469,1246,962,2208
5203,"THEFT/OTHER","38.9096495011","-77.0332633366",0,0,0,2358,1111,3469,1246,962,2208
5203,"THEFT/OTHER","38.9080373712","-77.0319597522",0,0,0,2358,1111,3469,1246,962,2208
5203,"MOTOR VEHICLE THEFT","38.909235481","-77.031960289",0,0,0,2358,1111,3469,1246,962,2208
5203,"THEFT/OTHER","38.9096495011","-77.0332633366",0,0,0,2358,1111,3469,1246,962,2208
5203,"ROBBERY","38.9083793247","-77.0332627443",0,0,0,2358,1111,3469,1246,962,2208
5203,"MOTOR VEHICLE THEFT","38.9080373712","-77.0319597522",0,0,0,2358,1111,3469,1246,962,2208
5203,"THEFT/OTHER","38.9072352649","-77.0332622108",0,0,0,2358,1111,3469,1246,962,2208
5203,"THEFT/OTHER","38.9091716808","-77.0345659672",0,0,0,2358,1111,3469,1246,962,2208
5203,"MOTOR VEHICLE THEFT","38.9083158881","-77.0345655525",0,0,0,2358,1111,3469,1246,962,2208
5203,"THEFT/OTHER","38.9083793247","-77.0332627443",0,0,0,2358,1111,3469,1246,962,2208
5203,"ROBBERY","38.9083793247","-77.0332627443",0,0,0,2358,1111,3469,1246,962,2208
5203,"ASSAULT W/DANGEROUS WEAPON","38.905641151","-77.0319586785",0,0,0,2358,1111,3469,1246,962,2208
5203,"THEFT F/AUTO","38.9066140526","-77.0319591144",0,0,0,2358,1111,3469,1246,962,2208
5203,"THEFT F/AUTO","38.9083158881","-77.0345655525",0,0,0,2358,1111,3469,1246,962,2208
5203,"THEFT/OTHER","38.9096495011","-77.0332633366",0,0,0,2358,1111,3469,1246,962,2208
5203,"MOTOR VEHICLE THEFT","38.9080373712","-77.0319597522",0,0,0,2358,1111,3469,1246,962,2208
5203,"THEFT/OTHER","38.9096495011","-77.0332633366",0,0,0,2358,1111,3469,1246,962,2208
5203,"MOTOR VEHICLE THEFT","38.909235481","-77.031960289",0,0,0,2358,1111,3469,1246,962,2208
5203,"THEFT/OTHER","38.9083793247","-77.0332627443",0,0,0,2358,1111,3469,1246,962,2208
5203,"BURGLARY","38.9083158881","-77.0345655525",0,0,0,2358,1111,3469,1246,962,2208
5203,"MOTOR VEHICLE THEFT","38.9083793247","-77.0332627443",0,0,0,2358,1111,3469,1246,962,2208
5203,"THEFT/OTHER","38.9096495011","-77.0332633366",0,0,0,2358,1111,3469,1246,962,2208
5203,"MOTOR VEHICLE THEFT","38.9080373712","-77.0319597522",0,0,0,2358,1111,3469,1246,962,2208
5203,"MOTOR VEHICLE THEFT","38.9083793247","-77.0332627443",0,0,0,2358,1111,3469,1246,962,2208
5203,"THEFT/OTHER","38.9096495011","-77.0332633366",0,0,0,2358,1111,3469,1246,962,2208
5203,"THEFT/OTHER","38.9080373712","-77.0319597522",0,0,0,2358,1111,3469,1246,962,2208
5203,"THEFT F/AUTO","38.9072352649","-77.0332622108",0,0,0,2358,1111,3469,1246,962,2208
5203,"MOTOR VEHICLE THEFT","38.9080373712","-77.0319597522",0,0,0,2358,1111,3469,1246,962,2208
5203,"THEFT/OTHER","38.9083158881","-77.0345655525",0,0,0,2358,1111,3469,1246,962,2208
5203,"MOTOR VEHICLE THEFT","38.9080373712","-77.0319597522",0,0,0,2358,1111,3469,1246,962,2208
5203,"MOTOR VEHICLE THEFT","38.909235481","-77.031960289",0,0,0,2358,1111,3469,1246,962,2208
5203,"THEFT/OTHER","38.9096495011","-77.0332633366",0,0,0,2358,1111,3469,1246,962,2208
5203,"MOTOR VEHICLE THEFT","38.9080373712","-77.0319597522",0,0,0,2358,1111,3469,1246,962,2208
5203,"THEFT F/AUTO","38.9080373712","-77.0319597522",0,0,0,2358,1111,3469,1246,962,2208
5203,"THEFT/OTHER","38.9096495011","-77.0332633366",0,0,0,2358,1111,3469,1246,962,2208
5203,"THEFT/OTHER","38.9080373712","-77.0319597522",0,0,0,2358,1111,3469,1246,962,2208
5203,"THEFT/OTHER","38.9083793247","-77.0332627443",0,0,0,2358,1111,3469,1246,962,2208
5203,"THEFT/OTHER","38.909235481","-77.031960289",0,0,0,2358,1111,3469,1246,962,2208
5203,"BURGLARY","38.9056991277","-77.032093941",0,0,0,2358,1111,3469,1246,962,2208
5203,"THEFT/OTHER","38.9083793247","-77.0332627443",0,0,0,2358,1111,3469,1246,962,2208
5203,"MOTOR VEHICLE THEFT","38.9080373712","-77.0319597522",0,0,0,2358,1111,3469,1246,962,2208
5203,"THEFT/OTHER","38.9080373712","-77.0319597522",0,0,0,2358,1111,3469,1246,962,2208
5203,"THEFT/OTHER","38.9096495011","-77.0332633366",0,0,0,2358,1111,3469,1246,962,2208
5203,"THEFT/OTHER","38.9056951632","-77.0320970521",0,0,0,2358,1111,3469,1246,962,2208
5203,"THEFT/OTHER","38.9066140526","-77.0319591144",0,0,0,2358,1111,3469,1246,962,2208
5203,"THEFT/OTHER","38.9056991277","-77.032093941",0,0,0,2358,1111,3469,1246,962,2208
5203,"ROBBERY","38.9083793247","-77.0332627443",0,0,0,2358,1111,3469,1246,962,2208
5203,"THEFT/OTHER","38.9096495011","-77.0332633366",0,0,0,2358,1111,3469,1246,962,2208
5203,"THEFT/OTHER","38.9056951632","-77.0320970521",0,0,0,2358,1111,3469,1246,962,2208
5203,"ROBBERY","38.9066140526","-77.0319591144",0,0,0,2358,1111,3469,1246,962,2208
5203,"THEFT/OTHER","38.9096495011","-77.0332633366",0,0,0,2358,1111,3469,1246,962,2208
5203,"MOTOR VEHICLE THEFT","38.9075862122","-77.0345651989",0,0,0,2358,1111,3469,1246,962,2208
5302,"ROBBERY","38.9113223531","-77.0416810342",0,0,0,1132,1396,2528,1132,1272,2404
5302,"THEFT/OTHER","38.9118642678","-77.0375074505",0,0,0,1132,1396,2528,1132,1272,2404
5302,"MOTOR VEHICLE THEFT","38.9122332909","-77.0384877092",0,0,0,1132,1396,2528,1132,1272,2404
5302,"THEFT F/AUTO","38.9126022668","-77.0395832802",0,0,0,1132,1396,2528,1132,1272,2404
5302,"THEFT F/AUTO","38.9111247303","-77.0400782499",0,0,0,1132,1396,2528,1132,1272,2404
5302,"THEFT/OTHER","38.9118642678","-77.0375074505",0,0,0,1132,1396,2528,1132,1272,2404
5302,"THEFT/OTHER","38.9118634655","-77.0399287735",0,0,0,1132,1396,2528,1132,1272,2404
5302,"BURGLARY","38.9129719746","-77.0384881078",0,0,0,1132,1396,2528,1132,1272,2404
5302,"BURGLARY","38.9114946072","-77.0384873105",0,0,0,1132,1396,2528,1132,1272,2404
5302,"BURGLARY","38.911125584","-77.0375070621",0,0,0,1132,1396,2528,1132,1272,2404
5302,"MOTOR VEHICLE THEFT","38.9118634655","-77.0399287735",0,0,0,1132,1396,2528,1132,1272,2404
5302,"BURGLARY","38.911125584","-77.0375070621",0,0,0,1132,1396,2528,1132,1272,2404
5302,"BURGLARY","38.9122332909","-77.0384877092",0,0,0,1132,1396,2528,1132,1272,2404
5302,"THEFT F/AUTO","38.9114946072","-77.0384873105",0,0,0,1132,1396,2528,1132,1272,2404
5302,"THEFT/OTHER","38.9126022668","-77.0395832802",0,0,0,1132,1396,2528,1132,1272,2404
5302,"THEFT/OTHER","38.9114952364","-77.0365272021",0,0,0,1132,1396,2528,1132,1272,2404
5302,"THEFT/OTHER","38.9118642678","-77.0375074505",0,0,0,1132,1396,2528,1132,1272,2404
5302,"THEFT/OTHER","38.9118634655","-77.0399287735",0,0,0,1132,1396,2528,1132,1272,2404
5302,"THEFT F/AUTO","38.9137192888","-77.0396184914",0,0,0,1132,1396,2528,1132,1272,2404
5302,"THEFT/OTHER","38.9122332909","-77.0384877092",0,0,0,1132,1396,2528,1132,1272,2404
5302,"THEFT/OTHER","38.9118634655","-77.0399287735",0,0,0,1132,1396,2528,1132,1272,2404
5302,"THEFT/OTHER","38.9126029515","-77.037507839",0,0,0,1132,1396,2528,1132,1272,2404
5302,"THEFT/OTHER","38.9118634655","-77.0399287735",0,0,0,1132,1396,2528,1132,1272,2404
5302,"THEFT/OTHER","38.9129719746","-77.0384881078",0,0,0,1132,1396,2528,1132,1272,2404
5302,"BURGLARY","38.9114946072","-77.0384873105",0,0,0,1132,1396,2528,1132,1272,2404
5302,"THEFT F/AUTO","38.9129719746","-77.0384881078",0,0,0,1132,1396,2528,1132,1272,2404
5302,"THEFT/OTHER","38.9118634655","-77.0399287735",0,0,0,1132,1396,2528,1132,1272,2404
5302,"THEFT/OTHER","38.9126029515","-77.037507839",0,0,0,1132,1396,2528,1132,1272,2404
5302,"THEFT F/AUTO","38.9140893306","-77.0374970902",0,0,0,1132,1396,2528,1132,1272,2404
5302,"THEFT/OTHER","38.9118634655","-77.0399287735",0,0,0,1132,1396,2528,1132,1272,2404
5302,"THEFT/OTHER","38.911125584","-77.0375070621",0,0,0,1132,1396,2528,1132,1272,2404
5302,"BURGLARY","38.9126029515","-77.037507839",0,0,0,1132,1396,2528,1132,1272,2404
5302,"THEFT/OTHER","38.9118634655","-77.0399287735",0,0,0,1132,1396,2528,1132,1272,2404
5302,"THEFT/OTHER","38.9126029515","-77.037507839",0,0,0,1132,1396,2528,1132,1272,2404
5302,"MOTOR VEHICLE THEFT","38.9114946072","-77.0384873105",0,0,0,1132,1396,2528,1132,1272,2404
5302,"THEFT/OTHER","38.9126029515","-77.037507839",0,0,0,1132,1396,2528,1132,1272,2404
5302,"MOTOR VEHICLE THEFT","38.9133506471","-77.0374967019",0,0,0,1132,1396,2528,1132,1272,2404
5302,"THEFT/OTHER","38.9129719746","-77.0384881078",0,0,0,1132,1396,2528,1132,1272,2404
5302,"BURGLARY","38.9126029515","-77.037507839",0,0,0,1132,1396,2528,1132,1272,2404
5302,"THEFT/OTHER","38.9118634655","-77.0399287735",0,0,0,1132,1396,2528,1132,1272,2404
5302,"BURGLARY","38.9122332909","-77.0384877092",0,0,0,1132,1396,2528,1132,1272,2404
5302,"BURGLARY","38.911125584","-77.0375070621",0,0,0,1132,1396,2528,1132,1272,2404
5302,"THEFT F/AUTO","38.9129719746","-77.0384881078",0,0,0,1132,1396,2528,1132,1272,2404
5302,"THEFT/OTHER","38.9114946072","-77.0384873105",0,0,0,1132,1396,2528,1132,1272,2404
5302,"BURGLARY","38.9129719746","-77.0384881078",0,0,0,1132,1396,2528,1132,1272,2404
5302,"THEFT/OTHER","38.9129803686","-77.0403098984",0,0,0,1132,1396,2528,1132,1272,2404
5302,"THEFT/OTHER","38.9126022668","-77.0395832802",0,0,0,1132,1396,2528,1132,1272,2404
5302,"ROBBERY","38.9114952364","-77.0365272021",0,0,0,1132,1396,2528,1132,1272,2404
5302,"THEFT/OTHER","38.9114952364","-77.0365272021",0,0,0,1132,1396,2528,1132,1272,2404
5302,"BURGLARY","38.9114946072","-77.0384873105",0,0,0,1132,1396,2528,1132,1272,2404
5302,"BURGLARY","38.9114946072","-77.0384873105",0,0,0,1132,1396,2528,1132,1272,2404
5302,"THEFT F/AUTO","38.9129719746","-77.0384881078",0,0,0,1132,1396,2528,1132,1272,2404
5302,"THEFT/OTHER","38.9118634655","-77.0399287735",0,0,0,1132,1396,2528,1132,1272,2404
5302,"BURGLARY","38.9122332909","-77.0384877092",0,0,0,1132,1396,2528,1132,1272,2404
5302,"THEFT F/AUTO","38.9114952364","-77.0365272021",0,0,0,1132,1396,2528,1132,1272,2404
5302,"THEFT F/AUTO","38.9126029515","-77.037507839",0,0,0,1132,1396,2528,1132,1272,2404
5302,"THEFT/OTHER","38.9114946072","-77.0384873105",0,0,0,1132,1396,2528,1132,1272,2404
5302,"ROBBERY","38.9126029515","-77.037507839",0,0,0,1132,1396,2528,1132,1272,2404
5302,"THEFT/OTHER","38.9114952364","-77.0365272021",0,0,0,1132,1396,2528,1132,1272,2404
5302,"THEFT/OTHER","38.9126029515","-77.037507839",0,0,0,1132,1396,2528,1132,1272,2404
5302,"MOTOR VEHICLE THEFT","38.9129719746","-77.0384881078",0,0,0,1132,1396,2528,1132,1272,2404
5302,"THEFT F/AUTO","38.9126022668","-77.0395832802",0,0,0,1132,1396,2528,1132,1272,2404
5302,"THEFT F/AUTO","38.9133506471","-77.0374967019",0,0,0,1132,1396,2528,1132,1272,2404
5302,"THEFT/OTHER","38.9122332909","-77.0384877092",0,0,0,1132,1396,2528,1132,1272,2404
5302,"THEFT/OTHER","38.9118634655","-77.0399287735",0,0,0,1132,1396,2528,1132,1272,2404
5302,"THEFT/OTHER","38.9137196665","-77.0384885113",0,0,0,1132,1396,2528,1132,1272,2404
5302,"THEFT/OTHER","38.9137196665","-77.0384885113",0,0,0,1132,1396,2528,1132,1272,2404
5302,"THEFT/OTHER","38.9118634655","-77.0399287735",0,0,0,1132,1396,2528,1132,1272,2404
5302,"BURGLARY","38.9126029515","-77.037507839",0,0,0,1132,1396,2528,1132,1272,2404
5302,"THEFT/OTHER","38.9118642678","-77.0375074505",0,0,0,1132,1396,2528,1132,1272,2404
5302,"BURGLARY","38.9114946072","-77.0384873105",0,0,0,1132,1396,2528,1132,1272,2404
5302,"THEFT/OTHER","38.9118642678","-77.0375074505",0,0,0,1132,1396,2528,1132,1272,2404
5303,"MOTOR VEHICLE THEFT","38.9096383502","-77.0400889444",0,0,0,1532,1159,2691,1426,1062,2488
5303,"MOTOR VEHICLE THEFT","38.9096383502","-77.0400889444",0,0,0,1532,1159,2691,1426,1062,2488
5303,"THEFT/OTHER","38.9103860425","-77.0400893646",0,0,0,1532,1159,2691,1426,1062,2488
5303,"THEFT/OTHER","38.9096383502","-77.0400889444",0,0,0,1532,1159,2691,1426,1062,2488
5303,"MOTOR VEHICLE THEFT","38.9099166688","-77.0427409541",0,0,0,1532,1159,2691,1426,1062,2488
5303,"THEFT F/AUTO","38.9091614431","-77.0384975812",0,0,0,1532,1159,2691,1426,1062,2488
5303,"THEFT F/AUTO","38.9084762739","-77.0400882912",0,0,0,1532,1159,2691,1426,1062,2488
5303,"THEFT F/AUTO","38.9100082273","-77.0384980383",0,0,0,1532,1159,2691,1426,1062,2488
5303,"THEFT/OTHER","38.9100082273","-77.0384980383",0,0,0,1532,1159,2691,1426,1062,2488
5303,"THEFT/OTHER","38.9096392041","-77.0375178102",0,0,0,1532,1159,2691,1426,1062,2488
5303,"THEFT F/AUTO","38.9111247303","-77.0400782499",0,0,0,1532,1159,2691,1426,1062,2488
5303,"THEFT/OTHER","38.9096383502","-77.0400889444",0,0,0,1532,1159,2691,1426,1062,2488
5303,"BURGLARY","38.9107469112","-77.038498437",0,0,0,1532,1159,2691,1426,1062,2488
5303,"THEFT F/AUTO","38.9103860425","-77.0400893646",0,0,0,1532,1159,2691,1426,1062,2488
5303,"THEFT F/AUTO","38.9103860425","-77.0400893646",0,0,0,1532,1159,2691,1426,1062,2488
5303,"THEFT F/AUTO","38.9100082273","-77.0384980383",0,0,0,1532,1159,2691,1426,1062,2488
5303,"THEFT/OTHER","38.9096383502","-77.0400889444",0,0,0,1532,1159,2691,1426,1062,2488
5303,"MOTOR VEHICLE THEFT","38.911125584","-77.0375070621",0,0,0,1532,1159,2691,1426,1062,2488
5303,"ASSAULT W/DANGEROUS WEAPON","38.9071750139","-77.0365299473",0,0,0,1532,1159,2691,1426,1062,2488
5303,"THEFT F/AUTO","38.9096383502","-77.0400889444",0,0,0,1532,1159,2691,1426,1062,2488
5303,"BURGLARY","38.9100082273","-77.0384980383",0,0,0,1532,1159,2691,1426,1062,2488
5303,"THEFT F/AUTO","38.9096383502","-77.0400889444",0,0,0,1532,1159,2691,1426,1062,2488
5303,"THEFT/OTHER","38.9100088603","-77.0365264409",0,0,0,1532,1159,2691,1426,1062,2488
5303,"THEFT F/AUTO","38.9103860425","-77.0400893646",0,0,0,1532,1159,2691,1426,1062,2488
5303,"THEFT/OTHER","38.9077742942","-77.0380817723",0,0,0,1532,1159,2691,1426,1062,2488
5303,"THEFT F/AUTO","38.9107548318","-77.0416691727",0,0,0,1532,1159,2691,1426,1062,2488
5303,"THEFT F/AUTO","38.9100071354","-77.0416802657",0,0,0,1532,1159,2691,1426,1062,2488
5303,"THEFT/OTHER","38.9107469112","-77.038498437",0,0,0,1532,1159,2691,1426,1062,2488
5303,"THEFT F/AUTO","38.9111247303","-77.0400782499",0,0,0,1532,1159,2691,1426,1062,2488
5303,"BURGLARY","38.9100082273","-77.0384980383",0,0,0,1532,1159,2691,1426,1062,2488
5303,"MOTOR VEHICLE THEFT","38.9096383502","-77.0400889444",0,0,0,1532,1159,2691,1426,1062,2488
5303,"ROBBERY","38.9096383502","-77.0400889444",0,0,0,1532,1159,2691,1426,1062,2488
5303,"THEFT/OTHER","38.9103860425","-77.0400893646",0,0,0,1532,1159,2691,1426,1062,2488
5303,"MOTOR VEHICLE THEFT","38.911125584","-77.0375070621",0,0,0,1532,1159,2691,1426,1062,2488
5303,"THEFT/OTHER","38.9096392041","-77.0375178102",0,0,0,1532,1159,2691,1426,1062,2488
5303,"THEFT F/AUTO","38.9100071354","-77.0416802657",0,0,0,1532,1159,2691,1426,1062,2488
5303,"ROBBERY","38.9100088603","-77.0365264409",0,0,0,1532,1159,2691,1426,1062,2488
5303,"THEFT F/AUTO","38.9111247303","-77.0400782499",0,0,0,1532,1159,2691,1426,1062,2488
5303,"THEFT/OTHER","38.911125584","-77.0375070621",0,0,0,1532,1159,2691,1426,1062,2488
5303,"THEFT/OTHER","38.9096392041","-77.0375178102",0,0,0,1532,1159,2691,1426,1062,2488
5303,"THEFT F/AUTO","38.9084762739","-77.0400882912",0,0,0,1532,1159,2691,1426,1062,2488
5303,"BURGLARY","38.9100082273","-77.0384980383",0,0,0,1532,1159,2691,1426,1062,2488
5303,"THEFT/OTHER","38.9100088603","-77.0365264409",0,0,0,1532,1159,2691,1426,1062,2488
5303,"BURGLARY","38.9100082273","-77.0384980383",0,0,0,1532,1159,2691,1426,1062,2488
5303,"THEFT/OTHER","38.9100082273","-77.0384980383",0,0,0,1532,1159,2691,1426,1062,2488
5303,"MOTOR VEHICLE THEFT","38.9096392041","-77.0375178102",0,0,0,1532,1159,2691,1426,1062,2488
5303,"THEFT F/AUTO","38.9096383502","-77.0400889444",0,0,0,1532,1159,2691,1426,1062,2488
5303,"THEFT/OTHER","38.9092052068","-77.0421986327",0,0,0,1532,1159,2691,1426,1062,2488
5303,"THEFT F/AUTO","38.9096383502","-77.0400889444",0,0,0,1532,1159,2691,1426,1062,2488
5303,"THEFT F/AUTO","38.9100082273","-77.0384980383",0,0,0,1532,1159,2691,1426,1062,2488
5303,"THEFT/OTHER","38.9096392041","-77.0375178102",0,0,0,1532,1159,2691,1426,1062,2488
5303,"THEFT F/AUTO","38.9111247303","-77.0400782499",0,0,0,1532,1159,2691,1426,1062,2488
5303,"THEFT F/AUTO","38.9111247303","-77.0400782499",0,0,0,1532,1159,2691,1426,1062,2488
5303,"THEFT/OTHER","38.9091614431","-77.0384975812",0,0,0,1532,1159,2691,1426,1062,2488
5303,"THEFT/OTHER","38.9107469112","-77.038498437",0,0,0,1532,1159,2691,1426,1062,2488
5303,"ROBBERY","38.9096383502","-77.0400889444",0,0,0,1532,1159,2691,1426,1062,2488
5303,"THEFT F/AUTO","38.9103860425","-77.0400893646",0,0,0,1532,1159,2691,1426,1062,2488
5303,"THEFT F/AUTO","38.9100088603","-77.0365264409",0,0,0,1532,1159,2691,1426,1062,2488
5303,"THEFT/OTHER","38.9107548318","-77.0416691727",0,0,0,1532,1159,2691,1426,1062,2488
5303,"THEFT F/AUTO","38.9096383502","-77.0400889444",0,0,0,1532,1159,2691,1426,1062,2488
5303,"THEFT/OTHER","38.9091614431","-77.0384975812",0,0,0,1532,1159,2691,1426,1062,2488
5303,"ROBBERY","38.9096392041","-77.0375178102",0,0,0,1532,1159,2691,1426,1062,2488
5303,"BURGLARY","38.9107469112","-77.038498437",0,0,0,1532,1159,2691,1426,1062,2488
5303,"ROBBERY","38.9107469112","-77.038498437",0,0,0,1532,1159,2691,1426,1062,2488
5303,"THEFT F/AUTO","38.9084762739","-77.0400882912",0,0,0,1532,1159,2691,1426,1062,2488
5303,"THEFT/OTHER","38.9096383502","-77.0400889444",0,0,0,1532,1159,2691,1426,1062,2488
5303,"ASSAULT W/DANGEROUS WEAPON","38.9099166688","-77.0427409541",0,0,0,1532,1159,2691,1426,1062,2488
5303,"THEFT/OTHER","38.9091614431","-77.0384975812",0,0,0,1532,1159,2691,1426,1062,2488
5303,"THEFT F/AUTO","38.9084762739","-77.0400882912",0,0,0,1532,1159,2691,1426,1062,2488
5303,"ROBBERY","38.9111247303","-77.0400782499",0,0,0,1532,1159,2691,1426,1062,2488
5303,"THEFT F/AUTO","38.9103860425","-77.0400893646",0,0,0,1532,1159,2691,1426,1062,2488
5303,"MOTOR VEHICLE THEFT","38.9091620761","-77.0365260072",0,0,0,1532,1159,2691,1426,1062,2488
5303,"THEFT/OTHER","38.9096383502","-77.0400889444",0,0,0,1532,1159,2691,1426,1062,2488
5303,"THEFT F/AUTO","38.9107548318","-77.0416691727",0,0,0,1532,1159,2691,1426,1062,2488
5303,"THEFT/OTHER","38.9091620761","-77.0365260072",0,0,0,1532,1159,2691,1426,1062,2488
5303,"MOTOR VEHICLE THEFT","38.9107469112","-77.038498437",0,0,0,1532,1159,2691,1426,1062,2488
5303,"THEFT/OTHER","38.9096392041","-77.0375178102",0,0,0,1532,1159,2691,1426,1062,2488
5303,"THEFT F/AUTO","38.9106284076","-77.0425223123",0,0,0,1532,1159,2691,1426,1062,2488
5303,"THEFT/OTHER","38.9083056505","-77.0384971193",0,0,0,1532,1159,2691,1426,1062,2488
5303,"THEFT/OTHER","38.9099166688","-77.0427409541",0,0,0,1532,1159,2691,1426,1062,2488
5303,"THEFT F/AUTO","38.9103776601","-77.0382215208",0,0,0,1532,1159,2691,1426,1062,2488
5303,"BURGLARY","38.9100082273","-77.0384980383",0,0,0,1532,1159,2691,1426,1062,2488
5303,"THEFT/OTHER","38.9091620761","-77.0365260072",0,0,0,1532,1159,2691,1426,1062,2488
5501,"THEFT/OTHER","38.9068334346","-77.048815047",64,0,64,601,1093,1694,571,991,1562
5501,"THEFT/OTHER","38.9068334346","-77.048815047",64,0,64,601,1093,1694,571,991,1562
5501,"THEFT F/AUTO","38.9068334346","-77.048815047",64,0,64,601,1093,1694,571,991,1562
5501,"ROBBERY","38.9058425164","-77.0488143688",64,0,64,601,1093,1694,571,991,1562
5501,"THEFT/OTHER","38.9062473454","-77.0501059168",64,0,64,601,1093,1694,571,991,1562
5501,"BURGLARY","38.9072392579","-77.0477315645",64,0,64,601,1093,1694,571,991,1562
5501,"MOTOR VEHICLE THEFT","38.9055819143","-77.0472577625",64,0,64,601,1093,1694,571,991,1562
5501,"THEFT F/AUTO","38.9072379798","-77.0507637864",64,0,64,601,1093,1694,571,991,1562
5501,"THEFT/OTHER","38.9045092808","-77.0488134565",64,0,64,601,1093,1694,571,991,1562
5501,"THEFT F/AUTO","38.9062473454","-77.0501059168",64,0,64,601,1093,1694,571,991,1562
5501,"THEFT/OTHER","38.9030404322","-77.0499653199",64,0,64,601,1093,1694,571,991,1562
5501,"THEFT F/AUTO","38.9072392579","-77.0477315645",64,0,64,601,1093,1694,571,991,1562
5501,"THEFT/OTHER","38.9052566974","-77.0494711234",64,0,64,601,1093,1694,571,991,1562
5501,"THEFT F/AUTO","38.9055819143","-77.0472577625",64,0,64,601,1093,1694,571,991,1562
5501,"THEFT F/AUTO","38.9067352283","-77.0466474746",64,0,64,601,1093,1694,571,991,1562
5501,"THEFT F/AUTO","38.9072392579","-77.0477315645",64,0,64,601,1093,1694,571,991,1562
5501,"THEFT/OTHER","38.9052572513","-77.0481452838",64,0,64,601,1093,1694,571,991,1562
5501,"THEFT/OTHER","38.9058425164","-77.0488143688",64,0,64,601,1093,1694,571,991,1562
5501,"THEFT/OTHER","38.9045092808","-77.0488134565",64,0,64,601,1093,1694,571,991,1562
5501,"BURGLARY","38.9058425164","-77.0488143688",64,0,64,601,1093,1694,571,991,1562
5501,"THEFT F/AUTO","38.9072379798","-77.0507637864",64,0,64,601,1093,1694,571,991,1562
5501,"THEFT/OTHER","38.9037342716","-77.049504654",64,0,64,601,1093,1694,571,991,1562
5501,"BURGLARY","38.9052566974","-77.0494711234",64,0,64,601,1093,1694,571,991,1562
5501,"THEFT F/AUTO","38.9052561435","-77.050762376",64,0,64,601,1093,1694,571,991,1562
5501,"THEFT F/AUTO","38.9037337274","-77.0507728214",64,0,64,601,1093,1694,571,991,1562
5501,"THEFT/OTHER","38.9052561435","-77.050762376",64,0,64,601,1093,1694,571,991,1562
5501,"THEFT/OTHER","38.9052566974","-77.0494711234",64,0,64,601,1093,1694,571,991,1562
5501,"THEFT F/AUTO","38.9052561435","-77.050762376",64,0,64,601,1093,1694,571,991,1562
5501,"THEFT/OTHER","38.9052566974","-77.0494711234",64,0,64,601,1093,1694,571,991,1562
5501,"THEFT/OTHER","38.9052566974","-77.0494711234",64,0,64,601,1093,1694,571,991,1562
5501,"MOTOR VEHICLE THEFT","38.9065326442","-77.0475078853",64,0,64,601,1093,1694,571,991,1562
5501,"BURGLARY","38.9052561435","-77.050762376",64,0,64,601,1093,1694,571,991,1562
5501,"THEFT/OTHER","38.9052566974","-77.0494711234",64,0,64,601,1093,1694,571,991,1562
5501,"THEFT F/AUTO","38.9062473454","-77.0501059168",64,0,64,601,1093,1694,571,991,1562
5501,"THEFT F/AUTO","38.9062473454","-77.0501059168",64,0,64,601,1093,1694,571,991,1562
5501,"THEFT/OTHER","38.9068334346","-77.048815047",64,0,64,601,1093,1694,571,991,1562
5501,"THEFT/OTHER","38.9058425164","-77.0488143688",64,0,64,601,1093,1694,571,991,1562
5501,"THEFT F/AUTO","38.9072379798","-77.0507637864",64,0,64,601,1093,1694,571,991,1562
5501,"BURGLARY","38.9037342716","-77.049504654",64,0,64,601,1093,1694,571,991,1562
5501,"THEFT F/AUTO","38.9037342716","-77.049504654",64,0,64,601,1093,1694,571,991,1562
5501,"THEFT/OTHER","38.9058425164","-77.0488143688",64,0,64,601,1093,1694,571,991,1562
5501,"THEFT/OTHER","38.9055819143","-77.0472577625",64,0,64,601,1093,1694,571,991,1562
5501,"THEFT F/AUTO","38.9072392579","-77.0477315645",64,0,64,601,1093,1694,571,991,1562
5501,"THEFT/OTHER","38.9062467794","-77.0514087164",64,0,64,601,1093,1694,571,991,1562
5501,"THEFT/OTHER","38.9058425164","-77.0488143688",64,0,64,601,1093,1694,571,991,1562
5501,"ROBBERY","38.9052566974","-77.0494711234",64,0,64,601,1093,1694,571,991,1562
5501,"THEFT F/AUTO","38.9052561435","-77.050762376",64,0,64,601,1093,1694,571,991,1562
5501,"THEFT/OTHER","38.9052566974","-77.0494711234",64,0,64,601,1093,1694,571,991,1562
5501,"THEFT F/AUTO","38.9062467794","-77.0514087164",64,0,64,601,1093,1694,571,991,1562
5501,"ROBBERY","38.9058425164","-77.0488143688",64,0,64,601,1093,1694,571,991,1562
5501,"THEFT/OTHER","38.9052572513","-77.0481452838",64,0,64,601,1093,1694,571,991,1562
5501,"THEFT F/AUTO","38.9065326442","-77.0475078853",64,0,64,601,1093,1694,571,991,1562
5501,"THEFT/OTHER","38.9062467794","-77.0514087164",64,0,64,601,1093,1694,571,991,1562
5501,"THEFT/OTHER","38.9058425164","-77.0488143688",64,0,64,601,1093,1694,571,991,1562
5501,"THEFT F/AUTO","38.9072379798","-77.0507637864",64,0,64,601,1093,1694,571,991,1562
5501,"THEFT F/AUTO","38.9044991548","-77.0514189858",64,0,64,601,1093,1694,571,991,1562
5501,"THEFT F/AUTO","38.9068334346","-77.048815047",64,0,64,601,1093,1694,571,991,1562
5501,"MOTOR VEHICLE THEFT","38.9052566974","-77.0494711234",64,0,64,601,1093,1694,571,991,1562
5501,"THEFT/OTHER","38.9045092808","-77.0488134565",64,0,64,601,1093,1694,571,991,1562
5501,"THEFT F/AUTO","38.9072379798","-77.0507637864",64,0,64,601,1093,1694,571,991,1562
5501,"THEFT/OTHER","38.9037342716","-77.049504654",64,0,64,601,1093,1694,571,991,1562
5501,"BURGLARY","38.9072392579","-77.0477315645",64,0,64,601,1093,1694,571,991,1562
5501,"THEFT/OTHER","38.9068334346","-77.048815047",64,0,64,601,1093,1694,571,991,1562
5501,"THEFT F/AUTO","38.9065326442","-77.0475078853",64,0,64,601,1093,1694,571,991,1562
5501,"THEFT/OTHER","38.9068334346","-77.048815047",64,0,64,601,1093,1694,571,991,1562
5501,"THEFT F/AUTO","38.9058425164","-77.0488143688",64,0,64,601,1093,1694,571,991,1562
5501,"THEFT F/AUTO","38.9062473454","-77.0501059168",64,0,64,601,1093,1694,571,991,1562
5501,"THEFT/OTHER","38.9052566974","-77.0494711234",64,0,64,601,1093,1694,571,991,1562
5501,"THEFT/OTHER","38.9058425164","-77.0488143688",64,0,64,601,1093,1694,571,991,1562
5501,"THEFT F/AUTO","38.9062473454","-77.0501059168",64,0,64,601,1093,1694,571,991,1562
5501,"THEFT F/AUTO","38.9037342716","-77.049504654",64,0,64,601,1093,1694,571,991,1562
5501,"THEFT/OTHER","38.9058425164","-77.0488143688",64,0,64,601,1093,1694,571,991,1562
5501,"MOTOR VEHICLE THEFT","38.9045092808","-77.0488134565",64,0,64,601,1093,1694,571,991,1562
5501,"THEFT/OTHER","38.9058425164","-77.0488143688",64,0,64,601,1093,1694,571,991,1562
5501,"BURGLARY","38.9068334346","-77.048815047",64,0,64,601,1093,1694,571,991,1562
5502,"BURGLARY","38.9133387609","-77.0455910014",29,22,51,1159,1187,2346,1015,926,1941
5502,"THEFT F/AUTO","38.9099274291","-77.0436069637",29,22,51,1159,1187,2346,1015,926,1941
5502,"THEFT F/AUTO","38.9113108107","-77.0482646703",29,22,51,1159,1187,2346,1015,926,1941
5502,"THEFT/OTHER","38.9093576286","-77.0441472433",29,22,51,1159,1187,2346,1015,926,1941
5502,"THEFT/OTHER","38.9093576286","-77.0441472433",29,22,51,1159,1187,2346,1015,926,1941
5502,"THEFT F/AUTO","38.9133203347","-77.0466287209",29,22,51,1159,1187,2346,1015,926,1941
5502,"THEFT/OTHER","38.9093576286","-77.0441472433",29,22,51,1159,1187,2346,1015,926,1941
5502,"THEFT F/AUTO","38.9078968718","-77.0477204751",29,22,51,1159,1187,2346,1015,926,1941
5502,"THEFT/OTHER","38.9096281425","-77.043444096",29,22,51,1159,1187,2346,1015,926,1941
5502,"THEFT/OTHER","38.9093576286","-77.0441472433",29,22,51,1159,1187,2346,1015,926,1941
5502,"BURGLARY","38.909635482","-77.0477216383",29,22,51,1159,1187,2346,1015,926,1941
5502,"THEFT/OTHER","38.9093576286","-77.0441472433",29,22,51,1159,1187,2346,1015,926,1941
5502,"THEFT F/AUTO","38.909635482","-77.0477216383",29,22,51,1159,1187,2346,1015,926,1941
5502,"THEFT/OTHER","38.9093576286","-77.0441472433",29,22,51,1159,1187,2346,1015,926,1941
5502,"THEFT/OTHER","38.9093576286","-77.0441472433",29,22,51,1159,1187,2346,1015,926,1941
5502,"THEFT F/AUTO","38.9085634893","-77.0477209211",29,22,51,1159,1187,2346,1015,926,1941
5502,"THEFT/OTHER","38.9093576286","-77.0441472433",29,22,51,1159,1187,2346,1015,926,1941
5502,"THEFT/OTHER","38.9096281425","-77.043444096",29,22,51,1159,1187,2346,1015,926,1941
5502,"THEFT F/AUTO","38.9103827266","-77.0488059463",29,22,51,1159,1187,2346,1015,926,1941
5502,"THEFT/OTHER","38.9114916377","-77.0466390554",29,22,51,1159,1187,2346,1015,926,1941
5502,"THEFT F/AUTO","38.9133387609","-77.0455910014",29,22,51,1159,1187,2346,1015,926,1941
5502,"BURGLARY","38.9109329031","-77.0471805982",29,22,51,1159,1187,2346,1015,926,1941
5502,"THEFT F/AUTO","38.9082297329","-77.0488044731",29,22,51,1159,1187,2346,1015,926,1941
5502,"THEFT/OTHER","38.9093576286","-77.0441472433",29,22,51,1159,1187,2346,1015,926,1941
5502,"ROBBERY","38.9082297329","-77.0488044731",29,22,51,1159,1187,2346,1015,926,1941
5502,"THEFT F/AUTO","38.9082297329","-77.0488044731",29,22,51,1159,1187,2346,1015,926,1941
5502,"THEFT/OTHER","38.9093576286","-77.0441472433",29,22,51,1159,1187,2346,1015,926,1941
5502,"BURGLARY","38.9090954191","-77.0466374885",29,22,51,1159,1187,2346,1015,926,1941
5502,"THEFT/OTHER","38.9078968718","-77.0477204751",29,22,51,1159,1187,2346,1015,926,1941
5502,"THEFT/OTHER","38.9090954191","-77.0466374885",29,22,51,1159,1187,2346,1015,926,1941
5502,"THEFT/OTHER","38.9093576286","-77.0441472433",29,22,51,1159,1187,2346,1015,926,1941
5502,"THEFT/OTHER","38.9096364369","-77.0453234506",29,22,51,1159,1187,2346,1015,926,1941
5502,"MOTOR VEHICLE THEFT","38.9129507102","-77.0473318268",29,22,51,1159,1187,2346,1015,926,1941
5502,"THEFT/OTHER","38.9093576286","-77.0441472433",29,22,51,1159,1187,2346,1015,926,1941
5502,"THEFT/OTHER","38.9093576286","-77.0441472433",29,22,51,1159,1187,2346,1015,926,1941
5502,"THEFT F/AUTO","38.9078968718","-77.0477204751",29,22,51,1159,1187,2346,1015,926,1941
5502,"THEFT F/AUTO","38.9099274291","-77.0436069637",29,22,51,1159,1187,2346,1015,926,1941
5502,"THEFT/OTHER","38.9113108107","-77.0482646703",29,22,51,1159,1187,2346,1015,926,1941
5502,"THEFT/OTHER","38.9111226423","-77.0457625347",29,22,51,1159,1187,2346,1015,926,1941
5502,"THEFT/OTHER","38.9113108107","-77.0482646703",29,22,51,1159,1187,2346,1015,926,1941
5502,"THEFT/OTHER","38.9093576286","-77.0441472433",29,22,51,1159,1187,2346,1015,926,1941
5502,"THEFT F/AUTO","38.9085634893","-77.0477209211",29,22,51,1159,1187,2346,1015,926,1941
5502,"THEFT F/AUTO","38.9126089638","-77.0459018511",29,22,51,1159,1187,2346,1015,926,1941
5502,"BURGLARY","38.9076455975","-77.0453106561",29,22,51,1159,1187,2346,1015,926,1941
5502,"THEFT F/AUTO","38.9085634893","-77.0477209211",29,22,51,1159,1187,2346,1015,926,1941
5502,"THEFT/OTHER","38.9093576286","-77.0441472433",29,22,51,1159,1187,2346,1015,926,1941
5502,"THEFT/OTHER","38.9096364369","-77.0453234506",29,22,51,1159,1187,2346,1015,926,1941
5502,"THEFT F/AUTO","38.9085634893","-77.0477209211",29,22,51,1159,1187,2346,1015,926,1941
5502,"THEFT/OTHER","38.9078968718","-77.0477204751",29,22,51,1159,1187,2346,1015,926,1941
5502,"THEFT/OTHER","38.9093576286","-77.0441472433",29,22,51,1159,1187,2346,1015,926,1941
5502,"THEFT F/AUTO","38.9075730044","-77.0466480225",29,22,51,1159,1187,2346,1015,926,1941
5502,"THEFT/OTHER","38.9093576286","-77.0441472433",29,22,51,1159,1187,2346,1015,926,1941
5502,"BURGLARY","38.9093576286","-77.0441472433",29,22,51,1159,1187,2346,1015,926,1941
5502,"THEFT/OTHER","38.9096281425","-77.043444096",29,22,51,1159,1187,2346,1015,926,1941
5502,"THEFT/OTHER","38.9096360937","-77.0461997115",29,22,51,1159,1187,2346,1015,926,1941
5502,"ROBBERY","38.909635482","-77.0477216383",29,22,51,1159,1187,2346,1015,926,1941
5502,"THEFT/OTHER","38.9093576286","-77.0441472433",29,22,51,1159,1187,2346,1015,926,1941
5502,"MOTOR VEHICLE THEFT","38.9096364369","-77.0453234506",29,22,51,1159,1187,2346,1015,926,1941
5502,"THEFT/OTHER","38.9093576286","-77.0441472433",29,22,51,1159,1187,2346,1015,926,1941
5502,"THEFT F/AUTO","38.9075631154","-77.048804017",29,22,51,1159,1187,2346,1015,926,1941
5502,"ROBBERY","38.9114923241","-77.0448864879",29,22,51,1159,1187,2346,1015,926,1941
5502,"THEFT/OTHER","38.9099274291","-77.0436069637",29,22,51,1159,1187,2346,1015,926,1941
5502,"BURGLARY","38.9099274291","-77.0436069637",29,22,51,1159,1187,2346,1015,926,1941
5502,"THEFT F/AUTO","38.9126084866","-77.047100995",29,22,51,1159,1187,2346,1015,926,1941
5502,"THEFT/OTHER","38.9093576286","-77.0441472433",29,22,51,1159,1187,2346,1015,926,1941
5502,"BURGLARY","38.9133387609","-77.0455910014",29,22,51,1159,1187,2346,1015,926,1941
5502,"THEFT/OTHER","38.9099274291","-77.0436069637",29,22,51,1159,1187,2346,1015,926,1941
5502,"THEFT/OTHER","38.9093576286","-77.0441472433",29,22,51,1159,1187,2346,1015,926,1941
5502,"THEFT/OTHER","38.9075730044","-77.0466480225",29,22,51,1159,1187,2346,1015,926,1941
5502,"THEFT/OTHER","38.9093576286","-77.0441472433",29,22,51,1159,1187,2346,1015,926,1941
5502,"BURGLARY","38.9076455975","-77.0453106561",29,22,51,1159,1187,2346,1015,926,1941
5502,"MOTOR VEHICLE THEFT","38.9085644441","-77.0453227694",29,22,51,1159,1187,2346,1015,926,1941
5502,"THEFT/OTHER","38.909635482","-77.0477216383",29,22,51,1159,1187,2346,1015,926,1941
5502,"BURGLARY","38.909635482","-77.0477216383",29,22,51,1159,1187,2346,1015,926,1941
5502,"THEFT/OTHER","38.9096281425","-77.043444096",29,22,51,1159,1187,2346,1015,926,1941
5502,"THEFT F/AUTO","38.9085634893","-77.0477209211",29,22,51,1159,1187,2346,1015,926,1941
5502,"THEFT/OTHER","38.9093576286","-77.0441472433",29,22,51,1159,1187,2346,1015,926,1941
5502,"THEFT F/AUTO","38.9090945338","-77.0488050648",29,22,51,1159,1187,2346,1015,926,1941
5502,"BURGLARY","38.909635482","-77.0477216383",29,22,51,1159,1187,2346,1015,926,1941
5502,"THEFT/OTHER","38.9096360937","-77.0461997115",29,22,51,1159,1187,2346,1015,926,1941
5502,"THEFT/OTHER","38.9093576286","-77.0441472433",29,22,51,1159,1187,2346,1015,926,1941
5502,"THEFT/OTHER","38.9093576286","-77.0441472433",29,22,51,1159,1187,2346,1015,926,1941
5502,"THEFT/OTHER","38.9093576286","-77.0441472433",29,22,51,1159,1187,2346,1015,926,1941
5502,"THEFT/OTHER","38.9093576286","-77.0441472433",29,22,51,1159,1187,2346,1015,926,1941
5502,"THEFT/OTHER","38.9093576286","-77.0441472433",29,22,51,1159,1187,2346,1015,926,1941
5502,"THEFT F/AUTO","38.9111226423","-77.0457625347",29,22,51,1159,1187,2346,1015,926,1941
5502,"THEFT F/AUTO","38.9082297329","-77.0488044731",29,22,51,1159,1187,2346,1015,926,1941
5502,"THEFT/OTHER","38.9133387609","-77.0455910014",29,22,51,1159,1187,2346,1015,926,1941
5502,"THEFT/OTHER","38.9126089638","-77.0459018511",29,22,51,1159,1187,2346,1015,926,1941
5502,"THEFT/OTHER","38.9093576286","-77.0441472433",29,22,51,1159,1187,2346,1015,926,1941
5502,"THEFT/OTHER","38.9096281425","-77.043444096",29,22,51,1159,1187,2346,1015,926,1941
5502,"THEFT/OTHER","38.9093576286","-77.0441472433",29,22,51,1159,1187,2346,1015,926,1941
5502,"BURGLARY","38.9099274291","-77.0436069637",29,22,51,1159,1187,2346,1015,926,1941
5502,"THEFT/OTHER","38.9093576286","-77.0441472433",29,22,51,1159,1187,2346,1015,926,1941
5502,"BURGLARY","38.909635482","-77.0477216383",29,22,51,1159,1187,2346,1015,926,1941
5502,"THEFT/OTHER","38.9126084866","-77.047100995",29,22,51,1159,1187,2346,1015,926,1941
5502,"THEFT/OTHER","38.9093576286","-77.0441472433",29,22,51,1159,1187,2346,1015,926,1941
5502,"THEFT/OTHER","38.9090954191","-77.0466374885",29,22,51,1159,1187,2346,1015,926,1941
5502,"THEFT/OTHER","38.9114923241","-77.0448864879",29,22,51,1159,1187,2346,1015,926,1941
5502,"ROBBERY","38.9093576286","-77.0441472433",29,22,51,1159,1187,2346,1015,926,1941
5502,"THEFT F/AUTO","38.9085634893","-77.0477209211",29,22,51,1159,1187,2346,1015,926,1941
5502,"THEFT F/AUTO","38.9111226423","-77.0457625347",29,22,51,1159,1187,2346,1015,926,1941
5502,"BURGLARY","38.9099274291","-77.0436069637",29,22,51,1159,1187,2346,1015,926,1941
5502,"BURGLARY","38.9133387609","-77.0455910014",29,22,51,1159,1187,2346,1015,926,1941
5502,"THEFT/OTHER","38.9093576286","-77.0441472433",29,22,51,1159,1187,2346,1015,926,1941
5502,"THEFT/OTHER","38.9076455975","-77.0453106561",29,22,51,1159,1187,2346,1015,926,1941
5502,"THEFT/OTHER","38.9093576286","-77.0441472433",29,22,51,1159,1187,2346,1015,926,1941
5502,"THEFT/OTHER","38.9093576286","-77.0441472433",29,22,51,1159,1187,2346,1015,926,1941
5502,"MOTOR VEHICLE THEFT","38.909635482","-77.0477216383",29,22,51,1159,1187,2346,1015,926,1941
5502,"THEFT/OTHER","38.9093576286","-77.0441472433",29,22,51,1159,1187,2346,1015,926,1941
5502,"BURGLARY","38.9133387609","-77.0455910014",29,22,51,1159,1187,2346,1015,926,1941
5502,"BURGLARY","38.909635482","-77.0477216383",29,22,51,1159,1187,2346,1015,926,1941
5502,"ROBBERY","38.9093576286","-77.0441472433",29,22,51,1159,1187,2346,1015,926,1941
5502,"THEFT/OTHER","38.9093576286","-77.0441472433",29,22,51,1159,1187,2346,1015,926,1941
5502,"THEFT/OTHER","38.909635482","-77.0477216383",29,22,51,1159,1187,2346,1015,926,1941
5502,"THEFT F/AUTO","38.9072392579","-77.0477315645",29,22,51,1159,1187,2346,1015,926,1941
5502,"THEFT/OTHER","38.9093576286","-77.0441472433",29,22,51,1159,1187,2346,1015,926,1941
5502,"THEFT/OTHER","38.9085644441","-77.0453227694",29,22,51,1159,1187,2346,1015,926,1941
5502,"THEFT F/AUTO","38.9085644441","-77.0453227694",29,22,51,1159,1187,2346,1015,926,1941
5502,"THEFT F/AUTO","38.908564101","-77.0461990171",29,22,51,1159,1187,2346,1015,926,1941
5502,"ASSAULT W/DANGEROUS WEAPON","38.9096281425","-77.043444096",29,22,51,1159,1187,2346,1015,926,1941
5502,"THEFT F/AUTO","38.9090945338","-77.0488050648",29,22,51,1159,1187,2346,1015,926,1941
5502,"THEFT F/AUTO","38.9082306182","-77.046636923",29,22,51,1159,1187,2346,1015,926,1941
5502,"THEFT F/AUTO","38.9104380085","-77.0457620954",29,22,51,1159,1187,2346,1015,926,1941
5502,"THEFT F/AUTO","38.9126089638","-77.0459018511",29,22,51,1159,1187,2346,1015,926,1941
5502,"THEFT F/AUTO","38.909635482","-77.0477216383",29,22,51,1159,1187,2346,1015,926,1941
5502,"BURGLARY","38.9133387609","-77.0455910014",29,22,51,1159,1187,2346,1015,926,1941
5502,"BURGLARY","38.9096360937","-77.0461997115",29,22,51,1159,1187,2346,1015,926,1941
5502,"THEFT/OTHER","38.9093576286","-77.0441472433",29,22,51,1159,1187,2346,1015,926,1941
5502,"THEFT F/AUTO","38.9072392579","-77.0477315645",29,22,51,1159,1187,2346,1015,926,1941
5502,"ROBBERY","38.9082306182","-77.046636923",29,22,51,1159,1187,2346,1015,926,1941
5502,"THEFT F/AUTO","38.9085634893","-77.0477209211",29,22,51,1159,1187,2346,1015,926,1941
5502,"THEFT F/AUTO","38.9111226423","-77.0457625347",29,22,51,1159,1187,2346,1015,926,1941
5502,"THEFT/OTHER","38.909635482","-77.0477216383",29,22,51,1159,1187,2346,1015,926,1941
5502,"THEFT F/AUTO","38.9072392579","-77.0477315645",29,22,51,1159,1187,2346,1015,926,1941
5502,"MOTOR VEHICLE THEFT","38.9096364369","-77.0453234506",29,22,51,1159,1187,2346,1015,926,1941
5502,"THEFT/OTHER","38.9093576286","-77.0441472433",29,22,51,1159,1187,2346,1015,926,1941
5502,"THEFT F/AUTO","38.9076455975","-77.0453106561",29,22,51,1159,1187,2346,1015,926,1941
5502,"THEFT/OTHER","38.9093576286","-77.0441472433",29,22,51,1159,1187,2346,1015,926,1941
5502,"THEFT/OTHER","38.9093576286","-77.0441472433",29,22,51,1159,1187,2346,1015,926,1941
5502,"THEFT/OTHER","38.909635482","-77.0477216383",29,22,51,1159,1187,2346,1015,926,1941
5502,"SEX ABUSE","38.9072392579","-77.0477315645",29,22,51,1159,1187,2346,1015,926,1941
5502,"THEFT/OTHER","38.9075631154","-77.048804017",29,22,51,1159,1187,2346,1015,926,1941
5502,"THEFT/OTHER","38.9093576286","-77.0441472433",29,22,51,1159,1187,2346,1015,926,1941
5502,"THEFT F/AUTO","38.9113108107","-77.0482646703",29,22,51,1159,1187,2346,1015,926,1941
5502,"THEFT/OTHER","38.9093576286","-77.0441472433",29,22,51,1159,1187,2346,1015,926,1941
5502,"THEFT F/AUTO","38.9091047739","-77.04576124",29,22,51,1159,1187,2346,1015,926,1941
5502,"THEFT F/AUTO","38.9072392579","-77.0477315645",29,22,51,1159,1187,2346,1015,926,1941
5502,"THEFT/OTHER","38.9093576286","-77.0441472433",29,22,51,1159,1187,2346,1015,926,1941
5502,"MOTOR VEHICLE THEFT","38.9078968718","-77.0477204751",29,22,51,1159,1187,2346,1015,926,1941
5502,"THEFT F/AUTO","38.9091047739","-77.04576124",29,22,51,1159,1187,2346,1015,926,1941
5502,"THEFT/OTHER","38.9093576286","-77.0441472433",29,22,51,1159,1187,2346,1015,926,1941
5502,"BURGLARY","38.9099274291","-77.0436069637",29,22,51,1159,1187,2346,1015,926,1941
5502,"THEFT/OTHER","38.9099274291","-77.0436069637",29,22,51,1159,1187,2346,1015,926,1941
5502,"THEFT F/AUTO","38.9078968718","-77.0477204751",29,22,51,1159,1187,2346,1015,926,1941
5502,"THEFT F/AUTO","38.9085634893","-77.0477209211",29,22,51,1159,1187,2346,1015,926,1941
5502,"THEFT/OTHER","38.9093576286","-77.0441472433",29,22,51,1159,1187,2346,1015,926,1941
5502,"THEFT/OTHER","38.9133387609","-77.0455910014",29,22,51,1159,1187,2346,1015,926,1941
5502,"THEFT/OTHER","38.9076455975","-77.0453106561",29,22,51,1159,1187,2346,1015,926,1941
5502,"THEFT F/AUTO","38.9091047739","-77.04576124",29,22,51,1159,1187,2346,1015,926,1941
5502,"THEFT/OTHER","38.9093576286","-77.0441472433",29,22,51,1159,1187,2346,1015,926,1941
5502,"THEFT/OTHER","38.909635482","-77.0477216383",29,22,51,1159,1187,2346,1015,926,1941
5502,"THEFT/OTHER","38.9093576286","-77.0441472433",29,22,51,1159,1187,2346,1015,926,1941
5502,"THEFT/OTHER","38.9093576286","-77.0441472433",29,22,51,1159,1187,2346,1015,926,1941
5502,"THEFT F/AUTO","38.9122303214","-77.0466395384",29,22,51,1159,1187,2346,1015,926,1941
5503,"THEFT F/AUTO","38.9072385386","-77.0494609686",0,0,0,1088,840,1928,1088,840,1928
5503,"ASSAULT W/DANGEROUS WEAPON","38.9096259149","-77.0490706127",0,0,0,1088,840,1928,1088,840,1928
5503,"THEFT/OTHER","38.9062279155","-77.0532994919",0,0,0,1088,840,1928,1088,840,1928
5503,"MOTOR VEHICLE THEFT","38.9062279155","-77.0532994919",0,0,0,1088,840,1928,1088,840,1928
5503,"THEFT/OTHER","38.9052554414","-77.0523533836",0,0,0,1088,840,1928,1088,840,1928
5503,"THEFT F/AUTO","38.9052546803","-77.0540250944",0,0,0,1088,840,1928,1088,840,1928
5503,"THEFT F/AUTO","38.9062467794","-77.0514087164",0,0,0,1088,840,1928,1088,840,1928
5503,"THEFT F/AUTO","38.9052554414","-77.0523533836",0,0,0,1088,840,1928,1088,840,1928
5503,"THEFT F/AUTO","38.9044991548","-77.0514189858",0,0,0,1088,840,1928,1088,840,1928
5503,"THEFT F/AUTO","38.9052554414","-77.0523533836",0,0,0,1088,840,1928,1088,840,1928
5503,"THEFT F/AUTO","38.9062279155","-77.0532994919",0,0,0,1088,840,1928,1088,840,1928
5503,"THEFT/OTHER","38.9052546803","-77.0540250944",0,0,0,1088,840,1928,1088,840,1928
5503,"THEFT/OTHER","38.9062279155","-77.0532994919",0,0,0,1088,840,1928,1088,840,1928
5503,"BURGLARY","38.9052554414","-77.0523533836",0,0,0,1088,840,1928,1088,840,1928
5503,"THEFT/OTHER","38.9052554414","-77.0523533836",0,0,0,1088,840,1928,1088,840,1928
5503,"THEFT F/AUTO","38.9062279155","-77.0532994919",0,0,0,1088,840,1928,1088,840,1928
5503,"MOTOR VEHICLE THEFT","38.9062279155","-77.0532994919",0,0,0,1088,840,1928,1088,840,1928
5503,"THEFT/OTHER","38.9052546803","-77.0540250944",0,0,0,1088,840,1928,1088,840,1928
5503,"THEFT F/AUTO","38.9072385386","-77.0494609686",0,0,0,1088,840,1928,1088,840,1928
5503,"ASSAULT W/DANGEROUS WEAPON","38.9044442625","-77.0532981591",0,0,0,1088,840,1928,1088,840,1928
5503,"THEFT/OTHER","38.9052546803","-77.0540250944",0,0,0,1088,840,1928,1088,840,1928
5503,"THEFT F/AUTO","38.9033006243","-77.0523634776",0,0,0,1088,840,1928,1088,840,1928
5503,"THEFT/OTHER","38.9052554414","-77.0523533836",0,0,0,1088,840,1928,1088,840,1928
5503,"THEFT/OTHER","38.9052554414","-77.0523533836",0,0,0,1088,840,1928,1088,840,1928
5503,"THEFT F/AUTO","38.9037330199","-77.0523753238",0,0,0,1088,840,1928,1088,840,1928
5503,"MOTOR VEHICLE THEFT","38.9037330199","-77.0523753238",0,0,0,1088,840,1928,1088,840,1928
5503,"THEFT F/AUTO","38.9072372829","-77.0523433089",0,0,0,1088,840,1928,1088,840,1928
5503,"THEFT F/AUTO","38.9033006243","-77.0523634776",0,0,0,1088,840,1928,1088,840,1928
5503,"THEFT F/AUTO","38.9062279155","-77.0532994919",0,0,0,1088,840,1928,1088,840,1928
5503,"THEFT F/AUTO","38.9072372829","-77.0523433089",0,0,0,1088,840,1928,1088,840,1928
5503,"THEFT F/AUTO","38.9072385386","-77.0494609686",0,0,0,1088,840,1928,1088,840,1928
5503,"THEFT/OTHER","38.9062279155","-77.0532994919",0,0,0,1088,840,1928,1088,840,1928
5503,"THEFT F/AUTO","38.9072385386","-77.0494609686",0,0,0,1088,840,1928,1088,840,1928
5503,"THEFT F/AUTO","38.9044991548","-77.0514189858",0,0,0,1088,840,1928,1088,840,1928
5503,"THEFT F/AUTO","38.9062279155","-77.0532994919",0,0,0,1088,840,1928,1088,840,1928
5503,"THEFT/OTHER","38.9044442625","-77.0532981591",0,0,0,1088,840,1928,1088,840,1928
5503,"THEFT/OTHER","38.9033006243","-77.0523634776",0,0,0,1088,840,1928,1088,840,1928
5503,"ROBBERY","38.9062279155","-77.0532994919",0,0,0,1088,840,1928,1088,840,1928
5503,"THEFT/OTHER","38.9033006243","-77.0523634776",0,0,0,1088,840,1928,1088,840,1928
5503,"BURGLARY","38.9072372829","-77.0523433089",0,0,0,1088,840,1928,1088,840,1928
5503,"THEFT F/AUTO","38.9052546803","-77.0540250944",0,0,0,1088,840,1928,1088,840,1928
5503,"THEFT F/AUTO","38.9033006243","-77.0523634776",0,0,0,1088,840,1928,1088,840,1928
5503,"ROBBERY","38.9090945338","-77.0488050648",0,0,0,1088,840,1928,1088,840,1928
5503,"SEX ABUSE","38.9039573604","-77.0542777462",0,0,0,1088,840,1928,1088,840,1928
5503,"THEFT F/AUTO","38.9062279155","-77.0532994919",0,0,0,1088,840,1928,1088,840,1928
5503,"THEFT F/AUTO","38.9037330199","-77.0523753238",0,0,0,1088,840,1928,1088,840,1928
5503,"THEFT F/AUTO","38.9037330199","-77.0523753238",0,0,0,1088,840,1928,1088,840,1928
5503,"THEFT F/AUTO","38.9072372829","-77.0523433089",0,0,0,1088,840,1928,1088,840,1928
5503,"THEFT F/AUTO","38.9072385386","-77.0494609686",0,0,0,1088,840,1928,1088,840,1928
5503,"MOTOR VEHICLE THEFT","38.9062467794","-77.0514087164",0,0,0,1088,840,1928,1088,840,1928
5503,"THEFT F/AUTO","38.9052546803","-77.0540250944",0,0,0,1088,840,1928,1088,840,1928
5503,"THEFT F/AUTO","38.9037330199","-77.0523753238",0,0,0,1088,840,1928,1088,840,1928
5503,"THEFT/OTHER","38.9052554414","-77.0523533836",0,0,0,1088,840,1928,1088,840,1928
5503,"ROBBERY","38.9052546803","-77.0540250944",0,0,0,1088,840,1928,1088,840,1928
5503,"THEFT/OTHER","38.9052554414","-77.0523533836",0,0,0,1088,840,1928,1088,840,1928
5601,"THEFT/OTHER","38.9013377843","-77.050125525",0,0,0,1013,932,1945,988,817,1805
5601,"THEFT/OTHER","38.9009047255","-77.0516354334",0,0,0,1013,932,1945,988,817,1805
5601,"THEFT/OTHER","38.9009047255","-77.0516354334",0,0,0,1013,932,1945,988,817,1805
5601,"THEFT F/AUTO","38.9016066211","-77.0533190958",0,0,0,1013,932,1945,988,817,1805
5601,"THEFT F/AUTO","38.9030749879","-77.0533086647",0,0,0,1013,932,1945,988,817,1805
5601,"BURGLARY","38.9037144701","-77.0535512473",0,0,0,1013,932,1945,988,817,1805
5601,"THEFT/OTHER","38.9009047255","-77.0516354334",0,0,0,1013,932,1945,988,817,1805
5601,"MOTOR VEHICLE THEFT","38.9013377843","-77.050125525",0,0,0,1013,932,1945,988,817,1805
5601,"THEFT F/AUTO","38.9018942218","-77.0547603734",0,0,0,1013,932,1945,988,817,1805
5601,"THEFT/OTHER","38.9001296836","-77.0523611499",0,0,0,1013,932,1945,988,817,1805
5601,"THEFT/OTHER","38.9016066211","-77.0533190958",0,0,0,1013,932,1945,988,817,1805
5601,"THEFT/OTHER","38.9032634969","-77.0547498958",0,0,0,1013,932,1945,988,817,1805
5601,"THEFT/OTHER","38.9033006243","-77.0523634776",0,0,0,1013,932,1945,988,817,1805
5601,"THEFT/OTHER","38.9033006243","-77.0523634776",0,0,0,1013,932,1945,988,817,1805
5601,"BURGLARY","38.9020398748","-77.0514172131",0,0,0,1013,932,1945,988,817,1805
5601,"THEFT/OTHER","38.9020398748","-77.0514172131",0,0,0,1013,932,1945,988,817,1805
5601,"THEFT F/AUTO","38.9011195034","-77.0547597786",0,0,0,1013,932,1945,988,817,1805
5601,"THEFT/OTHER","38.9013377843","-77.050125525",0,0,0,1013,932,1945,988,817,1805
5601,"SEX ABUSE","38.9001296836","-77.0523611499",0,0,0,1013,932,1945,988,817,1805
5601,"THEFT F/AUTO","38.90452412","-77.055903756",0,0,0,1013,932,1945,988,817,1805
5601,"BURGLARY","38.9033006243","-77.0523634776",0,0,0,1013,932,1945,988,817,1805
5601,"BURGLARY","38.9032634969","-77.0547498958",0,0,0,1013,932,1945,988,817,1805
5601,"THEFT F/AUTO","38.9013377843","-77.050125525",0,0,0,1013,932,1945,988,817,1805
5601,"BURGLARY","38.9030749879","-77.0533086647",0,0,0,1013,932,1945,988,817,1805
5601,"THEFT/OTHER","38.9009047255","-77.0516354334",0,0,0,1013,932,1945,988,817,1805
5601,"THEFT/OTHER","38.9001306596","-77.050136205",0,0,0,1013,932,1945,988,817,1805
5601,"THEFT/OTHER","38.9016066211","-77.0533190958",0,0,0,1013,932,1945,988,817,1805
5601,"THEFT/OTHER","38.9006881085","-77.0525690693",0,0,0,1013,932,1945,988,817,1805
5601,"THEFT/OTHER","38.9013377843","-77.050125525",0,0,0,1013,932,1945,988,817,1805
5601,"THEFT F/AUTO","38.9025296068","-77.0547058697",0,0,0,1013,932,1945,988,817,1805
5601,"THEFT/OTHER","38.9009047255","-77.0516354334",0,0,0,1013,932,1945,988,817,1805
5601,"THEFT/OTHER","38.9020398748","-77.0514172131",0,0,0,1013,932,1945,988,817,1805
5601,"ASSAULT W/DANGEROUS WEAPON","38.9025327058","-77.057078113",0,0,0,1013,932,1945,988,817,1805
5601,"THEFT F/AUTO","38.90452412","-77.055903756",0,0,0,1013,932,1945,988,817,1805
5601,"THEFT/OTHER","38.9025296068","-77.0547058697",0,0,0,1013,932,1945,988,817,1805
5601,"THEFT F/AUTO","38.9011195034","-77.0547597786",0,0,0,1013,932,1945,988,817,1805
5601,"THEFT/OTHER","38.9013377843","-77.050125525",0,0,0,1013,932,1945,988,817,1805
5601,"THEFT/OTHER","38.9013377843","-77.050125525",0,0,0,1013,932,1945,988,817,1805
5601,"THEFT F/AUTO","38.9009047255","-77.0516354334",0,0,0,1013,932,1945,988,817,1805
5601,"THEFT/OTHER","38.9016066211","-77.0533190958",0,0,0,1013,932,1945,988,817,1805
5601,"THEFT/OTHER","38.9009047255","-77.0516354334",0,0,0,1013,932,1945,988,817,1805
5601,"THEFT/OTHER","38.9009047255","-77.0516354334",0,0,0,1013,932,1945,988,817,1805
5601,"THEFT/OTHER","38.9009047255","-77.0516354334",0,0,0,1013,932,1945,988,817,1805
5601,"THEFT F/AUTO","38.9013377843","-77.050125525",0,0,0,1013,932,1945,988,817,1805
5601,"THEFT/OTHER","38.9009047255","-77.0516354334",0,0,0,1013,932,1945,988,817,1805
5601,"THEFT/OTHER","38.9001296836","-77.0523611499",0,0,0,1013,932,1945,988,817,1805
5601,"THEFT/OTHER","38.9009047255","-77.0516354334",0,0,0,1013,932,1945,988,817,1805
5601,"THEFT F/AUTO","38.90452412","-77.055903756",0,0,0,1013,932,1945,988,817,1805
5601,"THEFT/OTHER","38.9001306596","-77.050136205",0,0,0,1013,932,1945,988,817,1805
5601,"THEFT F/AUTO","38.9037144701","-77.0535512473",0,0,0,1013,932,1945,988,817,1805
5601,"THEFT/OTHER","38.9016066211","-77.0533190958",0,0,0,1013,932,1945,988,817,1805
5601,"THEFT/OTHER","38.9013377843","-77.050125525",0,0,0,1013,932,1945,988,817,1805
5601,"THEFT/OTHER","38.9013377843","-77.050125525",0,0,0,1013,932,1945,988,817,1805
5601,"THEFT F/AUTO","38.9001742926","-77.0533180252",0,0,0,1013,932,1945,988,817,1805
5601,"THEFT F/AUTO","38.9025259599","-77.0499774104",0,0,0,1013,932,1945,988,817,1805
5601,"THEFT/OTHER","38.9006984662","-77.0494794906",0,0,0,1013,932,1945,988,817,1805
5601,"THEFT/OTHER","38.9009047255","-77.0516354334",0,0,0,1013,932,1945,988,817,1805
5601,"THEFT F/AUTO","38.9016066211","-77.0533190958",0,0,0,1013,932,1945,988,817,1805
5601,"THEFT F/AUTO","38.9001296836","-77.0523611499",0,0,0,1013,932,1945,988,817,1805
5601,"ROBBERY","38.9009047255","-77.0516354334",0,0,0,1013,932,1945,988,817,1805
5601,"THEFT F/AUTO","38.9013377843","-77.050125525",0,0,0,1013,932,1945,988,817,1805
5601,"THEFT/OTHER","38.9009047255","-77.0516354334",0,0,0,1013,932,1945,988,817,1805
5601,"THEFT F/AUTO","38.9020398748","-77.0514172131",0,0,0,1013,932,1945,988,817,1805
5601,"THEFT/OTHER","38.9020398748","-77.0514172131",0,0,0,1013,932,1945,988,817,1805
5601,"THEFT F/AUTO","38.9020398748","-77.0514172131",0,0,0,1013,932,1945,988,817,1805
5601,"THEFT/OTHER","38.9013377843","-77.050125525",0,0,0,1013,932,1945,988,817,1805
5601,"THEFT F/AUTO","38.9001742926","-77.0533180252",0,0,0,1013,932,1945,988,817,1805
5601,"THEFT F/AUTO","38.9016066211","-77.0533190958",0,0,0,1013,932,1945,988,817,1805
5601,"THEFT F/AUTO","38.9020398748","-77.0514172131",0,0,0,1013,932,1945,988,817,1805
5601,"THEFT/OTHER","38.90452412","-77.055903756",0,0,0,1013,932,1945,988,817,1805
5601,"THEFT/OTHER","38.9009047255","-77.0516354334",0,0,0,1013,932,1945,988,817,1805
5601,"THEFT/OTHER","38.9009047255","-77.0516354334",0,0,0,1013,932,1945,988,817,1805
5601,"THEFT F/AUTO","38.9020398748","-77.0514172131",0,0,0,1013,932,1945,988,817,1805
5601,"THEFT F/AUTO","38.9016066211","-77.0533190958",0,0,0,1013,932,1945,988,817,1805
5601,"THEFT/OTHER","38.9006874458","-77.0540216354",0,0,0,1013,932,1945,988,817,1805
5601,"THEFT F/AUTO","38.9025259599","-77.0499774104",0,0,0,1013,932,1945,988,817,1805
5601,"THEFT F/AUTO","38.9009047255","-77.0516354334",0,0,0,1013,932,1945,988,817,1805
5601,"THEFT/OTHER","38.9009047255","-77.0516354334",0,0,0,1013,932,1945,988,817,1805
5601,"THEFT F/AUTO","38.9015986574","-77.0509788138",0,0,0,1013,932,1945,988,817,1805
5601,"THEFT/OTHER","38.90452412","-77.055903756",0,0,0,1013,932,1945,988,817,1805
5601,"THEFT/OTHER","38.9025296068","-77.0547058697",0,0,0,1013,932,1945,988,817,1805
5601,"THEFT/OTHER","38.9001306596","-77.050136205",0,0,0,1013,932,1945,988,817,1805
5601,"THEFT/OTHER","38.9020398748","-77.0514172131",0,0,0,1013,932,1945,988,817,1805
5601,"THEFT/OTHER","38.9009047255","-77.0516354334",0,0,0,1013,932,1945,988,817,1805
5601,"THEFT/OTHER","38.9016066211","-77.0533190958",0,0,0,1013,932,1945,988,817,1805
5601,"THEFT F/AUTO","38.9001306596","-77.050136205",0,0,0,1013,932,1945,988,817,1805
5601,"ROBBERY","38.9001296836","-77.0523611499",0,0,0,1013,932,1945,988,817,1805
5601,"THEFT/OTHER","38.9025259599","-77.0499774104",0,0,0,1013,932,1945,988,817,1805
5601,"ASSAULT W/DANGEROUS WEAPON","38.9001306596","-77.050136205",0,0,0,1013,932,1945,988,817,1805
5602,"SEX ABUSE","38.8980942043","-77.0514374249",80,0,80,1515,1148,2663,1441,1053,2494
5602,"THEFT/OTHER","38.8997743736","-77.0549549553",80,0,80,1515,1148,2663,1441,1053,2494
5602,"THEFT/OTHER","38.8997743736","-77.0549549553",80,0,80,1515,1148,2663,1441,1053,2494
5602,"THEFT F/AUTO","38.8997743736","-77.0549549553",80,0,80,1515,1148,2663,1441,1053,2494
5602,"THEFT F/AUTO","38.9006874458","-77.0540216354",80,0,80,1515,1148,2663,1441,1053,2494
5602,"THEFT/OTHER","38.8989499984","-77.051438042",80,0,80,1515,1148,2663,1441,1053,2494
5602,"THEFT/OTHER","38.8997743736","-77.0549549553",80,0,80,1515,1148,2663,1441,1053,2494
5602,"THEFT/OTHER","38.8980399911","-77.051806278",80,0,80,1515,1148,2663,1441,1053,2494
5602,"SEX ABUSE","38.8983196957","-77.0507920238",80,0,80,1515,1148,2663,1441,1053,2494
5602,"MOTOR VEHICLE THEFT","38.8995718576","-77.0507929154",80,0,80,1515,1148,2663,1441,1053,2494
5602,"THEFT/OTHER","38.9005241954","-77.0563502243",80,0,80,1515,1148,2663,1441,1053,2494
5602,"BURGLARY","38.8966714544","-77.0501222462",80,0,80,1515,1148,2663,1441,1053,2494
5602,"THEFT F/AUTO","38.8979757643","-77.0543769458",80,0,80,1515,1148,2663,1441,1053,2494
5602,"ASSAULT W/DANGEROUS WEAPON","38.8980399911","-77.051806278",80,0,80,1515,1148,2663,1441,1053,2494
5602,"THEFT/OTHER","38.8997681525","-77.0549662481",80,0,80,1515,1148,2663,1441,1053,2494
5602,"THEFT F/AUTO","38.8997743736","-77.0549549553",80,0,80,1515,1148,2663,1441,1053,2494
5602,"BURGLARY","38.8997681525","-77.0549662481",80,0,80,1515,1148,2663,1441,1053,2494
5602,"THEFT/OTHER","38.8997743736","-77.0549549553",80,0,80,1515,1148,2663,1441,1053,2494
5602,"THEFT/OTHER","38.8997743736","-77.0549549553",80,0,80,1515,1148,2663,1441,1053,2494
5602,"BURGLARY","38.8997743736","-77.0549549553",80,0,80,1515,1148,2663,1441,1053,2494
5602,"THEFT/OTHER","38.8997743736","-77.0549549553",80,0,80,1515,1148,2663,1441,1053,2494
5602,"ASSAULT W/DANGEROUS WEAPON","38.8980399911","-77.051806278",80,0,80,1515,1148,2663,1441,1053,2494
5602,"THEFT F/AUTO","38.8997681525","-77.0549662481",80,0,80,1515,1148,2663,1441,1053,2494
5602,"THEFT/OTHER","38.8997743736","-77.0549549553",80,0,80,1515,1148,2663,1441,1053,2494
5602,"THEFT/OTHER","38.8984810401","-77.0526135547",80,0,80,1515,1148,2663,1441,1053,2494
5602,"THEFT/OTHER","38.8989499984","-77.051438042",80,0,80,1515,1148,2663,1441,1053,2494
5602,"THEFT/OTHER","38.8997743736","-77.0549549553",80,0,80,1515,1148,2663,1441,1053,2494
5602,"THEFT F/AUTO","38.8997743736","-77.0549549553",80,0,80,1515,1148,2663,1441,1053,2494
5602,"HOMICIDE","38.8980399911","-77.051806278",80,0,80,1515,1148,2663,1441,1053,2494
5602,"THEFT/OTHER","38.8997743736","-77.0549549553",80,0,80,1515,1148,2663,1441,1053,2494
5602,"THEFT/OTHER","38.8997743736","-77.0549549553",80,0,80,1515,1148,2663,1441,1053,2494
5602,"THEFT/OTHER","38.8997743736","-77.0549549553",80,0,80,1515,1148,2663,1441,1053,2494
5602,"THEFT/OTHER","38.8997743736","-77.0549549553",80,0,80,1515,1148,2663,1441,1053,2494
5602,"MOTOR VEHICLE THEFT","38.8966714544","-77.0501222462",80,0,80,1515,1148,2663,1441,1053,2494
5602,"THEFT F/AUTO","38.8984810401","-77.0526135547",80,0,80,1515,1148,2663,1441,1053,2494
5602,"THEFT F/AUTO","38.8995718576","-77.0507929154",80,0,80,1515,1148,2663,1441,1053,2494
5602,"THEFT F/AUTO","38.8989415514","-77.0501468973",80,0,80,1515,1148,2663,1441,1053,2494
5602,"THEFT/OTHER","38.8997743736","-77.0549549553",80,0,80,1515,1148,2663,1441,1053,2494
5602,"THEFT/OTHER","38.8984810401","-77.0526135547",80,0,80,1515,1148,2663,1441,1053,2494
5602,"THEFT F/AUTO","38.8997743736","-77.0549549553",80,0,80,1515,1148,2663,1441,1053,2494
5602,"BURGLARY","38.8997681525","-77.0549662481",80,0,80,1515,1148,2663,1441,1053,2494
5801,"THEFT/OTHER","38.8991214156","-77.0219263529",209,27,236,1079,731,1810,750,675,1425
5801,"THEFT F/AUTO","38.8990587183","-77.0199089265",209,27,236,1079,731,1810,750,675,1425
5801,"THEFT/OTHER","38.8998064936","-77.0194249524",209,27,236,1079,731,1810,750,675,1425
5801,"THEFT/OTHER","38.8966981663","-77.0219256081",209,27,236,1079,731,1810,750,675,1425
5801,"THEFT F/AUTO","38.8947885789","-77.0209106143",209,27,236,1079,731,1810,750,675,1425
5801,"THEFT/OTHER","38.9003290598","-77.0189293801",209,27,236,1079,731,1810,750,675,1425
5801,"THEFT/OTHER","38.8991214156","-77.0219263529",209,27,236,1079,731,1810,750,675,1425
5801,"THEFT F/AUTO","38.8966981663","-77.0219256081",209,27,236,1079,731,1810,750,675,1425
5801,"THEFT/OTHER","38.9003379033","-77.0199208117",209,27,236,1079,731,1810,750,675,1425
5801,"MOTOR VEHICLE THEFT","38.8966981663","-77.0219256081",209,27,236,1079,731,1810,750,675,1425
5801,"THEFT F/AUTO","38.9003375462","-77.0219151985",209,27,236,1079,731,1810,750,675,1425
5801,"THEFT F/AUTO","38.9008604715","-77.0194252394",209,27,236,1079,731,1810,750,675,1425
5801,"THEFT/OTHER","38.9003379033","-77.0199208117",209,27,236,1079,731,1810,750,675,1425
5801,"THEFT F/AUTO","38.9003375462","-77.0219151985",209,27,236,1079,731,1810,750,675,1425
5801,"ASSAULT W/DANGEROUS WEAPON","38.8998062348","-77.0209236133",209,27,236,1079,731,1810,750,675,1425
5801,"THEFT/OTHER","38.8990587183","-77.0199089265",209,27,236,1079,731,1810,750,675,1425
5801,"THEFT/OTHER","38.9003375462","-77.0219151985",209,27,236,1079,731,1810,750,675,1425
5801,"THEFT/OTHER","38.8991214156","-77.0219263529",209,27,236,1079,731,1810,750,675,1425
5801,"THEFT/OTHER","38.8991214156","-77.0219263529",209,27,236,1079,731,1810,750,675,1425
5801,"THEFT/OTHER","38.8991214156","-77.0219263529",209,27,236,1079,731,1810,750,675,1425
5801,"THEFT F/AUTO","38.897337944","-77.0209228894",209,27,236,1079,731,1810,750,675,1425
5801,"THEFT F/AUTO","38.9008602147","-77.0209123942",209,27,236,1079,731,1810,750,675,1425
5801,"THEFT/OTHER","38.8998062348","-77.0209236133",209,27,236,1079,731,1810,750,675,1425
5801,"THEFT F/AUTO","38.8954645426","-77.0189396168",209,27,236,1079,731,1810,750,675,1425
5801,"MOTOR VEHICLE THEFT","38.8998062348","-77.0209236133",209,27,236,1079,731,1810,750,675,1425
5801,"BURGLARY","38.8991214156","-77.0219263529",209,27,236,1079,731,1810,750,675,1425
5801,"ROBBERY","38.9003375462","-77.0219151985",209,27,236,1079,731,1810,750,675,1425
5801,"THEFT F/AUTO","38.896121815","-77.0209225327",209,27,236,1079,731,1810,750,675,1425
5801,"THEFT/OTHER","38.897337944","-77.0209228894",209,27,236,1079,731,1810,750,675,1425
5801,"THEFT/OTHER","38.8998062348","-77.0209236133",209,27,236,1079,731,1810,750,675,1425
5801,"BURGLARY","38.896121815","-77.0209225327",209,27,236,1079,731,1810,750,675,1425
5801,"THEFT F/AUTO","38.8998064936","-77.0194249524",209,27,236,1079,731,1810,750,675,1425
5801,"THEFT/OTHER","38.9003375462","-77.0219151985",209,27,236,1079,731,1810,750,675,1425
5801,"THEFT F/AUTO","38.8966981663","-77.0219256081",209,27,236,1079,731,1810,750,675,1425
5801,"THEFT/OTHER","38.9003379033","-77.0199208117",209,27,236,1079,731,1810,750,675,1425
5801,"THEFT/OTHER","38.8930319472","-77.0209100995",209,27,236,1079,731,1810,750,675,1425
5801,"THEFT/OTHER","38.8991214156","-77.0219263529",209,27,236,1079,731,1810,750,675,1425
5801,"THEFT F/AUTO","38.9008602147","-77.0209123942",209,27,236,1079,731,1810,750,675,1425
5801,"THEFT/OTHER","38.8998062348","-77.0209236133",209,27,236,1079,731,1810,750,675,1425
5801,"ASSAULT W/DANGEROUS WEAPON","38.8998062348","-77.0209236133",209,27,236,1079,731,1810,750,675,1425
5801,"THEFT/OTHER","38.8930319472","-77.0209100995",209,27,236,1079,731,1810,750,675,1425
5801,"THEFT/OTHER","38.8991214156","-77.0219263529",209,27,236,1079,731,1810,750,675,1425
5801,"THEFT F/AUTO","38.8998062348","-77.0209236133",209,27,236,1079,731,1810,750,675,1425
5801,"THEFT/OTHER","38.9003375462","-77.0219151985",209,27,236,1079,731,1810,750,675,1425
5801,"BURGLARY","38.9003375462","-77.0219151985",209,27,236,1079,731,1810,750,675,1425
5801,"THEFT/OTHER","38.8947885789","-77.0209106143",209,27,236,1079,731,1810,750,675,1425
5801,"THEFT/OTHER","38.9008604715","-77.0194252394",209,27,236,1079,731,1810,750,675,1425
5801,"ROBBERY","38.897337944","-77.0209228894",209,27,236,1079,731,1810,750,675,1425
5801,"BURGLARY","38.9018060921","-77.0209126715",209,27,236,1079,731,1810,750,675,1425
5801,"BURGLARY","38.9003375462","-77.0219151985",209,27,236,1079,731,1810,750,675,1425
5801,"THEFT F/AUTO","38.8998062348","-77.0209236133",209,27,236,1079,731,1810,750,675,1425
5801,"THEFT F/AUTO","38.8978247339","-77.0189402434",209,27,236,1079,731,1810,750,675,1425
5801,"BURGLARY","38.9008602147","-77.0209123942",209,27,236,1079,731,1810,750,675,1425
5801,"THEFT/OTHER","38.9014816053","-77.0219270784",209,27,236,1079,731,1810,750,675,1425
5801,"THEFT/OTHER","38.8998064936","-77.0194249524",209,27,236,1079,731,1810,750,675,1425
5801,"THEFT/OTHER","38.8991214156","-77.0219263529",209,27,236,1079,731,1810,750,675,1425
5801,"ROBBERY","38.8983020975","-77.0194245427",209,27,236,1079,731,1810,750,675,1425
5801,"MOTOR VEHICLE THEFT","38.8991214156","-77.0219263529",209,27,236,1079,731,1810,750,675,1425
5801,"THEFT/OTHER","38.896121815","-77.0209225327",209,27,236,1079,731,1810,750,675,1425
5801,"ROBBERY","38.8998062348","-77.0209236133",209,27,236,1079,731,1810,750,675,1425
5801,"THEFT/OTHER","38.8998062348","-77.0209236133",209,27,236,1079,731,1810,750,675,1425
5801,"THEFT F/AUTO","38.8990587183","-77.0199089265",209,27,236,1079,731,1810,750,675,1425
5801,"THEFT/OTHER","38.8998062348","-77.0209236133",209,27,236,1079,731,1810,750,675,1425
5801,"THEFT F/AUTO","38.8998062348","-77.0209236133",209,27,236,1079,731,1810,750,675,1425
5801,"THEFT/OTHER","38.8998064936","-77.0194249524",209,27,236,1079,731,1810,750,675,1425
5801,"THEFT/OTHER","38.8991214156","-77.0219263529",209,27,236,1079,731,1810,750,675,1425
5801,"THEFT F/AUTO","38.9008602147","-77.0209123942",209,27,236,1079,731,1810,750,675,1425
5801,"THEFT/OTHER","38.8998062348","-77.0209236133",209,27,236,1079,731,1810,750,675,1425
5801,"THEFT F/AUTO","38.9008602147","-77.0209123942",209,27,236,1079,731,1810,750,675,1425
5801,"THEFT F/AUTO","38.896121815","-77.0209225327",209,27,236,1079,731,1810,750,675,1425
5801,"HOMICIDE","38.9008602147","-77.0209123942",209,27,236,1079,731,1810,750,675,1425
5801,"BURGLARY","38.897337944","-77.0209228894",209,27,236,1079,731,1810,750,675,1425
5801,"BURGLARY","38.9003375462","-77.0219151985",209,27,236,1079,731,1810,750,675,1425
5801,"THEFT/OTHER","38.8991214156","-77.0219263529",209,27,236,1079,731,1810,750,675,1425
5801,"BURGLARY","38.9003375462","-77.0219151985",209,27,236,1079,731,1810,750,675,1425
5801,"THEFT/OTHER","38.9018060921","-77.0209126715",209,27,236,1079,731,1810,750,675,1425
5801,"THEFT/OTHER","38.895455012","-77.0219252261",209,27,236,1079,731,1810,750,675,1425
5801,"THEFT/OTHER","38.8991214156","-77.0219263529",209,27,236,1079,731,1810,750,675,1425
5801,"MOTOR VEHICLE THEFT","38.9003375462","-77.0219151985",209,27,236,1079,731,1810,750,675,1425
5801,"THEFT/OTHER","38.8991214156","-77.0219263529",209,27,236,1079,731,1810,750,675,1425
5801,"THEFT/OTHER","38.8991214156","-77.0219263529",209,27,236,1079,731,1810,750,675,1425
5801,"THEFT/OTHER","38.8991214156","-77.0219263529",209,27,236,1079,731,1810,750,675,1425
5801,"THEFT/OTHER","38.8991214156","-77.0219263529",209,27,236,1079,731,1810,750,675,1425
5801,"THEFT F/AUTO","38.8998062348","-77.0209236133",209,27,236,1079,731,1810,750,675,1425
5801,"THEFT/OTHER","38.897337944","-77.0209228894",209,27,236,1079,731,1810,750,675,1425
5801,"THEFT/OTHER","38.9003375462","-77.0219151985",209,27,236,1079,731,1810,750,675,1425
5801,"THEFT/OTHER","38.8991214156","-77.0219263529",209,27,236,1079,731,1810,750,675,1425
5801,"THEFT F/AUTO","38.897337944","-77.0209228894",209,27,236,1079,731,1810,750,675,1425
5801,"THEFT F/AUTO","38.896121815","-77.0209225327",209,27,236,1079,731,1810,750,675,1425
5801,"THEFT F/AUTO","38.8990587183","-77.0199089265",209,27,236,1079,731,1810,750,675,1425
5801,"THEFT/OTHER","38.9018060921","-77.0209126715",209,27,236,1079,731,1810,750,675,1425
5801,"MOTOR VEHICLE THEFT","38.8991214156","-77.0219263529",209,27,236,1079,731,1810,750,675,1425
5801,"ROBBERY","38.8986805301","-77.0189289426",209,27,236,1079,731,1810,750,675,1425
5801,"THEFT/OTHER","38.9011666741","-77.0199095148",209,27,236,1079,731,1810,750,675,1425
5801,"THEFT F/AUTO","38.9018060921","-77.0209126715",209,27,236,1079,731,1810,750,675,1425
5801,"THEFT/OTHER","38.8991214156","-77.0219263529",209,27,236,1079,731,1810,750,675,1425
5801,"THEFT/OTHER","38.9008602147","-77.0209123942",209,27,236,1079,731,1810,750,675,1425
5801,"THEFT/OTHER","38.8991214156","-77.0219263529",209,27,236,1079,731,1810,750,675,1425
5801,"THEFT/OTHER","38.9003375462","-77.0219151985",209,27,236,1079,731,1810,750,675,1425
5801,"THEFT/OTHER","38.9018060921","-77.0209126715",209,27,236,1079,731,1810,750,675,1425
5801,"THEFT F/AUTO","38.897337944","-77.0209228894",209,27,236,1079,731,1810,750,675,1425
5801,"THEFT F/AUTO","38.8998062348","-77.0209236133",209,27,236,1079,731,1810,750,675,1425
5801,"MOTOR VEHICLE THEFT","38.9018060921","-77.0209126715",209,27,236,1079,731,1810,750,675,1425
5801,"THEFT/OTHER","38.8998062348","-77.0209236133",209,27,236,1079,731,1810,750,675,1425
5801,"MOTOR VEHICLE THEFT","38.8991214156","-77.0219263529",209,27,236,1079,731,1810,750,675,1425
5801,"THEFT/OTHER","38.9008602147","-77.0209123942",209,27,236,1079,731,1810,750,675,1425
5801,"THEFT F/AUTO","38.8947885789","-77.0209106143",209,27,236,1079,731,1810,750,675,1425
5801,"THEFT/OTHER","38.9003290598","-77.0189293801",209,27,236,1079,731,1810,750,675,1425
5801,"THEFT/OTHER","38.8998064936","-77.0194249524",209,27,236,1079,731,1810,750,675,1425
5801,"THEFT F/AUTO","38.9018060921","-77.0209126715",209,27,236,1079,731,1810,750,675,1425
5801,"THEFT/OTHER","38.8991214156","-77.0219263529",209,27,236,1079,731,1810,750,675,1425
5801,"THEFT/OTHER","38.8991214156","-77.0219263529",209,27,236,1079,731,1810,750,675,1425
5801,"THEFT F/AUTO","38.896121815","-77.0209225327",209,27,236,1079,731,1810,750,675,1425
5801,"THEFT F/AUTO","38.8991214156","-77.0219263529",209,27,236,1079,731,1810,750,675,1425
5801,"THEFT/OTHER","38.9003375462","-77.0219151985",209,27,236,1079,731,1810,750,675,1425
5801,"ASSAULT W/DANGEROUS WEAPON","38.9008602147","-77.0209123942",209,27,236,1079,731,1810,750,675,1425
5801,"THEFT F/AUTO","38.9003379033","-77.0199208117",209,27,236,1079,731,1810,750,675,1425
5801,"BURGLARY","38.8998064936","-77.0194249524",209,27,236,1079,731,1810,750,675,1425
5801,"THEFT/OTHER","38.8991214156","-77.0219263529",209,27,236,1079,731,1810,750,675,1425
5801,"THEFT F/AUTO","38.9003375462","-77.0219151985",209,27,236,1079,731,1810,750,675,1425
5801,"MOTOR VEHICLE THEFT","38.9003379033","-77.0199208117",209,27,236,1079,731,1810,750,675,1425
5801,"THEFT/OTHER","38.8991214156","-77.0219263529",209,27,236,1079,731,1810,750,675,1425
5801,"BURGLARY","38.8998062348","-77.0209236133",209,27,236,1079,731,1810,750,675,1425
5801,"BURGLARY","38.8941399765","-77.0209104242",209,27,236,1079,731,1810,750,675,1425
5801,"THEFT F/AUTO","38.8954553732","-77.0199079209",209,27,236,1079,731,1810,750,675,1425
5801,"THEFT/OTHER","38.9003290598","-77.0189293801",209,27,236,1079,731,1810,750,675,1425
5801,"THEFT/OTHER","38.8998062348","-77.0209236133",209,27,236,1079,731,1810,750,675,1425
5801,"THEFT F/AUTO","38.897337944","-77.0209228894",209,27,236,1079,731,1810,750,675,1425
5801,"THEFT/OTHER","38.8998062348","-77.0209236133",209,27,236,1079,731,1810,750,675,1425
5801,"THEFT/OTHER","38.896121815","-77.0209225327",209,27,236,1079,731,1810,750,675,1425
5801,"THEFT/OTHER","38.8991214156","-77.0219263529",209,27,236,1079,731,1810,750,675,1425
5801,"ROBBERY","38.8998062348","-77.0209236133",209,27,236,1079,731,1810,750,675,1425
5801,"ASSAULT W/DANGEROUS WEAPON","38.8998062348","-77.0209236133",209,27,236,1079,731,1810,750,675,1425
5801,"THEFT/OTHER","38.8943289662","-77.02192488",209,27,236,1079,731,1810,750,675,1425
5801,"THEFT/OTHER","38.896121815","-77.0209225327",209,27,236,1079,731,1810,750,675,1425
5801,"THEFT/OTHER","38.897337944","-77.0209228894",209,27,236,1079,731,1810,750,675,1425
5801,"THEFT/OTHER","38.8991214156","-77.0219263529",209,27,236,1079,731,1810,750,675,1425
5801,"THEFT/OTHER","38.8991214156","-77.0219263529",209,27,236,1079,731,1810,750,675,1425
5801,"THEFT/OTHER","38.9003375462","-77.0219151985",209,27,236,1079,731,1810,750,675,1425
5801,"THEFT F/AUTO","38.9018060921","-77.0209126715",209,27,236,1079,731,1810,750,675,1425
5801,"THEFT F/AUTO","38.896121815","-77.0209225327",209,27,236,1079,731,1810,750,675,1425
5801,"THEFT/OTHER","38.8991214156","-77.0219263529",209,27,236,1079,731,1810,750,675,1425
5801,"THEFT F/AUTO","38.8947885789","-77.0209106143",209,27,236,1079,731,1810,750,675,1425
5801,"ASSAULT W/DANGEROUS WEAPON","38.9003375462","-77.0219151985",209,27,236,1079,731,1810,750,675,1425
5801,"ROBBERY","38.8967257136","-77.0189399516",209,27,236,1079,731,1810,750,675,1425
5801,"THEFT F/AUTO","38.9008602147","-77.0209123942",209,27,236,1079,731,1810,750,675,1425
5801,"THEFT/OTHER","38.9003375462","-77.0219151985",209,27,236,1079,731,1810,750,675,1425
5801,"THEFT/OTHER","38.9003375462","-77.0219151985",209,27,236,1079,731,1810,750,675,1425
5801,"THEFT/OTHER","38.8991214156","-77.0219263529",209,27,236,1079,731,1810,750,675,1425
5801,"THEFT F/AUTO","38.8943289662","-77.02192488",209,27,236,1079,731,1810,750,675,1425
5801,"ROBBERY","38.896121815","-77.0209225327",209,27,236,1079,731,1810,750,675,1425
5801,"THEFT F/AUTO","38.896121815","-77.0209225327",209,27,236,1079,731,1810,750,675,1425
5801,"ROBBERY","38.8966981663","-77.0219256081",209,27,236,1079,731,1810,750,675,1425
5801,"THEFT/OTHER","38.896121815","-77.0209225327",209,27,236,1079,731,1810,750,675,1425
5801,"THEFT F/AUTO","38.8998062348","-77.0209236133",209,27,236,1079,731,1810,750,675,1425
5801,"THEFT/OTHER","38.8991214156","-77.0219263529",209,27,236,1079,731,1810,750,675,1425
5801,"THEFT/OTHER","38.8991214156","-77.0219263529",209,27,236,1079,731,1810,750,675,1425
5802,"THEFT/OTHER","38.8952282943","-77.0288646645",0,0,0,937,1022,1959,855,858,1713
5802,"MOTOR VEHICLE THEFT","38.895455012","-77.0219252261",0,0,0,937,1022,1959,855,858,1713
5802,"THEFT/OTHER","38.8978321472","-77.0270443189",0,0,0,937,1022,1959,855,858,1713
5802,"THEFT/OTHER","38.9003639656","-77.0249356086",0,0,0,937,1022,1959,855,858,1713
5802,"THEFT/OTHER","38.9008410607","-77.0265151565",0,0,0,937,1022,1959,855,858,1713
5802,"THEFT/OTHER","38.8973455744","-77.0275628839",0,0,0,937,1022,1959,855,858,1713
5802,"THEFT/OTHER","38.8973455744","-77.0275628839",0,0,0,937,1022,1959,855,858,1713
5802,"THEFT/OTHER","38.9013636001","-77.0262732541",0,0,0,937,1022,1959,855,858,1713
5802,"THEFT F/AUTO","38.8967067715","-77.0239775344",0,0,0,937,1022,1959,855,858,1713
5802,"THEFT/OTHER","38.9008687369","-77.0234716867",0,0,0,937,1022,1959,855,858,1713
5802,"THEFT/OTHER","38.8988488519","-77.0319556355",0,0,0,937,1022,1959,855,858,1713
5802,"THEFT/OTHER","38.9003639656","-77.0249356086",0,0,0,937,1022,1959,855,858,1713
5802,"BURGLARY","38.8961303393","-77.0234701277",0,0,0,937,1022,1959,855,858,1713
5802,"THEFT F/AUTO","38.8983091573","-77.0288543832",0,0,0,937,1022,1959,855,858,1713
5802,"ASSAULT W/DANGEROUS WEAPON","38.9004801719","-77.0288552614",0,0,0,937,1022,1959,855,858,1713
5802,"THEFT/OTHER","38.8952282943","-77.0288646645",0,0,0,937,1022,1959,855,858,1713
5802,"THEFT F/AUTO","38.897823377","-77.025995282",0,0,0,937,1022,1959,855,858,1713
5802,"BURGLARY","38.8973458172","-77.0265138574",0,0,0,937,1022,1959,855,858,1713
5802,"THEFT F/AUTO","38.893590083","-77.0229505699",0,0,0,937,1022,1959,855,858,1713
5802,"THEFT/OTHER","38.8983091573","-77.0288543832",0,0,0,937,1022,1959,855,858,1713
5802,"THEFT/OTHER","38.9008687369","-77.0234716867",0,0,0,937,1022,1959,855,858,1713
5802,"THEFT/OTHER","38.8983091573","-77.0288543832",0,0,0,937,1022,1959,855,858,1713
5802,"THEFT/OTHER","38.8988488519","-77.0319556355",0,0,0,937,1022,1959,855,858,1713
5802,"THEFT/OTHER","38.9003639656","-77.0249356086",0,0,0,937,1022,1959,855,858,1713
5802,"THEFT/OTHER","38.8983091573","-77.0288543832",0,0,0,937,1022,1959,855,858,1713
5802,"THEFT F/AUTO","38.8983086629","-77.0307910736",0,0,0,937,1022,1959,855,858,1713
5802,"THEFT/OTHER","38.9008410607","-77.0265151565",0,0,0,937,1022,1959,855,858,1713
5802,"THEFT/OTHER","38.899427299","-77.0239669208",0,0,0,937,1022,1959,855,858,1713
5802,"ROBBERY","38.8973362515","-77.0288655175",0,0,0,937,1022,1959,855,858,1713
5802,"THEFT F/AUTO","38.899427299","-77.0239669208",0,0,0,937,1022,1959,855,858,1713
5802,"THEFT/OTHER","38.8988488519","-77.0319556355",0,0,0,937,1022,1959,855,858,1713
5802,"THEFT/OTHER","38.8978225125","-77.0296265518",0,0,0,937,1022,1959,855,858,1713
5802,"ASSAULT W/DANGEROUS WEAPON","38.8961106195","-77.0308016524",0,0,0,937,1022,1959,855,858,1713
5802,"BURGLARY","38.8991214156","-77.0219263529",0,0,0,937,1022,1959,855,858,1713
5802,"THEFT/OTHER","38.8991214156","-77.0219263529",0,0,0,937,1022,1959,855,858,1713
5802,"THEFT/OTHER","38.8954638211","-77.0229627002",0,0,0,937,1022,1959,855,858,1713
5802,"THEFT/OTHER","38.8998054375","-77.0249815261",0,0,0,937,1022,1959,855,858,1713
5802,"THEFT/OTHER","38.899814108","-77.0265147748",0,0,0,937,1022,1959,855,858,1713
5802,"ASSAULT W/DANGEROUS WEAPON","38.8967328794","-77.0280929197",0,0,0,937,1022,1959,855,858,1713
5802,"THEFT/OTHER","38.8973458172","-77.0265138574",0,0,0,937,1022,1959,855,858,1713
5802,"MOTOR VEHICLE THEFT","38.896733127","-77.0270439023",0,0,0,937,1022,1959,855,858,1713
5802,"THEFT F/AUTO","38.8998054375","-77.0249815261",0,0,0,937,1022,1959,855,858,1713
5802,"THEFT/OTHER","38.8967328794","-77.0280929197",0,0,0,937,1022,1959,855,858,1713
5802,"THEFT/OTHER","38.9020939764","-77.022953306",0,0,0,937,1022,1959,855,858,1713
5802,"THEFT/OTHER","38.8988488519","-77.0319556355",0,0,0,937,1022,1959,855,858,1713
5802,"BURGLARY","38.9008687369","-77.0234716867",0,0,0,937,1022,1959,855,858,1713
5802,"THEFT F/AUTO","38.9008689408","-77.0224341368",0,0,0,937,1022,1959,855,858,1713
5802,"THEFT/OTHER","38.8967328794","-77.0280929197",0,0,0,937,1022,1959,855,858,1713
5802,"THEFT/OTHER","38.8952282943","-77.0288646645",0,0,0,937,1022,1959,855,858,1713
5802,"THEFT/OTHER","38.8991214156","-77.0219263529",0,0,0,937,1022,1959,855,858,1713
5802,"THEFT/OTHER","38.9008410607","-77.0265151565",0,0,0,937,1022,1959,855,858,1713
5802,"THEFT/OTHER","38.8978225125","-77.0296265518",0,0,0,937,1022,1959,855,858,1713
5802,"ASSAULT W/DANGEROUS WEAPON","38.896733127","-77.0270439023",0,0,0,937,1022,1959,855,858,1713
5802,"THEFT/OTHER","38.8952282943","-77.0288646645",0,0,0,937,1022,1959,855,858,1713
5802,"THEFT/OTHER","38.8952282943","-77.0288646645",0,0,0,937,1022,1959,855,858,1713
5802,"MOTOR VEHICLE THEFT","38.8998059546","-77.0224338025",0,0,0,937,1022,1959,855,858,1713
5802,"THEFT/OTHER","38.8973458172","-77.0265138574",0,0,0,937,1022,1959,855,858,1713
5802,"THEFT/OTHER","38.899814108","-77.0265147748",0,0,0,937,1022,1959,855,858,1713
5802,"THEFT/OTHER","38.8973371493","-77.0249691339",0,0,0,937,1022,1959,855,858,1713
5802,"THEFT/OTHER","38.8967328794","-77.0280929197",0,0,0,937,1022,1959,855,858,1713
5802,"THEFT/OTHER","38.8952282943","-77.0288646645",0,0,0,937,1022,1959,855,858,1713
5802,"THEFT F/AUTO","38.895455012","-77.0219252261",0,0,0,937,1022,1959,855,858,1713
5802,"ROBBERY","38.9008687369","-77.0234716867",0,0,0,937,1022,1959,855,858,1713
5802,"THEFT/OTHER","38.899814108","-77.0265147748",0,0,0,937,1022,1959,855,858,1713
5802,"THEFT/OTHER","38.895455012","-77.0219252261",0,0,0,937,1022,1959,855,858,1713
5802,"THEFT/OTHER","38.9003639656","-77.0249356086",0,0,0,937,1022,1959,855,858,1713
5802,"ROBBERY","38.8978321472","-77.0270443189",0,0,0,937,1022,1959,855,858,1713
5802,"THEFT/OTHER","38.8967228722","-77.0319777385",0,0,0,937,1022,1959,855,858,1713
5802,"THEFT F/AUTO","38.9003373469","-77.0229527407",0,0,0,937,1022,1959,855,858,1713
5802,"THEFT/OTHER","38.8978225125","-77.0296265518",0,0,0,937,1022,1959,855,858,1713
5802,"THEFT/OTHER","38.8973371493","-77.0249691339",0,0,0,937,1022,1959,855,858,1713
5802,"THEFT F/AUTO","38.9003375462","-77.0219151985",0,0,0,937,1022,1959,855,858,1713
5802,"THEFT/OTHER","38.8954638211","-77.0229627002",0,0,0,937,1022,1959,855,858,1713
5802,"THEFT F/AUTO","38.9020939764","-77.022953306",0,0,0,937,1022,1959,855,858,1713
5802,"THEFT F/AUTO","38.8983100548","-77.0249579465",0,0,0,937,1022,1959,855,858,1713
5802,"THEFT F/AUTO","38.8991302291","-77.0229408243",0,0,0,937,1022,1959,855,858,1713
5802,"THEFT/OTHER","38.9008410607","-77.0265151565",0,0,0,937,1022,1959,855,858,1713
5802,"THEFT/OTHER","38.8983100548","-77.0249579465",0,0,0,937,1022,1959,855,858,1713
5802,"THEFT F/AUTO","38.8998138652","-77.0275638376",0,0,0,937,1022,1959,855,858,1713
5802,"THEFT/OTHER","38.8952282943","-77.0288646645",0,0,0,937,1022,1959,855,858,1713
5802,"THEFT/OTHER","38.899814108","-77.0265147748",0,0,0,937,1022,1959,855,858,1713
5802,"BURGLARY","38.9020939764","-77.022953306",0,0,0,937,1022,1959,855,858,1713
5802,"THEFT F/AUTO","38.9009218959","-77.0275527374",0,0,0,937,1022,1959,855,858,1713
5802,"THEFT/OTHER","38.8983091573","-77.0288543832",0,0,0,937,1022,1959,855,858,1713
5802,"THEFT/OTHER","38.8973458172","-77.0265138574",0,0,0,937,1022,1959,855,858,1713
5802,"THEFT/OTHER","38.897830904","-77.0319667074",0,0,0,937,1022,1959,855,858,1713
5802,"THEFT/OTHER","38.9003636152","-77.0265265073",0,0,0,937,1022,1959,855,858,1713
5802,"THEFT/OTHER","38.896317269","-77.0327960162",0,0,0,937,1022,1959,855,858,1713
5802,"THEFT/OTHER","38.8967328794","-77.0280929197",0,0,0,937,1022,1959,855,858,1713
5802,"THEFT/OTHER","38.8967328794","-77.0280929197",0,0,0,937,1022,1959,855,858,1713
5802,"THEFT/OTHER","38.8978225125","-77.0296265518",0,0,0,937,1022,1959,855,858,1713
5802,"THEFT/OTHER","38.8966619335","-77.0229630858",0,0,0,937,1022,1959,855,858,1713
5802,"THEFT/OTHER","38.8994268651","-77.0259958663",0,0,0,937,1022,1959,855,858,1713
5802,"THEFT/OTHER","38.8952282943","-77.0288646645",0,0,0,937,1022,1959,855,858,1713
5802,"THEFT F/AUTO","38.8991302291","-77.0229408243",0,0,0,937,1022,1959,855,858,1713
5802,"BURGLARY","38.8978228913","-77.028093349",0,0,0,937,1022,1959,855,858,1713
5802,"THEFT/OTHER","38.8988488519","-77.0319556355",0,0,0,937,1022,1959,855,858,1713
5802,"THEFT/OTHER","38.899814108","-77.0265147748",0,0,0,937,1022,1959,855,858,1713
5802,"THEFT/OTHER","38.8966619335","-77.0229630858",0,0,0,937,1022,1959,855,858,1713
5802,"THEFT F/AUTO","38.9020939764","-77.022953306",0,0,0,937,1022,1959,855,858,1713
5802,"THEFT/OTHER","38.8973458172","-77.0265138574",0,0,0,937,1022,1959,855,858,1713
5802,"THEFT/OTHER","38.8973458172","-77.0265138574",0,0,0,937,1022,1959,855,858,1713
5802,"THEFT/OTHER","38.8961106195","-77.0308016524",0,0,0,937,1022,1959,855,858,1713
5802,"THEFT/OTHER","38.8983091573","-77.0288543832",0,0,0,937,1022,1959,855,858,1713
5802,"THEFT/OTHER","38.8972023322","-77.0234820081",0,0,0,937,1022,1959,855,858,1713
5802,"THEFT/OTHER","38.8973458172","-77.0265138574",0,0,0,937,1022,1959,855,858,1713
5802,"THEFT F/AUTO","38.8998059546","-77.0224338025",0,0,0,937,1022,1959,855,858,1713
5802,"THEFT/OTHER","38.8973458172","-77.0265138574",0,0,0,937,1022,1959,855,858,1713
5802,"SEX ABUSE","38.8991214156","-77.0219263529",0,0,0,937,1022,1959,855,858,1713
5802,"THEFT/OTHER","38.8988488519","-77.0319556355",0,0,0,937,1022,1959,855,858,1713
5802,"THEFT/OTHER","38.8952282943","-77.0288646645",0,0,0,937,1022,1959,855,858,1713
5802,"THEFT/OTHER","38.8988488519","-77.0319556355",0,0,0,937,1022,1959,855,858,1713
5802,"THEFT F/AUTO","38.8947882944","-77.0224437519",0,0,0,937,1022,1959,855,858,1713
5802,"THEFT/OTHER","38.8973458172","-77.0265138574",0,0,0,937,1022,1959,855,858,1713
5802,"THEFT/OTHER","38.8973458172","-77.0265138574",0,0,0,937,1022,1959,855,858,1713
5802,"THEFT/OTHER","38.8973458172","-77.0265138574",0,0,0,937,1022,1959,855,858,1713
5802,"THEFT/OTHER","38.9003636152","-77.0265265073",0,0,0,937,1022,1959,855,858,1713
5802,"THEFT/OTHER","38.8983091573","-77.0288543832",0,0,0,937,1022,1959,855,858,1713
5802,"BURGLARY","38.8973458172","-77.0265138574",0,0,0,937,1022,1959,855,858,1713
5802,"THEFT/OTHER","38.8988488519","-77.0319556355",0,0,0,937,1022,1959,855,858,1713
5802,"THEFT/OTHER","38.8978225125","-77.0296265518",0,0,0,937,1022,1959,855,858,1713
5802,"THEFT F/AUTO","38.8983100548","-77.0249579465",0,0,0,937,1022,1959,855,858,1713
5802,"THEFT/OTHER","38.8978225125","-77.0296265518",0,0,0,937,1022,1959,855,858,1713
5802,"THEFT/OTHER","38.8954638211","-77.0229627002",0,0,0,937,1022,1959,855,858,1713
5802,"THEFT/OTHER","38.8991214156","-77.0219263529",0,0,0,937,1022,1959,855,858,1713
5802,"THEFT/OTHER","38.9008687369","-77.0234716867",0,0,0,937,1022,1959,855,858,1713
5802,"ASSAULT W/DANGEROUS WEAPON","38.8983091573","-77.0288543832",0,0,0,937,1022,1959,855,858,1713
5802,"THEFT F/AUTO","38.8983091573","-77.0288543832",0,0,0,937,1022,1959,855,858,1713
5802,"THEFT/OTHER","38.8967228722","-77.0319777385",0,0,0,937,1022,1959,855,858,1713
5802,"BURGLARY","38.899805753","-77.0234598088",0,0,0,937,1022,1959,855,858,1713
5802,"THEFT/OTHER","38.8983091573","-77.0288543832",0,0,0,937,1022,1959,855,858,1713
5802,"THEFT/OTHER","38.8973447652","-77.0308021853",0,0,0,937,1022,1959,855,858,1713
5802,"THEFT/OTHER","38.8988488519","-77.0319556355",0,0,0,937,1022,1959,855,858,1713
5802,"THEFT/OTHER","38.8988488519","-77.0319556355",0,0,0,937,1022,1959,855,858,1713
5802,"THEFT/OTHER","38.8972023322","-77.0234820081",0,0,0,937,1022,1959,855,858,1713
5802,"THEFT/OTHER","38.897823377","-77.025995282",0,0,0,937,1022,1959,855,858,1713
5802,"THEFT F/AUTO","38.8972023322","-77.0234820081",0,0,0,937,1022,1959,855,858,1713
5802,"THEFT/OTHER","38.8991214156","-77.0219263529",0,0,0,937,1022,1959,855,858,1713
5802,"THEFT F/AUTO","38.9004801719","-77.0288552614",0,0,0,937,1022,1959,855,858,1713
5802,"THEFT F/AUTO","38.8973371493","-77.0249691339",0,0,0,937,1022,1959,855,858,1713
5802,"THEFT/OTHER","38.9020939764","-77.022953306",0,0,0,937,1022,1959,855,858,1713
5802,"THEFT F/AUTO","38.8990570395","-77.028082307",0,0,0,937,1022,1959,855,858,1713
5802,"THEFT/OTHER","38.8988488519","-77.0319556355",0,0,0,937,1022,1959,855,858,1713
5802,"MOTOR VEHICLE THEFT","38.8991214156","-77.0219263529",0,0,0,937,1022,1959,855,858,1713
5802,"THEFT/OTHER","38.893590083","-77.0229505699",0,0,0,937,1022,1959,855,858,1713
5802,"THEFT F/AUTO","38.9020939764","-77.022953306",0,0,0,937,1022,1959,855,858,1713
5802,"THEFT/OTHER","38.8973371493","-77.0249691339",0,0,0,937,1022,1959,855,858,1713
5802,"THEFT/OTHER","38.8967328794","-77.0280929197",0,0,0,937,1022,1959,855,858,1713
5802,"THEFT/OTHER","38.893590083","-77.0229505699",0,0,0,937,1022,1959,855,858,1713
5802,"THEFT F/AUTO","38.896733127","-77.0270439023",0,0,0,937,1022,1959,855,858,1713
5802,"THEFT/OTHER","38.8973458172","-77.0265138574",0,0,0,937,1022,1959,855,858,1713
5802,"THEFT/OTHER","38.8952282943","-77.0288646645",0,0,0,937,1022,1959,855,858,1713
5802,"BURGLARY","38.8973455744","-77.0275628839",0,0,0,937,1022,1959,855,858,1713
5802,"THEFT F/AUTO","38.8954638211","-77.0229627002",0,0,0,937,1022,1959,855,858,1713
5802,"THEFT/OTHER","38.9003639656","-77.0249356086",0,0,0,937,1022,1959,855,858,1713
5802,"THEFT/OTHER","38.8952282943","-77.0288646645",0,0,0,937,1022,1959,855,858,1713
5802,"THEFT F/AUTO","38.9014816053","-77.0219270784",0,0,0,937,1022,1959,855,858,1713
5802,"THEFT/OTHER","38.8988488519","-77.0319556355",0,0,0,937,1022,1959,855,858,1713
5802,"MOTOR VEHICLE THEFT","38.8978672325","-77.0239597105",0,0,0,937,1022,1959,855,858,1713
5802,"BURGLARY","38.9003375462","-77.0219151985",0,0,0,937,1022,1959,855,858,1713
5802,"THEFT/OTHER","38.8973447652","-77.0308021853",0,0,0,937,1022,1959,855,858,1713
5802,"THEFT/OTHER","38.9020939764","-77.022953306",0,0,0,937,1022,1959,855,858,1713
5802,"THEFT/OTHER","38.897830904","-77.0319667074",0,0,0,937,1022,1959,855,858,1713
5802,"THEFT/OTHER","38.8967328794","-77.0280929197",0,0,0,937,1022,1959,855,858,1713
5802,"THEFT F/AUTO","38.8983097093","-77.0265257436",0,0,0,937,1022,1959,855,858,1713
5802,"THEFT F/AUTO","38.8961300261","-77.024980239",0,0,0,937,1022,1959,855,858,1713
5802,"THEFT/OTHER","38.9008687369","-77.0234716867",0,0,0,937,1022,1959,855,858,1713
5802,"THEFT F/AUTO","38.8990570395","-77.028082307",0,0,0,937,1022,1959,855,858,1713
5802,"THEFT/OTHER","38.8952282943","-77.0288646645",0,0,0,937,1022,1959,855,858,1713
5802,"THEFT/OTHER","38.8967228722","-77.0319777385",0,0,0,937,1022,1959,855,858,1713
5802,"THEFT F/AUTO","38.8983100548","-77.0249579465",0,0,0,937,1022,1959,855,858,1713
5802,"THEFT/OTHER","38.8983091573","-77.0288543832",0,0,0,937,1022,1959,855,858,1713
5802,"THEFT/OTHER","38.899814108","-77.0265147748",0,0,0,937,1022,1959,855,858,1713
5802,"THEFT F/AUTO","38.9003371408","-77.0239787547",0,0,0,937,1022,1959,855,858,1713
5802,"THEFT/OTHER","38.8988488519","-77.0319556355",0,0,0,937,1022,1959,855,858,1713
5802,"THEFT/OTHER","38.8991214156","-77.0219263529",0,0,0,937,1022,1959,855,858,1713
5802,"THEFT/OTHER","38.8973362515","-77.0288655175",0,0,0,937,1022,1959,855,858,1713
5802,"BURGLARY","38.8973447652","-77.0308021853",0,0,0,937,1022,1959,855,858,1713
5802,"BURGLARY","38.8973458172","-77.0265138574",0,0,0,937,1022,1959,855,858,1713
5802,"THEFT/OTHER","38.8978321472","-77.0270443189",0,0,0,937,1022,1959,855,858,1713
5802,"ASSAULT W/DANGEROUS WEAPON","38.9003373469","-77.0229527407",0,0,0,937,1022,1959,855,858,1713
5802,"THEFT/OTHER","38.8983171221","-77.0328084635",0,0,0,937,1022,1959,855,858,1713
5802,"THEFT/OTHER","38.8994268651","-77.0259958663",0,0,0,937,1022,1959,855,858,1713
5802,"THEFT/OTHER","38.8973362515","-77.0288655175",0,0,0,937,1022,1959,855,858,1713
5802,"THEFT/OTHER","38.9003639656","-77.0249356086",0,0,0,937,1022,1959,855,858,1713
5802,"BURGLARY","38.9014721914","-77.0239906647",0,0,0,937,1022,1959,855,858,1713
5802,"ASSAULT W/DANGEROUS WEAPON","38.8973458172","-77.0265138574",0,0,0,937,1022,1959,855,858,1713
5802,"BURGLARY","38.8954638211","-77.0229627002",0,0,0,937,1022,1959,855,858,1713
5802,"THEFT/OTHER","38.8967234894","-77.029637623",0,0,0,937,1022,1959,855,858,1713
5802,"THEFT/OTHER","38.8973458172","-77.0265138574",0,0,0,937,1022,1959,855,858,1713
5802,"THEFT F/AUTO","38.897823377","-77.025995282",0,0,0,937,1022,1959,855,858,1713
5802,"THEFT/OTHER","38.9020939764","-77.022953306",0,0,0,937,1022,1959,855,858,1713
5802,"THEFT/OTHER","38.8967234894","-77.029637623",0,0,0,937,1022,1959,855,858,1713
5802,"THEFT/OTHER","38.8967328794","-77.0280929197",0,0,0,937,1022,1959,855,858,1713
5802,"THEFT/OTHER","38.8973458172","-77.0265138574",0,0,0,937,1022,1959,855,858,1713
5802,"THEFT/OTHER","38.8978225125","-77.0296265518",0,0,0,937,1022,1959,855,858,1713
5802,"BURGLARY","38.8973458172","-77.0265138574",0,0,0,937,1022,1959,855,858,1713
5802,"THEFT/OTHER","38.8952282943","-77.0288646645",0,0,0,937,1022,1959,855,858,1713
5802,"THEFT/OTHER","38.893590083","-77.0229505699",0,0,0,937,1022,1959,855,858,1713
5802,"THEFT/OTHER","38.895455012","-77.0219252261",0,0,0,937,1022,1959,855,858,1713
5802,"THEFT F/AUTO","38.899427299","-77.0239669208",0,0,0,937,1022,1959,855,858,1713
5802,"THEFT F/AUTO","38.8966619335","-77.0229630858",0,0,0,937,1022,1959,855,858,1713
5802,"THEFT/OTHER","38.8967333677","-77.0259833571",0,0,0,937,1022,1959,855,858,1713
5802,"THEFT F/AUTO","38.8984546021","-77.022940607",0,0,0,937,1022,1959,855,858,1713
5802,"THEFT F/AUTO","38.8983091573","-77.0288543832",0,0,0,937,1022,1959,855,858,1713
5802,"THEFT/OTHER","38.899814108","-77.0265147748",0,0,0,937,1022,1959,855,858,1713
5802,"THEFT/OTHER","38.8973455744","-77.0275628839",0,0,0,937,1022,1959,855,858,1713
5802,"THEFT/OTHER","38.8973458172","-77.0265138574",0,0,0,937,1022,1959,855,858,1713
5802,"THEFT/OTHER","38.8973458172","-77.0265138574",0,0,0,937,1022,1959,855,858,1713
5802,"THEFT/OTHER","38.8973458172","-77.0265138574",0,0,0,937,1022,1959,855,858,1713
5802,"THEFT/OTHER","38.8973458172","-77.0265138574",0,0,0,937,1022,1959,855,858,1713
5802,"THEFT/OTHER","38.9003639656","-77.0249356086",0,0,0,937,1022,1959,855,858,1713
5802,"THEFT F/AUTO","38.8947882944","-77.0224437519",0,0,0,937,1022,1959,855,858,1713
5802,"THEFT F/AUTO","38.8961305409","-77.0224441742",0,0,0,937,1022,1959,855,858,1713
5802,"THEFT/OTHER","38.8988488519","-77.0319556355",0,0,0,937,1022,1959,855,858,1713
5802,"THEFT F/AUTO","38.8972025384","-77.0224329838",0,0,0,937,1022,1959,855,858,1713
5802,"THEFT/OTHER","38.8978225125","-77.0296265518",0,0,0,937,1022,1959,855,858,1713
5802,"THEFT/OTHER","38.8967328794","-77.0280929197",0,0,0,937,1022,1959,855,858,1713
5802,"BURGLARY","38.897830904","-77.0319667074",0,0,0,937,1022,1959,855,858,1713
5802,"BURGLARY","38.896733127","-77.0270439023",0,0,0,937,1022,1959,855,858,1713
5802,"THEFT/OTHER","38.8973458172","-77.0265138574",0,0,0,937,1022,1959,855,858,1713
5802,"THEFT/OTHER","38.8973458172","-77.0265138574",0,0,0,937,1022,1959,855,858,1713
5802,"ASSAULT W/DANGEROUS WEAPON","38.8990918411","-77.0328088198",0,0,0,937,1022,1959,855,858,1713
5802,"THEFT/OTHER","38.899814108","-77.0265147748",0,0,0,937,1022,1959,855,858,1713
5802,"MOTOR VEHICLE THEFT","38.8990566579","-77.0296270643",0,0,0,937,1022,1959,855,858,1713
5802,"THEFT/OTHER","38.8954638211","-77.0229627002",0,0,0,937,1022,1959,855,858,1713
5802,"THEFT/OTHER","38.899814108","-77.0265147748",0,0,0,937,1022,1959,855,858,1713
5802,"THEFT F/AUTO","38.8998059546","-77.0224338025",0,0,0,937,1022,1959,855,858,1713
5802,"THEFT/OTHER","38.8952282943","-77.0288646645",0,0,0,937,1022,1959,855,858,1713
5802,"THEFT/OTHER","38.8991214156","-77.0219263529",0,0,0,937,1022,1959,855,858,1713
5802,"THEFT F/AUTO","38.8967328794","-77.0280929197",0,0,0,937,1022,1959,855,858,1713
5802,"THEFT F/AUTO","38.8990566579","-77.0296270643",0,0,0,937,1022,1959,855,858,1713
5802,"THEFT/OTHER","38.8973458172","-77.0265138574",0,0,0,937,1022,1959,855,858,1713
5802,"THEFT/OTHER","38.9008687369","-77.0234716867",0,0,0,937,1022,1959,855,858,1713
5802,"THEFT/OTHER","38.8954638211","-77.0229627002",0,0,0,937,1022,1959,855,858,1713
5802,"ROBBERY","38.8983091573","-77.0288543832",0,0,0,937,1022,1959,855,858,1713
5802,"BURGLARY","38.8973371493","-77.0249691339",0,0,0,937,1022,1959,855,858,1713
5802,"THEFT F/AUTO","38.899427299","-77.0239669208",0,0,0,937,1022,1959,855,858,1713
5802,"THEFT/OTHER","38.8988488519","-77.0319556355",0,0,0,937,1022,1959,855,858,1713
5802,"THEFT/OTHER","38.897830904","-77.0319667074",0,0,0,937,1022,1959,855,858,1713
5802,"THEFT/OTHER","38.8954638211","-77.0229627002",0,0,0,937,1022,1959,855,858,1713
5802,"THEFT F/AUTO","38.8991302291","-77.0229408243",0,0,0,937,1022,1959,855,858,1713
5802,"ASSAULT W/DANGEROUS WEAPON","38.8967234894","-77.029637623",0,0,0,937,1022,1959,855,858,1713
5802,"THEFT/OTHER","38.9008410607","-77.0265151565",0,0,0,937,1022,1959,855,858,1713
5802,"THEFT F/AUTO","38.8978602451","-77.0219259653",0,0,0,937,1022,1959,855,858,1713
5802,"THEFT/OTHER","38.8990570395","-77.028082307",0,0,0,937,1022,1959,855,858,1713
5802,"THEFT/OTHER","38.8948772772","-77.0275849849",0,0,0,937,1022,1959,855,858,1713
5802,"THEFT/OTHER","38.9003639656","-77.0249356086",0,0,0,937,1022,1959,855,858,1713
5802,"THEFT/OTHER","38.8983091573","-77.0288543832",0,0,0,937,1022,1959,855,858,1713
5802,"THEFT/OTHER","38.9003636152","-77.0265265073",0,0,0,937,1022,1959,855,858,1713
5802,"THEFT/OTHER","38.8952282943","-77.0288646645",0,0,0,937,1022,1959,855,858,1713
5802,"THEFT/OTHER","38.8952282943","-77.0288646645",0,0,0,937,1022,1959,855,858,1713
5802,"THEFT/OTHER","38.8952282943","-77.0288646645",0,0,0,937,1022,1959,855,858,1713
5802,"ROBBERY","38.9003373469","-77.0229527407",0,0,0,937,1022,1959,855,858,1713
5802,"THEFT/OTHER","38.8967228722","-77.0319777385",0,0,0,937,1022,1959,855,858,1713
5802,"THEFT/OTHER","38.8978225125","-77.0296265518",0,0,0,937,1022,1959,855,858,1713
5802,"THEFT/OTHER","38.899814108","-77.0265147748",0,0,0,937,1022,1959,855,858,1713
5802,"THEFT F/AUTO","38.8990566579","-77.0296270643",0,0,0,937,1022,1959,855,858,1713
5802,"THEFT/OTHER","38.8988488519","-77.0319556355",0,0,0,937,1022,1959,855,858,1713
5802,"THEFT F/AUTO","38.9008689408","-77.0224341368",0,0,0,937,1022,1959,855,858,1713
5802,"BURGLARY","38.897830904","-77.0319667074",0,0,0,937,1022,1959,855,858,1713
5802,"THEFT/OTHER","38.9003636152","-77.0265265073",0,0,0,937,1022,1959,855,858,1713
5802,"THEFT/OTHER","38.9008687369","-77.0234716867",0,0,0,937,1022,1959,855,858,1713
5802,"THEFT/OTHER","38.9014721914","-77.0239906647",0,0,0,937,1022,1959,855,858,1713
5802,"THEFT/OTHER","38.8983091573","-77.0288543832",0,0,0,937,1022,1959,855,858,1713
5802,"THEFT/OTHER","38.8973458172","-77.0265138574",0,0,0,937,1022,1959,855,858,1713
5802,"THEFT/OTHER","38.8954638211","-77.0229627002",0,0,0,937,1022,1959,855,858,1713
5802,"THEFT/OTHER","38.8988488519","-77.0319556355",0,0,0,937,1022,1959,855,858,1713
5802,"THEFT/OTHER","38.9003639656","-77.0249356086",0,0,0,937,1022,1959,855,858,1713
5802,"BURGLARY","38.8983091573","-77.0288543832",0,0,0,937,1022,1959,855,858,1713
5802,"THEFT/OTHER","38.899805753","-77.0234598088",0,0,0,937,1022,1959,855,858,1713
5802,"BURGLARY","38.8973458172","-77.0265138574",0,0,0,937,1022,1959,855,858,1713
5802,"THEFT/OTHER","38.9008410607","-77.0265151565",0,0,0,937,1022,1959,855,858,1713
5802,"THEFT/OTHER","38.8973458172","-77.0265138574",0,0,0,937,1022,1959,855,858,1713
5802,"THEFT/OTHER","38.8978225125","-77.0296265518",0,0,0,937,1022,1959,855,858,1713
5802,"MOTOR VEHICLE THEFT","38.9008687369","-77.0234716867",0,0,0,937,1022,1959,855,858,1713
5802,"THEFT/OTHER","38.9008687369","-77.0234716867",0,0,0,937,1022,1959,855,858,1713
5802,"THEFT/OTHER","38.899427299","-77.0239669208",0,0,0,937,1022,1959,855,858,1713
5802,"THEFT/OTHER","38.8973455744","-77.0275628839",0,0,0,937,1022,1959,855,858,1713
5802,"THEFT/OTHER","38.8967228722","-77.0319777385",0,0,0,937,1022,1959,855,858,1713
5802,"THEFT/OTHER","38.8973455744","-77.0275628839",0,0,0,937,1022,1959,855,858,1713
5802,"THEFT/OTHER","38.899427299","-77.0239669208",0,0,0,937,1022,1959,855,858,1713
5802,"THEFT/OTHER","38.8991214156","-77.0219263529",0,0,0,937,1022,1959,855,858,1713
5802,"THEFT/OTHER","38.9003636152","-77.0265265073",0,0,0,937,1022,1959,855,858,1713
5802,"THEFT/OTHER","38.8967328794","-77.0280929197",0,0,0,937,1022,1959,855,858,1713
5802,"THEFT/OTHER","38.9008687369","-77.0234716867",0,0,0,937,1022,1959,855,858,1713
5802,"THEFT/OTHER","38.8978321472","-77.0270443189",0,0,0,937,1022,1959,855,858,1713
5802,"THEFT/OTHER","38.8983091573","-77.0288543832",0,0,0,937,1022,1959,855,858,1713
5802,"THEFT F/AUTO","38.8961303393","-77.0234701277",0,0,0,937,1022,1959,855,858,1713
5802,"THEFT/OTHER","38.9003639656","-77.0249356086",0,0,0,937,1022,1959,855,858,1713
5802,"THEFT F/AUTO","38.8961300261","-77.024980239",0,0,0,937,1022,1959,855,858,1713
5802,"ASSAULT W/DANGEROUS WEAPON","38.897823377","-77.025995282",0,0,0,937,1022,1959,855,858,1713
5802,"THEFT/OTHER","38.9013636001","-77.0262732541",0,0,0,937,1022,1959,855,858,1713
5802,"THEFT/OTHER","38.9003636152","-77.0265265073",0,0,0,937,1022,1959,855,858,1713
5802,"THEFT/OTHER","38.8996688305","-77.031149033",0,0,0,937,1022,1959,855,858,1713
5802,"THEFT/OTHER","38.8973455744","-77.0275628839",0,0,0,937,1022,1959,855,858,1713
5802,"THEFT/OTHER","38.897830904","-77.0319667074",0,0,0,937,1022,1959,855,858,1713
5802,"THEFT/OTHER","38.8967328794","-77.0280929197",0,0,0,937,1022,1959,855,858,1713
5802,"THEFT/OTHER","38.9003639656","-77.0249356086",0,0,0,937,1022,1959,855,858,1713
5802,"THEFT F/AUTO","38.9004801719","-77.0288552614",0,0,0,937,1022,1959,855,858,1713
5802,"THEFT F/AUTO","38.8961305409","-77.0224441742",0,0,0,937,1022,1959,855,858,1713
5802,"THEFT/OTHER","38.8978225125","-77.0296265518",0,0,0,937,1022,1959,855,858,1713
5802,"THEFT/OTHER","38.8954638211","-77.0229627002",0,0,0,937,1022,1959,855,858,1713
5802,"THEFT F/AUTO","38.8991302291","-77.0229408243",0,0,0,937,1022,1959,855,858,1713
5802,"THEFT/OTHER","38.8952282943","-77.0288646645",0,0,0,937,1022,1959,855,858,1713
5802,"THEFT/OTHER","38.8988488519","-77.0319556355",0,0,0,937,1022,1959,855,858,1713
5802,"THEFT/OTHER","38.9004801719","-77.0288552614",0,0,0,937,1022,1959,855,858,1713
5802,"THEFT F/AUTO","38.899805753","-77.0234598088",0,0,0,937,1022,1959,855,858,1713
5802,"THEFT F/AUTO","38.9009218959","-77.0275527374",0,0,0,937,1022,1959,855,858,1713
5802,"THEFT/OTHER","38.8973458172","-77.0265138574",0,0,0,937,1022,1959,855,858,1713
5802,"MOTOR VEHICLE THEFT","38.8973455744","-77.0275628839",0,0,0,937,1022,1959,855,858,1713
5802,"THEFT/OTHER","38.9008594129","-77.0249934235",0,0,0,937,1022,1959,855,858,1713
5802,"THEFT/OTHER","38.8973458172","-77.0265138574",0,0,0,937,1022,1959,855,858,1713
5802,"THEFT/OTHER","38.8954269115","-77.0270549346",0,0,0,937,1022,1959,855,858,1713
5802,"THEFT/OTHER","38.8983091573","-77.0288543832",0,0,0,937,1022,1959,855,858,1713
5802,"THEFT F/AUTO","38.8990570395","-77.028082307",0,0,0,937,1022,1959,855,858,1713
5802,"THEFT/OTHER","38.8973458172","-77.0265138574",0,0,0,937,1022,1959,855,858,1713
5802,"THEFT/OTHER","38.9008410607","-77.0265151565",0,0,0,937,1022,1959,855,858,1713
5802,"THEFT/OTHER","38.8978321472","-77.0270443189",0,0,0,937,1022,1959,855,858,1713
5802,"THEFT/OTHER","38.8952282943","-77.0288646645",0,0,0,937,1022,1959,855,858,1713
5802,"THEFT/OTHER","38.9008410607","-77.0265151565",0,0,0,937,1022,1959,855,858,1713
5802,"THEFT/OTHER","38.8998059546","-77.0224338025",0,0,0,937,1022,1959,855,858,1713
5802,"MOTOR VEHICLE THEFT","38.8991214156","-77.0219263529",0,0,0,937,1022,1959,855,858,1713
5802,"THEFT/OTHER","38.9020939764","-77.022953306",0,0,0,937,1022,1959,855,858,1713
5802,"THEFT/OTHER","38.8972023322","-77.0234820081",0,0,0,937,1022,1959,855,858,1713
5802,"THEFT/OTHER","38.8948772772","-77.0275849849",0,0,0,937,1022,1959,855,858,1713
5802,"BURGLARY","38.8954638211","-77.0229627002",0,0,0,937,1022,1959,855,858,1713
5802,"THEFT/OTHER","38.8967228722","-77.0319777385",0,0,0,937,1022,1959,855,858,1713
5802,"THEFT/OTHER","38.8973458172","-77.0265138574",0,0,0,937,1022,1959,855,858,1713
5802,"BURGLARY","38.8978228913","-77.028093349",0,0,0,937,1022,1959,855,858,1713
5802,"BURGLARY","38.8973458172","-77.0265138574",0,0,0,937,1022,1959,855,858,1713
5802,"THEFT/OTHER","38.8973458172","-77.0265138574",0,0,0,937,1022,1959,855,858,1713
5802,"THEFT/OTHER","38.8973458172","-77.0265138574",0,0,0,937,1022,1959,855,858,1713
5802,"THEFT/OTHER","38.8952282943","-77.0288646645",0,0,0,937,1022,1959,855,858,1713
5802,"THEFT/OTHER","38.9014721914","-77.0239906647",0,0,0,937,1022,1959,855,858,1713
5802,"BURGLARY","38.9020939764","-77.022953306",0,0,0,937,1022,1959,855,858,1713
5802,"THEFT/OTHER","38.8983086629","-77.0307910736",0,0,0,937,1022,1959,855,858,1713
5802,"THEFT/OTHER","38.8973458172","-77.0265138574",0,0,0,937,1022,1959,855,858,1713
5802,"THEFT/OTHER","38.8952282943","-77.0288646645",0,0,0,937,1022,1959,855,858,1713
5802,"THEFT F/AUTO","38.8983091573","-77.0288543832",0,0,0,937,1022,1959,855,858,1713
5802,"THEFT/OTHER","38.895455012","-77.0219252261",0,0,0,937,1022,1959,855,858,1713
5802,"THEFT/OTHER","38.9003371408","-77.0239787547",0,0,0,937,1022,1959,855,858,1713
5802,"BURGLARY","38.8973458172","-77.0265138574",0,0,0,937,1022,1959,855,858,1713
5802,"THEFT/OTHER","38.8990570395","-77.028082307",0,0,0,937,1022,1959,855,858,1713
5802,"THEFT F/AUTO","38.9020939764","-77.022953306",0,0,0,937,1022,1959,855,858,1713
5802,"THEFT F/AUTO","38.8990918411","-77.0328088198",0,0,0,937,1022,1959,855,858,1713
5802,"THEFT/OTHER","38.9003636152","-77.0265265073",0,0,0,937,1022,1959,855,858,1713
5802,"THEFT/OTHER","38.8983091573","-77.0288543832",0,0,0,937,1022,1959,855,858,1713
5802,"THEFT/OTHER","38.9008410607","-77.0265151565",0,0,0,937,1022,1959,855,858,1713
5802,"THEFT/OTHER","38.9003639656","-77.0249356086",0,0,0,937,1022,1959,855,858,1713
5802,"THEFT/OTHER","38.8961296882","-77.0265134054",0,0,0,937,1022,1959,855,858,1713
5802,"THEFT/OTHER","38.8983091573","-77.0288543832",0,0,0,937,1022,1959,855,858,1713
5802,"THEFT/OTHER","38.9003639656","-77.0249356086",0,0,0,937,1022,1959,855,858,1713
5802,"THEFT/OTHER","38.8983091573","-77.0288543832",0,0,0,937,1022,1959,855,858,1713
5802,"THEFT/OTHER","38.8988488519","-77.0319556355",0,0,0,937,1022,1959,855,858,1713
5802,"BURGLARY","38.897830904","-77.0319667074",0,0,0,937,1022,1959,855,858,1713
5802,"MOTOR VEHICLE THEFT","38.9017962795","-77.0250052802",0,0,0,937,1022,1959,855,858,1713
5802,"BURGLARY","38.8983086629","-77.0307910736",0,0,0,937,1022,1959,855,858,1713
5802,"THEFT/OTHER","38.8983091573","-77.0288543832",0,0,0,937,1022,1959,855,858,1713
5802,"THEFT/OTHER","38.8967228722","-77.0319777385",0,0,0,937,1022,1959,855,858,1713
5802,"THEFT F/AUTO","38.8973371493","-77.0249691339",0,0,0,937,1022,1959,855,858,1713
5802,"THEFT/OTHER","38.8991214156","-77.0219263529",0,0,0,937,1022,1959,855,858,1713
5802,"THEFT/OTHER","38.8967328794","-77.0280929197",0,0,0,937,1022,1959,855,858,1713
5802,"THEFT/OTHER","38.8952282943","-77.0288646645",0,0,0,937,1022,1959,855,858,1713
5802,"THEFT/OTHER","38.9014721914","-77.0239906647",0,0,0,937,1022,1959,855,858,1713
5802,"THEFT/OTHER","38.8990570395","-77.028082307",0,0,0,937,1022,1959,855,858,1713
5802,"THEFT F/AUTO","38.8961291308","-77.028865029",0,0,0,937,1022,1959,855,858,1713
5802,"ROBBERY","38.8983091573","-77.0288543832",0,0,0,937,1022,1959,855,858,1713
5802,"BURGLARY","38.8961303393","-77.0234701277",0,0,0,937,1022,1959,855,858,1713
5802,"THEFT F/AUTO","38.8983097093","-77.0265257436",0,0,0,937,1022,1959,855,858,1713
5802,"THEFT/OTHER","38.9003639656","-77.0249356086",0,0,0,937,1022,1959,855,858,1713
5802,"THEFT/OTHER","38.8967328794","-77.0280929197",0,0,0,937,1022,1959,855,858,1713
5802,"THEFT F/AUTO","38.8991302291","-77.0229408243",0,0,0,937,1022,1959,855,858,1713
5802,"THEFT F/AUTO","38.8983100548","-77.0249579465",0,0,0,937,1022,1959,855,858,1713
5802,"THEFT/OTHER","38.8973458172","-77.0265138574",0,0,0,937,1022,1959,855,858,1713
5802,"THEFT F/AUTO","38.8983100548","-77.0249579465",0,0,0,937,1022,1959,855,858,1713
5802,"THEFT/OTHER","38.8973447652","-77.0308021853",0,0,0,937,1022,1959,855,858,1713
5802,"THEFT/OTHER","38.8988488519","-77.0319556355",0,0,0,937,1022,1959,855,858,1713
5802,"THEFT F/AUTO","38.8954638211","-77.0229627002",0,0,0,937,1022,1959,855,858,1713
5802,"THEFT/OTHER","38.8954638211","-77.0229627002",0,0,0,937,1022,1959,855,858,1713
5802,"THEFT/OTHER","38.8973458172","-77.0265138574",0,0,0,937,1022,1959,855,858,1713
5802,"THEFT/OTHER","38.8973458172","-77.0265138574",0,0,0,937,1022,1959,855,858,1713
5802,"MOTOR VEHICLE THEFT","38.8961300261","-77.024980239",0,0,0,937,1022,1959,855,858,1713
5802,"THEFT/OTHER","38.8973458172","-77.0265138574",0,0,0,937,1022,1959,855,858,1713
5802,"THEFT/OTHER","38.9003371408","-77.0239787547",0,0,0,937,1022,1959,855,858,1713
5802,"THEFT/OTHER","38.8952282943","-77.0288646645",0,0,0,937,1022,1959,855,858,1713
5802,"ASSAULT W/DANGEROUS WEAPON","38.8968665365","-77.0336493176",0,0,0,937,1022,1959,855,858,1713
5802,"THEFT/OTHER","38.8973458172","-77.0265138574",0,0,0,937,1022,1959,855,858,1713
5802,"THEFT/OTHER","38.899814108","-77.0265147748",0,0,0,937,1022,1959,855,858,1713
5802,"THEFT/OTHER","38.8954638211","-77.0229627002",0,0,0,937,1022,1959,855,858,1713
5802,"THEFT/OTHER","38.896733127","-77.0270439023",0,0,0,937,1022,1959,855,858,1713
5802,"THEFT F/AUTO","38.897823377","-77.025995282",0,0,0,937,1022,1959,855,858,1713
5802,"THEFT/OTHER","38.9008410607","-77.0265151565",0,0,0,937,1022,1959,855,858,1713
5802,"THEFT F/AUTO","38.8983097093","-77.0265257436",0,0,0,937,1022,1959,855,858,1713
5802,"SEX ABUSE","38.9014721914","-77.0239906647",0,0,0,937,1022,1959,855,858,1713
5802,"THEFT/OTHER","38.9003639656","-77.0249356086",0,0,0,937,1022,1959,855,858,1713
5802,"THEFT/OTHER","38.8983091573","-77.0288543832",0,0,0,937,1022,1959,855,858,1713
5802,"BURGLARY","38.8973447652","-77.0308021853",0,0,0,937,1022,1959,855,858,1713
5802,"THEFT F/AUTO","38.8952282943","-77.0288646645",0,0,0,937,1022,1959,855,858,1713
5802,"THEFT/OTHER","38.8988488519","-77.0319556355",0,0,0,937,1022,1959,855,858,1713
5802,"THEFT/OTHER","38.8978321472","-77.0270443189",0,0,0,937,1022,1959,855,858,1713
5802,"THEFT F/AUTO","38.8998135505","-77.0288665199",0,0,0,937,1022,1959,855,858,1713
5802,"THEFT F/AUTO","38.8990572843","-77.0270447834",0,0,0,937,1022,1959,855,858,1713
5802,"THEFT F/AUTO","38.8990570395","-77.028082307",0,0,0,937,1022,1959,855,858,1713
5802,"THEFT/OTHER","38.8973447652","-77.0308021853",0,0,0,937,1022,1959,855,858,1713
5802,"THEFT F/AUTO","38.8973447652","-77.0308021853",0,0,0,937,1022,1959,855,858,1713
5802,"THEFT/OTHER","38.8983091573","-77.0288543832",0,0,0,937,1022,1959,855,858,1713
5802,"THEFT/OTHER","38.8973458172","-77.0265138574",0,0,0,937,1022,1959,855,858,1713
5802,"THEFT/OTHER","38.8967228722","-77.0319777385",0,0,0,937,1022,1959,855,858,1713
5802,"THEFT/OTHER","38.8973458172","-77.0265138574",0,0,0,937,1022,1959,855,858,1713
5802,"THEFT F/AUTO","38.8983100548","-77.0249579465",0,0,0,937,1022,1959,855,858,1713
5802,"THEFT F/AUTO","38.9008410607","-77.0265151565",0,0,0,937,1022,1959,855,858,1713
5802,"ROBBERY","38.8983086629","-77.0307910736",0,0,0,937,1022,1959,855,858,1713
5802,"THEFT F/AUTO","38.9003371408","-77.0239787547",0,0,0,937,1022,1959,855,858,1713
5802,"THEFT/OTHER","38.899814108","-77.0265147748",0,0,0,937,1022,1959,855,858,1713
5802,"BURGLARY","38.8961300261","-77.024980239",0,0,0,937,1022,1959,855,858,1713
5802,"THEFT/OTHER","38.8973458172","-77.0265138574",0,0,0,937,1022,1959,855,858,1713
5802,"THEFT F/AUTO","38.9008687369","-77.0234716867",0,0,0,937,1022,1959,855,858,1713
5802,"THEFT/OTHER","38.8973458172","-77.0265138574",0,0,0,937,1022,1959,855,858,1713
5802,"THEFT/OTHER","38.8967328794","-77.0280929197",0,0,0,937,1022,1959,855,858,1713
5802,"ROBBERY","38.893590083","-77.0229505699",0,0,0,937,1022,1959,855,858,1713
5802,"THEFT/OTHER","38.8983091573","-77.0288543832",0,0,0,937,1022,1959,855,858,1713
5802,"THEFT F/AUTO","38.8967333677","-77.0259833571",0,0,0,937,1022,1959,855,858,1713
5802,"THEFT/OTHER","38.9003371408","-77.0239787547",0,0,0,937,1022,1959,855,858,1713
5802,"THEFT/OTHER","38.9008410607","-77.0265151565",0,0,0,937,1022,1959,855,858,1713
5802,"THEFT/OTHER","38.8954638211","-77.0229627002",0,0,0,937,1022,1959,855,858,1713
5802,"THEFT/OTHER","38.9003639656","-77.0249356086",0,0,0,937,1022,1959,855,858,1713
5802,"MOTOR VEHICLE THEFT","38.8983086629","-77.0307910736",0,0,0,937,1022,1959,855,858,1713
5802,"MOTOR VEHICLE THEFT","38.9009218959","-77.0275527374",0,0,0,937,1022,1959,855,858,1713
5802,"THEFT/OTHER","38.8983100548","-77.0249579465",0,0,0,937,1022,1959,855,858,1713
5802,"THEFT/OTHER","38.9008687369","-77.0234716867",0,0,0,937,1022,1959,855,858,1713
5802,"THEFT F/AUTO","38.899814108","-77.0265147748",0,0,0,937,1022,1959,855,858,1713
5802,"THEFT F/AUTO","38.895455012","-77.0219252261",0,0,0,937,1022,1959,855,858,1713
5802,"THEFT/OTHER","38.8983091573","-77.0288543832",0,0,0,937,1022,1959,855,858,1713
5802,"THEFT F/AUTO","38.9003373469","-77.0229527407",0,0,0,937,1022,1959,855,858,1713
5802,"THEFT/OTHER","38.8973458172","-77.0265138574",0,0,0,937,1022,1959,855,858,1713
5802,"THEFT/OTHER","38.8973458172","-77.0265138574",0,0,0,937,1022,1959,855,858,1713
5802,"THEFT/OTHER","38.8967228722","-77.0319777385",0,0,0,937,1022,1959,855,858,1713
5802,"THEFT/OTHER","38.9003371408","-77.0239787547",0,0,0,937,1022,1959,855,858,1713
5802,"THEFT/OTHER","38.8973458172","-77.0265138574",0,0,0,937,1022,1959,855,858,1713
5802,"THEFT/OTHER","38.9003639656","-77.0249356086",0,0,0,937,1022,1959,855,858,1713
5802,"THEFT/OTHER","38.8973458172","-77.0265138574",0,0,0,937,1022,1959,855,858,1713
5802,"THEFT/OTHER","38.8973458172","-77.0265138574",0,0,0,937,1022,1959,855,858,1713
5802,"MOTOR VEHICLE THEFT","38.8998059546","-77.0224338025",0,0,0,937,1022,1959,855,858,1713
5802,"THEFT F/AUTO","38.9003373469","-77.0229527407",0,0,0,937,1022,1959,855,858,1713
5802,"THEFT/OTHER","38.8998135505","-77.0288665199",0,0,0,937,1022,1959,855,858,1713
5802,"THEFT/OTHER","38.8988488519","-77.0319556355",0,0,0,937,1022,1959,855,858,1713
5802,"THEFT/OTHER","38.8954638211","-77.0229627002",0,0,0,937,1022,1959,855,858,1713
5802,"THEFT/OTHER","38.8978228913","-77.028093349",0,0,0,937,1022,1959,855,858,1713
5802,"THEFT F/AUTO","38.9017962795","-77.0250052802",0,0,0,937,1022,1959,855,858,1713
5802,"THEFT F/AUTO","38.8983100548","-77.0249579465",0,0,0,937,1022,1959,855,858,1713
5802,"THEFT/OTHER","38.8988488519","-77.0319556355",0,0,0,937,1022,1959,855,858,1713
5802,"THEFT/OTHER","38.8967228722","-77.0319777385",0,0,0,937,1022,1959,855,858,1713
5802,"BURGLARY","38.899814108","-77.0265147748",0,0,0,937,1022,1959,855,858,1713
5802,"THEFT/OTHER","38.8988488519","-77.0319556355",0,0,0,937,1022,1959,855,858,1713
5802,"BURGLARY","38.896733127","-77.0270439023",0,0,0,937,1022,1959,855,858,1713
5802,"THEFT F/AUTO","38.8961291308","-77.028865029",0,0,0,937,1022,1959,855,858,1713
5802,"THEFT/OTHER","38.8983086629","-77.0307910736",0,0,0,937,1022,1959,855,858,1713
5802,"THEFT F/AUTO","38.8947882944","-77.0224437519",0,0,0,937,1022,1959,855,858,1713
5802,"BURGLARY","38.8973458172","-77.0265138574",0,0,0,937,1022,1959,855,858,1713
5802,"THEFT/OTHER","38.8967328794","-77.0280929197",0,0,0,937,1022,1959,855,858,1713
5802,"THEFT/OTHER","38.9003636152","-77.0265265073",0,0,0,937,1022,1959,855,858,1713
5802,"THEFT F/AUTO","38.8961303393","-77.0234701277",0,0,0,937,1022,1959,855,858,1713
5802,"THEFT/OTHER","38.8988488519","-77.0319556355",0,0,0,937,1022,1959,855,858,1713
5802,"THEFT/OTHER","38.897823377","-77.025995282",0,0,0,937,1022,1959,855,858,1713
5802,"THEFT/OTHER","38.8973458172","-77.0265138574",0,0,0,937,1022,1959,855,858,1713
5802,"THEFT/OTHER","38.8994268651","-77.0259958663",0,0,0,937,1022,1959,855,858,1713
5802,"THEFT/OTHER","38.8967228722","-77.0319777385",0,0,0,937,1022,1959,855,858,1713
5802,"THEFT F/AUTO","38.8990572843","-77.0270447834",0,0,0,937,1022,1959,855,858,1713
5802,"THEFT F/AUTO","38.8983097093","-77.0265257436",0,0,0,937,1022,1959,855,858,1713
5802,"THEFT/OTHER","38.8994268651","-77.0259958663",0,0,0,937,1022,1959,855,858,1713
5802,"THEFT/OTHER","38.9020939764","-77.022953306",0,0,0,937,1022,1959,855,858,1713
5802,"THEFT/OTHER","38.8973458172","-77.0265138574",0,0,0,937,1022,1959,855,858,1713
5802,"THEFT F/AUTO","38.9003371408","-77.0239787547",0,0,0,937,1022,1959,855,858,1713
5802,"THEFT F/AUTO","38.8990570395","-77.028082307",0,0,0,937,1022,1959,855,858,1713
5802,"THEFT F/AUTO","38.9020939764","-77.022953306",0,0,0,937,1022,1959,855,858,1713
5802,"THEFT/OTHER","38.8954638211","-77.0229627002",0,0,0,937,1022,1959,855,858,1713
5802,"THEFT/OTHER","38.8990566579","-77.0296270643",0,0,0,937,1022,1959,855,858,1713
5802,"THEFT/OTHER","38.8967228722","-77.0319777385",0,0,0,937,1022,1959,855,858,1713
5802,"THEFT/OTHER","38.9003639656","-77.0249356086",0,0,0,937,1022,1959,855,858,1713
5802,"THEFT/OTHER","38.8994268651","-77.0259958663",0,0,0,937,1022,1959,855,858,1713
5802,"THEFT/OTHER","38.8983086629","-77.0307910736",0,0,0,937,1022,1959,855,858,1713
5802,"THEFT/OTHER","38.9008410607","-77.0265151565",0,0,0,937,1022,1959,855,858,1713
5802,"THEFT/OTHER","38.8978225125","-77.0296265518",0,0,0,937,1022,1959,855,858,1713
5802,"THEFT F/AUTO","38.8998054375","-77.0249815261",0,0,0,937,1022,1959,855,858,1713
5802,"THEFT/OTHER","38.8973458172","-77.0265138574",0,0,0,937,1022,1959,855,858,1713
5802,"THEFT/OTHER","38.9017962795","-77.0250052802",0,0,0,937,1022,1959,855,858,1713
5802,"THEFT F/AUTO","38.8954638211","-77.0229627002",0,0,0,937,1022,1959,855,858,1713
5802,"THEFT/OTHER","38.8973458172","-77.0265138574",0,0,0,937,1022,1959,855,858,1713
5802,"THEFT/OTHER","38.8973458172","-77.0265138574",0,0,0,937,1022,1959,855,858,1713
5802,"BURGLARY","38.8952282943","-77.0288646645",0,0,0,937,1022,1959,855,858,1713
5802,"THEFT/OTHER","38.8983091573","-77.0288543832",0,0,0,937,1022,1959,855,858,1713
5802,"THEFT/OTHER","38.8952282943","-77.0288646645",0,0,0,937,1022,1959,855,858,1713
5802,"THEFT/OTHER","38.8988488519","-77.0319556355",0,0,0,937,1022,1959,855,858,1713
5802,"THEFT/OTHER","38.899814108","-77.0265147748",0,0,0,937,1022,1959,855,858,1713
5802,"THEFT F/AUTO","38.9020939764","-77.022953306",0,0,0,937,1022,1959,855,858,1713
5802,"HOMICIDE","38.8991302291","-77.0229408243",0,0,0,937,1022,1959,855,858,1713
5802,"MOTOR VEHICLE THEFT","38.9004801719","-77.0288552614",0,0,0,937,1022,1959,855,858,1713
5802,"THEFT/OTHER","38.8967328794","-77.0280929197",0,0,0,937,1022,1959,855,858,1713
5802,"MOTOR VEHICLE THEFT","38.8972023322","-77.0234820081",0,0,0,937,1022,1959,855,858,1713
5802,"THEFT/OTHER","38.8983086629","-77.0307910736",0,0,0,937,1022,1959,855,858,1713
5802,"THEFT F/AUTO","38.8983100548","-77.0249579465",0,0,0,937,1022,1959,855,858,1713
5802,"BURGLARY","38.9008410607","-77.0265151565",0,0,0,937,1022,1959,855,858,1713
5802,"BURGLARY","38.8988488519","-77.0319556355",0,0,0,937,1022,1959,855,858,1713
5802,"THEFT F/AUTO","38.8954638211","-77.0229627002",0,0,0,937,1022,1959,855,858,1713
5802,"THEFT/OTHER","38.896317269","-77.0327960162",0,0,0,937,1022,1959,855,858,1713
5802,"THEFT/OTHER","38.896733127","-77.0270439023",0,0,0,937,1022,1959,855,858,1713
5802,"THEFT/OTHER","38.8983086629","-77.0307910736",0,0,0,937,1022,1959,855,858,1713
5802,"MOTOR VEHICLE THEFT","38.8973458172","-77.0265138574",0,0,0,937,1022,1959,855,858,1713
5802,"THEFT/OTHER","38.8973447652","-77.0308021853",0,0,0,937,1022,1959,855,858,1713
5802,"THEFT/OTHER","38.9020939764","-77.022953306",0,0,0,937,1022,1959,855,858,1713
5802,"THEFT F/AUTO","38.8990572843","-77.0270447834",0,0,0,937,1022,1959,855,858,1713
5802,"THEFT/OTHER","38.9003636152","-77.0265265073",0,0,0,937,1022,1959,855,858,1713
5802,"THEFT F/AUTO","38.8983097093","-77.0265257436",0,0,0,937,1022,1959,855,858,1713
5802,"THEFT F/AUTO","38.8998135505","-77.0288665199",0,0,0,937,1022,1959,855,858,1713
5802,"BURGLARY","38.8954269115","-77.0270549346",0,0,0,937,1022,1959,855,858,1713
5802,"BURGLARY","38.9003636152","-77.0265265073",0,0,0,937,1022,1959,855,858,1713
5802,"THEFT/OTHER","38.8954638211","-77.0229627002",0,0,0,937,1022,1959,855,858,1713
5802,"THEFT F/AUTO","38.9009218959","-77.0275527374",0,0,0,937,1022,1959,855,858,1713
5802,"THEFT/OTHER","38.8973458172","-77.0265138574",0,0,0,937,1022,1959,855,858,1713
5802,"THEFT/OTHER","38.8973458172","-77.0265138574",0,0,0,937,1022,1959,855,858,1713
5802,"THEFT/OTHER","38.8978225125","-77.0296265518",0,0,0,937,1022,1959,855,858,1713
5802,"THEFT/OTHER","38.8954638211","-77.0229627002",0,0,0,937,1022,1959,855,858,1713
5802,"THEFT/OTHER","38.8967234894","-77.029637623",0,0,0,937,1022,1959,855,858,1713
5802,"THEFT/OTHER","38.9009218959","-77.0275527374",0,0,0,937,1022,1959,855,858,1713
5802,"THEFT F/AUTO","38.8954638211","-77.0229627002",0,0,0,937,1022,1959,855,858,1713
5802,"ROBBERY","38.8996688305","-77.031149033",0,0,0,937,1022,1959,855,858,1713
5802,"THEFT/OTHER","38.8952282943","-77.0288646645",0,0,0,937,1022,1959,855,858,1713
5802,"THEFT/OTHER","38.8973458172","-77.0265138574",0,0,0,937,1022,1959,855,858,1713
5802,"THEFT/OTHER","38.899814108","-77.0265147748",0,0,0,937,1022,1959,855,858,1713
5802,"THEFT/OTHER","38.9008410607","-77.0265151565",0,0,0,937,1022,1959,855,858,1713
5900,"BURGLARY","38.8943665568","-77.010812591",43,108,151,745,1004,1749,590,817,1407
5900,"THEFT/OTHER","38.8978978967","-77.0101329829",43,108,151,745,1004,1749,590,817,1407
5900,"THEFT/OTHER","38.9005185027","-77.0172001888",43,108,151,745,1004,1749,590,817,1407
5900,"MOTOR VEHICLE THEFT","38.8997887708","-77.017568914",43,108,151,745,1004,1749,590,817,1407
5900,"THEFT/OTHER","38.8967266677","-77.0116544682",43,108,151,745,1004,1749,590,817,1407
5900,"MOTOR VEHICLE THEFT","38.8961229739","-77.0129224019",43,108,151,745,1004,1749,590,817,1407
5900,"ASSAULT W/DANGEROUS WEAPON","38.8976993535","-77.013660468",43,108,151,745,1004,1749,590,817,1407
5900,"THEFT/OTHER","38.9005185027","-77.0172001888",43,108,151,745,1004,1749,590,817,1407
5900,"THEFT F/AUTO","38.9005185027","-77.0172001888",43,108,151,745,1004,1749,590,817,1407
5900,"SEX ABUSE","38.8997887708","-77.017568914",43,108,151,745,1004,1749,590,817,1407
5900,"ROBBERY","38.8997887708","-77.017568914",43,108,151,745,1004,1749,590,817,1407
5900,"THEFT/OTHER","38.8961142307","-77.0102480052",43,108,151,745,1004,1749,590,817,1407
5900,"BURGLARY","38.9005185027","-77.0172001888",43,108,151,745,1004,1749,590,817,1407
5900,"THEFT F/AUTO","38.9005185027","-77.0172001888",43,108,151,745,1004,1749,590,817,1407
5900,"ASSAULT W/DANGEROUS WEAPON","38.8976993535","-77.013660468",43,108,151,745,1004,1749,590,817,1407
5900,"ROBBERY","38.9005185027","-77.0172001888",43,108,151,745,1004,1749,590,817,1407
5900,"THEFT/OTHER","38.8999421988","-77.0155515196",43,108,151,745,1004,1749,590,817,1407
5900,"THEFT/OTHER","38.8999421988","-77.0155515196",43,108,151,745,1004,1749,590,817,1407
5900,"THEFT/OTHER","38.8999421988","-77.0155515196",43,108,151,745,1004,1749,590,817,1407
5900,"THEFT/OTHER","38.8976993535","-77.013660468",43,108,151,745,1004,1749,590,817,1407
5900,"THEFT/OTHER","38.9005185027","-77.0172001888",43,108,151,745,1004,1749,590,817,1407
5900,"THEFT/OTHER","38.9005185027","-77.0172001888",43,108,151,745,1004,1749,590,817,1407
5900,"SEX ABUSE","38.894807148","-77.0175561598",43,108,151,745,1004,1749,590,817,1407
5900,"THEFT/OTHER","38.9005185027","-77.0172001888",43,108,151,745,1004,1749,590,817,1407
5900,"THEFT F/AUTO","38.8997887708","-77.017568914",43,108,151,745,1004,1749,590,817,1407
5900,"MOTOR VEHICLE THEFT","38.8967268976","-77.0090607438",43,108,151,745,1004,1749,590,817,1407
5900,"THEFT/OTHER","38.9005185027","-77.0172001888",43,108,151,745,1004,1749,590,817,1407
5900,"THEFT F/AUTO","38.895447525","-77.0111931609",43,108,151,745,1004,1749,590,817,1407
5900,"THEFT/OTHER","38.9005185027","-77.0172001888",43,108,151,745,1004,1749,590,817,1407
5900,"SEX ABUSE","38.8983204081","-77.0175685523",43,108,151,745,1004,1749,590,817,1407
5900,"THEFT F/AUTO","38.8980508489","-77.0121273275",43,108,151,745,1004,1749,590,817,1407
5900,"ROBBERY","38.8976993535","-77.013660468",43,108,151,745,1004,1749,590,817,1407
5900,"THEFT/OTHER","38.895447525","-77.0111931609",43,108,151,745,1004,1749,590,817,1407
5900,"THEFT F/AUTO","38.8973387642","-77.0156892852",43,108,151,745,1004,1749,590,817,1407
5900,"THEFT/OTHER","38.9005185027","-77.0172001888",43,108,151,745,1004,1749,590,817,1407
5900,"THEFT/OTHER","38.8945726425","-77.019377418",43,108,151,745,1004,1749,590,817,1407
5900,"THEFT/OTHER","38.8945726425","-77.019377418",43,108,151,745,1004,1749,590,817,1407
5900,"MOTOR VEHICLE THEFT","38.8990594222","-77.015228542",43,108,151,745,1004,1749,590,817,1407
5900,"THEFT F/AUTO","38.8956098604","-77.009060602",43,108,151,745,1004,1749,590,817,1407
5900,"THEFT/OTHER","38.895447525","-77.0111931609",43,108,151,745,1004,1749,590,817,1407
5900,"THEFT/OTHER","38.9005185027","-77.0172001888",43,108,151,745,1004,1749,590,817,1407
5900,"THEFT/OTHER","38.9005185027","-77.0172001888",43,108,151,745,1004,1749,590,817,1407
5900,"ROBBERY","38.8976993535","-77.013660468",43,108,151,745,1004,1749,590,817,1407
5900,"ROBBERY","38.8997887708","-77.017568914",43,108,151,745,1004,1749,590,817,1407
5900,"ROBBERY","38.8990592919","-77.0161968974",43,108,151,745,1004,1749,590,817,1407
5900,"ROBBERY","38.8973204817","-77.0175567783",43,108,151,745,1004,1749,590,817,1407
5900,"ASSAULT W/DANGEROUS WEAPON","38.8976993535","-77.013660468",43,108,151,745,1004,1749,590,817,1407
5900,"THEFT/OTHER","38.9005185027","-77.0172001888",43,108,151,745,1004,1749,590,817,1407
5900,"THEFT/OTHER","38.8967266677","-77.0116544682",43,108,151,745,1004,1749,590,817,1407
5900,"SEX ABUSE","38.894807148","-77.0175561598",43,108,151,745,1004,1749,590,817,1407
5900,"MOTOR VEHICLE THEFT","38.8967268976","-77.0090607438",43,108,151,745,1004,1749,590,817,1407
5900,"THEFT/OTHER","38.9005185027","-77.0172001888",43,108,151,745,1004,1749,590,817,1407
5900,"THEFT F/AUTO","38.895447525","-77.0111931609",43,108,151,745,1004,1749,590,817,1407
5900,"THEFT/OTHER","38.8999421988","-77.0155515196",43,108,151,745,1004,1749,590,817,1407
5900,"THEFT F/AUTO","38.8949432241","-77.0092795374",43,108,151,745,1004,1749,590,817,1407
5900,"MOTOR VEHICLE THEFT","38.9005185027","-77.0172001888",43,108,151,745,1004,1749,590,817,1407
5900,"THEFT/OTHER","38.9005185027","-77.0172001888",43,108,151,745,1004,1749,590,817,1407
5900,"THEFT/OTHER","38.8983206756","-77.0156895012",43,108,151,745,1004,1749,590,817,1407
5900,"THEFT/OTHER","38.8967351362","-77.0161848421",43,108,151,745,1004,1749,590,817,1407
5900,"THEFT F/AUTO","38.8945726425","-77.019377418",43,108,151,745,1004,1749,590,817,1407
5900,"ROBBERY","38.9005185027","-77.0172001888",43,108,151,745,1004,1749,590,817,1407
5900,"MOTOR VEHICLE THEFT","38.8967268976","-77.0090607438",43,108,151,745,1004,1749,590,817,1407
5900,"THEFT/OTHER","38.8999421988","-77.0155515196",43,108,151,745,1004,1749,590,817,1407
5900,"THEFT/OTHER","38.9005185027","-77.0172001888",43,108,151,745,1004,1749,590,817,1407
5900,"ASSAULT W/DANGEROUS WEAPON","38.8976993535","-77.013660468",43,108,151,745,1004,1749,590,817,1407
5900,"THEFT F/AUTO","38.8999421988","-77.0155515196",43,108,151,745,1004,1749,590,817,1407
5900,"MOTOR VEHICLE THEFT","38.8990592919","-77.0161968974",43,108,151,745,1004,1749,590,817,1407
5900,"ROBBERY","38.8967266148","-77.0121732131",43,108,151,745,1004,1749,590,817,1407
5900,"THEFT/OTHER","38.9005185027","-77.0172001888",43,108,151,745,1004,1749,590,817,1407
5900,"THEFT/OTHER","38.9005185027","-77.0172001888",43,108,151,745,1004,1749,590,817,1407
5900,"THEFT F/AUTO","38.8920781608","-77.0134173265",43,108,151,745,1004,1749,590,817,1407
5900,"THEFT/OTHER","38.8961142307","-77.0102480052",43,108,151,745,1004,1749,590,817,1407
5900,"BURGLARY","38.8999421988","-77.0155515196",43,108,151,745,1004,1749,590,817,1407
5900,"SEX ABUSE","38.8961142307","-77.0102480052",43,108,151,745,1004,1749,590,817,1407
5900,"THEFT/OTHER","38.9005185027","-77.0172001888",43,108,151,745,1004,1749,590,817,1407
5900,"THEFT F/AUTO","38.8973204817","-77.0175567783",43,108,151,745,1004,1749,590,817,1407
5900,"THEFT/OTHER","38.9005185027","-77.0172001888",43,108,151,745,1004,1749,590,817,1407
5900,"MOTOR VEHICLE THEFT","38.8983204081","-77.0175685523",43,108,151,745,1004,1749,590,817,1407
5900,"ASSAULT W/DANGEROUS WEAPON","38.8997887708","-77.017568914",43,108,151,745,1004,1749,590,817,1407
5900,"BURGLARY","38.9005185027","-77.0172001888",43,108,151,745,1004,1749,590,817,1407
5900,"THEFT/OTHER","38.895447525","-77.0111931609",43,108,151,745,1004,1749,590,817,1407
5900,"THEFT/OTHER","38.894807148","-77.0175561598",43,108,151,745,1004,1749,590,817,1407
5900,"ASSAULT W/DANGEROUS WEAPON","38.8976993535","-77.013660468",43,108,151,745,1004,1749,590,817,1407
5900,"ASSAULT W/DANGEROUS WEAPON","38.8976993535","-77.013660468",43,108,151,745,1004,1749,590,817,1407
5900,"THEFT F/AUTO","38.8961142307","-77.0102480052",43,108,151,745,1004,1749,590,817,1407
5900,"THEFT/OTHER","38.8999421988","-77.0155515196",43,108,151,745,1004,1749,590,817,1407
5900,"THEFT F/AUTO","38.9005185027","-77.0172001888",43,108,151,745,1004,1749,590,817,1407
5900,"THEFT/OTHER","38.9005185027","-77.0172001888",43,108,151,745,1004,1749,590,817,1407
5900,"BURGLARY","38.9005185027","-77.0172001888",43,108,151,745,1004,1749,590,817,1407
5900,"THEFT F/AUTO","38.8945726425","-77.019377418",43,108,151,745,1004,1749,590,817,1407
5900,"THEFT/OTHER","38.9005185027","-77.0172001888",43,108,151,745,1004,1749,590,817,1407
5900,"THEFT/OTHER","38.8999421988","-77.0155515196",43,108,151,745,1004,1749,590,817,1407
5900,"THEFT F/AUTO","38.8961142307","-77.0102480052",43,108,151,745,1004,1749,590,817,1407
5900,"HOMICIDE","38.8999421988","-77.0155515196",43,108,151,745,1004,1749,590,817,1407
5900,"THEFT/OTHER","38.8995459774","-77.0144101494",43,108,151,745,1004,1749,590,817,1407
5900,"BURGLARY","38.9005185027","-77.0172001888",43,108,151,745,1004,1749,590,817,1407
5900,"BURGLARY","38.8945726425","-77.019377418",43,108,151,745,1004,1749,590,817,1407
5900,"THEFT F/AUTO","38.8967268976","-77.0090607438",43,108,151,745,1004,1749,590,817,1407
5900,"THEFT F/AUTO","38.895447525","-77.0111931609",43,108,151,745,1004,1749,590,817,1407
5900,"BURGLARY","38.8973303404","-77.0104672074",43,108,151,745,1004,1749,590,817,1407
5900,"THEFT/OTHER","38.9005185027","-77.0172001888",43,108,151,745,1004,1749,590,817,1407
5900,"THEFT/OTHER","38.9005185027","-77.0172001888",43,108,151,745,1004,1749,590,817,1407
6400,"THEFT/OTHER","38.8646206349","-77.0129282205",277,187,464,769,594,1363,324,389,713
6400,"THEFT F/AUTO","38.8746560531","-77.0124345024",277,187,464,769,594,1363,324,389,713
6400,"THEFT/OTHER","38.8746560531","-77.0124345024",277,187,464,769,594,1363,324,389,713
6400,"THEFT F/AUTO","38.8755390515","-77.0106599231",277,187,464,769,594,1363,324,389,713
6400,"THEFT/OTHER","38.8755391175","-77.0099108474",277,187,464,769,594,1363,324,389,713
6400,"ROBBERY","38.8765259634","-77.009097938",277,187,464,769,594,1363,324,389,713
6400,"THEFT/OTHER","38.8667018031","-77.0107046944",277,187,464,769,594,1363,324,389,713
6400,"MOTOR VEHICLE THEFT","38.8713860303","-77.012180414",277,187,464,769,594,1363,324,389,713
6400,"THEFT F/AUTO","38.8677557881","-77.0106933295",277,187,464,769,594,1363,324,389,713
6400,"THEFT F/AUTO","38.870106671","-77.013678233",277,187,464,769,594,1363,324,389,713
6400,"BURGLARY","38.8739983861","-77.0129299194",277,187,464,769,594,1363,324,389,713
6400,"THEFT F/AUTO","38.8746468139","-77.0144396937",277,187,464,769,594,1363,324,389,713
6400,"BURGLARY","38.8724940638","-77.0121806032",277,187,464,769,594,1363,324,389,713
6400,"THEFT/OTHER","38.8746468139","-77.0144396937",277,187,464,769,594,1363,324,389,713
6400,"THEFT F/AUTO","38.8738005632","-77.0090924048",277,187,464,769,594,1363,324,389,713
6400,"MOTOR VEHICLE THEFT","38.8737914233","-77.0106481381",277,187,464,769,594,1363,324,389,713
6400,"THEFT F/AUTO","38.8738002819","-77.0121808261",277,187,464,769,594,1363,324,389,713
6400,"SEX ABUSE","38.8746468139","-77.0144396937",277,187,464,769,594,1363,324,389,713
6400,"THEFT F/AUTO","38.8738005632","-77.0090924048",277,187,464,769,594,1363,324,389,713
6400,"THEFT F/AUTO","38.8738005632","-77.0090924048",277,187,464,769,594,1363,324,389,713
6400,"THEFT F/AUTO","38.8755390515","-77.0106599231",277,187,464,769,594,1363,324,389,713
6400,"ASSAULT W/DANGEROUS WEAPON","38.8720345547","-77.0129295636",277,187,464,769,594,1363,324,389,713
6400,"ASSAULT W/DANGEROUS WEAPON","38.8738005632","-77.0090924048",277,187,464,769,594,1363,324,389,713
6400,"THEFT/OTHER","38.8755479891","-77.0114090002",277,187,464,769,594,1363,324,389,713
6400,"THEFT/OTHER","38.8755391175","-77.0099108474",277,187,464,769,594,1363,324,389,713
6400,"ASSAULT W/DANGEROUS WEAPON","38.8752416256","-77.0121810721",277,187,464,769,594,1363,324,389,713
6400,"HOMICIDE","38.8746381032","-77.0117891499",277,187,464,769,594,1363,324,389,713
6400,"THEFT F/AUTO","38.8746293029","-77.0095073777",277,187,464,769,594,1363,324,389,713
6400,"THEFT/OTHER","38.8724940638","-77.0121806032",277,187,464,769,594,1363,324,389,713
6400,"MOTOR VEHICLE THEFT","38.8714043301","-77.0090690523",277,187,464,769,594,1363,324,389,713
6400,"THEFT/OTHER","38.8641070699","-77.0136770832",277,187,464,769,594,1363,324,389,713
6400,"MOTOR VEHICLE THEFT","38.8738005632","-77.0090924048",277,187,464,769,594,1363,324,389,713
6400,"THEFT/OTHER","38.8646206349","-77.0129282205",277,187,464,769,594,1363,324,389,713
6400,"ASSAULT W/DANGEROUS WEAPON","38.8746381032","-77.0117891499",277,187,464,769,594,1363,324,389,713
6400,"THEFT/OTHER","38.871386179","-77.0106593027",277,187,464,769,594,1363,324,389,713
6400,"THEFT/OTHER","38.8720345547","-77.0129295636",277,187,464,769,594,1363,324,389,713
6400,"THEFT/OTHER","38.8667018031","-77.0107046944",277,187,464,769,594,1363,324,389,713
6400,"THEFT F/AUTO","38.8739983861","-77.0129299194",277,187,464,769,594,1363,324,389,713
6400,"THEFT F/AUTO","38.8738005632","-77.0090924048",277,187,464,769,594,1363,324,389,713
6400,"THEFT F/AUTO","38.8641070699","-77.0136770832",277,187,464,769,594,1363,324,389,713
6400,"ASSAULT W/DANGEROUS WEAPON","38.8737914233","-77.0106481381",277,187,464,769,594,1363,324,389,713
6400,"BURGLARY","38.870737502","-77.0114197546",277,187,464,769,594,1363,324,389,713
6400,"MOTOR VEHICLE THEFT","38.8739983861","-77.0129299194",277,187,464,769,594,1363,324,389,713
6400,"ASSAULT W/DANGEROUS WEAPON","38.8724942125","-77.0106594682",277,187,464,769,594,1363,324,389,713
6400,"THEFT/OTHER","38.870737502","-77.0114197546",277,187,464,769,594,1363,324,389,713
6400,"ASSAULT W/DANGEROUS WEAPON","38.8737914233","-77.0106481381",277,187,464,769,594,1363,324,389,713
6400,"ASSAULT W/DANGEROUS WEAPON","38.8737914233","-77.0106481381",277,187,464,769,594,1363,324,389,713
6400,"ASSAULT W/DANGEROUS WEAPON","38.870737502","-77.0114197546",277,187,464,769,594,1363,324,389,713
6400,"ASSAULT W/DANGEROUS WEAPON","38.8738005632","-77.0090924048",277,187,464,769,594,1363,324,389,713
6400,"MOTOR VEHICLE THEFT","38.8737914233","-77.0106481381",277,187,464,769,594,1363,324,389,713
6400,"ASSAULT W/DANGEROUS WEAPON","38.8682423551","-77.0093797732",277,187,464,769,594,1363,324,389,713
6400,"MOTOR VEHICLE THEFT","38.8746468139","-77.0144396937",277,187,464,769,594,1363,324,389,713
6400,"THEFT/OTHER","38.8752416256","-77.0121810721",277,187,464,769,594,1363,324,389,713
6400,"MOTOR VEHICLE THEFT","38.8755479891","-77.0114090002",277,187,464,769,594,1363,324,389,713
6400,"THEFT/OTHER","38.8724940638","-77.0121806032",277,187,464,769,594,1363,324,389,713
6400,"ASSAULT W/DANGEROUS WEAPON","38.8752416256","-77.0121810721",277,187,464,769,594,1363,324,389,713
6400,"ASSAULT W/DANGEROUS WEAPON","38.8738002819","-77.0121808261",277,187,464,769,594,1363,324,389,713
6400,"THEFT F/AUTO","38.8729534282","-77.0127799204",277,187,464,769,594,1363,324,389,713
6400,"THEFT/OTHER","38.8725119268","-77.0135749802",277,187,464,769,594,1363,324,389,713
6400,"ASSAULT W/DANGEROUS WEAPON","38.8738002819","-77.0121808261",277,187,464,769,594,1363,324,389,713
6400,"ASSAULT W/DANGEROUS WEAPON","38.8737914233","-77.0106481381",277,187,464,769,594,1363,324,389,713
6400,"MOTOR VEHICLE THEFT","38.8739983861","-77.0129299194",277,187,464,769,594,1363,324,389,713
6400,"ROBBERY","38.8720258761","-77.0094955072",277,187,464,769,594,1363,324,389,713
6400,"BURGLARY","38.870737502","-77.0114197546",277,187,464,769,594,1363,324,389,713
6400,"THEFT/OTHER","38.8724940638","-77.0121806032",277,187,464,769,594,1363,324,389,713
6400,"MOTOR VEHICLE THEFT","38.8720257037","-77.0114199607",277,187,464,769,594,1363,324,389,713
6400,"ASSAULT W/DANGEROUS WEAPON","38.8720345547","-77.0129295636",277,187,464,769,594,1363,324,389,713
6400,"MOTOR VEHICLE THEFT","38.8707466225","-77.010209792",277,187,464,769,594,1363,324,389,713
6400,"THEFT/OTHER","38.8713858644","-77.0136784782",277,187,464,769,594,1363,324,389,713
6400,"THEFT F/AUTO","38.8746468139","-77.0144396937",277,187,464,769,594,1363,324,389,713
6400,"THEFT/OTHER","38.8713860303","-77.012180414",277,187,464,769,594,1363,324,389,713
6400,"BURGLARY","38.8729534282","-77.0127799204",277,187,464,769,594,1363,324,389,713
6400,"THEFT F/AUTO","38.8738005632","-77.0090924048",277,187,464,769,594,1363,324,389,713
6400,"THEFT/OTHER","38.8755390515","-77.0106599231",277,187,464,769,594,1363,324,389,713
6400,"THEFT F/AUTO","38.8729536751","-77.0102792507",277,187,464,769,594,1363,324,389,713
6400,"ASSAULT W/DANGEROUS WEAPON","38.8739983861","-77.0129299194",277,187,464,769,594,1363,324,389,713
6400,"ASSAULT W/DANGEROUS WEAPON","38.8738002819","-77.0121808261",277,187,464,769,594,1363,324,389,713
6400,"MOTOR VEHICLE THEFT","38.8746560531","-77.0124345024",277,187,464,769,594,1363,324,389,713
6400,"MOTOR VEHICLE THEFT","38.8746468139","-77.0144396937",277,187,464,769,594,1363,324,389,713
6400,"THEFT F/AUTO","38.8738002819","-77.0121808261",277,187,464,769,594,1363,324,389,713
6400,"THEFT/OTHER","38.8714043301","-77.0090690523",277,187,464,769,594,1363,324,389,713
6400,"THEFT F/AUTO","38.8729536751","-77.0102792507",277,187,464,769,594,1363,324,389,713
6400,"ROBBERY","38.8755390515","-77.0106599231",277,187,464,769,594,1363,324,389,713
6400,"ASSAULT W/DANGEROUS WEAPON","38.8746468139","-77.0144396937",277,187,464,769,594,1363,324,389,713
6500,"THEFT F/AUTO","38.8819534186","-77.0047023131",17,0,17,1458,1167,2625,1077,1048,2125
6500,"THEFT/OTHER","38.8851334424","-76.9973260165",17,0,17,1458,1167,2625,1077,1048,2125
6500,"THEFT/OTHER","38.8851334424","-76.9973260165",17,0,17,1458,1167,2625,1077,1048,2125
6500,"THEFT F/AUTO","38.8829173573","-77.0035267824",17,0,17,1458,1167,2625,1077,1048,2125
6500,"THEFT/OTHER","38.8851334424","-76.9973260165",17,0,17,1458,1167,2625,1077,1048,2125
6500,"THEFT/OTHER","38.8851334424","-76.9973260165",17,0,17,1458,1167,2625,1077,1048,2125
6500,"ROBBERY","38.8851334424","-76.9973260165",17,0,17,1458,1167,2625,1077,1048,2125
6500,"THEFT/OTHER","38.8851334424","-76.9973260165",17,0,17,1458,1167,2625,1077,1048,2125
6500,"THEFT/OTHER","38.8839172462","-77.0047139681",17,0,17,1458,1167,2625,1077,1048,2125
6500,"THEFT/OTHER","38.8867639826","-77.0013139702",17,0,17,1458,1167,2625,1077,1048,2125
6500,"THEFT/OTHER","38.8842686609","-77.0013139242",17,0,17,1458,1167,2625,1077,1048,2125
6500,"THEFT F/AUTO","38.8855388502","-77.0000691551",17,0,17,1458,1167,2625,1077,1048,2125
6500,"THEFT/OTHER","38.8851334424","-76.9973260165",17,0,17,1458,1167,2625,1077,1048,2125
6500,"THEFT/OTHER","38.8873675186","-77.0027662764",17,0,17,1458,1167,2625,1077,1048,2125
6500,"THEFT/OTHER","38.8851334424","-76.9973260165",17,0,17,1458,1167,2625,1077,1048,2125
6500,"THEFT F/AUTO","38.8851334424","-76.9973260165",17,0,17,1458,1167,2625,1077,1048,2125
6500,"THEFT/OTHER","38.8851334424","-76.9973260165",17,0,17,1458,1167,2625,1077,1048,2125
6500,"BURGLARY","38.8851334424","-76.9973260165",17,0,17,1458,1167,2625,1077,1048,2125
6500,"THEFT F/AUTO","38.8860342781","-77.0027777507",17,0,17,1458,1167,2625,1077,1048,2125
6500,"THEFT/OTHER","38.8851334424","-76.9973260165",17,0,17,1458,1167,2625,1077,1048,2125
6500,"THEFT/OTHER","38.8819534186","-77.0047023131",17,0,17,1458,1167,2625,1077,1048,2125
6500,"THEFT/OTHER","38.8851334424","-76.9973260165",17,0,17,1458,1167,2625,1077,1048,2125
6500,"BURGLARY","38.8842685192","-77.0059011334",17,0,17,1458,1167,2625,1077,1048,2125
6500,"THEFT/OTHER","38.8850613726","-77.0027892386",17,0,17,1458,1167,2625,1077,1048,2125
6500,"MOTOR VEHICLE THEFT","38.8819534186","-77.0047023131",17,0,17,1458,1167,2625,1077,1048,2125
6500,"THEFT/OTHER","38.8867639826","-77.0013139702",17,0,17,1458,1167,2625,1077,1048,2125
6500,"THEFT/OTHER","38.8851334424","-76.9973260165",17,0,17,1458,1167,2625,1077,1048,2125
6500,"ROBBERY","38.8837189602","-77.0067770306",17,0,17,1458,1167,2625,1077,1048,2125
6500,"THEFT/OTHER","38.8851334424","-76.9973260165",17,0,17,1458,1167,2625,1077,1048,2125
6500,"THEFT/OTHER","38.8851334424","-76.9973260165",17,0,17,1458,1167,2625,1077,1048,2125
6500,"THEFT F/AUTO","38.8839172462","-77.0047139681",17,0,17,1458,1167,2625,1077,1048,2125
6500,"THEFT/OTHER","38.8851334424","-76.9973260165",17,0,17,1458,1167,2625,1077,1048,2125
6500,"THEFT F/AUTO","38.8846649839","-77.0035268688",17,0,17,1458,1167,2625,1077,1048,2125
6500,"THEFT/OTHER","38.8851334424","-76.9973260165",17,0,17,1458,1167,2625,1077,1048,2125
6500,"THEFT/OTHER","38.8867639826","-77.0013139702",17,0,17,1458,1167,2625,1077,1048,2125
6500,"THEFT F/AUTO","38.8837551802","-76.9984555739",17,0,17,1458,1167,2625,1077,1048,2125
6500,"THEFT/OTHER","38.8851334424","-76.9973260165",17,0,17,1458,1167,2625,1077,1048,2125
6500,"THEFT/OTHER","38.8851334424","-76.9973260165",17,0,17,1458,1167,2625,1077,1048,2125
6500,"ASSAULT W/DANGEROUS WEAPON","38.8835479669","-76.997326076",17,0,17,1458,1167,2625,1077,1048,2125
6500,"THEFT F/AUTO","38.8851334424","-76.9973260165",17,0,17,1458,1167,2625,1077,1048,2125
6500,"THEFT/OTHER","38.8850613108","-77.0047140437",17,0,17,1458,1167,2625,1077,1048,2125
6500,"THEFT F/AUTO","38.88492627","-76.9984555485",17,0,17,1458,1167,2625,1077,1048,2125
6500,"THEFT/OTHER","38.8851334424","-76.9973260165",17,0,17,1458,1167,2625,1077,1048,2125
6500,"THEFT/OTHER","38.8851334424","-76.9973260165",17,0,17,1458,1167,2625,1077,1048,2125
6500,"THEFT/OTHER","38.8851334424","-76.9973260165",17,0,17,1458,1167,2625,1077,1048,2125
6500,"SEX ABUSE","38.8855388502","-77.0000691551",17,0,17,1458,1167,2625,1077,1048,2125
6500,"THEFT/OTHER","38.8842686639","-76.9989857427",17,0,17,1458,1167,2625,1077,1048,2125
6500,"MOTOR VEHICLE THEFT","38.8842686374","-76.9973145233",17,0,17,1458,1167,2625,1077,1048,2125
6500,"THEFT/OTHER","38.8851334424","-76.9973260165",17,0,17,1458,1167,2625,1077,1048,2125
6500,"THEFT/OTHER","38.882494009","-77.0013138915",17,0,17,1458,1167,2625,1077,1048,2125
6500,"THEFT/OTHER","38.8851334424","-76.9973260165",17,0,17,1458,1167,2625,1077,1048,2125
6500,"THEFT/OTHER","38.8819534186","-77.0047023131",17,0,17,1458,1167,2625,1077,1048,2125
6500,"THEFT/OTHER","38.8851334424","-76.9973260165",17,0,17,1458,1167,2625,1077,1048,2125
6500,"THEFT/OTHER","38.8833676622","-77.0062583495",17,0,17,1458,1167,2625,1077,1048,2125
6500,"THEFT/OTHER","38.8851334424","-76.9973260165",17,0,17,1458,1167,2625,1077,1048,2125
6500,"THEFT/OTHER","38.8851334424","-76.9973260165",17,0,17,1458,1167,2625,1077,1048,2125
6500,"THEFT/OTHER","38.8851334424","-76.9973260165",17,0,17,1458,1167,2625,1077,1048,2125
6500,"THEFT/OTHER","38.8851334424","-76.9973260165",17,0,17,1458,1167,2625,1077,1048,2125
6500,"THEFT/OTHER","38.8851334424","-76.9973260165",17,0,17,1458,1167,2625,1077,1048,2125
6500,"THEFT F/AUTO","38.8839172462","-77.0047139681",17,0,17,1458,1167,2625,1077,1048,2125
6500,"THEFT/OTHER","38.8851334424","-76.9973260165",17,0,17,1458,1167,2625,1077,1048,2125
6500,"THEFT/OTHER","38.8851334424","-76.9973260165",17,0,17,1458,1167,2625,1077,1048,2125
6500,"THEFT/OTHER","38.8837371721","-77.0005878038",17,0,17,1458,1167,2625,1077,1048,2125
6500,"ROBBERY","38.8867639826","-77.0013139702",17,0,17,1458,1167,2625,1077,1048,2125
6500,"THEFT/OTHER","38.8867639826","-77.0013139702",17,0,17,1458,1167,2625,1077,1048,2125
6500,"THEFT/OTHER","38.882494009","-77.0013138915",17,0,17,1458,1167,2625,1077,1048,2125
6500,"THEFT/OTHER","38.8851334424","-76.9973260165",17,0,17,1458,1167,2625,1077,1048,2125
6500,"THEFT/OTHER","38.8842686609","-77.0013139242",17,0,17,1458,1167,2625,1077,1048,2125
6500,"THEFT/OTHER","38.8851334424","-76.9973260165",17,0,17,1458,1167,2625,1077,1048,2125
6500,"THEFT/OTHER","38.8851334424","-76.9973260165",17,0,17,1458,1167,2625,1077,1048,2125
6500,"THEFT F/AUTO","38.8832056745","-76.9989857578",17,0,17,1458,1167,2625,1077,1048,2125
6500,"THEFT/OTHER","38.8851334424","-76.9973260165",17,0,17,1458,1167,2625,1077,1048,2125
6500,"THEFT/OTHER","38.8851334424","-76.9973260165",17,0,17,1458,1167,2625,1077,1048,2125
6500,"THEFT/OTHER","38.8867639826","-77.0013139702",17,0,17,1458,1167,2625,1077,1048,2125
6500,"THEFT/OTHER","38.8860252954","-77.0013139566",17,0,17,1458,1167,2625,1077,1048,2125
6500,"THEFT F/AUTO","38.8850613726","-77.0027892386",17,0,17,1458,1167,2625,1077,1048,2125
6500,"THEFT F/AUTO","38.8837371721","-77.0005878038",17,0,17,1458,1167,2625,1077,1048,2125
6500,"THEFT/OTHER","38.8860342781","-77.0027777507",17,0,17,1458,1167,2625,1077,1048,2125
6500,"THEFT/OTHER","38.8851334424","-76.9973260165",17,0,17,1458,1167,2625,1077,1048,2125
6500,"BURGLARY","38.8851334424","-76.9973260165",17,0,17,1458,1167,2625,1077,1048,2125
6500,"THEFT F/AUTO","38.8819534186","-77.0047023131",17,0,17,1458,1167,2625,1077,1048,2125
6500,"THEFT/OTHER","38.8851334424","-76.9973260165",17,0,17,1458,1167,2625,1077,1048,2125
6500,"THEFT F/AUTO","38.8842596599","-77.0000461026",17,0,17,1458,1167,2625,1077,1048,2125
6500,"THEFT/OTHER","38.8865477708","-77.0020516314",17,0,17,1458,1167,2625,1077,1048,2125
6500,"THEFT/OTHER","38.8837551802","-76.9984555739",17,0,17,1458,1167,2625,1077,1048,2125
6500,"THEFT F/AUTO","38.882593014","-77.0047023552",17,0,17,1458,1167,2625,1077,1048,2125
6500,"THEFT/OTHER","38.8839172462","-77.0047139681",17,0,17,1458,1167,2625,1077,1048,2125
6500,"ROBBERY","38.8851334424","-76.9973260165",17,0,17,1458,1167,2625,1077,1048,2125
6500,"THEFT/OTHER","38.8842686639","-76.9989857427",17,0,17,1458,1167,2625,1077,1048,2125
6500,"THEFT F/AUTO","38.8822956834","-77.0058894449",17,0,17,1458,1167,2625,1077,1048,2125
6500,"THEFT/OTHER","38.8851334424","-76.9973260165",17,0,17,1458,1167,2625,1077,1048,2125
6500,"THEFT F/AUTO","38.8860252954","-77.0013139566",17,0,17,1458,1167,2625,1077,1048,2125
6500,"THEFT/OTHER","38.8873675186","-77.0027662764",17,0,17,1458,1167,2625,1077,1048,2125
6500,"THEFT/OTHER","38.8851334424","-76.9973260165",17,0,17,1458,1167,2625,1077,1048,2125
6500,"THEFT/OTHER","38.8851334424","-76.9973260165",17,0,17,1458,1167,2625,1077,1048,2125
6500,"THEFT/OTHER","38.88492627","-76.9984555485",17,0,17,1458,1167,2625,1077,1048,2125
6500,"ROBBERY","38.8851334424","-76.9973260165",17,0,17,1458,1167,2625,1077,1048,2125
6500,"THEFT/OTHER","38.8851334424","-76.9973260165",17,0,17,1458,1167,2625,1077,1048,2125
6500,"THEFT F/AUTO","38.8842596599","-77.0000461026",17,0,17,1458,1167,2625,1077,1048,2125
6500,"ASSAULT W/DANGEROUS WEAPON","38.8867639826","-77.0013139702",17,0,17,1458,1167,2625,1077,1048,2125
6500,"THEFT/OTHER","38.8851334424","-76.9973260165",17,0,17,1458,1167,2625,1077,1048,2125
6500,"ASSAULT W/DANGEROUS WEAPON","38.8851334424","-76.9973260165",17,0,17,1458,1167,2625,1077,1048,2125
6500,"THEFT/OTHER","38.8851334424","-76.9973260165",17,0,17,1458,1167,2625,1077,1048,2125
6500,"ROBBERY","38.8840163712","-76.996185023",17,0,17,1458,1167,2625,1077,1048,2125
6500,"THEFT/OTHER","38.8851334424","-76.9973260165",17,0,17,1458,1167,2625,1077,1048,2125
6500,"THEFT F/AUTO","38.8842686374","-76.9973145233",17,0,17,1458,1167,2625,1077,1048,2125
6500,"ROBBERY","38.8851334424","-76.9973260165",17,0,17,1458,1167,2625,1077,1048,2125
6500,"THEFT/OTHER","38.8850613726","-77.0027892386",17,0,17,1458,1167,2625,1077,1048,2125
6500,"ROBBERY","38.8851334424","-76.9973260165",17,0,17,1458,1167,2625,1077,1048,2125
6500,"THEFT F/AUTO","38.8850613726","-77.0027892386",17,0,17,1458,1167,2625,1077,1048,2125
6500,"THEFT/OTHER","38.8851334424","-76.9973260165",17,0,17,1458,1167,2625,1077,1048,2125
6500,"THEFT/OTHER","38.8851334424","-76.9973260165",17,0,17,1458,1167,2625,1077,1048,2125
6500,"MOTOR VEHICLE THEFT","38.8819534186","-77.0047023131",17,0,17,1458,1167,2625,1077,1048,2125
6500,"THEFT/OTHER","38.88492627","-76.9984555485",17,0,17,1458,1167,2625,1077,1048,2125
6500,"THEFT F/AUTO","38.8819534186","-77.0047023131",17,0,17,1458,1167,2625,1077,1048,2125
6500,"THEFT/OTHER","38.8851334424","-76.9973260165",17,0,17,1458,1167,2625,1077,1048,2125
6500,"THEFT F/AUTO","38.8860342781","-77.0027777507",17,0,17,1458,1167,2625,1077,1048,2125
6500,"THEFT/OTHER","38.8851334424","-76.9973260165",17,0,17,1458,1167,2625,1077,1048,2125
6500,"BURGLARY","38.8851334424","-76.9973260165",17,0,17,1458,1167,2625,1077,1048,2125
6500,"THEFT/OTHER","38.8855477095","-77.0059012392",17,0,17,1458,1167,2625,1077,1048,2125
6500,"THEFT/OTHER","38.8855477095","-77.0059012392",17,0,17,1458,1167,2625,1077,1048,2125
6500,"ASSAULT W/DANGEROUS WEAPON","38.8820976147","-77.0027660721",17,0,17,1458,1167,2625,1077,1048,2125
6500,"THEFT/OTHER","38.8851334424","-76.9973260165",17,0,17,1458,1167,2625,1077,1048,2125
6500,"THEFT/OTHER","38.8851334424","-76.9973260165",17,0,17,1458,1167,2625,1077,1048,2125
6500,"THEFT/OTHER","38.8867639826","-77.0013139702",17,0,17,1458,1167,2625,1077,1048,2125
6500,"THEFT/OTHER","38.8851334424","-76.9973260165",17,0,17,1458,1167,2625,1077,1048,2125
6600,"THEFT F/AUTO","38.8860342805","-76.9973259828",0,0,0,913,815,1728,822,752,1574
6600,"THEFT/OTHER","38.8851334424","-76.9973260165",0,0,0,913,815,1728,822,752,1574
6600,"THEFT F/AUTO","38.8870252227","-76.9984555031",0,0,0,913,815,1728,822,752,1574
6600,"THEFT F/AUTO","38.8870252315","-77.0005878309",0,0,0,913,815,1728,822,752,1574
6600,"ROBBERY","38.8851334424","-76.9973260165",0,0,0,913,815,1728,822,752,1574
6600,"ROBBERY","38.8853496119","-76.9961849517",0,0,0,913,815,1728,822,752,1574
6600,"THEFT F/AUTO","38.8875927534","-77.0013139854",0,0,0,913,815,1728,822,752,1574
6600,"ASSAULT W/DANGEROUS WEAPON","38.8845388465","-76.9958622756",0,0,0,913,815,1728,822,752,1574
6600,"THEFT/OTHER","38.8853496119","-76.9961849517",0,0,0,913,815,1728,822,752,1574
6600,"THEFT/OTHER","38.8867098777","-76.996196405",0,0,0,913,815,1728,822,752,1574
6600,"THEFT F/AUTO","38.8886737617","-76.9989856801",0,0,0,913,815,1728,822,752,1574
6600,"THEFT F/AUTO","38.8897997822","-76.9973143151",0,0,0,913,815,1728,822,752,1574
6600,"THEFT/OTHER","38.8853496119","-76.9961849517",0,0,0,913,815,1728,822,752,1574
6600,"THEFT/OTHER","38.8851334424","-76.9973260165",0,0,0,913,815,1728,822,752,1574
6600,"THEFT/OTHER","38.8886737352","-76.9973143575",0,0,0,913,815,1728,822,752,1574
6600,"THEFT F/AUTO","38.8870252227","-76.9984555031",0,0,0,913,815,1728,822,752,1574
6600,"THEFT/OTHER","38.8851334424","-76.9973260165",0,0,0,913,815,1728,822,752,1574
6600,"THEFT/OTHER","38.8870252315","-77.0005878309",0,0,0,913,815,1728,822,752,1574
6600,"THEFT/OTHER","38.8869171021","-76.9973374758",0,0,0,913,815,1728,822,752,1574
6600,"THEFT/OTHER","38.8870612655","-76.9995159037",0,0,0,913,815,1728,822,752,1574
6600,"MOTOR VEHICLE THEFT","38.8877368011","-76.9953203582",0,0,0,913,815,1728,822,752,1574
6600,"MOTOR VEHICLE THEFT","38.8875927564","-76.9989856954",0,0,0,913,815,1728,822,752,1574
6600,"THEFT F/AUTO","38.8892321773","-76.9949744665",0,0,0,913,815,1728,822,752,1574
6600,"THEFT/OTHER","38.8869171021","-76.9973374758",0,0,0,913,815,1728,822,752,1574
6600,"BURGLARY","38.8851334424","-76.9973260165",0,0,0,913,815,1728,822,752,1574
6600,"THEFT/OTHER","38.8845388465","-76.9958622756",0,0,0,913,815,1728,822,752,1574
6600,"THEFT/OTHER","38.8851334424","-76.9973260165",0,0,0,913,815,1728,822,752,1574
6600,"THEFT/OTHER","38.8886737352","-76.9973143575",0,0,0,913,815,1728,822,752,1574
6600,"THEFT F/AUTO","38.8868089237","-76.9949746372",0,0,0,913,815,1728,822,752,1574
6600,"THEFT/OTHER","38.8875927534","-77.0013139854",0,0,0,913,815,1728,822,752,1574
6600,"THEFT/OTHER","38.8845388465","-76.9958622756",0,0,0,913,815,1728,822,752,1574
6600,"THEFT/OTHER","38.8875927299","-76.9973143982",0,0,0,913,815,1728,822,752,1574
6600,"THEFT/OTHER","38.8868089237","-76.9949746372",0,0,0,913,815,1728,822,752,1574
6600,"THEFT/OTHER","38.8867098777","-76.996196405",0,0,0,913,815,1728,822,752,1574
6600,"THEFT F/AUTO","38.8868089237","-76.9949746372",0,0,0,913,815,1728,822,752,1574
6600,"THEFT/OTHER","38.8851334424","-76.9973260165",0,0,0,913,815,1728,822,752,1574
6600,"THEFT F/AUTO","38.8860251668","-76.9943638179",0,0,0,913,815,1728,822,752,1574
6600,"THEFT/OTHER","38.8860251668","-76.9943638179",0,0,0,913,815,1728,822,752,1574
6600,"THEFT F/AUTO","38.8886737352","-76.9973143575",0,0,0,913,815,1728,822,752,1574
6600,"THEFT/OTHER","38.8881332533","-76.9984554791",0,0,0,913,815,1728,822,752,1574
6600,"THEFT/OTHER","38.8865387804","-77.0000576301",0,0,0,913,815,1728,822,752,1574
6600,"THEFT F/AUTO","38.8875927534","-77.0013139854",0,0,0,913,815,1728,822,752,1574
6600,"THEFT/OTHER","38.8867639826","-77.0013139702",0,0,0,913,815,1728,822,752,1574
6600,"THEFT F/AUTO","38.8860342805","-76.9973259828",0,0,0,913,815,1728,822,752,1574
6600,"THEFT F/AUTO","38.8867639826","-77.0013139702",0,0,0,913,815,1728,822,752,1574
6600,"MOTOR VEHICLE THEFT","38.8897997822","-76.9973143151",0,0,0,913,815,1728,822,752,1574
6600,"THEFT F/AUTO","38.8869171021","-76.9973374758",0,0,0,913,815,1728,822,752,1574
6600,"THEFT/OTHER","38.8870612655","-76.9995159037",0,0,0,913,815,1728,822,752,1574
6600,"THEFT/OTHER","38.8869171021","-76.9973374758",0,0,0,913,815,1728,822,752,1574
6600,"THEFT F/AUTO","38.8886737352","-76.9973143575",0,0,0,913,815,1728,822,752,1574
6600,"THEFT/OTHER","38.8886737587","-77.0013140054",0,0,0,913,815,1728,822,752,1574
6600,"THEFT/OTHER","38.8851334424","-76.9973260165",0,0,0,913,815,1728,822,752,1574
6600,"THEFT/OTHER","38.8860251668","-76.9943638179",0,0,0,913,815,1728,822,752,1574
6600,"THEFT F/AUTO","38.8845388465","-76.9958622756",0,0,0,913,815,1728,822,752,1574
6600,"THEFT/OTHER","38.8853496119","-76.9961849517",0,0,0,913,815,1728,822,752,1574
6600,"THEFT F/AUTO","38.8867098777","-76.996196405",0,0,0,913,815,1728,822,752,1574
6600,"BURGLARY","38.8851334424","-76.9973260165",0,0,0,913,815,1728,822,752,1574
6600,"THEFT/OTHER","38.8853496119","-76.9961849517",0,0,0,913,815,1728,822,752,1574
6600,"THEFT/OTHER","38.8860342805","-76.9973259828",0,0,0,913,815,1728,822,752,1574
6600,"THEFT F/AUTO","38.8886736822","-76.9955738767",0,0,0,913,815,1728,822,752,1574
6600,"THEFT F/AUTO","38.8870252227","-76.9984555031",0,0,0,913,815,1728,822,752,1574
6600,"THEFT/OTHER","38.885313532","-76.9949632167",0,0,0,913,815,1728,822,752,1574
6600,"THEFT F/AUTO","38.8870252227","-76.9984555031",0,0,0,913,815,1728,822,752,1574
6600,"THEFT/OTHER","38.8869171021","-76.9973374758",0,0,0,913,815,1728,822,752,1574
6600,"ROBBERY","38.8870252227","-76.9984555031",0,0,0,913,815,1728,822,752,1574
6600,"THEFT/OTHER","38.8851334424","-76.9973260165",0,0,0,913,815,1728,822,752,1574
6600,"THEFT/OTHER","38.8892321773","-76.9949744665",0,0,0,913,815,1728,822,752,1574
6600,"THEFT/OTHER","38.8870252227","-76.9984555031",0,0,0,913,815,1728,822,752,1574
6600,"BURGLARY","38.8867098777","-76.996196405",0,0,0,913,815,1728,822,752,1574
6600,"THEFT F/AUTO","38.8870252227","-76.9984555031",0,0,0,913,815,1728,822,752,1574
6600,"MOTOR VEHICLE THEFT","38.8853496119","-76.9961849517",0,0,0,913,815,1728,822,752,1574
6600,"ASSAULT W/DANGEROUS WEAPON","38.8867639826","-77.0013139702",0,0,0,913,815,1728,822,752,1574
6600,"THEFT/OTHER","38.8892321773","-76.9949744665",0,0,0,913,815,1728,822,752,1574
6600,"MOTOR VEHICLE THEFT","38.8882772889","-76.9949630075",0,0,0,913,815,1728,822,752,1574
6600,"THEFT/OTHER","38.8853496119","-76.9961849517",0,0,0,913,815,1728,822,752,1574
6600,"THEFT/OTHER","38.8845388465","-76.9958622756",0,0,0,913,815,1728,822,752,1574
6600,"THEFT F/AUTO","38.8892322231","-76.9961847441",0,0,0,913,815,1728,822,752,1574
6600,"THEFT/OTHER","38.8886736822","-76.9955738767",0,0,0,913,815,1728,822,752,1574
6600,"THEFT/OTHER","38.8869171021","-76.9973374758",0,0,0,913,815,1728,822,752,1574
6600,"THEFT/OTHER","38.8860342805","-76.9973259828",0,0,0,913,815,1728,822,752,1574
6600,"THEFT/OTHER","38.8853496119","-76.9961849517",0,0,0,913,815,1728,822,752,1574
6600,"THEFT/OTHER","38.8845388465","-76.9958622756",0,0,0,913,815,1728,822,752,1574
6600,"MOTOR VEHICLE THEFT","38.8853496119","-76.9961849517",0,0,0,913,815,1728,822,752,1574
6600,"THEFT/OTHER","38.8881332625","-76.9995158964",0,0,0,913,815,1728,822,752,1574
6700,"THEFT F/AUTO","38.8845928341","-76.994363931",54,21,75,1854,2001,3855,1628,1819,3447
6700,"THEFT/OTHER","38.8884032076","-76.9915281555",54,21,75,1854,2001,3855,1628,1819,3447
6700,"THEFT F/AUTO","38.8868894743","-76.9878399914",54,21,75,1854,2001,3855,1628,1819,3447
6700,"MOTOR VEHICLE THEFT","38.8882585916","-76.9864220237",54,21,75,1854,2001,3855,1628,1819,3447
6700,"THEFT/OTHER","38.8849440294","-76.9920933285",54,21,75,1854,2001,3855,1628,1819,3447
6700,"THEFT/OTHER","38.8892313868","-76.9855112487",54,21,75,1854,2001,3855,1628,1819,3447
6700,"ROBBERY","38.8885114305","-76.9934299882",54,21,75,1854,2001,3855,1628,1819,3447
6700,"THEFT F/AUTO","38.8860248099","-76.9892693547",54,21,75,1854,2001,3855,1628,1819,3447
6700,"THEFT/OTHER","38.8888082563","-76.9878166116",54,21,75,1854,2001,3855,1628,1819,3447
6700,"ASSAULT W/DANGEROUS WEAPON","38.885313532","-76.9949632167",54,21,75,1854,2001,3855,1628,1819,3447
6700,"THEFT F/AUTO","38.888205099","-76.9926462289",54,21,75,1854,2001,3855,1628,1819,3447
6700,"THEFT/OTHER","38.8892229221","-76.9908941033",54,21,75,1854,2001,3855,1628,1819,3447
6700,"MOTOR VEHICLE THEFT","38.8886736301","-76.9943636086",54,21,75,1854,2001,3855,1628,1819,3447
6700,"THEFT F/AUTO","38.888205099","-76.9926462289",54,21,75,1854,2001,3855,1628,1819,3447
6700,"THEFT/OTHER","38.8864122561","-76.9902490062",54,21,75,1854,2001,3855,1628,1819,3447
6700,"ROBBERY","38.8864122561","-76.9902490062",54,21,75,1854,2001,3855,1628,1819,3447
6700,"THEFT/OTHER","38.8860251668","-76.9943638179",54,21,75,1854,2001,3855,1628,1819,3447
6700,"ROBBERY","38.885313532","-76.9949632167",54,21,75,1854,2001,3855,1628,1819,3447
6700,"THEFT/OTHER","38.8882948307","-76.9883238565",54,21,75,1854,2001,3855,1628,1819,3447
6700,"MOTOR VEHICLE THEFT","38.889232119","-76.993764189",54,21,75,1854,2001,3855,1628,1819,3447
6700,"THEFT F/AUTO","38.885313532","-76.9949632167",54,21,75,1854,2001,3855,1628,1819,3447
6700,"MOTOR VEHICLE THEFT","38.8881241191","-76.994363652",54,21,75,1854,2001,3855,1628,1819,3447
6700,"THEFT/OTHER","38.8886637411","-76.9845892551",54,21,75,1854,2001,3855,1628,1819,3447
6700,"THEFT/OTHER","38.8875926248","-76.994363694",54,21,75,1854,2001,3855,1628,1819,3447
6700,"THEFT/OTHER","38.8868088654","-76.9937644007",54,21,75,1854,2001,3855,1628,1819,3447
6700,"THEFT/OTHER","38.8868088004","-76.9926463728",54,21,75,1854,2001,3855,1628,1819,3447
6700,"MOTOR VEHICLE THEFT","38.8860249479","-76.9908945115",54,21,75,1854,2001,3855,1628,1819,3447
6700,"THEFT F/AUTO","38.8860249479","-76.9908945115",54,21,75,1854,2001,3855,1628,1819,3447
6700,"THEFT/OTHER","38.8888082563","-76.9878166116",54,21,75,1854,2001,3855,1628,1819,3447
6700,"ROBBERY","38.88813212","-76.9836557416",54,21,75,1854,2001,3855,1628,1819,3447
6700,"THEFT F/AUTO","38.8875833975","-76.9908943126",54,21,75,1854,2001,3855,1628,1819,3447
6700,"ROBBERY","38.8868894743","-76.9878399914",54,21,75,1854,2001,3855,1628,1819,3447
6700,"MOTOR VEHICLE THEFT","38.8882948307","-76.9883238565",54,21,75,1854,2001,3855,1628,1819,3447
6700,"THEFT/OTHER","38.8884031078","-76.9902487341",54,21,75,1854,2001,3855,1628,1819,3447
6700,"THEFT F/AUTO","38.8860251668","-76.9943638179",54,21,75,1854,2001,3855,1628,1819,3447
6700,"THEFT/OTHER","38.8867995316","-76.9892807642",54,21,75,1854,2001,3855,1628,1819,3447
6700,"THEFT F/AUTO","38.8885114305","-76.9934299882",54,21,75,1854,2001,3855,1628,1819,3447
6700,"THEFT F/AUTO","38.885313532","-76.9949632167",54,21,75,1854,2001,3855,1628,1819,3447
6700,"THEFT F/AUTO","38.8884032076","-76.9915281555",54,21,75,1854,2001,3855,1628,1819,3447
6700,"SEX ABUSE","38.8869161128","-76.9845665804",54,21,75,1854,2001,3855,1628,1819,3447
6700,"THEFT F/AUTO","38.885565569","-76.9915400183",54,21,75,1854,2001,3855,1628,1819,3447
6700,"THEFT F/AUTO","38.8860249479","-76.9908945115",54,21,75,1854,2001,3855,1628,1819,3447
6700,"THEFT/OTHER","38.8860251668","-76.9943638179",54,21,75,1854,2001,3855,1628,1819,3447
6700,"ROBBERY","38.888205099","-76.9926462289",54,21,75,1854,2001,3855,1628,1819,3447
6700,"MOTOR VEHICLE THEFT","38.8887366068","-76.9928651752",54,21,75,1854,2001,3855,1628,1819,3447
6700,"THEFT/OTHER","38.8868088654","-76.9937644007",54,21,75,1854,2001,3855,1628,1819,3447
6700,"THEFT/OTHER","38.8853044664","-76.993776058",54,21,75,1854,2001,3855,1628,1819,3447
6700,"THEFT/OTHER","38.8860248099","-76.9892693547",54,21,75,1854,2001,3855,1628,1819,3447
6700,"ROBBERY","38.8897987949","-76.9845774834",54,21,75,1854,2001,3855,1628,1819,3447
6700,"THEFT/OTHER","38.8868087255","-76.9915398709",54,21,75,1854,2001,3855,1628,1819,3447
6700,"THEFT/OTHER","38.8887366068","-76.9928651752",54,21,75,1854,2001,3855,1628,1819,3447
6700,"MOTOR VEHICLE THEFT","38.8875926248","-76.994363694",54,21,75,1854,2001,3855,1628,1819,3447
6700,"MOTOR VEHICLE THEFT","38.8892313868","-76.9855112487",54,21,75,1854,2001,3855,1628,1819,3447
6700,"THEFT F/AUTO","38.8871959851","-76.9902488991",54,21,75,1854,2001,3855,1628,1819,3447
6700,"THEFT/OTHER","38.8875925635","-76.9932110752",54,21,75,1854,2001,3855,1628,1819,3447
6700,"ROBBERY","38.8897996771","-76.9943635197",54,21,75,1854,2001,3855,1628,1819,3447
6700,"MOTOR VEHICLE THEFT","38.8895109615","-76.9883236575",54,21,75,1854,2001,3855,1628,1819,3447
6700,"THEFT/OTHER","38.8892229221","-76.9908941033",54,21,75,1854,2001,3855,1628,1819,3447
6700,"MOTOR VEHICLE THEFT","38.8887366068","-76.9928651752",54,21,75,1854,2001,3855,1628,1819,3447
6700,"THEFT F/AUTO","38.8868088004","-76.9926463728",54,21,75,1854,2001,3855,1628,1819,3447
6700,"THEFT/OTHER","38.8883939953","-76.989073051",54,21,75,1854,2001,3855,1628,1819,3447
6700,"THEFT/OTHER","38.8864569132","-76.9863993145",54,21,75,1854,2001,3855,1628,1819,3447
6700,"MOTOR VEHICLE THEFT","38.8868089237","-76.9949746372",54,21,75,1854,2001,3855,1628,1819,3447
6700,"THEFT/OTHER","38.8875833975","-76.9908943126",54,21,75,1854,2001,3855,1628,1819,3447
6700,"MOTOR VEHICLE THEFT","38.8897995454","-76.9920927904",54,21,75,1854,2001,3855,1628,1819,3447
6700,"MOTOR VEHICLE THEFT","38.8897995454","-76.9920927904",54,21,75,1854,2001,3855,1628,1819,3447
6700,"THEFT/OTHER","38.8881241191","-76.994363652",54,21,75,1854,2001,3855,1628,1819,3447
6700,"THEFT F/AUTO","38.8864122561","-76.9902490062",54,21,75,1854,2001,3855,1628,1819,3447
6700,"THEFT F/AUTO","38.8875922689","-76.9892806451",54,21,75,1854,2001,3855,1628,1819,3447
6700,"BURGLARY","38.8868087255","-76.9915398709",54,21,75,1854,2001,3855,1628,1819,3447
6700,"THEFT/OTHER","38.8867995316","-76.9892807642",54,21,75,1854,2001,3855,1628,1819,3447
6700,"THEFT F/AUTO","38.8868894743","-76.9878399914",54,21,75,1854,2001,3855,1628,1819,3447
6700,"THEFT/OTHER","38.885313532","-76.9949632167",54,21,75,1854,2001,3855,1628,1819,3447
6700,"THEFT/OTHER","38.8846468231","-76.9932113555",54,21,75,1854,2001,3855,1628,1819,3447
6700,"THEFT F/AUTO","38.8884032076","-76.9915281555",54,21,75,1854,2001,3855,1628,1819,3447
6700,"THEFT F/AUTO","38.8860877237","-76.9877940243",54,21,75,1854,2001,3855,1628,1819,3447
6700,"THEFT/OTHER","38.8868089237","-76.9949746372",54,21,75,1854,2001,3855,1628,1819,3447
6700,"THEFT/OTHER","38.8849440294","-76.9920933285",54,21,75,1854,2001,3855,1628,1819,3447
6700,"MOTOR VEHICLE THEFT","38.8853044664","-76.993776058",54,21,75,1854,2001,3855,1628,1819,3447
6700,"THEFT F/AUTO","38.8897987949","-76.9845774834",54,21,75,1854,2001,3855,1628,1819,3447
6700,"THEFT/OTHER","38.8871211718","-76.9870218285",54,21,75,1854,2001,3855,1628,1819,3447
6700,"THEFT F/AUTO","38.8892321773","-76.9949744665",54,21,75,1854,2001,3855,1628,1819,3447
6700,"THEFT/OTHER","38.8882948307","-76.9883238565",54,21,75,1854,2001,3855,1628,1819,3447
6700,"THEFT F/AUTO","38.888205099","-76.9926462289",54,21,75,1854,2001,3855,1628,1819,3447
6700,"THEFT F/AUTO","38.8875833975","-76.9908943126",54,21,75,1854,2001,3855,1628,1819,3447
6700,"THEFT F/AUTO","38.8884032076","-76.9915281555",54,21,75,1854,2001,3855,1628,1819,3447
6700,"THEFT/OTHER","38.8864122561","-76.9902490062",54,21,75,1854,2001,3855,1628,1819,3447
6700,"THEFT F/AUTO","38.8888082563","-76.9878166116",54,21,75,1854,2001,3855,1628,1819,3447
6700,"MOTOR VEHICLE THEFT","38.8884032076","-76.9915281555",54,21,75,1854,2001,3855,1628,1819,3447
6700,"THEFT/OTHER","38.8868087255","-76.9915398709",54,21,75,1854,2001,3855,1628,1819,3447
6700,"THEFT/OTHER","38.8868088654","-76.9937644007",54,21,75,1854,2001,3855,1628,1819,3447
6700,"THEFT/OTHER","38.8860248099","-76.9892693547",54,21,75,1854,2001,3855,1628,1819,3447
6700,"THEFT F/AUTO","38.8884031078","-76.9902487341",54,21,75,1854,2001,3855,1628,1819,3447
6700,"THEFT/OTHER","38.8868088004","-76.9926463728",54,21,75,1854,2001,3855,1628,1819,3447
6700,"ROBBERY","38.8871959851","-76.9902488991",54,21,75,1854,2001,3855,1628,1819,3447
6700,"THEFT/OTHER","38.8888082563","-76.9878166116",54,21,75,1854,2001,3855,1628,1819,3447
6700,"THEFT F/AUTO","38.8853044664","-76.993776058",54,21,75,1854,2001,3855,1628,1819,3447
6700,"THEFT F/AUTO","38.8846468231","-76.9932113555",54,21,75,1854,2001,3855,1628,1819,3447
6700,"THEFT/OTHER","38.8875922689","-76.9892806451",54,21,75,1854,2001,3855,1628,1819,3447
6700,"THEFT F/AUTO","38.8875833975","-76.9908943126",54,21,75,1854,2001,3855,1628,1819,3447
6700,"THEFT F/AUTO","38.8868087255","-76.9915398709",54,21,75,1854,2001,3855,1628,1819,3447
6700,"THEFT/OTHER","38.8892229221","-76.9908941033",54,21,75,1854,2001,3855,1628,1819,3447
6700,"THEFT F/AUTO","38.8875925635","-76.9932110752",54,21,75,1854,2001,3855,1628,1819,3447
6700,"MOTOR VEHICLE THEFT","38.8886637411","-76.9845892551",54,21,75,1854,2001,3855,1628,1819,3447
6700,"THEFT/OTHER","38.8884032076","-76.9915281555",54,21,75,1854,2001,3855,1628,1819,3447
6700,"MOTOR VEHICLE THEFT","38.8860877237","-76.9877940243",54,21,75,1854,2001,3855,1628,1819,3447
6700,"THEFT/OTHER","38.8871959851","-76.9902488991",54,21,75,1854,2001,3855,1628,1819,3447
6700,"MOTOR VEHICLE THEFT","38.8873664855","-76.9842206985",54,21,75,1854,2001,3855,1628,1819,3447
6700,"THEFT F/AUTO","38.8875830198","-76.9869177783",54,21,75,1854,2001,3855,1628,1819,3447
6700,"THEFT/OTHER","38.8868087255","-76.9915398709",54,21,75,1854,2001,3855,1628,1819,3447
6700,"ROBBERY","38.8892313868","-76.9855112487",54,21,75,1854,2001,3855,1628,1819,3447
6700,"THEFT F/AUTO","38.8868088654","-76.9937644007",54,21,75,1854,2001,3855,1628,1819,3447
6700,"THEFT F/AUTO","38.8868087255","-76.9915398709",54,21,75,1854,2001,3855,1628,1819,3447
6700,"THEFT/OTHER","38.8860251668","-76.9943638179",54,21,75,1854,2001,3855,1628,1819,3447
6700,"THEFT/OTHER","38.8882948307","-76.9883238565",54,21,75,1854,2001,3855,1628,1819,3447
6700,"THEFT F/AUTO","38.88640307","-76.9883126401",54,21,75,1854,2001,3855,1628,1819,3447
6700,"THEFT F/AUTO","38.8845928341","-76.994363931",54,21,75,1854,2001,3855,1628,1819,3447
6700,"THEFT/OTHER","38.8868089237","-76.9949746372",54,21,75,1854,2001,3855,1628,1819,3447
6700,"THEFT/OTHER","38.8879799546","-76.9937642984",54,21,75,1854,2001,3855,1628,1819,3447
6801,"THEFT/OTHER","38.8892303975","-76.9789988031",34,9,43,1122,912,2034,856,631,1487
6801,"BURGLARY","38.8897985673","-76.9829407141",34,9,43,1122,912,2034,856,631,1487
6801,"THEFT/OTHER","38.8875915151","-76.9829412418",34,9,43,1122,912,2034,856,631,1487
6801,"THEFT F/AUTO","38.8886627111","-76.9781344931",34,9,43,1122,912,2034,856,631,1487
6801,"ROBBERY","38.8855911728","-76.9799104176",34,9,43,1122,912,2034,856,631,1487
6801,"THEFT/OTHER","38.8875915151","-76.9829412418",34,9,43,1122,912,2034,856,631,1487
6801,"THEFT/OTHER","38.8866361409","-76.9798870713",34,9,43,1122,912,2034,856,631,1487
6801,"MOTOR VEHICLE THEFT","38.8886723011","-76.9815001881",34,9,43,1122,912,2034,856,631,1487
6801,"THEFT/OTHER","38.8875915151","-76.9829412418",34,9,43,1122,912,2034,856,631,1487
6801,"THEFT/OTHER","38.8875915151","-76.9829412418",34,9,43,1122,912,2034,856,631,1487
6801,"THEFT/OTHER","38.8897980813","-76.9798861799",34,9,43,1122,912,2034,856,631,1487
6801,"THEFT/OTHER","38.8875915151","-76.9829412418",34,9,43,1122,912,2034,856,631,1487
6801,"THEFT/OTHER","38.8875822874","-76.9815004707",34,9,43,1122,912,2034,856,631,1487
6801,"THEFT/OTHER","38.8875915151","-76.9829412418",34,9,43,1122,912,2034,856,631,1487
6801,"THEFT/OTHER","38.8868258029","-76.9829414249",34,9,43,1122,912,2034,856,631,1487
6801,"THEFT F/AUTO","38.8886627111","-76.9781344931",34,9,43,1122,912,2034,856,631,1487
6801,"THEFT/OTHER","38.8875915151","-76.9829412418",34,9,43,1122,912,2034,856,631,1487
6801,"MOTOR VEHICLE THEFT","38.8886723011","-76.9815001881",34,9,43,1122,912,2034,856,631,1487
6801,"BURGLARY","38.8886723011","-76.9815001881",34,9,43,1122,912,2034,856,631,1487
6801,"ASSAULT W/DANGEROUS WEAPON","38.8881316812","-76.9807741729",34,9,43,1122,912,2034,856,631,1487
6801,"THEFT F/AUTO","38.8862400389","-76.9815008187",34,9,43,1122,912,2034,856,631,1487
6801,"THEFT/OTHER","38.8881229028","-76.9822264858",34,9,43,1122,912,2034,856,631,1487
6801,"THEFT F/AUTO","38.8855911728","-76.9799104176",34,9,43,1122,912,2034,856,631,1487
6801,"THEFT/OTHER","38.8892303975","-76.9789988031",34,9,43,1122,912,2034,856,631,1487
6801,"THEFT/OTHER","38.8870599142","-76.9822267506",34,9,43,1122,912,2034,856,631,1487
6801,"ROBBERY","38.8862400389","-76.9815008187",34,9,43,1122,912,2034,856,631,1487
6801,"THEFT/OTHER","38.8886723011","-76.9815001881",34,9,43,1122,912,2034,856,631,1487
6801,"THEFT/OTHER","38.8875820207","-76.9798868046",34,9,43,1122,912,2034,856,631,1487
6801,"THEFT/OTHER","38.8886627111","-76.9781344931",34,9,43,1122,912,2034,856,631,1487
6801,"THEFT F/AUTO","38.8897977665","-76.9781341452",34,9,43,1122,912,2034,856,631,1487
6801,"THEFT/OTHER","38.8875915151","-76.9829412418",34,9,43,1122,912,2034,856,631,1487
6801,"THEFT/OTHER","38.8881229028","-76.9822264858",34,9,43,1122,912,2034,856,631,1487
6801,"THEFT F/AUTO","38.8862400389","-76.9815008187",34,9,43,1122,912,2034,856,631,1487
6801,"THEFT/OTHER","38.8897980813","-76.9798861799",34,9,43,1122,912,2034,856,631,1487
6801,"THEFT/OTHER","38.8875915151","-76.9829412418",34,9,43,1122,912,2034,856,631,1487
6801,"ASSAULT W/DANGEROUS WEAPON","38.8897977665","-76.9781341452",34,9,43,1122,912,2034,856,631,1487
6801,"BURGLARY","38.8861403652","-76.9781352661",34,9,43,1122,912,2034,856,631,1487
6801,"THEFT/OTHER","38.8892303975","-76.9789988031",34,9,43,1122,912,2034,856,631,1487
6801,"THEFT/OTHER","38.8897980813","-76.9798861799",34,9,43,1122,912,2034,856,631,1487
6801,"THEFT/OTHER","38.8875915151","-76.9829412418",34,9,43,1122,912,2034,856,631,1487
6801,"THEFT F/AUTO","38.8871137345","-76.9807744472",34,9,43,1122,912,2034,856,631,1487
6801,"THEFT/OTHER","38.8875915151","-76.9829412418",34,9,43,1122,912,2034,856,631,1487
6801,"THEFT F/AUTO","38.8863927585","-76.9789996383",34,9,43,1122,912,2034,856,631,1487
6801,"THEFT F/AUTO","38.8875820207","-76.9798868046",34,9,43,1122,912,2034,856,631,1487
6801,"THEFT/OTHER","38.8886725204","-76.9829409834",34,9,43,1122,912,2034,856,631,1487
6801,"MOTOR VEHICLE THEFT","38.8881223672","-76.9789991292",34,9,43,1122,912,2034,856,631,1487
6801,"THEFT/OTHER","38.8875915151","-76.9829412418",34,9,43,1122,912,2034,856,631,1487
6801,"THEFT/OTHER","38.8868430188","-76.9781350507",34,9,43,1122,912,2034,856,631,1487
6801,"THEFT/OTHER","38.8875822874","-76.9815004707",34,9,43,1122,912,2034,856,631,1487
6801,"BURGLARY","38.8892307031","-76.9807738767",34,9,43,1122,912,2034,856,631,1487
6801,"THEFT F/AUTO","38.8886720344","-76.9798864974",34,9,43,1122,912,2034,856,631,1487
6801,"THEFT/OTHER","38.8897980813","-76.9798861799",34,9,43,1122,912,2034,856,631,1487
6801,"THEFT/OTHER","38.8875915151","-76.9829412418",34,9,43,1122,912,2034,856,631,1487
6801,"THEFT/OTHER","38.8897980813","-76.9798861799",34,9,43,1122,912,2034,856,631,1487
6801,"ROBBERY","38.8886725204","-76.9829409834",34,9,43,1122,912,2034,856,631,1487
6801,"THEFT F/AUTO","38.8886627111","-76.9781344931",34,9,43,1122,912,2034,856,631,1487
6801,"BURGLARY","38.8875820207","-76.9798868046",34,9,43,1122,912,2034,856,631,1487
6801,"ASSAULT W/DANGEROUS WEAPON","38.887212521","-76.978999397",34,9,43,1122,912,2034,856,631,1487
6801,"THEFT/OTHER","38.8875915151","-76.9829412418",34,9,43,1122,912,2034,856,631,1487
6801,"THEFT/OTHER","38.8886725204","-76.9829409834",34,9,43,1122,912,2034,856,631,1487
6801,"THEFT/OTHER","38.8875915151","-76.9829412418",34,9,43,1122,912,2034,856,631,1487
6801,"THEFT/OTHER","38.8886725204","-76.9829409834",34,9,43,1122,912,2034,856,631,1487
6801,"THEFT/OTHER","38.8875915151","-76.9829412418",34,9,43,1122,912,2034,856,631,1487
6801,"MOTOR VEHICLE THEFT","38.8892300738","-76.9772698352",34,9,43,1122,912,2034,856,631,1487
6801,"THEFT/OTHER","38.8881229028","-76.9822264858",34,9,43,1122,912,2034,856,631,1487
6801,"THEFT F/AUTO","38.8886725204","-76.9829409834",34,9,43,1122,912,2034,856,631,1487
6801,"THEFT/OTHER","38.8881229028","-76.9822264858",34,9,43,1122,912,2034,856,631,1487
6801,"THEFT/OTHER","38.8875817059","-76.9781348244",34,9,43,1122,912,2034,856,631,1487
6801,"MOTOR VEHICLE THEFT","38.8886627111","-76.9781344931",34,9,43,1122,912,2034,856,631,1487
6801,"THEFT F/AUTO","38.8892309331","-76.9822262098",34,9,43,1122,912,2034,856,631,1487
6801,"THEFT/OTHER","38.8886723011","-76.9815001881",34,9,43,1122,912,2034,856,631,1487
6801,"THEFT/OTHER","38.8892303975","-76.9789988031",34,9,43,1122,912,2034,856,631,1487
6801,"THEFT F/AUTO","38.8892303975","-76.9789988031",34,9,43,1122,912,2034,856,631,1487
6801,"THEFT/OTHER","38.8875915151","-76.9829412418",34,9,43,1122,912,2034,856,631,1487
6801,"MOTOR VEHICLE THEFT","38.8892307031","-76.9807738767",34,9,43,1122,912,2034,856,631,1487
6801,"ROBBERY","38.8892307031","-76.9807738767",34,9,43,1122,912,2034,856,631,1487
6801,"THEFT F/AUTO","38.8892303975","-76.9789988031",34,9,43,1122,912,2034,856,631,1487
6801,"THEFT/OTHER","38.8875822874","-76.9815004707",34,9,43,1122,912,2034,856,631,1487
6801,"THEFT/OTHER","38.8892300738","-76.9772698352",34,9,43,1122,912,2034,856,631,1487
6801,"SEX ABUSE","38.8897977665","-76.9781341452",34,9,43,1122,912,2034,856,631,1487
6801,"THEFT F/AUTO","38.8875817059","-76.9781348244",34,9,43,1122,912,2034,856,631,1487
6801,"ROBBERY","38.8861403652","-76.9781352661",34,9,43,1122,912,2034,856,631,1487
6801,"THEFT/OTHER","38.8871137345","-76.9807744472",34,9,43,1122,912,2034,856,631,1487
6801,"THEFT F/AUTO","38.8861403652","-76.9781352661",34,9,43,1122,912,2034,856,631,1487
6802,"MOTOR VEHICLE THEFT","38.8812584007","-76.9814905851",0,2,2,1020,955,1975,872,614,1486
6802,"THEFT F/AUTO","38.8819610549","-76.9814904028",0,2,2,1020,955,1975,872,614,1486
6802,"THEFT/OTHER","38.8791506145","-76.9826436143",0,2,2,1020,955,1975,872,614,1486
6802,"MOTOR VEHICLE THEFT","38.8791506145","-76.9826436143",0,2,2,1020,955,1975,872,614,1486
6802,"THEFT F/AUTO","38.8835371013","-76.9790004788",0,2,2,1020,955,1975,872,614,1486
6802,"THEFT/OTHER","38.884096265","-76.9829536031",0,2,2,1020,955,1975,872,614,1486
6802,"MOTOR VEHICLE THEFT","38.8847267436","-76.9822273318",0,2,2,1020,955,1975,872,614,1486
6802,"THEFT/OTHER","38.8802855038","-76.9815484625",0,2,2,1020,955,1975,872,614,1486
6802,"THEFT/OTHER","38.8791506145","-76.9826436143",0,2,2,1020,955,1975,872,614,1486
6802,"MOTOR VEHICLE THEFT","38.8853484285","-76.9829417781",0,2,2,1020,955,1975,872,614,1486
6802,"THEFT F/AUTO","38.886231352","-76.9836561771",0,2,2,1020,955,1975,872,614,1486
6802,"ROBBERY","38.8807450371","-76.9822283235",0,2,2,1020,955,1975,872,614,1486
6802,"MOTOR VEHICLE THEFT","38.8840957773","-76.9798877874",0,2,2,1020,955,1975,872,614,1486
6802,"THEFT/OTHER","38.886231352","-76.9836561771",0,2,2,1020,955,1975,872,614,1486
6802,"MOTOR VEHICLE THEFT","38.8862400389","-76.9815008187",0,2,2,1020,955,1975,872,614,1486
6802,"THEFT/OTHER","38.8825464846","-76.9807756778",0,2,2,1020,955,1975,872,614,1486
6802,"THEFT/OTHER","38.884096044","-76.9815013746",0,2,2,1020,955,1975,872,614,1486
6802,"THEFT F/AUTO","38.8802855038","-76.9815484625",0,2,2,1020,955,1975,872,614,1486
6802,"THEFT/OTHER","38.881564975","-76.9834152164",0,2,2,1020,955,1975,872,614,1486
6802,"THEFT/OTHER","38.8847171996","-76.9790001315",0,2,2,1020,955,1975,872,614,1486
6802,"ASSAULT W/DANGEROUS WEAPON","38.8807718304","-76.9807646309",0,2,2,1020,955,1975,872,614,1486
6802,"ROBBERY","38.8828350895","-76.982942379",0,2,2,1020,955,1975,872,614,1486
6802,"THEFT/OTHER","38.8847171996","-76.9790001315",0,2,2,1020,955,1975,872,614,1486
6802,"THEFT F/AUTO","38.8833207415","-76.9781361301",0,2,2,1020,955,1975,872,614,1486
6802,"THEFT F/AUTO","38.8840957773","-76.9798877874",0,2,2,1020,955,1975,872,614,1486
6802,"THEFT/OTHER","38.8834655699","-76.9822276459",0,2,2,1020,955,1975,872,614,1486
6802,"THEFT/OTHER","38.884096265","-76.9829536031",0,2,2,1020,955,1975,872,614,1486
6802,"THEFT/OTHER","38.8828350895","-76.982942379",0,2,2,1020,955,1975,872,614,1486
6802,"THEFT/OTHER","38.884096265","-76.9829536031",0,2,2,1020,955,1975,872,614,1486
6802,"THEFT/OTHER","38.8840954625","-76.9781358927",0,2,2,1020,955,1975,872,614,1486
6802,"THEFT F/AUTO","38.8847171996","-76.9790001315",0,2,2,1020,955,1975,872,614,1486
6802,"THEFT/OTHER","38.8853484285","-76.9829417781",0,2,2,1020,955,1975,872,614,1486
6802,"MOTOR VEHICLE THEFT","38.8840957773","-76.9798877874",0,2,2,1020,955,1975,872,614,1486
6802,"THEFT/OTHER","38.8796819886","-76.9818482662",0,2,2,1020,955,1975,872,614,1486
6802,"THEFT/OTHER","38.8847171996","-76.9790001315",0,2,2,1020,955,1975,872,614,1486
6802,"THEFT/OTHER","38.8840957773","-76.9798877874",0,2,2,1020,955,1975,872,614,1486
6802,"THEFT/OTHER","38.8819610549","-76.9814904028",0,2,2,1020,955,1975,872,614,1486
6802,"THEFT F/AUTO","38.8803218515","-76.9836575306",0,2,2,1020,955,1975,872,614,1486
6802,"THEFT/OTHER","38.882897537","-76.9791735485",0,2,2,1020,955,1975,872,614,1486
6802,"THEFT/OTHER","38.8802855038","-76.9815484625",0,2,2,1020,955,1975,872,614,1486
6802,"MOTOR VEHICLE THEFT","38.881564975","-76.9834152164",0,2,2,1020,955,1975,872,614,1486
6802,"THEFT F/AUTO","38.8853484285","-76.9829417781",0,2,2,1020,955,1975,872,614,1486
6802,"THEFT/OTHER","38.8847171996","-76.9790001315",0,2,2,1020,955,1975,872,614,1486
6802,"MOTOR VEHICLE THEFT","38.884717944","-76.9836565237",0,2,2,1020,955,1975,872,614,1486
6802,"THEFT F/AUTO","38.884096044","-76.9815013746",0,2,2,1020,955,1975,872,614,1486
6802,"THEFT F/AUTO","38.8840957773","-76.9798877874",0,2,2,1020,955,1975,872,614,1486
6802,"MOTOR VEHICLE THEFT","38.8819610549","-76.9814904028",0,2,2,1020,955,1975,872,614,1486
6802,"MOTOR VEHICLE THEFT","38.8819610549","-76.9814904028",0,2,2,1020,955,1975,872,614,1486
6802,"THEFT/OTHER","38.8834657786","-76.9836568106",0,2,2,1020,955,1975,872,614,1486
6802,"THEFT/OTHER","38.8791506145","-76.9826436143",0,2,2,1020,955,1975,872,614,1486
6802,"MOTOR VEHICLE THEFT","38.8812585862","-76.9827007274",0,2,2,1020,955,1975,872,614,1486
6802,"THEFT/OTHER","38.8828350895","-76.982942379",0,2,2,1020,955,1975,872,614,1486
6802,"THEFT F/AUTO","38.8840954625","-76.9781358927",0,2,2,1020,955,1975,872,614,1486
6802,"THEFT/OTHER","38.8853484285","-76.9829417781",0,2,2,1020,955,1975,872,614,1486
6802,"BURGLARY","38.8833207415","-76.9781361301",0,2,2,1020,955,1975,872,614,1486
6802,"THEFT/OTHER","38.8814657791","-76.9827006772",0,2,2,1020,955,1975,872,614,1486
6802,"THEFT/OTHER","38.8862400389","-76.9815008187",0,2,2,1020,955,1975,872,614,1486
6802,"MOTOR VEHICLE THEFT","38.8814657791","-76.9827006772",0,2,2,1020,955,1975,872,614,1486
6802,"ROBBERY","38.8807631317","-76.9827469479",0,2,2,1020,955,1975,872,614,1486
6802,"THEFT/OTHER","38.8853484285","-76.9829417781",0,2,2,1020,955,1975,872,614,1486
6802,"THEFT F/AUTO","38.8833207415","-76.9781361301",0,2,2,1020,955,1975,872,614,1486
6802,"MOTOR VEHICLE THEFT","38.8812584007","-76.9814905851",0,2,2,1020,955,1975,872,614,1486
6802,"BURGLARY","38.8840957773","-76.9798877874",0,2,2,1020,955,1975,872,614,1486
6802,"ASSAULT W/DANGEROUS WEAPON","38.8819610549","-76.9814904028",0,2,2,1020,955,1975,872,614,1486
6802,"THEFT/OTHER","38.886231352","-76.9836561771",0,2,2,1020,955,1975,872,614,1486
6802,"THEFT F/AUTO","38.8853484285","-76.9829417781",0,2,2,1020,955,1975,872,614,1486
6802,"THEFT F/AUTO","38.8840954625","-76.9781358927",0,2,2,1020,955,1975,872,614,1486
6802,"THEFT F/AUTO","38.8853479425","-76.9798874344",0,2,2,1020,955,1975,872,614,1486
6802,"THEFT/OTHER","38.8862400389","-76.9815008187",0,2,2,1020,955,1975,872,614,1486
6802,"THEFT F/AUTO","38.8802855038","-76.9815484625",0,2,2,1020,955,1975,872,614,1486
6802,"THEFT F/AUTO","38.8822494379","-76.9822279488",0,2,2,1020,955,1975,872,614,1486
6802,"BURGLARY","38.8847175052","-76.9807750929",0,2,2,1020,955,1975,872,614,1486
6802,"THEFT/OTHER","38.8853484285","-76.9829417781",0,2,2,1020,955,1975,872,614,1486
6802,"THEFT F/AUTO","38.8812585862","-76.9827007274",0,2,2,1020,955,1975,872,614,1486
6802,"THEFT/OTHER","38.8847175052","-76.9807750929",0,2,2,1020,955,1975,872,614,1486
6802,"THEFT/OTHER","38.8828350895","-76.982942379",0,2,2,1020,955,1975,872,614,1486
6802,"THEFT F/AUTO","38.8853482092","-76.98150105",0,2,2,1020,955,1975,872,614,1486
6802,"THEFT/OTHER","38.884096044","-76.9815013746",0,2,2,1020,955,1975,872,614,1486
6802,"THEFT F/AUTO","38.8796819886","-76.9818482662",0,2,2,1020,955,1975,872,614,1486
6804,"THEFT F/AUTO","38.8840770766","-76.9762456966",74,552,626,358,1459,1817,126,173,299
6804,"THEFT F/AUTO","38.8857438315","-76.9772709459",74,552,626,358,1459,1817,126,173,299
6804,"THEFT F/AUTO","38.8828342887","-76.9781362792",74,552,626,358,1459,1817,126,173,299
6804,"MOTOR VEHICLE THEFT","38.8848972194","-76.9781932758",74,552,626,358,1459,1817,126,173,299
6804,"THEFT F/AUTO","38.8901035151","-76.9754368285",74,552,626,358,1459,1817,126,173,299
6804,"THEFT F/AUTO","38.8901035151","-76.9754368285",74,552,626,358,1459,1817,126,173,299
6804,"ROBBERY","38.8857438315","-76.9772709459",74,552,626,358,1459,1817,126,173,299
6804,"THEFT F/AUTO","38.8840770766","-76.9762456966",74,552,626,358,1459,1817,126,173,299
6804,"THEFT/OTHER","38.8901572149","-76.9738230856",74,552,626,358,1459,1817,126,173,299
6804,"THEFT F/AUTO","38.8840770766","-76.9762456966",74,552,626,358,1459,1817,126,173,299
6804,"THEFT F/AUTO","38.8848972194","-76.9781932758",74,552,626,358,1459,1817,126,173,299
6804,"MOTOR VEHICLE THEFT","38.8833207415","-76.9781361301",74,552,626,358,1459,1817,126,173,299
6804,"THEFT F/AUTO","38.8876021098","-76.9760667891",74,552,626,358,1459,1817,126,173,299
6804,"THEFT F/AUTO","38.8876021098","-76.9760667891",74,552,626,358,1459,1817,126,173,299
6804,"THEFT F/AUTO","38.8828342887","-76.9781362792",74,552,626,358,1459,1817,126,173,299
6804,"THEFT F/AUTO","38.8828342887","-76.9781362792",74,552,626,358,1459,1817,126,173,299
6804,"SEX ABUSE","38.8901572149","-76.9738230856",74,552,626,358,1459,1817,126,173,299
6804,"THEFT/OTHER","38.8898409606","-76.9646945183",74,552,626,358,1459,1817,126,173,299
6804,"THEFT F/AUTO","38.8828342887","-76.9781362792",74,552,626,358,1459,1817,126,173,299
6804,"THEFT F/AUTO","38.8840770766","-76.9762456966",74,552,626,358,1459,1817,126,173,299
6804,"ROBBERY","38.8828342887","-76.9781362792",74,552,626,358,1459,1817,126,173,299
6804,"THEFT/OTHER","38.8966514254","-76.9703739346",74,552,626,358,1459,1817,126,173,299
6804,"THEFT F/AUTO","38.8901035151","-76.9754368285",74,552,626,358,1459,1817,126,173,299
6804,"SEX ABUSE","38.8840770766","-76.9762456966",74,552,626,358,1459,1817,126,173,299
6804,"THEFT F/AUTO","38.8778078093","-76.9792441816",74,552,626,358,1459,1817,126,173,299
6804,"ASSAULT W/DANGEROUS WEAPON","38.8840770766","-76.9762456966",74,552,626,358,1459,1817,126,173,299
6804,"THEFT F/AUTO","38.8892423411","-76.9738984585",74,552,626,358,1459,1817,126,173,299
6804,"ASSAULT W/DANGEROUS WEAPON","38.8840770766","-76.9762456966",74,552,626,358,1459,1817,126,173,299
6804,"THEFT F/AUTO","38.8901035151","-76.9754368285",74,552,626,358,1459,1817,126,173,299
6804,"THEFT/OTHER","38.8848972194","-76.9781932758",74,552,626,358,1459,1817,126,173,299
6804,"THEFT F/AUTO","38.8828342887","-76.9781362792",74,552,626,358,1459,1817,126,173,299
6804,"THEFT F/AUTO","38.8901572149","-76.9738230856",74,552,626,358,1459,1817,126,173,299
6804,"THEFT/OTHER","38.8901572149","-76.9738230856",74,552,626,358,1459,1817,126,173,299
6804,"THEFT F/AUTO","38.8792022583","-76.9810696553",74,552,626,358,1459,1817,126,173,299
6804,"SEX ABUSE","38.8840770766","-76.9762456966",74,552,626,358,1459,1817,126,173,299
6804,"THEFT F/AUTO","38.8828342887","-76.9781362792",74,552,626,358,1459,1817,126,173,299
6804,"THEFT F/AUTO","38.8848972194","-76.9781932758",74,552,626,358,1459,1817,126,173,299
6804,"ASSAULT W/DANGEROUS WEAPON","38.8840770766","-76.9762456966",74,552,626,358,1459,1817,126,173,299
6900,"THEFT/OTHER","38.8825386514","-76.9902495356",14,14,28,972,958,1930,834,884,1718
6900,"THEFT F/AUTO","38.8840970171","-76.9892811702",14,14,28,972,958,1930,834,884,1718
6900,"THEFT/OTHER","38.8825386514","-76.9902495356",14,14,28,972,958,1930,834,884,1718
6900,"THEFT/OTHER","38.882051707","-76.9855127066",14,14,28,972,958,1930,834,884,1718
6900,"THEFT/OTHER","38.8818539291","-76.9892815072",14,14,28,972,958,1930,834,884,1718
6900,"THEFT F/AUTO","38.8840967764","-76.9869184175",14,14,28,972,958,1930,834,884,1718
6900,"THEFT/OTHER","38.8825386514","-76.9902495356",14,14,28,972,958,1930,834,884,1718
6900,"THEFT F/AUTO","38.8847271987","-76.9855236891",14,14,28,972,958,1930,834,884,1718
6900,"THEFT F/AUTO","38.8836648751","-76.9926466968",14,14,28,972,958,1930,834,884,1718
6900,"THEFT/OTHER","38.8812588509","-76.9845908544",14,14,28,972,958,1930,834,884,1718
6900,"THEFT/OTHER","38.8809166501","-76.9855129371",14,14,28,972,958,1930,834,884,1718
6900,"BURGLARY","38.8825386514","-76.9902495356",14,14,28,972,958,1930,834,884,1718
6900,"THEFT/OTHER","38.8828353711","-76.9849939036",14,14,28,972,958,1930,834,884,1718
6900,"THEFT/OTHER","38.8825386514","-76.9902495356",14,14,28,972,958,1930,834,884,1718
6900,"THEFT/OTHER","38.8825386514","-76.9902495356",14,14,28,972,958,1930,834,884,1718
6900,"ASSAULT W/DANGEROUS WEAPON","38.8840967764","-76.9869184175",14,14,28,972,958,1930,834,884,1718
6900,"THEFT/OTHER","38.8825386514","-76.9902495356",14,14,28,972,958,1930,834,884,1718
6900,"ASSAULT W/DANGEROUS WEAPON","38.8847272604","-76.986030821",14,14,28,972,958,1930,834,884,1718
6900,"THEFT F/AUTO","38.8853486576","-76.9845899711",14,14,28,972,958,1930,834,884,1718
6900,"ROBBERY","38.8823487946","-76.9840604533",14,14,28,972,958,1930,834,884,1718
6900,"MOTOR VEHICLE THEFT","38.8828356025","-76.9869186487",14,14,28,972,958,1930,834,884,1718
6900,"THEFT/OTHER","38.8825386514","-76.9902495356",14,14,28,972,958,1930,834,884,1718
6900,"THEFT F/AUTO","38.8818539291","-76.9892815072",14,14,28,972,958,1930,834,884,1718
6900,"THEFT/OTHER","38.8834660235","-76.9855124195",14,14,28,972,958,1930,834,884,1718
6900,"THEFT/OTHER","38.8860244042","-76.9855119",14,14,28,972,958,1930,834,884,1718
6900,"MOTOR VEHICLE THEFT","38.8860877237","-76.9877940243",14,14,28,972,958,1930,834,884,1718
6900,"THEFT F/AUTO","38.8853489985","-76.98743685",14,14,28,972,958,1930,834,884,1718
6900,"ROBBERY","38.8834485981","-76.9915287438",14,14,28,972,958,1930,834,884,1718
6900,"ROBBERY","38.8847275111","-76.9883129146",14,14,28,972,958,1930,834,884,1718
6900,"THEFT/OTHER","38.8828358433","-76.9892813597",14,14,28,972,958,1930,834,884,1718
6900,"ROBBERY","38.8821421047","-76.9883133381",14,14,28,972,958,1930,834,884,1718
6900,"THEFT F/AUTO","38.8840964924","-76.9845902416",14,14,28,972,958,1930,834,884,1718
6900,"THEFT/OTHER","38.8828356025","-76.9869186487",14,14,28,972,958,1930,834,884,1718
6900,"THEFT/OTHER","38.8825386514","-76.9902495356",14,14,28,972,958,1930,834,884,1718
6900,"BURGLARY","38.8844486044","-76.992646616",14,14,28,972,958,1930,834,884,1718
6900,"ROBBERY","38.8840967764","-76.9869184175",14,14,28,972,958,1930,834,884,1718
6900,"THEFT/OTHER","38.8834665151","-76.9902494088",14,14,28,972,958,1930,834,884,1718
6900,"MOTOR VEHICLE THEFT","38.8853489985","-76.98743685",14,14,28,972,958,1930,834,884,1718
6900,"THEFT/OTHER","38.8853491844","-76.9893040338",14,14,28,972,958,1930,834,884,1718
6900,"THEFT/OTHER","38.8825386514","-76.9902495356",14,14,28,972,958,1930,834,884,1718
6900,"THEFT/OTHER","38.886231352","-76.9836561771",14,14,28,972,958,1930,834,884,1718
6900,"SEX ABUSE","38.8834663374","-76.9883131212",14,14,28,972,958,1930,834,884,1718
6900,"BURGLARY","38.8847275111","-76.9883129146",14,14,28,972,958,1930,834,884,1718
6900,"THEFT/OTHER","38.8860877237","-76.9877940243",14,14,28,972,958,1930,834,884,1718
6900,"MOTOR VEHICLE THEFT","38.8825386514","-76.9902495356",14,14,28,972,958,1930,834,884,1718
6900,"THEFT/OTHER","38.8825386514","-76.9902495356",14,14,28,972,958,1930,834,884,1718
6900,"THEFT/OTHER","38.8825386514","-76.9902495356",14,14,28,972,958,1930,834,884,1718
6900,"BURGLARY","38.8840971541","-76.9908947575",14,14,28,972,958,1930,834,884,1718
6900,"ROBBERY","38.8834665151","-76.9902494088",14,14,28,972,958,1930,834,884,1718
6900,"THEFT F/AUTO","38.8845926637","-76.9915401337",14,14,28,972,958,1930,834,884,1718
6900,"MOTOR VEHICLE THEFT","38.8823487946","-76.9840604533",14,14,28,972,958,1930,834,884,1718
6900,"THEFT/OTHER","38.8825386514","-76.9902495356",14,14,28,972,958,1930,834,884,1718
6900,"MOTOR VEHICLE THEFT","38.8818539291","-76.9892815072",14,14,28,972,958,1930,834,884,1718
6900,"THEFT/OTHER","38.8840971541","-76.9908947575",14,14,28,972,958,1930,834,884,1718
6900,"BURGLARY","38.8828179634","-76.9908949207",14,14,28,972,958,1930,834,884,1718
6900,"THEFT/OTHER","38.8860877237","-76.9877940243",14,14,28,972,958,1930,834,884,1718
6900,"MOTOR VEHICLE THEFT","38.8834485981","-76.9915287438",14,14,28,972,958,1930,834,884,1718
6900,"THEFT/OTHER","38.8825386514","-76.9902495356",14,14,28,972,958,1930,834,884,1718
6900,"THEFT/OTHER","38.8825386514","-76.9902495356",14,14,28,972,958,1930,834,884,1718
6900,"THEFT/OTHER","38.886231352","-76.9836561771",14,14,28,972,958,1930,834,884,1718
6900,"THEFT/OTHER","38.8834660235","-76.9855124195",14,14,28,972,958,1930,834,884,1718
6900,"THEFT/OTHER","38.8834660235","-76.9855124195",14,14,28,972,958,1930,834,884,1718
6900,"THEFT/OTHER","38.8812588509","-76.9845908544",14,14,28,972,958,1930,834,884,1718
6900,"THEFT/OTHER","38.8847275111","-76.9883129146",14,14,28,972,958,1930,834,884,1718
6900,"THEFT F/AUTO","38.8821421047","-76.9883133381",14,14,28,972,958,1930,834,884,1718
6900,"THEFT/OTHER","38.8834778862","-76.9876143268",14,14,28,972,958,1930,834,884,1718
6900,"THEFT/OTHER","38.8834657786","-76.9836568106",14,14,28,972,958,1930,834,884,1718
6900,"THEFT F/AUTO","38.8834665151","-76.9902494088",14,14,28,972,958,1930,834,884,1718
6900,"THEFT/OTHER","38.8840967764","-76.9869184175",14,14,28,972,958,1930,834,884,1718
6900,"THEFT/OTHER","38.8825386514","-76.9902495356",14,14,28,972,958,1930,834,884,1718
6900,"ROBBERY","38.8830072268","-76.9920935431",14,14,28,972,958,1930,834,884,1718
6900,"THEFT/OTHER","38.8825386514","-76.9902495356",14,14,28,972,958,1930,834,884,1718
6900,"THEFT/OTHER","38.8828353711","-76.9849939036",14,14,28,972,958,1930,834,884,1718
6900,"THEFT F/AUTO","38.8818539291","-76.9892815072",14,14,28,972,958,1930,834,884,1718
6900,"THEFT/OTHER","38.8818539291","-76.9892815072",14,14,28,972,958,1930,834,884,1718
6900,"THEFT F/AUTO","38.8818539291","-76.9892815072",14,14,28,972,958,1930,834,884,1718
6900,"THEFT/OTHER","38.8812588509","-76.9845908544",14,14,28,972,958,1930,834,884,1718
6900,"THEFT F/AUTO","38.8853486576","-76.9845899711",14,14,28,972,958,1930,834,884,1718
6900,"THEFT/OTHER","38.8828353711","-76.9849939036",14,14,28,972,958,1930,834,884,1718
6900,"THEFT/OTHER","38.8853491844","-76.9893040338",14,14,28,972,958,1930,834,884,1718
6900,"THEFT/OTHER","38.8836648751","-76.9926466968",14,14,28,972,958,1930,834,884,1718
6900,"THEFT/OTHER","38.8825386514","-76.9902495356",14,14,28,972,958,1930,834,884,1718
6900,"THEFT/OTHER","38.8825386514","-76.9902495356",14,14,28,972,958,1930,834,884,1718
6900,"THEFT F/AUTO","38.8847637223","-76.9902492315",14,14,28,972,958,1930,834,884,1718
6900,"ROBBERY","38.8798445047","-76.984372186",14,14,28,972,958,1930,834,884,1718
6900,"ROBBERY","38.8834485981","-76.9915287438",14,14,28,972,958,1930,834,884,1718
6900,"MOTOR VEHICLE THEFT","38.8815650092","-76.9836572459",14,14,28,972,958,1930,834,884,1718
6900,"THEFT/OTHER","38.8860244042","-76.9855119",14,14,28,972,958,1930,834,884,1718
6900,"THEFT/OTHER","38.8825386514","-76.9902495356",14,14,28,972,958,1930,834,884,1718
6900,"THEFT F/AUTO","38.8847637223","-76.9902492315",14,14,28,972,958,1930,834,884,1718
6900,"THEFT/OTHER","38.886231352","-76.9836561771",14,14,28,972,958,1930,834,884,1718
6900,"THEFT/OTHER","38.8834660235","-76.9855124195",14,14,28,972,958,1930,834,884,1718
6900,"THEFT/OTHER","38.8864569132","-76.9863993145",14,14,28,972,958,1930,834,884,1718
6900,"THEFT/OTHER","38.8825386514","-76.9902495356",14,14,28,972,958,1930,834,884,1718
6900,"THEFT F/AUTO","38.8840972414","-76.9920934223",14,14,28,972,958,1930,834,884,1718
6900,"THEFT/OTHER","38.8847272604","-76.986030821",14,14,28,972,958,1930,834,884,1718
6900,"THEFT F/AUTO","38.8828179634","-76.9908949207",14,14,28,972,958,1930,834,884,1718
6900,"THEFT/OTHER","38.8825386514","-76.9902495356",14,14,28,972,958,1930,834,884,1718
6900,"THEFT/OTHER","38.8825386514","-76.9902495356",14,14,28,972,958,1930,834,884,1718
6900,"THEFT/OTHER","38.8825386514","-76.9902495356",14,14,28,972,958,1930,834,884,1718
6900,"THEFT/OTHER","38.882051707","-76.9855127066",14,14,28,972,958,1930,834,884,1718
6900,"THEFT/OTHER","38.8825386514","-76.9902495356",14,14,28,972,958,1930,834,884,1718
6900,"THEFT/OTHER","38.8840964924","-76.9845902416",14,14,28,972,958,1930,834,884,1718
6900,"THEFT/OTHER","38.8821421047","-76.9883133381",14,14,28,972,958,1930,834,884,1718
6900,"THEFT/OTHER","38.8847271987","-76.9855236891",14,14,28,972,958,1930,834,884,1718
6900,"MOTOR VEHICLE THEFT","38.8808807786","-76.9868844318",14,14,28,972,958,1930,834,884,1718
6900,"THEFT/OTHER","38.8840971541","-76.9908947575",14,14,28,972,958,1930,834,884,1718
6900,"THEFT/OTHER","38.8834665151","-76.9902494088",14,14,28,972,958,1930,834,884,1718
6900,"THEFT/OTHER","38.8825386514","-76.9902495356",14,14,28,972,958,1930,834,884,1718
6900,"THEFT/OTHER","38.8847275111","-76.9883129146",14,14,28,972,958,1930,834,884,1718
6900,"THEFT/OTHER","38.8825386514","-76.9902495356",14,14,28,972,958,1930,834,884,1718
6900,"THEFT/OTHER","38.8840971541","-76.9908947575",14,14,28,972,958,1930,834,884,1718
6900,"THEFT/OTHER","38.8825386514","-76.9902495356",14,14,28,972,958,1930,834,884,1718
6900,"THEFT F/AUTO","38.8834657786","-76.9836568106",14,14,28,972,958,1930,834,884,1718
6900,"THEFT/OTHER","38.8825386514","-76.9902495356",14,14,28,972,958,1930,834,884,1718
6900,"THEFT F/AUTO","38.8825386514","-76.9902495356",14,14,28,972,958,1930,834,884,1718
6900,"MOTOR VEHICLE THEFT","38.8812591062","-76.9866653841",14,14,28,972,958,1930,834,884,1718
6900,"THEFT F/AUTO","38.8836648751","-76.9926466968",14,14,28,972,958,1930,834,884,1718
6900,"THEFT F/AUTO","38.886231352","-76.9836561771",14,14,28,972,958,1930,834,884,1718
6900,"THEFT F/AUTO","38.8812591062","-76.9866653841",14,14,28,972,958,1930,834,884,1718
6900,"THEFT/OTHER","38.8825386514","-76.9902495356",14,14,28,972,958,1930,834,884,1718
6900,"THEFT/OTHER","38.8840964924","-76.9845902416",14,14,28,972,958,1930,834,884,1718
6900,"THEFT/OTHER","38.8825386514","-76.9902495356",14,14,28,972,958,1930,834,884,1718
6900,"MOTOR VEHICLE THEFT","38.8815650092","-76.9836572459",14,14,28,972,958,1930,834,884,1718
6900,"MOTOR VEHICLE THEFT","38.8828356025","-76.9869186487",14,14,28,972,958,1930,834,884,1718
6900,"THEFT/OTHER","38.8869161128","-76.9845665804",14,14,28,972,958,1930,834,884,1718
6900,"SEX ABUSE","38.886231352","-76.9836561771",14,14,28,972,958,1930,834,884,1718
6900,"THEFT/OTHER","38.8825386514","-76.9902495356",14,14,28,972,958,1930,834,884,1718
6900,"THEFT F/AUTO","38.8860244042","-76.9855119",14,14,28,972,958,1930,834,884,1718
6900,"THEFT/OTHER","38.8860244042","-76.9855119",14,14,28,972,958,1930,834,884,1718
6900,"THEFT/OTHER","38.8847272604","-76.986030821",14,14,28,972,958,1930,834,884,1718
6900,"THEFT F/AUTO","38.8828356025","-76.9869186487",14,14,28,972,958,1930,834,884,1718
6900,"THEFT/OTHER","38.8825386514","-76.9902495356",14,14,28,972,958,1930,834,884,1718
6900,"THEFT/OTHER","38.8834663374","-76.9883131212",14,14,28,972,958,1930,834,884,1718
6900,"THEFT/OTHER","38.8825386514","-76.9902495356",14,14,28,972,958,1930,834,884,1718
6900,"THEFT/OTHER","38.8828353711","-76.9849939036",14,14,28,972,958,1930,834,884,1718
6900,"BURGLARY","38.8825386514","-76.9902495356",14,14,28,972,958,1930,834,884,1718
6900,"ROBBERY","38.8808807786","-76.9868844318",14,14,28,972,958,1930,834,884,1718
6900,"THEFT/OTHER","38.8818539291","-76.9892815072",14,14,28,972,958,1930,834,884,1718
6900,"ROBBERY","38.8847637223","-76.9902492315",14,14,28,972,958,1930,834,884,1718
6900,"MOTOR VEHICLE THEFT","38.8853489985","-76.98743685",14,14,28,972,958,1930,834,884,1718
6900,"THEFT/OTHER","38.8825386514","-76.9902495356",14,14,28,972,958,1930,834,884,1718
6900,"THEFT/OTHER","38.8825386514","-76.9902495356",14,14,28,972,958,1930,834,884,1718
6900,"MOTOR VEHICLE THEFT","38.8798445047","-76.984372186",14,14,28,972,958,1930,834,884,1718
6900,"ROBBERY","38.8834660235","-76.9855124195",14,14,28,972,958,1930,834,884,1718
6900,"THEFT/OTHER","38.8828358433","-76.9892813597",14,14,28,972,958,1930,834,884,1718
6900,"THEFT/OTHER","38.8834660235","-76.9855124195",14,14,28,972,958,1930,834,884,1718
6900,"THEFT/OTHER","38.8853489985","-76.98743685",14,14,28,972,958,1930,834,884,1718
6900,"THEFT/OTHER","38.8812588509","-76.9845908544",14,14,28,972,958,1930,834,884,1718
6900,"THEFT/OTHER","38.8840964924","-76.9845902416",14,14,28,972,958,1930,834,884,1718
6900,"THEFT/OTHER","38.8825386514","-76.9902495356",14,14,28,972,958,1930,834,884,1718
6900,"THEFT/OTHER","38.8812591062","-76.9866653841",14,14,28,972,958,1930,834,884,1718
6900,"THEFT/OTHER","38.8825386514","-76.9902495356",14,14,28,972,958,1930,834,884,1718
6900,"THEFT/OTHER","38.8825386514","-76.9902495356",14,14,28,972,958,1930,834,884,1718
6900,"THEFT F/AUTO","38.8818539291","-76.9892815072",14,14,28,972,958,1930,834,884,1718
6900,"THEFT/OTHER","38.8825386514","-76.9902495356",14,14,28,972,958,1930,834,884,1718
6900,"BURGLARY","38.8847272604","-76.986030821",14,14,28,972,958,1930,834,884,1718
6900,"THEFT/OTHER","38.8828356025","-76.9869186487",14,14,28,972,958,1930,834,884,1718
6900,"THEFT F/AUTO","38.8840970171","-76.9892811702",14,14,28,972,958,1930,834,884,1718
6900,"THEFT/OTHER","38.8825386514","-76.9902495356",14,14,28,972,958,1930,834,884,1718
6900,"ASSAULT W/DANGEROUS WEAPON","38.8825386514","-76.9902495356",14,14,28,972,958,1930,834,884,1718
6900,"BURGLARY","38.8813493421","-76.9880714391",14,14,28,972,958,1930,834,884,1718
6900,"ROBBERY","38.8828356025","-76.9869186487",14,14,28,972,958,1930,834,884,1718
6900,"THEFT/OTHER","38.8860877237","-76.9877940243",14,14,28,972,958,1930,834,884,1718
6900,"THEFT/OTHER","38.8828356025","-76.9869186487",14,14,28,972,958,1930,834,884,1718
6900,"THEFT/OTHER","38.8825386514","-76.9902495356",14,14,28,972,958,1930,834,884,1718
6900,"THEFT/OTHER","38.8825386514","-76.9902495356",14,14,28,972,958,1930,834,884,1718
6900,"MOTOR VEHICLE THEFT","38.8828358433","-76.9892813597",14,14,28,972,958,1930,834,884,1718
6900,"THEFT/OTHER","38.8825386514","-76.9902495356",14,14,28,972,958,1930,834,884,1718
6900,"THEFT/OTHER","38.8825386514","-76.9902495356",14,14,28,972,958,1930,834,884,1718
6900,"THEFT/OTHER","38.8825386514","-76.9902495356",14,14,28,972,958,1930,834,884,1718
7000,"THEFT/OTHER","38.8792778244","-76.9932118663",80,0,80,968,1086,2054,852,1014,1866
7000,"THEFT F/AUTO","38.8827191427","-76.9955857715",80,0,80,968,1086,2054,852,1014,1866
7000,"ROBBERY","38.8812687924","-76.9955858612",80,0,80,968,1086,2054,852,1014,1866
7000,"MOTOR VEHICLE THEFT","38.8837460986","-76.995585708",80,0,80,968,1086,2054,852,1014,1866
7000,"THEFT/OTHER","38.8832235876","-76.9949748897",80,0,80,968,1086,2054,852,1014,1866
7000,"THEFT/OTHER","38.8837460986","-76.995585708",80,0,80,968,1086,2054,852,1014,1866
7000,"MOTOR VEHICLE THEFT","38.8812688452","-76.9973261614",80,0,80,968,1086,2054,852,1014,1866
7000,"MOTOR VEHICLE THEFT","38.880268837","-76.9949866228",80,0,80,968,1086,2054,852,1014,1866
7000,"BURGLARY","38.8819894392","-76.9949865019",80,0,80,968,1086,2054,852,1014,1866
7000,"THEFT/OTHER","38.8827192261","-77.000057627",80,0,80,968,1086,2054,852,1014,1866
7000,"THEFT/OTHER","38.8832235876","-76.9949748897",80,0,80,968,1086,2054,852,1014,1866
7000,"THEFT/OTHER","38.8812688714","-76.9989857853",80,0,80,968,1086,2054,852,1014,1866
7000,"THEFT/OTHER","38.8837460986","-76.995585708",80,0,80,968,1086,2054,852,1014,1866
7000,"MOTOR VEHICLE THEFT","38.8827190288","-76.9932115389",80,0,80,968,1086,2054,852,1014,1866
7000,"ROBBERY","38.8837460986","-76.995585708",80,0,80,968,1086,2054,852,1014,1866
7000,"THEFT/OTHER","38.8819893153","-76.9926468695",80,0,80,968,1086,2054,852,1014,1866
7000,"THEFT/OTHER","38.8832235876","-76.9949748897",80,0,80,968,1086,2054,852,1014,1866
7000,"THEFT F/AUTO","38.8832416501","-76.9961850644",80,0,80,968,1086,2054,852,1014,1866
7000,"THEFT/OTHER","38.8812688684","-77.001313869",80,0,80,968,1086,2054,852,1014,1866
7000,"THEFT/OTHER","38.8832235876","-76.9949748897",80,0,80,968,1086,2054,852,1014,1866
7000,"BURGLARY","38.880268837","-76.9949866228",80,0,80,968,1086,2054,852,1014,1866
7000,"BURGLARY","38.8837460986","-76.995585708",80,0,80,968,1086,2054,852,1014,1866
7000,"THEFT F/AUTO","38.8819894392","-76.9949865019",80,0,80,968,1086,2054,852,1014,1866
7000,"THEFT/OTHER","38.8827191955","-76.997326107",80,0,80,968,1086,2054,852,1014,1866
7000,"MOTOR VEHICLE THEFT","38.8806161866","-76.9972920716",80,0,80,968,1086,2054,852,1014,1866
7000,"BURGLARY","38.8837460986","-76.995585708",80,0,80,968,1086,2054,852,1014,1866
7000,"THEFT F/AUTO","38.8827191427","-76.9955857715",80,0,80,968,1086,2054,852,1014,1866
7000,"THEFT/OTHER","38.8819894845","-76.9961851313",80,0,80,968,1086,2054,852,1014,1866
7000,"THEFT/OTHER","38.8832235876","-76.9949748897",80,0,80,968,1086,2054,852,1014,1866
7000,"THEFT/OTHER","38.8819894392","-76.9949865019",80,0,80,968,1086,2054,852,1014,1866
7000,"BURGLARY","38.8819985542","-76.9995159381",80,0,80,968,1086,2054,852,1014,1866
7000,"THEFT/OTHER","38.8819894392","-76.9949865019",80,0,80,968,1086,2054,852,1014,1866
7000,"MOTOR VEHICLE THEFT","38.8819894392","-76.9949865019",80,0,80,968,1086,2054,852,1014,1866
7000,"THEFT/OTHER","38.8832235876","-76.9949748897",80,0,80,968,1086,2054,852,1014,1866
7000,"ROBBERY","38.8819894845","-76.9961851313",80,0,80,968,1086,2054,852,1014,1866
7000,"THEFT/OTHER","38.8827190288","-76.9932115389",80,0,80,968,1086,2054,852,1014,1866
7000,"THEFT/OTHER","38.8812688758","-77.0000461007",80,0,80,968,1086,2054,852,1014,1866
7000,"THEFT F/AUTO","38.8837460986","-76.995585708",80,0,80,968,1086,2054,852,1014,1866
7000,"ROBBERY","38.8827191955","-76.997326107",80,0,80,968,1086,2054,852,1014,1866
7000,"THEFT/OTHER","38.8827192261","-77.000057627",80,0,80,968,1086,2054,852,1014,1866
7000,"MOTOR VEHICLE THEFT","38.8837460986","-76.995585708",80,0,80,968,1086,2054,852,1014,1866
7000,"MOTOR VEHICLE THEFT","38.8812688452","-76.9973261614",80,0,80,968,1086,2054,852,1014,1866
7000,"THEFT/OTHER","38.8832235876","-76.9949748897",80,0,80,968,1086,2054,852,1014,1866
7000,"THEFT/OTHER","38.8832235876","-76.9949748897",80,0,80,968,1086,2054,852,1014,1866
7000,"MOTOR VEHICLE THEFT","38.8838180988","-76.9940758527",80,0,80,968,1086,2054,852,1014,1866
7000,"THEFT/OTHER","38.8832235876","-76.9949748897",80,0,80,968,1086,2054,852,1014,1866
7000,"THEFT F/AUTO","38.8831965041","-76.9937647164",80,0,80,968,1086,2054,852,1014,1866
7000,"THEFT F/AUTO","38.8806161866","-76.9972920716",80,0,80,968,1086,2054,852,1014,1866
7000,"THEFT F/AUTO","38.8807193631","-76.9995159467",80,0,80,968,1086,2054,852,1014,1866
7000,"THEFT/OTHER","38.8792779382","-76.9955859844",80,0,80,968,1086,2054,852,1014,1866
7000,"THEFT/OTHER","38.8832235876","-76.9949748897",80,0,80,968,1086,2054,852,1014,1866
7000,"THEFT F/AUTO","38.8802687131","-76.9926470468",80,0,80,968,1086,2054,852,1014,1866
7000,"THEFT F/AUTO","38.8817823359","-77.0020514944",80,0,80,968,1086,2054,852,1014,1866
7000,"MOTOR VEHICLE THEFT","38.8832235876","-76.9949748897",80,0,80,968,1086,2054,852,1014,1866
7000,"THEFT F/AUTO","38.8812688714","-76.9989857853",80,0,80,968,1086,2054,852,1014,1866
7000,"MOTOR VEHICLE THEFT","38.8819894392","-76.9949865019",80,0,80,968,1086,2054,852,1014,1866
7000,"THEFT/OTHER","38.8832235876","-76.9949748897",80,0,80,968,1086,2054,852,1014,1866
7000,"THEFT/OTHER","38.8827190288","-76.9932115389",80,0,80,968,1086,2054,852,1014,1866
7000,"THEFT F/AUTO","38.8792779382","-76.9955859844",80,0,80,968,1086,2054,852,1014,1866
7000,"ROBBERY","38.8827191955","-76.997326107",80,0,80,968,1086,2054,852,1014,1866
7000,"THEFT/OTHER","38.8819985542","-76.9995159381",80,0,80,968,1086,2054,852,1014,1866
7000,"THEFT F/AUTO","38.8838180988","-76.9940758527",80,0,80,968,1086,2054,852,1014,1866
7000,"BURGLARY","38.880268837","-76.9949866228",80,0,80,968,1086,2054,852,1014,1866
7000,"THEFT/OTHER","38.882025274","-76.9915404381",80,0,80,968,1086,2054,852,1014,1866
7000,"SEX ABUSE","38.8838180988","-76.9940758527",80,0,80,968,1086,2054,852,1014,1866
7000,"BURGLARY","38.8838180988","-76.9940758527",80,0,80,968,1086,2054,852,1014,1866
7000,"THEFT/OTHER","38.8832235876","-76.9949748897",80,0,80,968,1086,2054,852,1014,1866
7000,"ROBBERY","38.8807193631","-76.9995159467",80,0,80,968,1086,2054,852,1014,1866
7000,"THEFT F/AUTO","38.8792778244","-76.9932118663",80,0,80,968,1086,2054,852,1014,1866
7000,"MOTOR VEHICLE THEFT","38.8832235876","-76.9949748897",80,0,80,968,1086,2054,852,1014,1866
7000,"ROBBERY","38.8837460986","-76.995585708",80,0,80,968,1086,2054,852,1014,1866
7000,"THEFT/OTHER","38.8802687131","-76.9926470468",80,0,80,968,1086,2054,852,1014,1866
7000,"THEFT/OTHER","38.8832235876","-76.9949748897",80,0,80,968,1086,2054,852,1014,1866
7000,"THEFT F/AUTO","38.8819894845","-76.9961851313",80,0,80,968,1086,2054,852,1014,1866
7000,"THEFT F/AUTO","38.8838180988","-76.9940758527",80,0,80,968,1086,2054,852,1014,1866
7000,"MOTOR VEHICLE THEFT","38.8827191955","-76.997326107",80,0,80,968,1086,2054,852,1014,1866
7000,"THEFT F/AUTO","38.881998545","-76.9984556119",80,0,80,968,1086,2054,852,1014,1866
7000,"THEFT F/AUTO","38.8812687924","-76.9955858612",80,0,80,968,1086,2054,852,1014,1866
7000,"THEFT/OTHER","38.8832235876","-76.9949748897",80,0,80,968,1086,2054,852,1014,1866
7000,"THEFT/OTHER","38.8832235876","-76.9949748897",80,0,80,968,1086,2054,852,1014,1866
7000,"THEFT/OTHER","38.8832235876","-76.9949748897",80,0,80,968,1086,2054,852,1014,1866
7000,"MOTOR VEHICLE THEFT","38.8832235876","-76.9949748897",80,0,80,968,1086,2054,852,1014,1866
7000,"ROBBERY","38.880494092","-76.9961852113",80,0,80,968,1086,2054,852,1014,1866
7000,"MOTOR VEHICLE THEFT","38.8800256869","-76.997303158",80,0,80,968,1086,2054,852,1014,1866
7000,"ROBBERY","38.8812688452","-76.9973261614",80,0,80,968,1086,2054,852,1014,1866
7000,"BURGLARY","38.8819894392","-76.9949865019",80,0,80,968,1086,2054,852,1014,1866
7000,"THEFT/OTHER","38.8827190907","-76.9943756044",80,0,80,968,1086,2054,852,1014,1866
7000,"THEFT/OTHER","38.880268837","-76.9949866228",80,0,80,968,1086,2054,852,1014,1866
7000,"THEFT F/AUTO","38.8827190288","-76.9932115389",80,0,80,968,1086,2054,852,1014,1866
7000,"MOTOR VEHICLE THEFT","38.8808634968","-77.0005877802",80,0,80,968,1086,2054,852,1014,1866
7000,"THEFT/OTHER","38.880268837","-76.9949866228",80,0,80,968,1086,2054,852,1014,1866
7000,"ROBBERY","38.8831965041","-76.9937647164",80,0,80,968,1086,2054,852,1014,1866
7000,"THEFT/OTHER","38.8832235876","-76.9949748897",80,0,80,968,1086,2054,852,1014,1866
7000,"MOTOR VEHICLE THEFT","38.880268837","-76.9949866228",80,0,80,968,1086,2054,852,1014,1866
7000,"THEFT/OTHER","38.880268837","-76.9949866228",80,0,80,968,1086,2054,852,1014,1866
7000,"THEFT/OTHER","38.8819893153","-76.9926468695",80,0,80,968,1086,2054,852,1014,1866
7000,"THEFT/OTHER","38.880268837","-76.9949866228",80,0,80,968,1086,2054,852,1014,1866
7000,"MOTOR VEHICLE THEFT","38.880268837","-76.9949866228",80,0,80,968,1086,2054,852,1014,1866
7000,"THEFT F/AUTO","38.8832416501","-76.9961850644",80,0,80,968,1086,2054,852,1014,1866
7000,"THEFT F/AUTO","38.8827191955","-76.997326107",80,0,80,968,1086,2054,852,1014,1866
7000,"THEFT F/AUTO","38.882025274","-76.9915404381",80,0,80,968,1086,2054,852,1014,1866
7000,"BURGLARY","38.8832235876","-76.9949748897",80,0,80,968,1086,2054,852,1014,1866
7000,"MOTOR VEHICLE THEFT","38.8819894392","-76.9949865019",80,0,80,968,1086,2054,852,1014,1866
7000,"THEFT/OTHER","38.8819894392","-76.9949865019",80,0,80,968,1086,2054,852,1014,1866
7000,"THEFT F/AUTO","38.8838180988","-76.9940758527",80,0,80,968,1086,2054,852,1014,1866
7000,"ROBBERY","38.8845388465","-76.9958622756",80,0,80,968,1086,2054,852,1014,1866
7000,"THEFT F/AUTO","38.8802687131","-76.9926470468",80,0,80,968,1086,2054,852,1014,1866
7000,"THEFT/OTHER","38.8827189585","-76.9920935751",80,0,80,968,1086,2054,852,1014,1866
7000,"THEFT F/AUTO","38.8819894392","-76.9949865019",80,0,80,968,1086,2054,852,1014,1866
7000,"THEFT/OTHER","38.8832416501","-76.9961850644",80,0,80,968,1086,2054,852,1014,1866
7000,"THEFT F/AUTO","38.880494092","-76.9961852113",80,0,80,968,1086,2054,852,1014,1866
7000,"THEFT F/AUTO","38.8827190288","-76.9932115389",80,0,80,968,1086,2054,852,1014,1866
7000,"THEFT F/AUTO","38.8800256869","-76.997303158",80,0,80,968,1086,2054,852,1014,1866
7000,"BURGLARY","38.880268837","-76.9949866228",80,0,80,968,1086,2054,852,1014,1866
7000,"THEFT/OTHER","38.8832235876","-76.9949748897",80,0,80,968,1086,2054,852,1014,1866
7000,"THEFT F/AUTO","38.8827190907","-76.9943756044",80,0,80,968,1086,2054,852,1014,1866
7000,"THEFT F/AUTO","38.8832416501","-76.9961850644",80,0,80,968,1086,2054,852,1014,1866
7000,"BURGLARY","38.880268837","-76.9949866228",80,0,80,968,1086,2054,852,1014,1866
7000,"THEFT/OTHER","38.8812595998","-76.9920937368",80,0,80,968,1086,2054,852,1014,1866
7000,"THEFT/OTHER","38.8837460986","-76.995585708",80,0,80,968,1086,2054,852,1014,1866
7000,"THEFT/OTHER","38.8802687131","-76.9926470468",80,0,80,968,1086,2054,852,1014,1866
7000,"THEFT/OTHER","38.8832235876","-76.9949748897",80,0,80,968,1086,2054,852,1014,1866
7000,"THEFT/OTHER","38.8832235876","-76.9949748897",80,0,80,968,1086,2054,852,1014,1866
7000,"MOTOR VEHICLE THEFT","38.8832235876","-76.9949748897",80,0,80,968,1086,2054,852,1014,1866
7000,"THEFT/OTHER","38.880268837","-76.9949866228",80,0,80,968,1086,2054,852,1014,1866
7000,"MOTOR VEHICLE THEFT","38.880268837","-76.9949866228",80,0,80,968,1086,2054,852,1014,1866
7000,"THEFT/OTHER","38.8827190907","-76.9943756044",80,0,80,968,1086,2054,852,1014,1866
7000,"THEFT F/AUTO","38.8802687131","-76.9926470468",80,0,80,968,1086,2054,852,1014,1866
7000,"ROBBERY","38.8832235876","-76.9949748897",80,0,80,968,1086,2054,852,1014,1866
7000,"BURGLARY","38.8837460986","-76.995585708",80,0,80,968,1086,2054,852,1014,1866
7000,"THEFT/OTHER","38.8832235876","-76.9949748897",80,0,80,968,1086,2054,852,1014,1866
7000,"BURGLARY","38.8819894392","-76.9949865019",80,0,80,968,1086,2054,852,1014,1866
7000,"THEFT/OTHER","38.8832235876","-76.9949748897",80,0,80,968,1086,2054,852,1014,1866
7000,"MOTOR VEHICLE THEFT","38.8832235876","-76.9949748897",80,0,80,968,1086,2054,852,1014,1866
7000,"THEFT/OTHER","38.881998545","-76.9984556119",80,0,80,968,1086,2054,852,1014,1866
7000,"THEFT F/AUTO","38.8812595998","-76.9920937368",80,0,80,968,1086,2054,852,1014,1866
7000,"THEFT/OTHER","38.8819894392","-76.9949865019",80,0,80,968,1086,2054,852,1014,1866
7000,"THEFT/OTHER","38.8812686785","-76.9932116769",80,0,80,968,1086,2054,852,1014,1866
7000,"ROBBERY","38.882025274","-76.9915404381",80,0,80,968,1086,2054,852,1014,1866
7000,"THEFT/OTHER","38.8827190288","-76.9932115389",80,0,80,968,1086,2054,852,1014,1866
7000,"MOTOR VEHICLE THEFT","38.8819894392","-76.9949865019",80,0,80,968,1086,2054,852,1014,1866
7000,"MOTOR VEHICLE THEFT","38.8827191427","-76.9955857715",80,0,80,968,1086,2054,852,1014,1866
7000,"THEFT/OTHER","38.8827191955","-76.997326107",80,0,80,968,1086,2054,852,1014,1866
7000,"ASSAULT W/DANGEROUS WEAPON","38.8838180988","-76.9940758527",80,0,80,968,1086,2054,852,1014,1866
7000,"THEFT/OTHER","38.8837460986","-76.995585708",80,0,80,968,1086,2054,852,1014,1866
7000,"THEFT/OTHER","38.8812688714","-76.9989857853",80,0,80,968,1086,2054,852,1014,1866
7000,"THEFT/OTHER","38.8837460986","-76.995585708",80,0,80,968,1086,2054,852,1014,1866
7000,"ROBBERY","38.8832235876","-76.9949748897",80,0,80,968,1086,2054,852,1014,1866
7000,"THEFT F/AUTO","38.8832235876","-76.9949748897",80,0,80,968,1086,2054,852,1014,1866
7000,"THEFT/OTHER","38.8832235876","-76.9949748897",80,0,80,968,1086,2054,852,1014,1866
7000,"THEFT F/AUTO","38.8819894845","-76.9961851313",80,0,80,968,1086,2054,852,1014,1866
7000,"BURGLARY","38.8819985542","-76.9995159381",80,0,80,968,1086,2054,852,1014,1866
7000,"THEFT/OTHER","38.8838180988","-76.9940758527",80,0,80,968,1086,2054,852,1014,1866
7000,"THEFT/OTHER","38.882025274","-76.9915404381",80,0,80,968,1086,2054,852,1014,1866
7000,"THEFT/OTHER","38.8819894392","-76.9949865019",80,0,80,968,1086,2054,852,1014,1866
7000,"THEFT/OTHER","38.8827190288","-76.9932115389",80,0,80,968,1086,2054,852,1014,1866
7000,"THEFT/OTHER","38.8819893803","-76.9937648219",80,0,80,968,1086,2054,852,1014,1866
7000,"THEFT F/AUTO","38.882025274","-76.9915404381",80,0,80,968,1086,2054,852,1014,1866
7000,"THEFT/OTHER","38.8827190288","-76.9932115389",80,0,80,968,1086,2054,852,1014,1866
7000,"THEFT F/AUTO","38.8802687131","-76.9926470468",80,0,80,968,1086,2054,852,1014,1866
7000,"THEFT/OTHER","38.8837460986","-76.995585708",80,0,80,968,1086,2054,852,1014,1866
7000,"MOTOR VEHICLE THEFT","38.8827191955","-76.997326107",80,0,80,968,1086,2054,852,1014,1866
7000,"THEFT/OTHER","38.8812688684","-77.001313869",80,0,80,968,1086,2054,852,1014,1866
7000,"THEFT F/AUTO","38.880268837","-76.9949866228",80,0,80,968,1086,2054,852,1014,1866
7000,"THEFT/OTHER","38.8819894392","-76.9949865019",80,0,80,968,1086,2054,852,1014,1866
7000,"THEFT/OTHER","38.8807193631","-76.9995159467",80,0,80,968,1086,2054,852,1014,1866
7000,"THEFT F/AUTO","38.8806923287","-76.9984556402",80,0,80,968,1086,2054,852,1014,1866
7000,"THEFT/OTHER","38.8837460986","-76.995585708",80,0,80,968,1086,2054,852,1014,1866
7000,"ASSAULT W/DANGEROUS WEAPON","38.8832235876","-76.9949748897",80,0,80,968,1086,2054,852,1014,1866
7000,"MOTOR VEHICLE THEFT","38.8832235876","-76.9949748897",80,0,80,968,1086,2054,852,1014,1866
7100,"ASSAULT W/DANGEROUS WEAPON","38.8792775298","-76.9892818942",120,104,224,1118,1067,2185,676,651,1327
7100,"THEFT/OTHER","38.8798087686","-76.9867809044",120,104,224,1118,1067,2185,676,651,1327
7100,"THEFT/OTHER","38.8798087686","-76.9867809044",120,104,224,1118,1067,2185,676,651,1327
7100,"THEFT/OTHER","38.8825116783","-76.9908949598",120,104,224,1118,1067,2185,676,651,1327
7100,"THEFT/OTHER","38.8825116783","-76.9908949598",120,104,224,1118,1067,2185,676,651,1327
7100,"THEFT/OTHER","38.8798087686","-76.9867809044",120,104,224,1118,1067,2185,676,651,1327
7100,"THEFT/OTHER","38.8798087686","-76.9867809044",120,104,224,1118,1067,2185,676,651,1327
7100,"THEFT/OTHER","38.8798087686","-76.9867809044",120,104,224,1118,1067,2185,676,651,1327
7100,"THEFT F/AUTO","38.8788363041","-76.9915408161",120,104,224,1118,1067,2185,676,651,1327
7100,"THEFT/OTHER","38.8787453848","-76.9836694165",120,104,224,1118,1067,2185,676,651,1327
7100,"THEFT/OTHER","38.8798087686","-76.9867809044",120,104,224,1118,1067,2185,676,651,1327
7100,"THEFT/OTHER","38.8783944667","-76.9869194629",120,104,224,1118,1067,2185,676,651,1327
7100,"THEFT F/AUTO","38.882025274","-76.9915404381",120,104,224,1118,1067,2185,676,651,1327
7100,"ASSAULT W/DANGEROUS WEAPON","38.8779528895","-76.9855135388",120,104,224,1118,1067,2185,676,651,1327
7100,"THEFT/OTHER","38.8798087686","-76.9867809044",120,104,224,1118,1067,2185,676,651,1327
7100,"THEFT F/AUTO","38.8818539291","-76.9892815072",120,104,224,1118,1067,2185,676,651,1327
7100,"THEFT/OTHER","38.879403499","-76.9877721179",120,104,224,1118,1067,2185,676,651,1327
7100,"THEFT/OTHER","38.8798087686","-76.9867809044",120,104,224,1118,1067,2185,676,651,1327
7100,"THEFT/OTHER","38.8798087686","-76.9867809044",120,104,224,1118,1067,2185,676,651,1327
7100,"THEFT/OTHER","38.8798087686","-76.9867809044",120,104,224,1118,1067,2185,676,651,1327
7100,"MOTOR VEHICLE THEFT","38.8792776667","-76.9908953725",120,104,224,1118,1067,2185,676,651,1327
7100,"THEFT F/AUTO","38.8812593692","-76.9892124455",120,104,224,1118,1067,2185,676,651,1327
7100,"THEFT/OTHER","38.8798087686","-76.9867809044",120,104,224,1118,1067,2185,676,651,1327
7100,"ASSAULT W/DANGEROUS WEAPON","38.8792775298","-76.9892818942",120,104,224,1118,1067,2185,676,651,1327
7100,"ASSAULT W/DANGEROUS WEAPON","38.8779528895","-76.9855135388",120,104,224,1118,1067,2185,676,651,1327
7100,"THEFT/OTHER","38.8798087686","-76.9867809044",120,104,224,1118,1067,2185,676,651,1327
7100,"THEFT/OTHER","38.8798087686","-76.9867809044",120,104,224,1118,1067,2185,676,651,1327
7100,"THEFT/OTHER","38.8775116429","-76.9869081001",120,104,224,1118,1067,2185,676,651,1327
7100,"THEFT F/AUTO","38.8798445047","-76.984372186",120,104,224,1118,1067,2185,676,651,1327
7100,"THEFT/OTHER","38.8798087686","-76.9867809044",120,104,224,1118,1067,2185,676,651,1327
7100,"THEFT F/AUTO","38.8818539291","-76.9892815072",120,104,224,1118,1067,2185,676,651,1327
7100,"THEFT F/AUTO","38.8813493421","-76.9880714391",120,104,224,1118,1067,2185,676,651,1327
7100,"THEFT/OTHER","38.8798087686","-76.9867809044",120,104,224,1118,1067,2185,676,651,1327
7100,"ASSAULT W/DANGEROUS WEAPON","38.8812593692","-76.9892124455",120,104,224,1118,1067,2185,676,651,1327
7100,"THEFT/OTHER","38.8798087686","-76.9867809044",120,104,224,1118,1067,2185,676,651,1327
7100,"HOMICIDE","38.8775113617","-76.9846031882",120,104,224,1118,1067,2185,676,651,1327
7100,"THEFT/OTHER","38.8798087686","-76.9867809044",120,104,224,1118,1067,2185,676,651,1327
7100,"THEFT/OTHER","38.8825116783","-76.9908949598",120,104,224,1118,1067,2185,676,651,1327
7100,"THEFT/OTHER","38.8798087686","-76.9867809044",120,104,224,1118,1067,2185,676,651,1327
7100,"THEFT F/AUTO","38.8783944667","-76.9869194629",120,104,224,1118,1067,2185,676,651,1327
7100,"THEFT/OTHER","38.8798087686","-76.9867809044",120,104,224,1118,1067,2185,676,651,1327
7100,"THEFT/OTHER","38.8798087686","-76.9867809044",120,104,224,1118,1067,2185,676,651,1327
7100,"ASSAULT W/DANGEROUS WEAPON","38.8783947074","-76.9892820268",120,104,224,1118,1067,2185,676,651,1327
7100,"THEFT/OTHER","38.8802685376","-76.9902498458",120,104,224,1118,1067,2185,676,651,1327
7100,"HOMICIDE","38.8791506145","-76.9826436143",120,104,224,1118,1067,2185,676,651,1327
7100,"ASSAULT W/DANGEROUS WEAPON","38.8779528895","-76.9855135388",120,104,224,1118,1067,2185,676,651,1327
7100,"THEFT/OTHER","38.8788363041","-76.9915408161",120,104,224,1118,1067,2185,676,651,1327
7100,"ASSAULT W/DANGEROUS WEAPON","38.872016525","-76.9896527794",120,104,224,1118,1067,2185,676,651,1327
7100,"THEFT/OTHER","38.8779892369","-76.9883140182",120,104,224,1118,1067,2185,676,651,1327
7100,"THEFT/OTHER","38.8798087686","-76.9867809044",120,104,224,1118,1067,2185,676,651,1327
7100,"THEFT/OTHER","38.8798087686","-76.9867809044",120,104,224,1118,1067,2185,676,651,1327
7100,"BURGLARY","38.8792775298","-76.9892818942",120,104,224,1118,1067,2185,676,651,1327
7100,"THEFT/OTHER","38.8798087686","-76.9867809044",120,104,224,1118,1067,2185,676,651,1327
7100,"ROBBERY","38.8798445047","-76.984372186",120,104,224,1118,1067,2185,676,651,1327
7100,"THEFT/OTHER","38.8798087686","-76.9867809044",120,104,224,1118,1067,2185,676,651,1327
7100,"ROBBERY","38.8802686382","-76.9915406463",120,104,224,1118,1067,2185,676,651,1327
7100,"THEFT/OTHER","38.8798087686","-76.9867809044",120,104,224,1118,1067,2185,676,651,1327
7100,"THEFT/OTHER","38.8808807786","-76.9868844318",120,104,224,1118,1067,2185,676,651,1327
7100,"THEFT/OTHER","38.8825116783","-76.9908949598",120,104,224,1118,1067,2185,676,651,1327
7100,"THEFT/OTHER","38.8783941827","-76.984591473",120,104,224,1118,1067,2185,676,651,1327
7100,"MOTOR VEHICLE THEFT","38.8783944667","-76.9869194629",120,104,224,1118,1067,2185,676,651,1327
7100,"THEFT/OTHER","38.8798087686","-76.9867809044",120,104,224,1118,1067,2185,676,651,1327
7100,"THEFT/OTHER","38.8798087686","-76.9867809044",120,104,224,1118,1067,2185,676,651,1327
7100,"THEFT F/AUTO","38.8825116783","-76.9908949598",120,104,224,1118,1067,2185,676,651,1327
7100,"THEFT/OTHER","38.8798087686","-76.9867809044",120,104,224,1118,1067,2185,676,651,1327
7100,"THEFT F/AUTO","38.8791506145","-76.9826436143",120,104,224,1118,1067,2185,676,651,1327
7100,"MOTOR VEHICLE THEFT","38.8792776667","-76.9908953725",120,104,224,1118,1067,2185,676,651,1327
7100,"THEFT/OTHER","38.8798445047","-76.984372186",120,104,224,1118,1067,2185,676,651,1327
7100,"ROBBERY","38.8783944667","-76.9869194629",120,104,224,1118,1067,2185,676,651,1327
7100,"THEFT/OTHER","38.8798087686","-76.9867809044",120,104,224,1118,1067,2185,676,651,1327
7100,"HOMICIDE","38.8779892369","-76.9883140182",120,104,224,1118,1067,2185,676,651,1327
7100,"THEFT/OTHER","38.8798087686","-76.9867809044",120,104,224,1118,1067,2185,676,651,1327
7100,"ROBBERY","38.8783948443","-76.9908954851",120,104,224,1118,1067,2185,676,651,1327
7100,"THEFT/OTHER","38.8803584438","-76.9883136302",120,104,224,1118,1067,2185,676,651,1327
7100,"ASSAULT W/DANGEROUS WEAPON","38.8779886782","-76.983658065",120,104,224,1118,1067,2185,676,651,1327
7100,"THEFT/OTHER","38.8798087686","-76.9867809044",120,104,224,1118,1067,2185,676,651,1327
7100,"THEFT/OTHER","38.8798087686","-76.9867809044",120,104,224,1118,1067,2185,676,651,1327
7100,"THEFT/OTHER","38.8788363041","-76.9915408161",120,104,224,1118,1067,2185,676,651,1327
7100,"MOTOR VEHICLE THEFT","38.8783947074","-76.9892820268",120,104,224,1118,1067,2185,676,651,1327
7100,"THEFT/OTHER","38.8825116783","-76.9908949598",120,104,224,1118,1067,2185,676,651,1327
7100,"MOTOR VEHICLE THEFT","38.8783944667","-76.9869194629",120,104,224,1118,1067,2185,676,651,1327
7100,"THEFT F/AUTO","38.8825116783","-76.9908949598",120,104,224,1118,1067,2185,676,651,1327
7100,"THEFT/OTHER","38.8783944667","-76.9869194629",120,104,224,1118,1067,2185,676,651,1327
7100,"THEFT/OTHER","38.8825116783","-76.9908949598",120,104,224,1118,1067,2185,676,651,1327
7100,"THEFT/OTHER","38.8798087686","-76.9867809044",120,104,224,1118,1067,2185,676,651,1327
7100,"THEFT F/AUTO","38.8775113617","-76.9846031882",120,104,224,1118,1067,2185,676,651,1327
7100,"THEFT F/AUTO","38.8787005861","-76.985513387",120,104,224,1118,1067,2185,676,651,1327
7100,"THEFT/OTHER","38.8798087686","-76.9867809044",120,104,224,1118,1067,2185,676,651,1327
7100,"THEFT/OTHER","38.8775116429","-76.9869081001",120,104,224,1118,1067,2185,676,651,1327
7100,"THEFT F/AUTO","38.8783947074","-76.9892820268",120,104,224,1118,1067,2185,676,651,1327
7100,"MOTOR VEHICLE THEFT","38.8775113617","-76.9846031882",120,104,224,1118,1067,2185,676,651,1327
7100,"THEFT/OTHER","38.8791058457","-76.9845913193",120,104,224,1118,1067,2185,676,651,1327
7100,"ROBBERY","38.8798087686","-76.9867809044",120,104,224,1118,1067,2185,676,651,1327
7100,"THEFT/OTHER","38.8825116783","-76.9908949598",120,104,224,1118,1067,2185,676,651,1327
7100,"THEFT/OTHER","38.8798087686","-76.9867809044",120,104,224,1118,1067,2185,676,651,1327
7100,"THEFT/OTHER","38.8783941827","-76.984591473",120,104,224,1118,1067,2185,676,651,1327
7100,"THEFT/OTHER","38.8808807786","-76.9868844318",120,104,224,1118,1067,2185,676,651,1327
7100,"THEFT/OTHER","38.8798087686","-76.9867809044",120,104,224,1118,1067,2185,676,651,1327
7100,"THEFT/OTHER","38.8792776667","-76.9908953725",120,104,224,1118,1067,2185,676,651,1327
7100,"THEFT F/AUTO","38.8791506145","-76.9826436143",120,104,224,1118,1067,2185,676,651,1327
7100,"ROBBERY","38.8808807786","-76.9868844318",120,104,224,1118,1067,2185,676,651,1327
7100,"THEFT/OTHER","38.8798087686","-76.9867809044",120,104,224,1118,1067,2185,676,651,1327
7100,"THEFT/OTHER","38.8803584438","-76.9883136302",120,104,224,1118,1067,2185,676,651,1327
7100,"THEFT/OTHER","38.8825116783","-76.9908949598",120,104,224,1118,1067,2185,676,651,1327
7100,"THEFT/OTHER","38.8775116429","-76.9869081001",120,104,224,1118,1067,2185,676,651,1327
7100,"THEFT/OTHER","38.8798087686","-76.9867809044",120,104,224,1118,1067,2185,676,651,1327
7100,"THEFT/OTHER","38.8798087686","-76.9867809044",120,104,224,1118,1067,2185,676,651,1327
7100,"THEFT/OTHER","38.8783944667","-76.9869194629",120,104,224,1118,1067,2185,676,651,1327
7100,"THEFT/OTHER","38.8802686382","-76.9915406463",120,104,224,1118,1067,2185,676,651,1327
7100,"THEFT/OTHER","38.8798087686","-76.9867809044",120,104,224,1118,1067,2185,676,651,1327
7100,"MOTOR VEHICLE THEFT","38.8792775298","-76.9892818942",120,104,224,1118,1067,2185,676,651,1327
7100,"THEFT/OTHER","38.8808807786","-76.9868844318",120,104,224,1118,1067,2185,676,651,1327
7100,"THEFT/OTHER","38.8783944667","-76.9869194629",120,104,224,1118,1067,2185,676,651,1327
7100,"THEFT F/AUTO","38.8783944667","-76.9869194629",120,104,224,1118,1067,2185,676,651,1327
7100,"THEFT/OTHER","38.8798087686","-76.9867809044",120,104,224,1118,1067,2185,676,651,1327
7100,"HOMICIDE","38.8779886782","-76.983658065",120,104,224,1118,1067,2185,676,651,1327
7100,"THEFT/OTHER","38.8798445047","-76.984372186",120,104,224,1118,1067,2185,676,651,1327
7100,"THEFT/OTHER","38.8783947074","-76.9892820268",120,104,224,1118,1067,2185,676,651,1327
7100,"THEFT F/AUTO","38.8812593692","-76.9892124455",120,104,224,1118,1067,2185,676,651,1327
7100,"ROBBERY","38.8825116783","-76.9908949598",120,104,224,1118,1067,2185,676,651,1327
7100,"THEFT/OTHER","38.8798087686","-76.9867809044",120,104,224,1118,1067,2185,676,651,1327
7100,"THEFT/OTHER","38.8818539291","-76.9892815072",120,104,224,1118,1067,2185,676,651,1327
7100,"THEFT/OTHER","38.8783941827","-76.984591473",120,104,224,1118,1067,2185,676,651,1327
7100,"THEFT/OTHER","38.8783944667","-76.9869194629",120,104,224,1118,1067,2185,676,651,1327
7100,"THEFT/OTHER","38.8783944667","-76.9869194629",120,104,224,1118,1067,2185,676,651,1327
7100,"THEFT/OTHER","38.8818539291","-76.9892815072",120,104,224,1118,1067,2185,676,651,1327
7100,"THEFT/OTHER","38.8825116783","-76.9908949598",120,104,224,1118,1067,2185,676,651,1327
7100,"MOTOR VEHICLE THEFT","38.8812593692","-76.9892124455",120,104,224,1118,1067,2185,676,651,1327
7100,"THEFT/OTHER","38.8791058457","-76.9845913193",120,104,224,1118,1067,2185,676,651,1327
7100,"ASSAULT W/DANGEROUS WEAPON","38.8783947074","-76.9892820268",120,104,224,1118,1067,2185,676,651,1327
7100,"MOTOR VEHICLE THEFT","38.8802686382","-76.9915406463",120,104,224,1118,1067,2185,676,651,1327
7100,"THEFT/OTHER","38.8798087686","-76.9867809044",120,104,224,1118,1067,2185,676,651,1327
7100,"THEFT/OTHER","38.8798087686","-76.9867809044",120,104,224,1118,1067,2185,676,651,1327
7100,"THEFT/OTHER","38.8788363041","-76.9915408161",120,104,224,1118,1067,2185,676,651,1327
7100,"THEFT F/AUTO","38.8791058457","-76.9845913193",120,104,224,1118,1067,2185,676,651,1327
7100,"THEFT F/AUTO","38.8783849216","-76.982782097",120,104,224,1118,1067,2185,676,651,1327
7100,"THEFT/OTHER","38.8798087686","-76.9867809044",120,104,224,1118,1067,2185,676,651,1327
7100,"THEFT/OTHER","38.8795834084","-76.9855132078",120,104,224,1118,1067,2185,676,651,1327
7100,"MOTOR VEHICLE THEFT","38.8779528895","-76.9855135388",120,104,224,1118,1067,2185,676,651,1327
7100,"THEFT/OTHER","38.8783948443","-76.9908954851",120,104,224,1118,1067,2185,676,651,1327
7100,"BURGLARY","38.8798445047","-76.984372186",120,104,224,1118,1067,2185,676,651,1327
7100,"THEFT/OTHER","38.8783944667","-76.9869194629",120,104,224,1118,1067,2185,676,651,1327
7100,"THEFT/OTHER","38.8798087686","-76.9867809044",120,104,224,1118,1067,2185,676,651,1327
7100,"THEFT/OTHER","38.8798087686","-76.9867809044",120,104,224,1118,1067,2185,676,651,1327
7100,"THEFT/OTHER","38.8798087686","-76.9867809044",120,104,224,1118,1067,2185,676,651,1327
7100,"ASSAULT W/DANGEROUS WEAPON","38.8783948443","-76.9908954851",120,104,224,1118,1067,2185,676,651,1327
7100,"THEFT/OTHER","38.8798087686","-76.9867809044",120,104,224,1118,1067,2185,676,651,1327
7100,"THEFT/OTHER","38.8798087686","-76.9867809044",120,104,224,1118,1067,2185,676,651,1327
7100,"ROBBERY","38.8788363041","-76.9915408161",120,104,224,1118,1067,2185,676,651,1327
7100,"THEFT F/AUTO","38.8783941827","-76.984591473",120,104,224,1118,1067,2185,676,651,1327
7100,"THEFT F/AUTO","38.8818539291","-76.9892815072",120,104,224,1118,1067,2185,676,651,1327
7100,"THEFT/OTHER","38.8783944667","-76.9869194629",120,104,224,1118,1067,2185,676,651,1327
7100,"THEFT/OTHER","38.8798087686","-76.9867809044",120,104,224,1118,1067,2185,676,651,1327
7100,"THEFT/OTHER","38.8808807786","-76.9868844318",120,104,224,1118,1067,2185,676,651,1327
7100,"THEFT F/AUTO","38.8812593692","-76.9892124455",120,104,224,1118,1067,2185,676,651,1327
7100,"THEFT/OTHER","38.8798087686","-76.9867809044",120,104,224,1118,1067,2185,676,651,1327
7100,"THEFT/OTHER","38.8798087686","-76.9867809044",120,104,224,1118,1067,2185,676,651,1327
7100,"THEFT/OTHER","38.8798087686","-76.9867809044",120,104,224,1118,1067,2185,676,651,1327
7100,"THEFT/OTHER","38.8798087686","-76.9867809044",120,104,224,1118,1067,2185,676,651,1327
7100,"THEFT F/AUTO","38.8803584438","-76.9883136302",120,104,224,1118,1067,2185,676,651,1327
7100,"THEFT F/AUTO","38.8775113617","-76.9846031882",120,104,224,1118,1067,2185,676,651,1327
7100,"THEFT/OTHER","38.8798087686","-76.9867809044",120,104,224,1118,1067,2185,676,651,1327
7100,"ROBBERY","38.8798445047","-76.984372186",120,104,224,1118,1067,2185,676,651,1327
7100,"MOTOR VEHICLE THEFT","38.8787910767","-76.9892819673",120,104,224,1118,1067,2185,676,651,1327
7100,"THEFT/OTHER","38.8788363041","-76.9915408161",120,104,224,1118,1067,2185,676,651,1327
7100,"THEFT/OTHER","38.8818539291","-76.9892815072",120,104,224,1118,1067,2185,676,651,1327
7100,"THEFT/OTHER","38.8802686382","-76.9915406463",120,104,224,1118,1067,2185,676,651,1327
7100,"THEFT/OTHER","38.8798087686","-76.9867809044",120,104,224,1118,1067,2185,676,651,1327
7100,"THEFT/OTHER","38.8798087686","-76.9867809044",120,104,224,1118,1067,2185,676,651,1327
7100,"THEFT/OTHER","38.8798087686","-76.9867809044",120,104,224,1118,1067,2185,676,651,1327
7100,"THEFT/OTHER","38.8803584438","-76.9883136302",120,104,224,1118,1067,2185,676,651,1327
7100,"THEFT/OTHER","38.8825116783","-76.9908949598",120,104,224,1118,1067,2185,676,651,1327
7100,"THEFT F/AUTO","38.8783944667","-76.9869194629",120,104,224,1118,1067,2185,676,651,1327
7100,"THEFT/OTHER","38.8798087686","-76.9867809044",120,104,224,1118,1067,2185,676,651,1327
7100,"THEFT/OTHER","38.8798087686","-76.9867809044",120,104,224,1118,1067,2185,676,651,1327
7100,"THEFT/OTHER","38.8798087686","-76.9867809044",120,104,224,1118,1067,2185,676,651,1327
7100,"THEFT/OTHER","38.8783944667","-76.9869194629",120,104,224,1118,1067,2185,676,651,1327
7100,"MOTOR VEHICLE THEFT","38.879403499","-76.9877721179",120,104,224,1118,1067,2185,676,651,1327
7100,"THEFT/OTHER","38.8798087686","-76.9867809044",120,104,224,1118,1067,2185,676,651,1327
7100,"MOTOR VEHICLE THEFT","38.8779892369","-76.9883140182",120,104,224,1118,1067,2185,676,651,1327
7100,"BURGLARY","38.8818539291","-76.9892815072",120,104,224,1118,1067,2185,676,651,1327
7100,"THEFT/OTHER","38.8798087686","-76.9867809044",120,104,224,1118,1067,2185,676,651,1327
7100,"THEFT/OTHER","38.8791058457","-76.9845913193",120,104,224,1118,1067,2185,676,651,1327
7100,"THEFT F/AUTO","38.8783849216","-76.982782097",120,104,224,1118,1067,2185,676,651,1327
7100,"THEFT/OTHER","38.8798087686","-76.9867809044",120,104,224,1118,1067,2185,676,651,1327
7100,"THEFT/OTHER","38.8783944667","-76.9869194629",120,104,224,1118,1067,2185,676,651,1327
7100,"THEFT F/AUTO","38.8788362035","-76.9902500415",120,104,224,1118,1067,2185,676,651,1327
7100,"THEFT F/AUTO","38.882025274","-76.9915404381",120,104,224,1118,1067,2185,676,651,1327
7100,"THEFT/OTHER","38.8798087686","-76.9867809044",120,104,224,1118,1067,2185,676,651,1327
7201,"MOTOR VEHICLE THEFT","38.8755574075","-77.0058658403",0,0,0,647,923,1570,555,832,1387
7201,"THEFT/OTHER","38.8764764112","-77.000057622",0,0,0,647,923,1570,555,832,1387
7201,"THEFT F/AUTO","38.8755573161","-77.0074677102",0,0,0,647,923,1570,555,832,1387
7201,"THEFT/OTHER","38.8743324114","-77.0005416302",0,0,0,647,923,1570,555,832,1387
7201,"THEFT/OTHER","38.8764764112","-77.000057622",0,0,0,647,923,1570,555,832,1387
7201,"MOTOR VEHICLE THEFT","38.8764762417","-77.0062923183",0,0,0,647,923,1570,555,832,1387
7201,"THEFT/OTHER","38.8755482574","-77.008216785",0,0,0,647,923,1570,555,832,1387
7201,"ROBBERY","38.8764764112","-77.000057622",0,0,0,647,923,1570,555,832,1387
7201,"THEFT/OTHER","38.8756836711","-77.0005531647",0,0,0,647,923,1570,555,832,1387
7201,"MOTOR VEHICLE THEFT","38.8748819179","-77.0012907031",0,0,0,647,923,1570,555,832,1387
7201,"MOTOR VEHICLE THEFT","38.8743324114","-77.0005416302",0,0,0,647,923,1570,555,832,1387
7201,"MOTOR VEHICLE THEFT","38.8755574075","-77.0058658403",0,0,0,647,923,1570,555,832,1387
7201,"THEFT/OTHER","38.8743324114","-77.0005416302",0,0,0,647,923,1570,555,832,1387
7201,"ASSAULT W/DANGEROUS WEAPON","38.8746293692","-77.0086545948",0,0,0,647,923,1570,555,832,1387
7201,"THEFT/OTHER","38.8743324114","-77.0005416302",0,0,0,647,923,1570,555,832,1387
7201,"THEFT F/AUTO","38.8765259634","-77.009097938",0,0,0,647,923,1570,555,832,1387
7201,"MOTOR VEHICLE THEFT","38.8755573161","-77.0074677102",0,0,0,647,923,1570,555,832,1387
7201,"THEFT/OTHER","38.8725033535","-77.0090922395",0,0,0,647,923,1570,555,832,1387
7201,"ROBBERY","38.87295403","-77.004770863",0,0,0,647,923,1570,555,832,1387
7201,"THEFT F/AUTO","38.8743324114","-77.0005416302",0,0,0,647,923,1570,555,832,1387
7201,"THEFT/OTHER","38.8764764112","-77.000057622",0,0,0,647,923,1570,555,832,1387
7201,"THEFT F/AUTO","38.8748819179","-77.0012907031",0,0,0,647,923,1570,555,832,1387
7201,"THEFT/OTHER","38.8755482574","-77.008216785",0,0,0,647,923,1570,555,832,1387
7201,"THEFT F/AUTO","38.8746204984","-77.0046597669",0,0,0,647,923,1570,555,832,1387
7201,"THEFT/OTHER","38.8755573161","-77.0074677102",0,0,0,647,923,1570,555,832,1387
7201,"THEFT/OTHER","38.8743324114","-77.0005416302",0,0,0,647,923,1570,555,832,1387
7201,"ASSAULT W/DANGEROUS WEAPON","38.8746294992","-77.0066724506",0,0,0,647,923,1570,555,832,1387
7201,"THEFT/OTHER","38.8755573161","-77.0074677102",0,0,0,647,923,1570,555,832,1387
7201,"THEFT/OTHER","38.8755482574","-77.008216785",0,0,0,647,923,1570,555,832,1387
7201,"THEFT/OTHER","38.8713594074","-77.0073750824",0,0,0,647,923,1570,555,832,1387
7201,"THEFT F/AUTO","38.8743324114","-77.0005416302",0,0,0,647,923,1570,555,832,1387
7201,"MOTOR VEHICLE THEFT","38.8755585787","-77.0058639965",0,0,0,647,923,1570,555,832,1387
7201,"THEFT F/AUTO","38.8746294992","-77.0066724506",0,0,0,647,923,1570,555,832,1387
7201,"THEFT F/AUTO","38.8756849596","-77.003867428",0,0,0,647,923,1570,555,832,1387
7201,"THEFT/OTHER","38.8764764112","-77.000057622",0,0,0,647,923,1570,555,832,1387
7201,"THEFT/OTHER","38.8755574075","-77.0058658403",0,0,0,647,923,1570,555,832,1387
7201,"ROBBERY","38.8764762417","-77.0062923183",0,0,0,647,923,1570,555,832,1387
7201,"THEFT/OTHER","38.8748819179","-77.0012907031",0,0,0,647,923,1570,555,832,1387
7201,"THEFT F/AUTO","38.8743324114","-77.0005416302",0,0,0,647,923,1570,555,832,1387
7201,"THEFT/OTHER","38.8743324114","-77.0005416302",0,0,0,647,923,1570,555,832,1387
7201,"THEFT F/AUTO","38.8713594074","-77.0073750824",0,0,0,647,923,1570,555,832,1387
7201,"THEFT/OTHER","38.8743324114","-77.0005416302",0,0,0,647,923,1570,555,832,1387
7201,"THEFT/OTHER","38.8755482574","-77.008216785",0,0,0,647,923,1570,555,832,1387
7201,"THEFT F/AUTO","38.8755574075","-77.0058658403",0,0,0,647,923,1570,555,832,1387
7201,"MOTOR VEHICLE THEFT","38.8755482574","-77.008216785",0,0,0,647,923,1570,555,832,1387
7201,"THEFT/OTHER","38.8756836711","-77.0005531647",0,0,0,647,923,1570,555,832,1387
7201,"THEFT/OTHER","38.8755574075","-77.0058658403",0,0,0,647,923,1570,555,832,1387
7201,"MOTOR VEHICLE THEFT","38.8743324114","-77.0005416302",0,0,0,647,923,1570,555,832,1387
7201,"THEFT F/AUTO","38.8743324114","-77.0005416302",0,0,0,647,923,1570,555,832,1387
7201,"THEFT/OTHER","38.8755573161","-77.0074677102",0,0,0,647,923,1570,555,832,1387
7201,"THEFT/OTHER","38.8743324114","-77.0005416302",0,0,0,647,923,1570,555,832,1387
7201,"THEFT/OTHER","38.8713594074","-77.0073750824",0,0,0,647,923,1570,555,832,1387
7201,"THEFT/OTHER","38.8749179261","-76.9972457303",0,0,0,647,923,1570,555,832,1387
7201,"MOTOR VEHICLE THEFT","38.8764762417","-77.0062923183",0,0,0,647,923,1570,555,832,1387
7201,"THEFT/OTHER","38.8743324114","-77.0005416302",0,0,0,647,923,1570,555,832,1387
7201,"ASSAULT W/DANGEROUS WEAPON","38.8756849596","-77.003867428",0,0,0,647,923,1570,555,832,1387
7201,"THEFT/OTHER","38.8764764112","-77.000057622",0,0,0,647,923,1570,555,832,1387
7201,"ASSAULT W/DANGEROUS WEAPON","38.87295403","-77.004770863",0,0,0,647,923,1570,555,832,1387
7201,"THEFT/OTHER","38.8755574075","-77.0058658403",0,0,0,647,923,1570,555,832,1387
7201,"THEFT F/AUTO","38.8755574075","-77.0058658403",0,0,0,647,923,1570,555,832,1387
7201,"THEFT/OTHER","38.8737738847","-77.001302207",0,0,0,647,923,1570,555,832,1387
7201,"ROBBERY","38.8746294992","-77.0066724506",0,0,0,647,923,1570,555,832,1387
7201,"THEFT/OTHER","38.8764764112","-77.000057622",0,0,0,647,923,1570,555,832,1387
7201,"SEX ABUSE","38.8743324114","-77.0005416302",0,0,0,647,923,1570,555,832,1387
7201,"THEFT/OTHER","38.8743324114","-77.0005416302",0,0,0,647,923,1570,555,832,1387
7201,"THEFT/OTHER","38.8743324114","-77.0005416302",0,0,0,647,923,1570,555,832,1387
7201,"THEFT/OTHER","38.8737738847","-77.001302207",0,0,0,647,923,1570,555,832,1387
7201,"THEFT F/AUTO","38.8743324114","-77.0005416302",0,0,0,647,923,1570,555,832,1387
7201,"THEFT/OTHER","38.8764764112","-77.000057622",0,0,0,647,923,1570,555,832,1387
7201,"THEFT/OTHER","38.8713594074","-77.0073750824",0,0,0,647,923,1570,555,832,1387
7201,"ROBBERY","38.8755573161","-77.0074677102",0,0,0,647,923,1570,555,832,1387
7201,"ROBBERY","38.8746023994","-76.9921290466",0,0,0,647,923,1570,555,832,1387
7201,"ROBBERY","38.8755573161","-77.0074677102",0,0,0,647,923,1570,555,832,1387
7201,"THEFT/OTHER","38.8737738847","-77.001302207",0,0,0,647,923,1570,555,832,1387
7201,"THEFT/OTHER","38.8755573161","-77.0074677102",0,0,0,647,923,1570,555,832,1387
7201,"THEFT/OTHER","38.8755482574","-77.008216785",0,0,0,647,923,1570,555,832,1387
7201,"THEFT/OTHER","38.8755573161","-77.0074677102",0,0,0,647,923,1570,555,832,1387
7201,"MOTOR VEHICLE THEFT","38.8755573161","-77.0074677102",0,0,0,647,923,1570,555,832,1387
7201,"THEFT/OTHER","38.8755574075","-77.0058658403",0,0,0,647,923,1570,555,832,1387
7201,"THEFT/OTHER","38.8743324114","-77.0005416302",0,0,0,647,923,1570,555,832,1387
7201,"THEFT/OTHER","38.8725033535","-77.0090922395",0,0,0,647,923,1570,555,832,1387
7201,"THEFT F/AUTO","38.8755482574","-77.008216785",0,0,0,647,923,1570,555,832,1387
7201,"THEFT/OTHER","38.8764764112","-77.000057622",0,0,0,647,923,1570,555,832,1387
7201,"THEFT/OTHER","38.8743324114","-77.0005416302",0,0,0,647,923,1570,555,832,1387
7201,"ROBBERY","38.8748819179","-77.0012907031",0,0,0,647,923,1570,555,832,1387
7201,"THEFT/OTHER","38.8755574075","-77.0058658403",0,0,0,647,923,1570,555,832,1387
7201,"THEFT/OTHER","38.8764764112","-77.000057622",0,0,0,647,923,1570,555,832,1387
7201,"THEFT/OTHER","38.8755573161","-77.0074677102",0,0,0,647,923,1570,555,832,1387
7201,"THEFT/OTHER","38.8764764112","-77.000057622",0,0,0,647,923,1570,555,832,1387
7201,"THEFT F/AUTO","38.8764764035","-76.9986516461",0,0,0,647,923,1570,555,832,1387
7201,"THEFT/OTHER","38.8756836711","-77.0005531647",0,0,0,647,923,1570,555,832,1387
7201,"THEFT/OTHER","38.8764764112","-77.000057622",0,0,0,647,923,1570,555,832,1387
7201,"THEFT F/AUTO","38.8737738847","-77.001302207",0,0,0,647,923,1570,555,832,1387
7201,"THEFT/OTHER","38.8749179261","-76.9972457303",0,0,0,647,923,1570,555,832,1387
7201,"THEFT/OTHER","38.8755573161","-77.0074677102",0,0,0,647,923,1570,555,832,1387
7201,"THEFT F/AUTO","38.8737738847","-77.001302207",0,0,0,647,923,1570,555,832,1387
7201,"THEFT/OTHER","38.8764764112","-77.000057622",0,0,0,647,923,1570,555,832,1387
7201,"SEX ABUSE","38.8724675253","-77.0058886338",0,0,0,647,923,1570,555,832,1387
7201,"THEFT/OTHER","38.8755574075","-77.0058658403",0,0,0,647,923,1570,555,832,1387
7201,"THEFT/OTHER","38.8748819179","-77.0012907031",0,0,0,647,923,1570,555,832,1387
7201,"ASSAULT W/DANGEROUS WEAPON","38.8756836711","-77.0005531647",0,0,0,647,923,1570,555,832,1387
7201,"BURGLARY","38.8755574075","-77.0058658403",0,0,0,647,923,1570,555,832,1387
7202,"THEFT/OTHER","38.8764762417","-77.0062923183",55,0,55,1666,1477,3143,1594,1431,3025
7202,"THEFT/OTHER","38.8792777293","-77.0082633138",55,0,55,1666,1477,3143,1594,1431,3025
7202,"THEFT/OTHER","38.8799065024","-77.0053989764",55,0,55,1666,1477,3143,1594,1431,3025
7202,"BURGLARY","38.8799065024","-77.0053989764",55,0,55,1666,1477,3143,1594,1431,3025
7202,"THEFT/OTHER","38.879277831","-77.0066728852",55,0,55,1666,1477,3143,1594,1431,3025
7202,"THEFT/OTHER","38.8784039153","-77.0082632126",55,0,55,1666,1477,3143,1594,1431,3025
7202,"THEFT/OTHER","38.8792777293","-77.0082633138",55,0,55,1666,1477,3143,1594,1431,3025
7202,"THEFT/OTHER","38.878404017","-77.0066728035",55,0,55,1666,1477,3143,1594,1431,3025
7202,"MOTOR VEHICLE THEFT","38.8788455107","-77.005024802",55,0,55,1666,1477,3143,1594,1431,3025
7202,"ASSAULT W/DANGEROUS WEAPON","38.879277831","-77.0066728852",55,0,55,1666,1477,3143,1594,1431,3025
7202,"BURGLARY","38.8792777293","-77.0082633138",55,0,55,1666,1477,3143,1594,1431,3025
7202,"THEFT/OTHER","38.879277831","-77.0066728852",55,0,55,1666,1477,3143,1594,1431,3025
7202,"THEFT/OTHER","38.8779625583","-77.0074564373",55,0,55,1666,1477,3143,1594,1431,3025
7202,"THEFT/OTHER","38.8779626479","-77.0058890872",55,0,55,1666,1477,3143,1594,1431,3025
7202,"THEFT/OTHER","38.879277831","-77.0066728852",55,0,55,1666,1477,3143,1594,1431,3025
7202,"THEFT/OTHER","38.879277831","-77.0066728852",55,0,55,1666,1477,3143,1594,1431,3025
7202,"THEFT/OTHER","38.8792778906","-77.0055319256",55,0,55,1666,1477,3143,1594,1431,3025
7202,"THEFT F/AUTO","38.8779625583","-77.0074564373",55,0,55,1666,1477,3143,1594,1431,3025
7202,"THEFT/OTHER","38.879277831","-77.0066728852",55,0,55,1666,1477,3143,1594,1431,3025
7202,"THEFT/OTHER","38.8779626479","-77.0058890872",55,0,55,1666,1477,3143,1594,1431,3025
7202,"ROBBERY","38.8775212689","-77.0052091017",55,0,55,1666,1477,3143,1594,1431,3025
7202,"THEFT/OTHER","38.8788455107","-77.005024802",55,0,55,1666,1477,3143,1594,1431,3025
7202,"MOTOR VEHICLE THEFT","38.8779625583","-77.0074564373",55,0,55,1666,1477,3143,1594,1431,3025
7202,"THEFT/OTHER","38.8779626479","-77.0058890872",55,0,55,1666,1477,3143,1594,1431,3025
7202,"THEFT F/AUTO","38.8784039153","-77.0082632126",55,0,55,1666,1477,3143,1594,1431,3025
7202,"THEFT F/AUTO","38.8784039153","-77.0082632126",55,0,55,1666,1477,3143,1594,1431,3025
7202,"THEFT/OTHER","38.8779625583","-77.0074564373",55,0,55,1666,1477,3143,1594,1431,3025
7202,"THEFT F/AUTO","38.8775212689","-77.0052091017",55,0,55,1666,1477,3143,1594,1431,3025
7202,"THEFT F/AUTO","38.8779626479","-77.0058890872",55,0,55,1666,1477,3143,1594,1431,3025
7202,"THEFT F/AUTO","38.8784040836","-77.0053820367",55,0,55,1666,1477,3143,1594,1431,3025
7202,"THEFT F/AUTO","38.8784039153","-77.0082632126",55,0,55,1666,1477,3143,1594,1431,3025
7202,"THEFT/OTHER","38.879277831","-77.0066728852",55,0,55,1666,1477,3143,1594,1431,3025
7202,"THEFT/OTHER","38.8792777293","-77.0082633138",55,0,55,1666,1477,3143,1594,1431,3025
7202,"THEFT/OTHER","38.8764761962","-77.0070875014",55,0,55,1666,1477,3143,1594,1431,3025
7202,"MOTOR VEHICLE THEFT","38.8784039153","-77.0082632126",55,0,55,1666,1477,3143,1594,1431,3025
7202,"THEFT/OTHER","38.8788455107","-77.005024802",55,0,55,1666,1477,3143,1594,1431,3025
7202,"THEFT/OTHER","38.8769987503","-77.0058774832",55,0,55,1666,1477,3143,1594,1431,3025
7202,"MOTOR VEHICLE THEFT","38.8788453801","-77.0074680543",55,0,55,1666,1477,3143,1594,1431,3025
7202,"THEFT F/AUTO","38.8764671392","-77.0078481103",55,0,55,1666,1477,3143,1594,1431,3025
7202,"THEFT F/AUTO","38.8779626479","-77.0058890872",55,0,55,1666,1477,3143,1594,1431,3025
7202,"THEFT F/AUTO","38.8764761962","-77.0070875014",55,0,55,1666,1477,3143,1594,1431,3025
7202,"ROBBERY","38.8769988169","-77.0043562523",55,0,55,1666,1477,3143,1594,1431,3025
7202,"THEFT/OTHER","38.8775210968","-77.0082054876",55,0,55,1666,1477,3143,1594,1431,3025
7202,"THEFT/OTHER","38.8792777293","-77.0082633138",55,0,55,1666,1477,3143,1594,1431,3025
7202,"THEFT/OTHER","38.8788455107","-77.005024802",55,0,55,1666,1477,3143,1594,1431,3025
7202,"ROBBERY","38.8769988169","-77.0043562523",55,0,55,1666,1477,3143,1594,1431,3025
7202,"ASSAULT W/DANGEROUS WEAPON","38.8764580729","-77.008666341",55,0,55,1666,1477,3143,1594,1431,3025
7202,"THEFT/OTHER","38.879277831","-77.0066728852",55,0,55,1666,1477,3143,1594,1431,3025
7202,"THEFT/OTHER","38.8779625583","-77.0074564373",55,0,55,1666,1477,3143,1594,1431,3025
7202,"THEFT/OTHER","38.8779626479","-77.0058890872",55,0,55,1666,1477,3143,1594,1431,3025
7202,"THEFT F/AUTO","38.8792778906","-77.0055319256",55,0,55,1666,1477,3143,1594,1431,3025
7202,"THEFT/OTHER","38.879277831","-77.0066728852",55,0,55,1666,1477,3143,1594,1431,3025
7202,"THEFT F/AUTO","38.8788455107","-77.005024802",55,0,55,1666,1477,3143,1594,1431,3025
7202,"THEFT F/AUTO","38.879277831","-77.0066728852",55,0,55,1666,1477,3143,1594,1431,3025
7202,"THEFT/OTHER","38.8779625583","-77.0074564373",55,0,55,1666,1477,3143,1594,1431,3025
7202,"BURGLARY","38.8769987503","-77.0058774832",55,0,55,1666,1477,3143,1594,1431,3025
7202,"THEFT/OTHER","38.8769987503","-77.0058774832",55,0,55,1666,1477,3143,1594,1431,3025
7202,"THEFT F/AUTO","38.8775212689","-77.0052091017",55,0,55,1666,1477,3143,1594,1431,3025
7202,"THEFT/OTHER","38.879277831","-77.0066728852",55,0,55,1666,1477,3143,1594,1431,3025
7202,"THEFT/OTHER","38.879277831","-77.0066728852",55,0,55,1666,1477,3143,1594,1431,3025
7202,"MOTOR VEHICLE THEFT","38.8769987503","-77.0058774832",55,0,55,1666,1477,3143,1594,1431,3025
7202,"THEFT/OTHER","38.8764761962","-77.0070875014",55,0,55,1666,1477,3143,1594,1431,3025
7202,"BURGLARY","38.8764763032","-77.0050246351",55,0,55,1666,1477,3143,1594,1431,3025
7202,"THEFT/OTHER","38.8788455107","-77.005024802",55,0,55,1666,1477,3143,1594,1431,3025
7202,"THEFT/OTHER","38.8779626479","-77.0058890872",55,0,55,1666,1477,3143,1594,1431,3025
7202,"MOTOR VEHICLE THEFT","38.8775210968","-77.0082054876",55,0,55,1666,1477,3143,1594,1431,3025
7202,"THEFT/OTHER","38.879277831","-77.0066728852",55,0,55,1666,1477,3143,1594,1431,3025
7202,"ROBBERY","38.8775210968","-77.0082054876",55,0,55,1666,1477,3143,1594,1431,3025
7202,"MOTOR VEHICLE THEFT","38.8764763032","-77.0050246351",55,0,55,1666,1477,3143,1594,1431,3025
7202,"THEFT F/AUTO","38.8779626479","-77.0058890872",55,0,55,1666,1477,3143,1594,1431,3025
7202,"THEFT/OTHER","38.8784039153","-77.0082632126",55,0,55,1666,1477,3143,1594,1431,3025
7202,"THEFT/OTHER","38.8779626479","-77.0058890872",55,0,55,1666,1477,3143,1594,1431,3025
7202,"THEFT/OTHER","38.878404017","-77.0066728035",55,0,55,1666,1477,3143,1594,1431,3025
7202,"ROBBERY","38.879277831","-77.0066728852",55,0,55,1666,1477,3143,1594,1431,3025
7203,"THEFT F/AUTO","38.8779627895","-77.0012677096",51,14,65,1141,858,1999,924,786,1710
7203,"THEFT F/AUTO","38.8775212491","-76.9943644895",51,14,65,1141,858,1999,924,786,1710
7203,"ROBBERY","38.8779627783","-77.0020513846",51,14,65,1141,858,1999,924,786,1710
7203,"MOTOR VEHICLE THEFT","38.8764672063","-76.9932236581",51,14,65,1141,858,1999,924,786,1710
7203,"THEFT/OTHER","38.878836609","-77.0005877635",51,14,65,1141,858,1999,924,786,1710
7203,"THEFT/OTHER","38.87753031","-76.9955860925",51,14,65,1141,858,1999,924,786,1710
7203,"THEFT F/AUTO","38.8806398779","-77.0013078482",51,14,65,1141,858,1999,924,786,1710
7203,"MOTOR VEHICLE THEFT","38.8780469626","-76.996188108",51,14,65,1141,858,1999,924,786,1710
7203,"THEFT F/AUTO","38.8799065024","-77.0053989764",51,14,65,1141,858,1999,924,786,1710
7203,"THEFT F/AUTO","38.8775212491","-76.9943644895",51,14,65,1141,858,1999,924,786,1710
7203,"THEFT/OTHER","38.8769988169","-77.0043562523",51,14,65,1141,858,1999,924,786,1710
7203,"THEFT/OTHER","38.8778726043","-76.9949752665",51,14,65,1141,858,1999,924,786,1710
7203,"THEFT F/AUTO","38.8775213654","-76.9978564316",51,14,65,1141,858,1999,924,786,1710
7203,"BURGLARY","38.8764764039","-77.0013137807",51,14,65,1141,858,1999,924,786,1710
7203,"BURGLARY","38.8769988606","-77.0029617906",51,14,65,1141,858,1999,924,786,1710
7203,"THEFT F/AUTO","38.8775212491","-76.9943644895",51,14,65,1141,858,1999,924,786,1710
7203,"THEFT/OTHER","38.8769988169","-77.0043562523",51,14,65,1141,858,1999,924,786,1710
7203,"THEFT/OTHER","38.8792779767","-77.0032384814",51,14,65,1141,858,1999,924,786,1710
7203,"ASSAULT W/DANGEROUS WEAPON","38.876476366","-77.0032498787",51,14,65,1141,858,1999,924,786,1710
7203,"THEFT F/AUTO","38.8775213654","-76.9978564316",51,14,65,1141,858,1999,924,786,1710
7203,"THEFT/OTHER","38.8775213733","-77.0016595368",51,14,65,1141,858,1999,924,786,1710
7203,"MOTOR VEHICLE THEFT","38.8779627895","-77.0012677096",51,14,65,1141,858,1999,924,786,1710
7203,"THEFT/OTHER","38.8775303238","-77.004033597",51,14,65,1141,858,1999,924,786,1710
7203,"THEFT/OTHER","38.8769988169","-77.0043562523",51,14,65,1141,858,1999,924,786,1710
7203,"SEX ABUSE","38.8766654598","-76.9945374235",51,14,65,1141,858,1999,924,786,1710
7203,"ROBBERY","38.8806398779","-77.0013078482",51,14,65,1141,858,1999,924,786,1710
7203,"THEFT F/AUTO","38.8775213654","-76.9978564316",51,14,65,1141,858,1999,924,786,1710
7203,"THEFT F/AUTO","38.8779627895","-77.0012677096",51,14,65,1141,858,1999,924,786,1710
7203,"MOTOR VEHICLE THEFT","38.8780257158","-76.9942953018",51,14,65,1141,858,1999,924,786,1710
7203,"ASSAULT W/DANGEROUS WEAPON","38.8789536949","-76.9976028431",51,14,65,1141,858,1999,924,786,1710
7203,"THEFT F/AUTO","38.8769988606","-77.0029617906",51,14,65,1141,858,1999,924,786,1710
7203,"THEFT/OTHER","38.8805120824","-77.0045523925",51,14,65,1141,858,1999,924,786,1710
7203,"MOTOR VEHICLE THEFT","38.8775213654","-76.9978564316",51,14,65,1141,858,1999,924,786,1710
7203,"THEFT/OTHER","38.87753031","-76.9955860925",51,14,65,1141,858,1999,924,786,1710
7203,"THEFT/OTHER","38.8769988169","-77.0043562523",51,14,65,1141,858,1999,924,786,1710
7203,"ROBBERY","38.8779627949","-77.0005877563",51,14,65,1141,858,1999,924,786,1710
7203,"THEFT/OTHER","38.8764764039","-77.0013137807",51,14,65,1141,858,1999,924,786,1710
7203,"THEFT F/AUTO","38.878836609","-77.0005877635",51,14,65,1141,858,1999,924,786,1710
7203,"MOTOR VEHICLE THEFT","38.8784042076","-77.0000576235",51,14,65,1141,858,1999,924,786,1710
7203,"ASSAULT W/DANGEROUS WEAPON","38.8764764112","-77.000057622",51,14,65,1141,858,1999,924,786,1710
7203,"THEFT/OTHER","38.879277831","-77.0066728852",51,14,65,1141,858,1999,924,786,1710
7203,"ROBBERY","38.8778726043","-76.9949752665",51,14,65,1141,858,1999,924,786,1710
7203,"THEFT/OTHER","38.8775213654","-76.9978564316",51,14,65,1141,858,1999,924,786,1710
7203,"BURGLARY","38.8769988169","-77.0043562523",51,14,65,1141,858,1999,924,786,1710
7203,"THEFT/OTHER","38.8764672063","-76.9932236581",51,14,65,1141,858,1999,924,786,1710
7203,"ROBBERY","38.8779627017","-77.0047020501",51,14,65,1141,858,1999,924,786,1710
7203,"MOTOR VEHICLE THEFT","38.8799065024","-77.0053989764",51,14,65,1141,858,1999,924,786,1710
7203,"THEFT/OTHER","38.8769988169","-77.0043562523",51,14,65,1141,858,1999,924,786,1710
7203,"THEFT F/AUTO","38.8772059248","-76.9937652399",51,14,65,1141,858,1999,924,786,1710
7203,"BURGLARY","38.8769988169","-77.0043562523",51,14,65,1141,858,1999,924,786,1710
7203,"MOTOR VEHICLE THEFT","38.8770031628","-77.00057955",51,14,65,1141,858,1999,924,786,1710
7203,"THEFT/OTHER","38.8769988169","-77.0043562523",51,14,65,1141,858,1999,924,786,1710
7203,"THEFT/OTHER","38.8805120824","-77.0045523925",51,14,65,1141,858,1999,924,786,1710
7203,"THEFT/OTHER","38.8773321007","-76.9949753046",51,14,65,1141,858,1999,924,786,1710
7203,"THEFT/OTHER","38.8799065024","-77.0053989764",51,14,65,1141,858,1999,924,786,1710
7203,"THEFT F/AUTO","38.8764764112","-77.000057622",51,14,65,1141,858,1999,924,786,1710
7203,"THEFT/OTHER","38.8775213733","-77.0016595368",51,14,65,1141,858,1999,924,786,1710
7203,"BURGLARY","38.8773321007","-76.9949753046",51,14,65,1141,858,1999,924,786,1710
7203,"THEFT F/AUTO","38.8778726043","-76.9949752665",51,14,65,1141,858,1999,924,786,1710
7203,"THEFT/OTHER","38.8799065024","-77.0053989764",51,14,65,1141,858,1999,924,786,1710
7203,"THEFT F/AUTO","38.8775213654","-76.9978564316",51,14,65,1141,858,1999,924,786,1710
7203,"THEFT/OTHER","38.8764763845","-77.0025007932",51,14,65,1141,858,1999,924,786,1710
7203,"THEFT F/AUTO","38.8775213813","-77.0009334895",51,14,65,1141,858,1999,924,786,1710
7203,"BURGLARY","38.8764672063","-76.9932236581",51,14,65,1141,858,1999,924,786,1710
7203,"THEFT F/AUTO","38.8775213654","-76.9978564316",51,14,65,1141,858,1999,924,786,1710
7203,"THEFT F/AUTO","38.8788365924","-77.0020514097",51,14,65,1141,858,1999,924,786,1710
7203,"MOTOR VEHICLE THEFT","38.8769988606","-77.0029617906",51,14,65,1141,858,1999,924,786,1710
7203,"ASSAULT W/DANGEROUS WEAPON","38.8764764112","-77.000057622",51,14,65,1141,858,1999,924,786,1710
7203,"THEFT F/AUTO","38.878836609","-77.0005877635",51,14,65,1141,858,1999,924,786,1710
7203,"THEFT/OTHER","38.8788366034","-77.0012792499",51,14,65,1141,858,1999,924,786,1710
7203,"THEFT/OTHER","38.8792779767","-77.0032384814",51,14,65,1141,858,1999,924,786,1710
7203,"BURGLARY","38.876476366","-77.0032498787",51,14,65,1141,858,1999,924,786,1710
7203,"THEFT/OTHER","38.8769988169","-77.0043562523",51,14,65,1141,858,1999,924,786,1710
7203,"THEFT F/AUTO","38.8775213813","-77.0009334895",51,14,65,1141,858,1999,924,786,1710
7203,"THEFT/OTHER","38.8769988606","-77.0029617906",51,14,65,1141,858,1999,924,786,1710
7203,"THEFT/OTHER","38.8769988606","-77.0029617906",51,14,65,1141,858,1999,924,786,1710
7203,"ASSAULT W/DANGEROUS WEAPON","38.8789536949","-76.9976028431",51,14,65,1141,858,1999,924,786,1710
7203,"THEFT/OTHER","38.8764764112","-77.000057622",51,14,65,1141,858,1999,924,786,1710
7203,"THEFT F/AUTO","38.8779627017","-77.0047020501",51,14,65,1141,858,1999,924,786,1710
7203,"SEX ABUSE","38.8773321007","-76.9949753046",51,14,65,1141,858,1999,924,786,1710
7203,"ROBBERY","38.8769988606","-77.0029617906",51,14,65,1141,858,1999,924,786,1710
7203,"MOTOR VEHICLE THEFT","38.8775213583","-77.0025008298",51,14,65,1141,858,1999,924,786,1710
7203,"MOTOR VEHICLE THEFT","38.877521385","-77.0000576228",51,14,65,1141,858,1999,924,786,1710
7203,"BURGLARY","38.876476366","-77.0032498787",51,14,65,1141,858,1999,924,786,1710
7203,"THEFT/OTHER","38.8779627895","-77.0012677096",51,14,65,1141,858,1999,924,786,1710
7203,"THEFT F/AUTO","38.8775212491","-76.9943644895",51,14,65,1141,858,1999,924,786,1710
7203,"THEFT/OTHER","38.8779627954","-76.9995274901",51,14,65,1141,858,1999,924,786,1710
7203,"THEFT F/AUTO","38.8805120824","-77.0045523925",51,14,65,1141,858,1999,924,786,1710
7203,"THEFT/OTHER","38.8769988804","-77.0020398324",51,14,65,1141,858,1999,924,786,1710
7203,"THEFT F/AUTO","38.8766654598","-76.9945374235",51,14,65,1141,858,1999,924,786,1710
7203,"THEFT F/AUTO","38.87753031","-76.9955860925",51,14,65,1141,858,1999,924,786,1710
7203,"THEFT/OTHER","38.8775303238","-77.004033597",51,14,65,1141,858,1999,924,786,1710
7203,"ROBBERY","38.8764851528","-76.9921057901",51,14,65,1141,858,1999,924,786,1710
7301,"THEFT/OTHER","38.8656482987","-77.0016016475",0,0,0,1209,1482,2691,734,959,1693
7304,"ASSAULT W/DANGEROUS WEAPON","38.8435316987","-76.9853592564",303,223,526,1149,1158,2307,197,229,426
7304,"THEFT/OTHER","38.8369369085","-76.9811450168",303,223,526,1149,1158,2307,197,229,426
7304,"THEFT/OTHER","38.8406764401","-76.9892070589",303,223,526,1149,1158,2307,197,229,426
7304,"ASSAULT W/DANGEROUS WEAPON","38.8424057778","-76.9864768199",303,223,526,1149,1158,2307,197,229,426
7304,"MOTOR VEHICLE THEFT","38.8395234322","-76.99003656",303,223,526,1149,1158,2307,197,229,426
7304,"THEFT F/AUTO","38.8433962985","-76.9833204118",303,223,526,1149,1158,2307,197,229,426
7304,"MOTOR VEHICLE THEFT","38.8418117322","-76.9920405113",303,223,526,1149,1158,2307,197,229,426
7304,"THEFT/OTHER","38.8425234367","-76.9926048587",303,223,526,1149,1158,2307,197,229,426
7304,"MOTOR VEHICLE THEFT","38.8403250446","-76.9885159986",303,223,526,1149,1158,2307,197,229,426
7304,"ROBBERY","38.841424477","-76.9938259583",303,223,526,1149,1158,2307,197,229,426
7304,"ASSAULT W/DANGEROUS WEAPON","38.8450449215","-76.9838729539",303,223,526,1149,1158,2307,197,229,426
7304,"MOTOR VEHICLE THEFT","38.8423703472","-76.9935148666",303,223,526,1149,1158,2307,197,229,426
7304,"THEFT/OTHER","38.8465309715","-76.9815571869",303,223,526,1149,1158,2307,197,229,426
7304,"ROBBERY","38.8408459892","-76.9778035784",303,223,526,1149,1158,2307,197,229,426
7304,"THEFT F/AUTO","38.8425411229","-76.9885156421",303,223,526,1149,1158,2307,197,229,426
7304,"THEFT/OTHER","38.8395234322","-76.99003656",303,223,526,1149,1158,2307,197,229,426
7304,"THEFT F/AUTO","38.841424477","-76.9938259583",303,223,526,1149,1158,2307,197,229,426
7304,"ASSAULT W/DANGEROUS WEAPON","38.8437933521","-76.9890913965",303,223,526,1149,1158,2307,197,229,426
7304,"THEFT/OTHER","38.8416401504","-76.9872832787",303,223,526,1149,1158,2307,197,229,426
7304,"THEFT F/AUTO","38.8369369085","-76.9811450168",303,223,526,1149,1158,2307,197,229,426
7304,"ROBBERY","38.8413681848","-76.9763059817",303,223,526,1149,1158,2307,197,229,426
7304,"THEFT/OTHER","38.8428110144","-76.9852902904",303,223,526,1149,1158,2307,197,229,426
7304,"THEFT F/AUTO","38.8442072778","-76.984932908",303,223,526,1149,1158,2307,197,229,426
7304,"ASSAULT W/DANGEROUS WEAPON","38.8403882734","-76.9903935149",303,223,526,1149,1158,2307,197,229,426
7304,"THEFT/OTHER","38.8465309715","-76.9815571869",303,223,526,1149,1158,2307,197,229,426
7304,"ROBBERY","38.8458556892","-76.983930368",303,223,526,1149,1158,2307,197,229,426
7304,"BURGLARY","38.8418117322","-76.9920405113",303,223,526,1149,1158,2307,197,229,426
7304,"THEFT/OTHER","38.8435316987","-76.9853592564",303,223,526,1149,1158,2307,197,229,426
7304,"MOTOR VEHICLE THEFT","38.8424057778","-76.9864768199",303,223,526,1149,1158,2307,197,229,426
7304,"ASSAULT W/DANGEROUS WEAPON","38.841424477","-76.9938259583",303,223,526,1149,1158,2307,197,229,426
7304,"MOTOR VEHICLE THEFT","38.8429826675","-76.9899324064",303,223,526,1149,1158,2307,197,229,426
7304,"THEFT F/AUTO","38.8395234322","-76.99003656",303,223,526,1149,1158,2307,197,229,426
7304,"THEFT F/AUTO","38.8410890498","-76.9769396018",303,223,526,1149,1158,2307,197,229,426
7304,"BURGLARY","38.8429649358","-76.9941022807",303,223,526,1149,1158,2307,197,229,426
7304,"THEFT F/AUTO","38.8369369085","-76.9811450168",303,223,526,1149,1158,2307,197,229,426
7304,"THEFT F/AUTO","38.8369369085","-76.9811450168",303,223,526,1149,1158,2307,197,229,426
7304,"THEFT/OTHER","38.8369369085","-76.9811450168",303,223,526,1149,1158,2307,197,229,426
7304,"THEFT/OTHER","38.8465309715","-76.9815571869",303,223,526,1149,1158,2307,197,229,426
7304,"ASSAULT W/DANGEROUS WEAPON","38.8369369085","-76.9811450168",303,223,526,1149,1158,2307,197,229,426
7304,"ASSAULT W/DANGEROUS WEAPON","38.8424057778","-76.9864768199",303,223,526,1149,1158,2307,197,229,426
7304,"ASSAULT W/DANGEROUS WEAPON","38.8442797517","-76.9885038432",303,223,526,1149,1158,2307,197,229,426
7304,"THEFT/OTHER","38.8416401504","-76.9872832787",303,223,526,1149,1158,2307,197,229,426
7304,"ASSAULT W/DANGEROUS WEAPON","38.8419825458","-76.987985866",303,223,526,1149,1158,2307,197,229,426
7304,"THEFT/OTHER","38.8418117322","-76.9920405113",303,223,526,1149,1158,2307,197,229,426
7304,"THEFT/OTHER","38.8406764401","-76.9892070589",303,223,526,1149,1158,2307,197,229,426
7304,"ROBBERY","38.8460883525","-76.9831168094",303,223,526,1149,1158,2307,197,229,426
7304,"HOMICIDE","38.8424057778","-76.9864768199",303,223,526,1149,1158,2307,197,229,426
7304,"BURGLARY","38.8418117322","-76.9920405113",303,223,526,1149,1158,2307,197,229,426
7304,"BURGLARY","38.8431450538","-76.9931692259",303,223,526,1149,1158,2307,197,229,426
7304,"ASSAULT W/DANGEROUS WEAPON","38.8435316987","-76.9853592564",303,223,526,1149,1158,2307,197,229,426
7304,"THEFT F/AUTO","38.8403250446","-76.9885159986",303,223,526,1149,1158,2307,197,229,426
7304,"MOTOR VEHICLE THEFT","38.8465309715","-76.9815571869",303,223,526,1149,1158,2307,197,229,426
7304,"MOTOR VEHICLE THEFT","38.8435316987","-76.9853592564",303,223,526,1149,1158,2307,197,229,426
7304,"THEFT F/AUTO","38.8425411229","-76.9885156421",303,223,526,1149,1158,2307,197,229,426
7304,"THEFT F/AUTO","38.8424057778","-76.9864768199",303,223,526,1149,1158,2307,197,229,426
7304,"THEFT F/AUTO","38.8428915422","-76.9814429374",303,223,526,1149,1158,2307,197,229,426
7304,"THEFT/OTHER","38.8428915422","-76.9814429374",303,223,526,1149,1158,2307,197,229,426
7304,"MOTOR VEHICLE THEFT","38.8403250446","-76.9885159986",303,223,526,1149,1158,2307,197,229,426
7304,"THEFT F/AUTO","38.8460807865","-76.9831239533",303,223,526,1149,1158,2307,197,229,426
7304,"THEFT/OTHER","38.8403250446","-76.9885159986",303,223,526,1149,1158,2307,197,229,426
7304,"THEFT F/AUTO","38.8369369085","-76.9811450168",303,223,526,1149,1158,2307,197,229,426
7304,"MOTOR VEHICLE THEFT","38.8421899477","-76.9902089707",303,223,526,1149,1158,2307,197,229,426
7304,"MOTOR VEHICLE THEFT","38.8413681848","-76.9763059817",303,223,526,1149,1158,2307,197,229,426
7304,"ASSAULT W/DANGEROUS WEAPON","38.8410890498","-76.9769396018",303,223,526,1149,1158,2307,197,229,426
7304,"ASSAULT W/DANGEROUS WEAPON","38.8413681848","-76.9763059817",303,223,526,1149,1158,2307,197,229,426
7304,"THEFT/OTHER","38.8465309715","-76.9815571869",303,223,526,1149,1158,2307,197,229,426
7304,"THEFT F/AUTO","38.8411180444","-76.9915107292",303,223,526,1149,1158,2307,197,229,426
7304,"THEFT/OTHER","38.8465309715","-76.9815571869",303,223,526,1149,1158,2307,197,229,426
7304,"THEFT F/AUTO","38.8413681848","-76.9763059817",303,223,526,1149,1158,2307,197,229,426
7304,"THEFT/OTHER","38.8395234322","-76.99003656",303,223,526,1149,1158,2307,197,229,426
7304,"THEFT/OTHER","38.8465309715","-76.9815571869",303,223,526,1149,1158,2307,197,229,426
7304,"SEX ABUSE","38.8424057778","-76.9864768199",303,223,526,1149,1158,2307,197,229,426
7304,"THEFT/OTHER","38.8416401504","-76.9872832787",303,223,526,1149,1158,2307,197,229,426
7304,"THEFT/OTHER","38.8413339898","-76.9885043176",303,223,526,1149,1158,2307,197,229,426
7304,"BURGLARY","38.8450723143","-76.9867988558",303,223,526,1149,1158,2307,197,229,426
7304,"MOTOR VEHICLE THEFT","38.8418117322","-76.9920405113",303,223,526,1149,1158,2307,197,229,426
7304,"MOTOR VEHICLE THEFT","38.8395234322","-76.99003656",303,223,526,1149,1158,2307,197,229,426
7304,"THEFT/OTHER","38.8395234322","-76.99003656",303,223,526,1149,1158,2307,197,229,426
7304,"THEFT/OTHER","38.8406764401","-76.9892070589",303,223,526,1149,1158,2307,197,229,426
7304,"ASSAULT W/DANGEROUS WEAPON","38.841424477","-76.9938259583",303,223,526,1149,1158,2307,197,229,426
7304,"THEFT F/AUTO","38.8369369085","-76.9811450168",303,223,526,1149,1158,2307,197,229,426
7304,"ASSAULT W/DANGEROUS WEAPON","38.8369369085","-76.9811450168",303,223,526,1149,1158,2307,197,229,426
7304,"MOTOR VEHICLE THEFT","38.8434505035","-76.9844377481",303,223,526,1149,1158,2307,197,229,426
7304,"THEFT F/AUTO","38.8413339898","-76.9885043176",303,223,526,1149,1158,2307,197,229,426
7304,"THEFT/OTHER","38.8395234322","-76.99003656",303,223,526,1149,1158,2307,197,229,426
7304,"THEFT/OTHER","38.8435590772","-76.9885154784",303,223,526,1149,1158,2307,197,229,426
7304,"ASSAULT W/DANGEROUS WEAPON","38.8429649358","-76.9941022807",303,223,526,1149,1158,2307,197,229,426
7304,"ROBBERY","38.8458556892","-76.983930368",303,223,526,1149,1158,2307,197,229,426
7304,"THEFT/OTHER","38.8450723143","-76.9867988558",303,223,526,1149,1158,2307,197,229,426
7304,"BURGLARY","38.8444870444","-76.9895520597",303,223,526,1149,1158,2307,197,229,426
7304,"THEFT F/AUTO","38.8369369085","-76.9811450168",303,223,526,1149,1158,2307,197,229,426
7304,"THEFT/OTHER","38.8458556892","-76.983930368",303,223,526,1149,1158,2307,197,229,426
7304,"ROBBERY","38.841424477","-76.9938259583",303,223,526,1149,1158,2307,197,229,426
7304,"HOMICIDE","38.8450723143","-76.9867988558",303,223,526,1149,1158,2307,197,229,426
7304,"THEFT/OTHER","38.8435316987","-76.9853592564",303,223,526,1149,1158,2307,197,229,426
7304,"MOTOR VEHICLE THEFT","38.8403250446","-76.9885159986",303,223,526,1149,1158,2307,197,229,426
7304,"ASSAULT W/DANGEROUS WEAPON","38.8428110144","-76.9852902904",303,223,526,1149,1158,2307,197,229,426
7304,"ASSAULT W/DANGEROUS WEAPON","38.8424057778","-76.9864768199",303,223,526,1149,1158,2307,197,229,426
7304,"THEFT/OTHER","38.8465309715","-76.9815571869",303,223,526,1149,1158,2307,197,229,426
7304,"ASSAULT W/DANGEROUS WEAPON","38.8460807865","-76.9831239533",303,223,526,1149,1158,2307,197,229,426
7304,"ROBBERY","38.8419825458","-76.987985866",303,223,526,1149,1158,2307,197,229,426
7304,"THEFT/OTHER","38.8450723143","-76.9867988558",303,223,526,1149,1158,2307,197,229,426
7304,"ROBBERY","38.8408459892","-76.9778035784",303,223,526,1149,1158,2307,197,229,426
7304,"THEFT/OTHER","38.8416583695","-76.9892990606",303,223,526,1149,1158,2307,197,229,426
7304,"THEFT F/AUTO","38.8369369085","-76.9811450168",303,223,526,1149,1158,2307,197,229,426
7304,"ASSAULT W/DANGEROUS WEAPON","38.8444870444","-76.9895520597",303,223,526,1149,1158,2307,197,229,426
7304,"BURGLARY","38.8435590772","-76.9885154784",303,223,526,1149,1158,2307,197,229,426
7304,"ASSAULT W/DANGEROUS WEAPON","38.8419825458","-76.987985866",303,223,526,1149,1158,2307,197,229,426
7304,"MOTOR VEHICLE THEFT","38.843676012","-76.9868567095",303,223,526,1149,1158,2307,197,229,426
7304,"ASSAULT W/DANGEROUS WEAPON","38.8434505035","-76.9844377481",303,223,526,1149,1158,2307,197,229,426
7304,"THEFT/OTHER","38.8400550862","-76.9920637442",303,223,526,1149,1158,2307,197,229,426
7304,"THEFT F/AUTO","38.8369369085","-76.9811450168",303,223,526,1149,1158,2307,197,229,426
7304,"ASSAULT W/DANGEROUS WEAPON","38.843676012","-76.9868567095",303,223,526,1149,1158,2307,197,229,426
7304,"ROBBERY","38.8446934763","-76.9830551657",303,223,526,1149,1158,2307,197,229,426
7304,"MOTOR VEHICLE THEFT","38.8446934763","-76.9830551657",303,223,526,1149,1158,2307,197,229,426
7304,"ROBBERY","38.8369369085","-76.9811450168",303,223,526,1149,1158,2307,197,229,426
7304,"THEFT/OTHER","38.8458556892","-76.983930368",303,223,526,1149,1158,2307,197,229,426
7304,"MOTOR VEHICLE THEFT","38.8395234322","-76.99003656",303,223,526,1149,1158,2307,197,229,426
7304,"BURGLARY","38.8444870444","-76.9895520597",303,223,526,1149,1158,2307,197,229,426
7304,"THEFT F/AUTO","38.8465309715","-76.9815571869",303,223,526,1149,1158,2307,197,229,426
7304,"THEFT/OTHER","38.8448288811","-76.9850940468",303,223,526,1149,1158,2307,197,229,426
7304,"MOTOR VEHICLE THEFT","38.8403250446","-76.9885159986",303,223,526,1149,1158,2307,197,229,426
7304,"THEFT/OTHER","38.8416401504","-76.9872832787",303,223,526,1149,1158,2307,197,229,426
7304,"THEFT/OTHER","38.8406764401","-76.9892070589",303,223,526,1149,1158,2307,197,229,426
7304,"THEFT/OTHER","38.8403882734","-76.9903935149",303,223,526,1149,1158,2307,197,229,426
7304,"ROBBERY","38.8419825458","-76.987985866",303,223,526,1149,1158,2307,197,229,426
7304,"ROBBERY","38.8416401504","-76.9872832787",303,223,526,1149,1158,2307,197,229,426
7304,"MOTOR VEHICLE THEFT","38.8369369085","-76.9811450168",303,223,526,1149,1158,2307,197,229,426
7304,"THEFT F/AUTO","38.8369369085","-76.9811450168",303,223,526,1149,1158,2307,197,229,426
7304,"ASSAULT W/DANGEROUS WEAPON","38.8448288811","-76.9850940468",303,223,526,1149,1158,2307,197,229,426
7304,"MOTOR VEHICLE THEFT","38.841424477","-76.9938259583",303,223,526,1149,1158,2307,197,229,426
7304,"THEFT/OTHER","38.8369369085","-76.9811450168",303,223,526,1149,1158,2307,197,229,426
7304,"ASSAULT W/DANGEROUS WEAPON","38.8434505035","-76.9844377481",303,223,526,1149,1158,2307,197,229,426
7304,"THEFT/OTHER","38.8435590772","-76.9885154784",303,223,526,1149,1158,2307,197,229,426
7304,"ROBBERY","38.8428110144","-76.9852902904",303,223,526,1149,1158,2307,197,229,426
7304,"THEFT/OTHER","38.8465309715","-76.9815571869",303,223,526,1149,1158,2307,197,229,426
7304,"ASSAULT W/DANGEROUS WEAPON","38.8419825458","-76.987985866",303,223,526,1149,1158,2307,197,229,426
7304,"ROBBERY","38.8416401504","-76.9872832787",303,223,526,1149,1158,2307,197,229,426
7304,"THEFT/OTHER","38.8425411229","-76.9885156421",303,223,526,1149,1158,2307,197,229,426
7304,"ROBBERY","38.8369369085","-76.9811450168",303,223,526,1149,1158,2307,197,229,426
7304,"THEFT/OTHER","38.8407937058","-76.9910500224",303,223,526,1149,1158,2307,197,229,426
7304,"THEFT/OTHER","38.8404958621","-76.985440509",303,223,526,1149,1158,2307,197,229,426
7304,"THEFT/OTHER","38.8465309715","-76.9815571869",303,223,526,1149,1158,2307,197,229,426
7304,"THEFT F/AUTO","38.8369369085","-76.9811450168",303,223,526,1149,1158,2307,197,229,426
7304,"SEX ABUSE","38.841424477","-76.9938259583",303,223,526,1149,1158,2307,197,229,426
7304,"ASSAULT W/DANGEROUS WEAPON","38.841424477","-76.9938259583",303,223,526,1149,1158,2307,197,229,426
7304,"MOTOR VEHICLE THEFT","38.8425411229","-76.9885156421",303,223,526,1149,1158,2307,197,229,426
7304,"MOTOR VEHICLE THEFT","38.843676012","-76.9868567095",303,223,526,1149,1158,2307,197,229,426
7304,"THEFT F/AUTO","38.8369369085","-76.9811450168",303,223,526,1149,1158,2307,197,229,426
7304,"ROBBERY","38.8458556892","-76.983930368",303,223,526,1149,1158,2307,197,229,426
7304,"ASSAULT W/DANGEROUS WEAPON","38.8428110144","-76.9852902904",303,223,526,1149,1158,2307,197,229,426
7304,"ROBBERY","38.8416401504","-76.9872832787",303,223,526,1149,1158,2307,197,229,426
7304,"THEFT F/AUTO","38.8369369085","-76.9811450168",303,223,526,1149,1158,2307,197,229,426
7304,"BURGLARY","38.8418117322","-76.9920405113",303,223,526,1149,1158,2307,197,229,426
7304,"ROBBERY","38.8434505035","-76.9844377481",303,223,526,1149,1158,2307,197,229,426
7304,"MOTOR VEHICLE THEFT","38.8395234322","-76.99003656",303,223,526,1149,1158,2307,197,229,426
7304,"THEFT/OTHER","38.8465309715","-76.9815571869",303,223,526,1149,1158,2307,197,229,426
7304,"ASSAULT W/DANGEROUS WEAPON","38.8460807865","-76.9831239533",303,223,526,1149,1158,2307,197,229,426
7304,"BURGLARY","38.8407937058","-76.9910500224",303,223,526,1149,1158,2307,197,229,426
7304,"ASSAULT W/DANGEROUS WEAPON","38.8442797517","-76.9885038432",303,223,526,1149,1158,2307,197,229,426
7304,"THEFT F/AUTO","38.8428110144","-76.9852902904",303,223,526,1149,1158,2307,197,229,426
7304,"THEFT/OTHER","38.8424057778","-76.9864768199",303,223,526,1149,1158,2307,197,229,426
7304,"ASSAULT W/DANGEROUS WEAPON","38.8465309715","-76.9815571869",303,223,526,1149,1158,2307,197,229,426
7304,"THEFT/OTHER","38.8431450538","-76.9931692259",303,223,526,1149,1158,2307,197,229,426
7304,"THEFT/OTHER","38.8425411229","-76.9885156421",303,223,526,1149,1158,2307,197,229,426
7304,"HOMICIDE","38.8424057778","-76.9864768199",303,223,526,1149,1158,2307,197,229,426
7304,"THEFT/OTHER","38.841424477","-76.9938259583",303,223,526,1149,1158,2307,197,229,426
7304,"THEFT F/AUTO","38.8450449215","-76.9838729539",303,223,526,1149,1158,2307,197,229,426
7304,"MOTOR VEHICLE THEFT","38.8442797517","-76.9885038432",303,223,526,1149,1158,2307,197,229,426
7304,"ASSAULT W/DANGEROUS WEAPON","38.8428110144","-76.9852902904",303,223,526,1149,1158,2307,197,229,426
7304,"THEFT/OTHER","38.8416401504","-76.9872832787",303,223,526,1149,1158,2307,197,229,426
7304,"THEFT/OTHER","38.8465309715","-76.9815571869",303,223,526,1149,1158,2307,197,229,426
7401,"THEFT/OTHER","38.8574415643","-76.9957831972",86,95,181,524,253,777,66,63,129
7401,"ROBBERY","38.8630086846","-76.9938932245",86,95,181,524,253,777,66,63,129
7401,"THEFT F/AUTO","38.8574415643","-76.9957831972",86,95,181,524,253,777,66,63,129
7401,"MOTOR VEHICLE THEFT","38.8628514669","-77.0002814872",86,95,181,524,253,777,66,63,129
7401,"ROBBERY","38.8638463763","-76.9923491575",86,95,181,524,253,777,66,63,129
7401,"THEFT/OTHER","38.8582433252","-76.9961057504",86,95,181,524,253,777,66,63,129
7401,"THEFT/OTHER","38.8622519387","-76.9931904414",86,95,181,524,253,777,66,63,129
7401,"THEFT F/AUTO","38.8574415643","-76.9957831972",86,95,181,524,253,777,66,63,129
7401,"ROBBERY","38.8596306098","-76.9957485028",86,95,181,524,253,777,66,63,129
7401,"THEFT/OTHER","38.8574415643","-76.9957831972",86,95,181,524,253,777,66,63,129
7401,"ASSAULT W/DANGEROUS WEAPON","38.8622519387","-76.9931904414",86,95,181,524,253,777,66,63,129
7401,"ASSAULT W/DANGEROUS WEAPON","38.8594504755","-76.9968200264",86,95,181,524,253,777,66,63,129
7401,"ROBBERY","38.8640535175","-76.9915886578",86,95,181,524,253,777,66,63,129
7401,"BURGLARY","38.8630086846","-76.9938932245",86,95,181,524,253,777,66,63,129
7401,"THEFT/OTHER","38.8574415643","-76.9957831972",86,95,181,524,253,777,66,63,129
7401,"THEFT/OTHER","38.8617386466","-76.9984099622",86,95,181,524,253,777,66,63,129
7401,"THEFT/OTHER","38.8587477741","-76.9954720387",86,95,181,524,253,777,66,63,129
7401,"BURGLARY","38.8574415643","-76.9957831972",86,95,181,524,253,777,66,63,129
7401,"THEFT F/AUTO","38.8630086846","-76.9938932245",86,95,181,524,253,777,66,63,129
7401,"ASSAULT W/DANGEROUS WEAPON","38.8633688439","-76.9911278474",86,95,181,524,253,777,66,63,129
7401,"THEFT F/AUTO","38.8574415643","-76.9957831972",86,95,181,524,253,777,66,63,129
7401,"MOTOR VEHICLE THEFT","38.8622519387","-76.9931904414",86,95,181,524,253,777,66,63,129
7401,"THEFT F/AUTO","38.8599279602","-76.99892848",86,95,181,524,253,777,66,63,129
7401,"ASSAULT W/DANGEROUS WEAPON","38.8574415643","-76.9957831972",86,95,181,524,253,777,66,63,129
7401,"MOTOR VEHICLE THEFT","38.8622790504","-76.9948841876",86,95,181,524,253,777,66,63,129
7401,"ROBBERY","38.8622519387","-76.9931904414",86,95,181,524,253,777,66,63,129
7401,"THEFT/OTHER","38.8574415643","-76.9957831972",86,95,181,524,253,777,66,63,129
7401,"THEFT F/AUTO","38.8585766791","-76.9976956995",86,95,181,524,253,777,66,63,129
7401,"ROBBERY","38.8574415643","-76.9957831972",86,95,181,524,253,777,66,63,129
7401,"THEFT F/AUTO","38.8622519387","-76.9931904414",86,95,181,524,253,777,66,63,129
7401,"THEFT/OTHER","38.8622519387","-76.9931904414",86,95,181,524,253,777,66,63,129
7401,"THEFT F/AUTO","38.8574415643","-76.9957831972",86,95,181,524,253,777,66,63,129
7401,"ASSAULT W/DANGEROUS WEAPON","38.85764879","-76.9967855426",86,95,181,524,253,777,66,63,129
7401,"THEFT F/AUTO","38.8607657229","-76.9975688884",86,95,181,524,253,777,66,63,129
7401,"THEFT F/AUTO","38.8607657229","-76.9975688884",86,95,181,524,253,777,66,63,129
7401,"BURGLARY","38.8638463763","-76.9923491575",86,95,181,524,253,777,66,63,129
7401,"THEFT/OTHER","38.8630355773","-76.9917385666",86,95,181,524,253,777,66,63,129
7401,"THEFT F/AUTO","38.8607657229","-76.9975688884",86,95,181,524,253,777,66,63,129
7401,"BURGLARY","38.8630355773","-76.9917385666",86,95,181,524,253,777,66,63,129
7401,"MOTOR VEHICLE THEFT","38.8622519387","-76.9931904414",86,95,181,524,253,777,66,63,129
7401,"MOTOR VEHICLE THEFT","38.8585766791","-76.9976956995",86,95,181,524,253,777,66,63,129
7401,"ROBBERY","38.8574415643","-76.9957831972",86,95,181,524,253,777,66,63,129
7401,"THEFT F/AUTO","38.8619818822","-77.0007719775",86,95,181,524,253,777,66,63,129
7401,"THEFT F/AUTO","38.8593514261","-76.9998847837",86,95,181,524,253,777,66,63,129
7401,"HOMICIDE","38.8622519387","-76.9931904414",86,95,181,524,253,777,66,63,129
7401,"THEFT/OTHER","38.8594504755","-76.9968200264",86,95,181,524,253,777,66,63,129
7401,"HOMICIDE","38.85764879","-76.9967855426",86,95,181,524,253,777,66,63,129
7401,"THEFT F/AUTO","38.8622790504","-76.9948841876",86,95,181,524,253,777,66,63,129
7401,"ASSAULT W/DANGEROUS WEAPON","38.8585766791","-76.9976956995",86,95,181,524,253,777,66,63,129
7401,"THEFT/OTHER","38.8628514669","-77.0002814872",86,95,181,524,253,777,66,63,129
7401,"ASSAULT W/DANGEROUS WEAPON","38.8617386466","-76.9984099622",86,95,181,524,253,777,66,63,129
7401,"ASSAULT W/DANGEROUS WEAPON","38.8607657229","-76.9975688884",86,95,181,524,253,777,66,63,129
7401,"THEFT/OTHER","38.8603962731","-76.9944925814",86,95,181,524,253,777,66,63,129
7401,"ASSAULT W/DANGEROUS WEAPON","38.8567749616","-76.996405382",86,95,181,524,253,777,66,63,129
7401,"ROBBERY","38.8630086846","-76.9938932245",86,95,181,524,253,777,66,63,129
7401,"THEFT/OTHER","38.8622519387","-76.9931904414",86,95,181,524,253,777,66,63,129
7401,"THEFT/OTHER","38.8574415643","-76.9957831972",86,95,181,524,253,777,66,63,129
7401,"ASSAULT W/DANGEROUS WEAPON","38.8585766791","-76.9976956995",86,95,181,524,253,777,66,63,129
7401,"THEFT/OTHER","38.8558380551","-76.9955298286",86,95,181,524,253,777,66,63,129
7401,"THEFT F/AUTO","38.8574415643","-76.9957831972",86,95,181,524,253,777,66,63,129
7401,"ASSAULT W/DANGEROUS WEAPON","38.8589999721","-76.9945848617",86,95,181,524,253,777,66,63,129
7401,"ASSAULT W/DANGEROUS WEAPON","38.8622790504","-76.9948841876",86,95,181,524,253,777,66,63,129
7401,"THEFT/OTHER","38.8585766791","-76.9976956995",86,95,181,524,253,777,66,63,129
7401,"THEFT/OTHER","38.8622519387","-76.9931904414",86,95,181,524,253,777,66,63,129
7401,"THEFT/OTHER","38.8607657229","-76.9975688884",86,95,181,524,253,777,66,63,129
7401,"THEFT F/AUTO","38.8587477741","-76.9954720387",86,95,181,524,253,777,66,63,129
7401,"THEFT/OTHER","38.8622790504","-76.9948841876",86,95,181,524,253,777,66,63,129
7401,"ASSAULT W/DANGEROUS WEAPON","38.8587477741","-76.9954720387",86,95,181,524,253,777,66,63,129
7401,"ASSAULT W/DANGEROUS WEAPON","38.8628514669","-77.0002814872",86,95,181,524,253,777,66,63,129
7401,"ROBBERY","38.8622519387","-76.9931904414",86,95,181,524,253,777,66,63,129
7401,"BURGLARY","38.8578650256","-76.9984100485",86,95,181,524,253,777,66,63,129
7401,"THEFT/OTHER","38.8558380551","-76.9955298286",86,95,181,524,253,777,66,63,129
7401,"ROBBERY","38.8622519387","-76.9931904414",86,95,181,524,253,777,66,63,129
7401,"ROBBERY","38.8574415643","-76.9957831972",86,95,181,524,253,777,66,63,129
7403,"THEFT/OTHER","38.8465309715","-76.9815571869",109,82,191,779,496,1275,66,29,95
7403,"BURGLARY","38.8465309715","-76.9815571869",109,82,191,779,496,1275,66,29,95
7403,"BURGLARY","38.8505290677","-76.9730657637",109,82,191,779,496,1275,66,29,95
7403,"THEFT/OTHER","38.8481334928","-76.9761424588",109,82,191,779,496,1275,66,29,95
7403,"ASSAULT W/DANGEROUS WEAPON","38.849727226","-76.9726743837",109,82,191,779,496,1275,66,29,95
7403,"THEFT F/AUTO","38.8478088733","-76.9746449978",109,82,191,779,496,1275,66,29,95
7403,"THEFT/OTHER","38.8505290677","-76.9730657637",109,82,191,779,496,1275,66,29,95
7403,"SEX ABUSE","38.8467188945","-76.974841218",109,82,191,779,496,1275,66,29,95
7403,"MOTOR VEHICLE THEFT","38.8463051002","-76.9777673225",109,82,191,779,496,1275,66,29,95
7403,"MOTOR VEHICLE THEFT","38.8467737341","-76.9788154599",109,82,191,779,496,1275,66,29,95
7403,"THEFT/OTHER","38.8478088733","-76.9746449978",109,82,191,779,496,1275,66,29,95
7403,"THEFT/OTHER","38.8463051002","-76.9777673225",109,82,191,779,496,1275,66,29,95
7403,"ASSAULT W/DANGEROUS WEAPON","38.8510247406","-76.9739871994",109,82,191,779,496,1275,66,29,95
7403,"ASSAULT W/DANGEROUS WEAPON","38.8481334928","-76.9761424588",109,82,191,779,496,1275,66,29,95
7403,"THEFT/OTHER","38.8481334928","-76.9761424588",109,82,191,779,496,1275,66,29,95
7403,"THEFT F/AUTO","38.8478088733","-76.9746449978",109,82,191,779,496,1275,66,29,95
7403,"ASSAULT W/DANGEROUS WEAPON","38.8505290677","-76.9730657637",109,82,191,779,496,1275,66,29,95
7403,"THEFT/OTHER","38.8465309715","-76.9815571869",109,82,191,779,496,1275,66,29,95
7403,"THEFT/OTHER","38.8465309715","-76.9815571869",109,82,191,779,496,1275,66,29,95
7403,"THEFT/OTHER","38.8481334928","-76.9761424588",109,82,191,779,496,1275,66,29,95
7403,"THEFT F/AUTO","38.849727226","-76.9726743837",109,82,191,779,496,1275,66,29,95
7403,"THEFT F/AUTO","38.8481334928","-76.9761424588",109,82,191,779,496,1275,66,29,95
7403,"ASSAULT W/DANGEROUS WEAPON","38.8481334928","-76.9761424588",109,82,191,779,496,1275,66,29,95
7403,"HOMICIDE","38.8505290677","-76.9730657637",109,82,191,779,496,1275,66,29,95
7403,"THEFT F/AUTO","38.8462784929","-76.9800827539",109,82,191,779,496,1275,66,29,95
7403,"THEFT/OTHER","38.8498542571","-76.97690221",109,82,191,779,496,1275,66,29,95
7403,"ROBBERY","38.8498542571","-76.97690221",109,82,191,779,496,1275,66,29,95
7403,"THEFT/OTHER","38.8465309715","-76.9815571869",109,82,191,779,496,1275,66,29,95
7403,"MOTOR VEHICLE THEFT","38.8463051002","-76.9777673225",109,82,191,779,496,1275,66,29,95
7403,"BURGLARY","38.8505206453","-76.9757384539",109,82,191,779,496,1275,66,29,95
7403,"ASSAULT W/DANGEROUS WEAPON","38.8481334928","-76.9761424588",109,82,191,779,496,1275,66,29,95
7403,"MOTOR VEHICLE THEFT","38.8481334928","-76.9761424588",109,82,191,779,496,1275,66,29,95
7403,"THEFT F/AUTO","38.8498542571","-76.97690221",109,82,191,779,496,1275,66,29,95
7403,"ASSAULT W/DANGEROUS WEAPON","38.8481334928","-76.9761424588",109,82,191,779,496,1275,66,29,95
7403,"ROBBERY","38.8510247406","-76.9739871994",109,82,191,779,496,1275,66,29,95
7403,"THEFT/OTHER","38.8462784929","-76.9800827539",109,82,191,779,496,1275,66,29,95
7403,"ROBBERY","38.8508447289","-76.9747015208",109,82,191,779,496,1275,66,29,95
7403,"MOTOR VEHICLE THEFT","38.8467188945","-76.974841218",109,82,191,779,496,1275,66,29,95
7403,"THEFT F/AUTO","38.8478088733","-76.9746449978",109,82,191,779,496,1275,66,29,95
7403,"ROBBERY","38.8510247406","-76.9739871994",109,82,191,779,496,1275,66,29,95
7403,"THEFT/OTHER","38.8510247406","-76.9739871994",109,82,191,779,496,1275,66,29,95
7403,"THEFT/OTHER","38.8477812231","-76.9719148244",109,82,191,779,496,1275,66,29,95
7403,"ASSAULT W/DANGEROUS WEAPON","38.8481334928","-76.9761424588",109,82,191,779,496,1275,66,29,95
7403,"THEFT F/AUTO","38.8505290677","-76.9730657637",109,82,191,779,496,1275,66,29,95
7403,"ASSAULT W/DANGEROUS WEAPON","38.8491420186","-76.9741722051",109,82,191,779,496,1275,66,29,95
7403,"MOTOR VEHICLE THEFT","38.8510247406","-76.9739871994",109,82,191,779,496,1275,66,29,95
7403,"THEFT/OTHER","38.8479357722","-76.9785386402",109,82,191,779,496,1275,66,29,95
7403,"BURGLARY","38.8465309715","-76.9815571869",109,82,191,779,496,1275,66,29,95
7403,"ROBBERY","38.8478088733","-76.9746449978",109,82,191,779,496,1275,66,29,95
7403,"MOTOR VEHICLE THEFT","38.8491420186","-76.9741722051",109,82,191,779,496,1275,66,29,95
7403,"THEFT F/AUTO","38.8455758423","-76.9801290275",109,82,191,779,496,1275,66,29,95
7403,"MOTOR VEHICLE THEFT","38.8467737341","-76.9788154599",109,82,191,779,496,1275,66,29,95
7403,"THEFT F/AUTO","38.8481334928","-76.9761424588",109,82,191,779,496,1275,66,29,95
7403,"ASSAULT W/DANGEROUS WEAPON","38.8494126838","-76.9761074712",109,82,191,779,496,1275,66,29,95
7403,"ASSAULT W/DANGEROUS WEAPON","38.8481334928","-76.9761424588",109,82,191,779,496,1275,66,29,95
7403,"MOTOR VEHICLE THEFT","38.8494126838","-76.9761074712",109,82,191,779,496,1275,66,29,95
7403,"ASSAULT W/DANGEROUS WEAPON","38.8462784929","-76.9800827539",109,82,191,779,496,1275,66,29,95
7403,"ASSAULT W/DANGEROUS WEAPON","38.8481334928","-76.9761424588",109,82,191,779,496,1275,66,29,95
7403,"BURGLARY","38.8478088733","-76.9746449978",109,82,191,779,496,1275,66,29,95
7403,"MOTOR VEHICLE THEFT","38.849727226","-76.9726743837",109,82,191,779,496,1275,66,29,95
7403,"THEFT F/AUTO","38.8478088733","-76.9746449978",109,82,191,779,496,1275,66,29,95
7403,"ASSAULT W/DANGEROUS WEAPON","38.8505290677","-76.9730657637",109,82,191,779,496,1275,66,29,95
7403,"THEFT F/AUTO","38.8481334928","-76.9761424588",109,82,191,779,496,1275,66,29,95
7403,"THEFT F/AUTO","38.849727226","-76.9726743837",109,82,191,779,496,1275,66,29,95
7403,"ASSAULT W/DANGEROUS WEAPON","38.8459179758","-76.9790576225",109,82,191,779,496,1275,66,29,95
7403,"THEFT/OTHER","38.849727226","-76.9726743837",109,82,191,779,496,1275,66,29,95
7403,"MOTOR VEHICLE THEFT","38.8491420186","-76.9741722051",109,82,191,779,496,1275,66,29,95
7403,"MOTOR VEHICLE THEFT","38.8478088733","-76.9746449978",109,82,191,779,496,1275,66,29,95
7403,"THEFT/OTHER","38.8471432397","-76.9797138836",109,82,191,779,496,1275,66,29,95
7403,"THEFT/OTHER","38.8465309715","-76.9815571869",109,82,191,779,496,1275,66,29,95
7403,"ASSAULT W/DANGEROUS WEAPON","38.849727226","-76.9726743837",109,82,191,779,496,1275,66,29,95
7403,"THEFT F/AUTO","38.8462784929","-76.9800827539",109,82,191,779,496,1275,66,29,95
7403,"HOMICIDE","38.849727226","-76.9726743837",109,82,191,779,496,1275,66,29,95
7403,"BURGLARY","38.8478088733","-76.9746449978",109,82,191,779,496,1275,66,29,95
7403,"ASSAULT W/DANGEROUS WEAPON","38.8481334928","-76.9761424588",109,82,191,779,496,1275,66,29,95
7403,"SEX ABUSE","38.8478088733","-76.9746449978",109,82,191,779,496,1275,66,29,95
7403,"ASSAULT W/DANGEROUS WEAPON","38.8467737341","-76.9788154599",109,82,191,779,496,1275,66,29,95
7403,"ASSAULT W/DANGEROUS WEAPON","38.8459179758","-76.9790576225",109,82,191,779,496,1275,66,29,95
7403,"THEFT/OTHER","38.8491420186","-76.9741722051",109,82,191,779,496,1275,66,29,95
7403,"THEFT/OTHER","38.849727226","-76.9726743837",109,82,191,779,496,1275,66,29,95
7403,"THEFT/OTHER","38.8505290677","-76.9730657637",109,82,191,779,496,1275,66,29,95
7403,"MOTOR VEHICLE THEFT","38.8478088733","-76.9746449978",109,82,191,779,496,1275,66,29,95
7403,"ASSAULT W/DANGEROUS WEAPON","38.8505290677","-76.9730657637",109,82,191,779,496,1275,66,29,95
7403,"THEFT/OTHER","38.8510247406","-76.9739871994",109,82,191,779,496,1275,66,29,95
7403,"THEFT F/AUTO","38.8494126838","-76.9761074712",109,82,191,779,496,1275,66,29,95
7403,"THEFT/OTHER","38.8510247406","-76.9739871994",109,82,191,779,496,1275,66,29,95
7403,"THEFT/OTHER","38.8510247406","-76.9739871994",109,82,191,779,496,1275,66,29,95
7403,"MOTOR VEHICLE THEFT","38.8478088733","-76.9746449978",109,82,191,779,496,1275,66,29,95
7403,"ASSAULT W/DANGEROUS WEAPON","38.8508447289","-76.9747015208",109,82,191,779,496,1275,66,29,95
7403,"MOTOR VEHICLE THEFT","38.8478088733","-76.9746449978",109,82,191,779,496,1275,66,29,95
7403,"BURGLARY","38.8481334928","-76.9761424588",109,82,191,779,496,1275,66,29,95
7403,"THEFT F/AUTO","38.8479357722","-76.9785386402",109,82,191,779,496,1275,66,29,95
7403,"ASSAULT W/DANGEROUS WEAPON","38.8471689894","-76.9733665426",109,82,191,779,496,1275,66,29,95
7403,"THEFT F/AUTO","38.8488725141","-76.9778126026",109,82,191,779,496,1275,66,29,95
7403,"HOMICIDE","38.8455758423","-76.9801290275",109,82,191,779,496,1275,66,29,95
7403,"THEFT F/AUTO","38.8478088733","-76.9746449978",109,82,191,779,496,1275,66,29,95
7403,"ASSAULT W/DANGEROUS WEAPON","38.8510247406","-76.9739871994",109,82,191,779,496,1275,66,29,95
7403,"ASSAULT W/DANGEROUS WEAPON","38.849727226","-76.9726743837",109,82,191,779,496,1275,66,29,95
7403,"MOTOR VEHICLE THEFT","38.8478088733","-76.9746449978",109,82,191,779,496,1275,66,29,95
7404,"MOTOR VEHICLE THEFT","38.8514316526","-76.9821434586",161,100,261,1209,1100,2309,201,263,464
7404,"THEFT F/AUTO","38.8467743876","-76.982789721",161,100,261,1209,1100,2309,201,263,464
7404,"HOMICIDE","38.8502337063","-76.9833303343",161,100,261,1209,1100,2309,201,263,464
7404,"ASSAULT W/DANGEROUS WEAPON","38.8523955812","-76.982316025",161,100,261,1209,1100,2309,201,263,464
7404,"MOTOR VEHICLE THEFT","38.8506559459","-76.9765909045",161,100,261,1209,1100,2309,201,263,464
7404,"MOTOR VEHICLE THEFT","38.8502337063","-76.9833303343",161,100,261,1209,1100,2309,201,263,464
7404,"THEFT F/AUTO","38.8521963205","-76.9762563057",161,100,261,1209,1100,2309,201,263,464
7404,"THEFT F/AUTO","38.8507016962","-76.9804386469",161,100,261,1209,1100,2309,201,263,464
7404,"THEFT/OTHER","38.8503504623","-76.9810147519",161,100,261,1209,1100,2309,201,263,464
7404,"BURGLARY","38.8480442535","-76.9807158504",161,100,261,1209,1100,2309,201,263,464
7404,"ROBBERY","38.8490888839","-76.9787110931",161,100,261,1209,1100,2309,201,263,464
7404,"THEFT F/AUTO","38.8498542571","-76.97690221",161,100,261,1209,1100,2309,201,263,464
7404,"THEFT F/AUTO","38.847341847","-76.9823057573",161,100,261,1209,1100,2309,201,263,464
7404,"ASSAULT W/DANGEROUS WEAPON","38.852036034","-76.9886754008",161,100,261,1209,1100,2309,201,263,464
7404,"THEFT F/AUTO","38.8503504623","-76.9810147519",161,100,261,1209,1100,2309,201,263,464
7404,"ROBBERY","38.8507919806","-76.9816712885",161,100,261,1209,1100,2309,201,263,464
7404,"SEX ABUSE","38.8479357722","-76.9785386402",161,100,261,1209,1100,2309,201,263,464
7404,"THEFT F/AUTO","38.847341847","-76.9823057573",161,100,261,1209,1100,2309,201,263,464
7404,"MOTOR VEHICLE THEFT","38.8517021395","-76.9837447256",161,100,261,1209,1100,2309,201,263,464
7404,"MOTOR VEHICLE THEFT","38.8503869479","-76.9840330296",161,100,261,1209,1100,2309,201,263,464
7404,"THEFT F/AUTO","38.8510617186","-76.978641383",161,100,261,1209,1100,2309,201,263,464
7404,"MOTOR VEHICLE THEFT","38.8502337063","-76.9833303343",161,100,261,1209,1100,2309,201,263,464
7404,"MOTOR VEHICLE THEFT","38.8491974983","-76.9817408178",161,100,261,1209,1100,2309,201,263,464
7404,"THEFT/OTHER","38.8523955812","-76.982316025",161,100,261,1209,1100,2309,201,263,464
7404,"HOMICIDE","38.8479357722","-76.9785386402",161,100,261,1209,1100,2309,201,263,464
7404,"ROBBERY","38.8498545947","-76.9786763045",161,100,261,1209,1100,2309,201,263,464
7404,"MOTOR VEHICLE THEFT","38.8517021395","-76.9837447256",161,100,261,1209,1100,2309,201,263,464
7404,"THEFT/OTHER","38.8467743876","-76.982789721",161,100,261,1209,1100,2309,201,263,464
7404,"BURGLARY","38.8514316526","-76.9821434586",161,100,261,1209,1100,2309,201,263,464
7404,"ASSAULT W/DANGEROUS WEAPON","38.8465309715","-76.9815571869",161,100,261,1209,1100,2309,201,263,464
7404,"THEFT/OTHER","38.8496841284","-76.9828927001",161,100,261,1209,1100,2309,201,263,464
7404,"THEFT F/AUTO","38.8517655824","-76.9867860976",161,100,261,1209,1100,2309,201,263,464
7404,"THEFT/OTHER","38.8507741592","-76.9829615603",161,100,261,1209,1100,2309,201,263,464
7404,"ROBBERY","38.8480442535","-76.9807158504",161,100,261,1209,1100,2309,201,263,464
7404,"ROBBERY","38.8495577163","-76.9809919226",161,100,261,1209,1100,2309,201,263,464
7404,"THEFT/OTHER","38.8512686649","-76.9773280043",161,100,261,1209,1100,2309,201,263,464
7404,"THEFT/OTHER","38.847341847","-76.9823057573",161,100,261,1209,1100,2309,201,263,464
7404,"MOTOR VEHICLE THEFT","38.8514316526","-76.9821434586",161,100,261,1209,1100,2309,201,263,464
7404,"THEFT/OTHER","38.8503869479","-76.9840330296",161,100,261,1209,1100,2309,201,263,464
7404,"THEFT/OTHER","38.8496121811","-76.9837336814",161,100,261,1209,1100,2309,201,263,464
7404,"MOTOR VEHICLE THEFT","38.8467743876","-76.982789721",161,100,261,1209,1100,2309,201,263,464
7404,"ROBBERY","38.8490888839","-76.9787110931",161,100,261,1209,1100,2309,201,263,464
7404,"THEFT F/AUTO","38.8467743876","-76.982789721",161,100,261,1209,1100,2309,201,263,464
7404,"THEFT F/AUTO","38.8502337063","-76.9833303343",161,100,261,1209,1100,2309,201,263,464
7404,"ASSAULT W/DANGEROUS WEAPON","38.8523955812","-76.982316025",161,100,261,1209,1100,2309,201,263,464
7404,"BURGLARY","38.8523955812","-76.982316025",161,100,261,1209,1100,2309,201,263,464
7404,"ASSAULT W/DANGEROUS WEAPON","38.8499992437","-76.9817060524",161,100,261,1209,1100,2309,201,263,464
7404,"THEFT/OTHER","38.8458556892","-76.983930368",161,100,261,1209,1100,2309,201,263,464
7404,"THEFT/OTHER","38.8467743876","-76.982789721",161,100,261,1209,1100,2309,201,263,464
7404,"THEFT/OTHER","38.8474767746","-76.9810385556",161,100,261,1209,1100,2309,201,263,464
7404,"THEFT/OTHER","38.8450723143","-76.9867988558",161,100,261,1209,1100,2309,201,263,464
7404,"THEFT/OTHER","38.8458556892","-76.983930368",161,100,261,1209,1100,2309,201,263,464
7404,"THEFT/OTHER","38.8496121811","-76.9837336814",161,100,261,1209,1100,2309,201,263,464
7404,"THEFT F/AUTO","38.8521963205","-76.9762563057",161,100,261,1209,1100,2309,201,263,464
7404,"THEFT/OTHER","38.8505391248","-76.9780770493",161,100,261,1209,1100,2309,201,263,464
7404,"MOTOR VEHICLE THEFT","38.8488725141","-76.9778126026",161,100,261,1209,1100,2309,201,263,464
7404,"ASSAULT W/DANGEROUS WEAPON","38.8523955812","-76.982316025",161,100,261,1209,1100,2309,201,263,464
7404,"BURGLARY","38.8517655824","-76.9867860976",161,100,261,1209,1100,2309,201,263,464
7404,"MOTOR VEHICLE THEFT","38.8511792402","-76.9810260518",161,100,261,1209,1100,2309,201,263,464
7404,"MOTOR VEHICLE THEFT","38.8516212109","-76.9848391801",161,100,261,1209,1100,2309,201,263,464
7404,"MOTOR VEHICLE THEFT","38.8493683139","-76.9796556512",161,100,261,1209,1100,2309,201,263,464
7404,"ASSAULT W/DANGEROUS WEAPON","38.8498545947","-76.9786763045",161,100,261,1209,1100,2309,201,263,464
7404,"THEFT/OTHER","38.8498542571","-76.97690221",161,100,261,1209,1100,2309,201,263,464
7404,"BURGLARY","38.8495577163","-76.9809919226",161,100,261,1209,1100,2309,201,263,464
7404,"MOTOR VEHICLE THEFT","38.8507016962","-76.9804386469",161,100,261,1209,1100,2309,201,263,464
7404,"THEFT F/AUTO","38.8498542571","-76.97690221",161,100,261,1209,1100,2309,201,263,464
7404,"THEFT/OTHER","38.850071452","-76.9826276443",161,100,261,1209,1100,2309,201,263,464
7404,"MOTOR VEHICLE THEFT","38.8511350421","-76.9872355061",161,100,261,1209,1100,2309,201,263,464
7404,"BURGLARY","38.8481346381","-76.9826281156",161,100,261,1209,1100,2309,201,263,464
7404,"ROBBERY","38.8505206453","-76.9757384539",161,100,261,1209,1100,2309,201,263,464
7404,"THEFT F/AUTO","38.8450723143","-76.9867988558",161,100,261,1209,1100,2309,201,263,464
7404,"THEFT/OTHER","38.8468465986","-76.9837919096",161,100,261,1209,1100,2309,201,263,464
7404,"THEFT/OTHER","38.8496121811","-76.9837336814",161,100,261,1209,1100,2309,201,263,464
7404,"ASSAULT W/DANGEROUS WEAPON","38.8523955812","-76.982316025",161,100,261,1209,1100,2309,201,263,464
7404,"ASSAULT W/DANGEROUS WEAPON","38.8508992967","-76.977212919",161,100,261,1209,1100,2309,201,263,464
7404,"MOTOR VEHICLE THEFT","38.8490888839","-76.9787110931",161,100,261,1209,1100,2309,201,263,464
7404,"MOTOR VEHICLE THEFT","38.8523955812","-76.982316025",161,100,261,1209,1100,2309,201,263,464
7404,"HOMICIDE","38.8488725141","-76.9778126026",161,100,261,1209,1100,2309,201,263,464
7404,"THEFT F/AUTO","38.8465309715","-76.9815571869",161,100,261,1209,1100,2309,201,263,464
7404,"MOTOR VEHICLE THEFT","38.8511350421","-76.9872355061",161,100,261,1209,1100,2309,201,263,464
7404,"THEFT/OTHER","38.8467743876","-76.982789721",161,100,261,1209,1100,2309,201,263,464
7404,"BURGLARY","38.8523955812","-76.982316025",161,100,261,1209,1100,2309,201,263,464
7404,"THEFT F/AUTO","38.8498545947","-76.9786763045",161,100,261,1209,1100,2309,201,263,464
7404,"ASSAULT W/DANGEROUS WEAPON","38.8521424851","-76.9773392472",161,100,261,1209,1100,2309,201,263,464
7404,"THEFT/OTHER","38.8499269631","-76.9803927788",161,100,261,1209,1100,2309,201,263,464
7404,"ROBBERY","38.8465377272","-76.9815533837",161,100,261,1209,1100,2309,201,263,464
7404,"MOTOR VEHICLE THEFT","38.8511350421","-76.9872355061",161,100,261,1209,1100,2309,201,263,464
7404,"BURGLARY","38.8517655824","-76.9867860976",161,100,261,1209,1100,2309,201,263,464
7404,"ASSAULT W/DANGEROUS WEAPON","38.8510617186","-76.978641383",161,100,261,1209,1100,2309,201,263,464
7404,"MOTOR VEHICLE THEFT","38.8491974983","-76.9817408178",161,100,261,1209,1100,2309,201,263,464
7404,"ROBBERY","38.8503048532","-76.9778006373",161,100,261,1209,1100,2309,201,263,464
7404,"THEFT F/AUTO","38.8467743876","-76.982789721",161,100,261,1209,1100,2309,201,263,464
7404,"MOTOR VEHICLE THEFT","38.8499992437","-76.9817060524",161,100,261,1209,1100,2309,201,263,464
7404,"ASSAULT W/DANGEROUS WEAPON","38.8510617186","-76.978641383",161,100,261,1209,1100,2309,201,263,464
7404,"THEFT F/AUTO","38.8480442535","-76.9807158504",161,100,261,1209,1100,2309,201,263,464
7404,"MOTOR VEHICLE THEFT","38.8510617186","-76.978641383",161,100,261,1209,1100,2309,201,263,464
7404,"ASSAULT W/DANGEROUS WEAPON","38.8523955812","-76.982316025",161,100,261,1209,1100,2309,201,263,464
7404,"THEFT/OTHER","38.8483326865","-76.9817295192",161,100,261,1209,1100,2309,201,263,464
7406,"THEFT/OTHER","38.8574592722","-76.9905179519",274,38,312,1323,556,1879,391,123,514
7406,"THEFT/OTHER","38.8574592722","-76.9905179519",274,38,115,1323,556,1619,391,123,346
7406,"THEFT/OTHER","38.8574592722","-76.9905179519",274,42,312,1323,351,1879,391,103,514
7406,"THEFT/OTHER","38.8574592722","-76.9905179519",274,42,115,1323,351,1619,391,103,346
7406,"THEFT/OTHER","38.8574592722","-76.9905179519",73,38,312,1268,556,1879,243,123,514
7406,"THEFT/OTHER","38.8574592722","-76.9905179519",73,38,115,1268,556,1619,243,123,346
7406,"THEFT/OTHER","38.8574592722","-76.9905179519",73,42,312,1268,351,1879,243,103,514
7406,"THEFT/OTHER","38.8574592722","-76.9905179519",73,42,115,1268,351,1619,243,103,346
7406,"HOMICIDE","38.8541710084","-76.9884331255",274,38,312,1323,556,1879,391,123,514
7406,"HOMICIDE","38.8541710084","-76.9884331255",274,38,115,1323,556,1619,391,123,346
7406,"HOMICIDE","38.8541710084","-76.9884331255",274,42,312,1323,351,1879,391,103,514
7406,"HOMICIDE","38.8541710084","-76.9884331255",274,42,115,1323,351,1619,391,103,346
7406,"HOMICIDE","38.8541710084","-76.9884331255",73,38,312,1268,556,1879,243,123,514
7406,"HOMICIDE","38.8541710084","-76.9884331255",73,38,115,1268,556,1619,243,123,346
7406,"HOMICIDE","38.8541710084","-76.9884331255",73,42,312,1268,351,1879,243,103,514
7406,"HOMICIDE","38.8541710084","-76.9884331255",73,42,115,1268,351,1619,243,103,346
7406,"MOTOR VEHICLE THEFT","38.855198091","-76.9897348272",274,38,312,1323,556,1879,391,123,514
7406,"MOTOR VEHICLE THEFT","38.855198091","-76.9897348272",274,38,115,1323,556,1619,391,123,346
7406,"MOTOR VEHICLE THEFT","38.855198091","-76.9897348272",274,42,312,1323,351,1879,391,103,514
7406,"MOTOR VEHICLE THEFT","38.855198091","-76.9897348272",274,42,115,1323,351,1619,391,103,346
7406,"MOTOR VEHICLE THEFT","38.855198091","-76.9897348272",73,38,312,1268,556,1879,243,123,514
7406,"MOTOR VEHICLE THEFT","38.855198091","-76.9897348272",73,38,115,1268,556,1619,243,123,346
7406,"MOTOR VEHICLE THEFT","38.855198091","-76.9897348272",73,42,312,1268,351,1879,243,103,514
7406,"MOTOR VEHICLE THEFT","38.855198091","-76.9897348272",73,42,115,1268,351,1619,243,103,346
7406,"MOTOR VEHICLE THEFT","38.855198091","-76.9897348272",274,38,312,1323,556,1879,391,123,514
7406,"MOTOR VEHICLE THEFT","38.855198091","-76.9897348272",274,38,115,1323,556,1619,391,123,346
7406,"MOTOR VEHICLE THEFT","38.855198091","-76.9897348272",274,42,312,1323,351,1879,391,103,514
7406,"MOTOR VEHICLE THEFT","38.855198091","-76.9897348272",274,42,115,1323,351,1619,391,103,346
7406,"MOTOR VEHICLE THEFT","38.855198091","-76.9897348272",73,38,312,1268,556,1879,243,123,514
7406,"MOTOR VEHICLE THEFT","38.855198091","-76.9897348272",73,38,115,1268,556,1619,243,123,346
7406,"MOTOR VEHICLE THEFT","38.855198091","-76.9897348272",73,42,312,1268,351,1879,243,103,514
7406,"MOTOR VEHICLE THEFT","38.855198091","-76.9897348272",73,42,115,1268,351,1619,243,103,346
7406,"ASSAULT W/DANGEROUS WEAPON","38.855198091","-76.9897348272",274,38,312,1323,556,1879,391,123,514
7406,"ASSAULT W/DANGEROUS WEAPON","38.855198091","-76.9897348272",274,38,115,1323,556,1619,391,123,346
7406,"ASSAULT W/DANGEROUS WEAPON","38.855198091","-76.9897348272",274,42,312,1323,351,1879,391,103,514
7406,"ASSAULT W/DANGEROUS WEAPON","38.855198091","-76.9897348272",274,42,115,1323,351,1619,391,103,346
7406,"ASSAULT W/DANGEROUS WEAPON","38.855198091","-76.9897348272",73,38,312,1268,556,1879,243,123,514
7406,"ASSAULT W/DANGEROUS WEAPON","38.855198091","-76.9897348272",73,38,115,1268,556,1619,243,123,346
7406,"ASSAULT W/DANGEROUS WEAPON","38.855198091","-76.9897348272",73,42,312,1268,351,1879,243,103,514
7406,"ASSAULT W/DANGEROUS WEAPON","38.855198091","-76.9897348272",73,42,115,1268,351,1619,243,103,346
7406,"ROBBERY","38.855198091","-76.9897348272",274,38,312,1323,556,1879,391,123,514
7406,"ROBBERY","38.855198091","-76.9897348272",274,38,115,1323,556,1619,391,123,346
7406,"ROBBERY","38.855198091","-76.9897348272",274,42,312,1323,351,1879,391,103,514
7406,"ROBBERY","38.855198091","-76.9897348272",274,42,115,1323,351,1619,391,103,346
7406,"ROBBERY","38.855198091","-76.9897348272",73,38,312,1268,556,1879,243,123,514
7406,"ROBBERY","38.855198091","-76.9897348272",73,38,115,1268,556,1619,243,123,346
7406,"ROBBERY","38.855198091","-76.9897348272",73,42,312,1268,351,1879,243,103,514
7406,"ROBBERY","38.855198091","-76.9897348272",73,42,115,1268,351,1619,243,103,346
7406,"THEFT/OTHER","38.8568825255","-76.9882368252",274,38,312,1323,556,1879,391,123,514
7406,"THEFT/OTHER","38.8568825255","-76.9882368252",274,38,115,1323,556,1619,391,123,346
7406,"THEFT/OTHER","38.8568825255","-76.9882368252",274,42,312,1323,351,1879,391,103,514
7406,"THEFT/OTHER","38.8568825255","-76.9882368252",274,42,115,1323,351,1619,391,103,346
7406,"THEFT/OTHER","38.8568825255","-76.9882368252",73,38,312,1268,556,1879,243,123,514
7406,"THEFT/OTHER","38.8568825255","-76.9882368252",73,38,115,1268,556,1619,243,123,346
7406,"THEFT/OTHER","38.8568825255","-76.9882368252",73,42,312,1268,351,1879,243,103,514
7406,"THEFT/OTHER","38.8568825255","-76.9882368252",73,42,115,1268,351,1619,243,103,346
7406,"THEFT F/AUTO","38.8568825255","-76.9882368252",274,38,312,1323,556,1879,391,123,514
7406,"THEFT F/AUTO","38.8568825255","-76.9882368252",274,38,115,1323,556,1619,391,123,346
7406,"THEFT F/AUTO","38.8568825255","-76.9882368252",274,42,312,1323,351,1879,391,103,514
7406,"THEFT F/AUTO","38.8568825255","-76.9882368252",274,42,115,1323,351,1619,391,103,346
7406,"THEFT F/AUTO","38.8568825255","-76.9882368252",73,38,312,1268,556,1879,243,123,514
7406,"THEFT F/AUTO","38.8568825255","-76.9882368252",73,38,115,1268,556,1619,243,123,346
7406,"THEFT F/AUTO","38.8568825255","-76.9882368252",73,42,312,1268,351,1879,243,103,514
7406,"THEFT F/AUTO","38.8568825255","-76.9882368252",73,42,115,1268,351,1619,243,103,346
7406,"THEFT/OTHER","38.858459169","-76.9900569597",274,38,312,1323,556,1879,391,123,514
7406,"THEFT/OTHER","38.858459169","-76.9900569597",274,38,115,1323,556,1619,391,123,346
7406,"THEFT/OTHER","38.858459169","-76.9900569597",274,42,312,1323,351,1879,391,103,514
7406,"THEFT/OTHER","38.858459169","-76.9900569597",274,42,115,1323,351,1619,391,103,346
7406,"THEFT/OTHER","38.858459169","-76.9900569597",73,38,312,1268,556,1879,243,123,514
7406,"THEFT/OTHER","38.858459169","-76.9900569597",73,38,115,1268,556,1619,243,123,346
7406,"THEFT/OTHER","38.858459169","-76.9900569597",73,42,312,1268,351,1879,243,103,514
7406,"THEFT/OTHER","38.858459169","-76.9900569597",73,42,115,1268,351,1619,243,103,346
7406,"THEFT F/AUTO","38.8564142807","-76.9903452734",274,38,312,1323,556,1879,391,123,514
7406,"THEFT F/AUTO","38.8564142807","-76.9903452734",274,38,115,1323,556,1619,391,123,346
7406,"THEFT F/AUTO","38.8564142807","-76.9903452734",274,42,312,1323,351,1879,391,103,514
7406,"THEFT F/AUTO","38.8564142807","-76.9903452734",274,42,115,1323,351,1619,391,103,346
7406,"THEFT F/AUTO","38.8564142807","-76.9903452734",73,38,312,1268,556,1879,243,123,514
7406,"THEFT F/AUTO","38.8564142807","-76.9903452734",73,38,115,1268,556,1619,243,123,346
7406,"THEFT F/AUTO","38.8564142807","-76.9903452734",73,42,312,1268,351,1879,243,103,514
7406,"THEFT F/AUTO","38.8564142807","-76.9903452734",73,42,115,1268,351,1619,243,103,346
7406,"ASSAULT W/DANGEROUS WEAPON","38.8564142807","-76.9903452734",274,38,312,1323,556,1879,391,123,514
7406,"ASSAULT W/DANGEROUS WEAPON","38.8564142807","-76.9903452734",274,38,115,1323,556,1619,391,123,346
7406,"ASSAULT W/DANGEROUS WEAPON","38.8564142807","-76.9903452734",274,42,312,1323,351,1879,391,103,514
7406,"ASSAULT W/DANGEROUS WEAPON","38.8564142807","-76.9903452734",274,42,115,1323,351,1619,391,103,346
7406,"ASSAULT W/DANGEROUS WEAPON","38.8564142807","-76.9903452734",73,38,312,1268,556,1879,243,123,514
7406,"ASSAULT W/DANGEROUS WEAPON","38.8564142807","-76.9903452734",73,38,115,1268,556,1619,243,123,346
7406,"ASSAULT W/DANGEROUS WEAPON","38.8564142807","-76.9903452734",73,42,312,1268,351,1879,243,103,514
7406,"ASSAULT W/DANGEROUS WEAPON","38.8564142807","-76.9903452734",73,42,115,1268,351,1619,243,103,346
7406,"THEFT F/AUTO","38.855198091","-76.9897348272",274,38,312,1323,556,1879,391,123,514
7406,"THEFT F/AUTO","38.855198091","-76.9897348272",274,38,115,1323,556,1619,391,123,346
7406,"THEFT F/AUTO","38.855198091","-76.9897348272",274,42,312,1323,351,1879,391,103,514
7406,"THEFT F/AUTO","38.855198091","-76.9897348272",274,42,115,1323,351,1619,391,103,346
7406,"THEFT F/AUTO","38.855198091","-76.9897348272",73,38,312,1268,556,1879,243,123,514
7406,"THEFT F/AUTO","38.855198091","-76.9897348272",73,38,115,1268,556,1619,243,123,346
7406,"THEFT F/AUTO","38.855198091","-76.9897348272",73,42,312,1268,351,1879,243,103,514
7406,"THEFT F/AUTO","38.855198091","-76.9897348272",73,42,115,1268,351,1619,243,103,346
7406,"THEFT F/AUTO","38.8569730157","-76.9933983274",274,38,312,1323,556,1879,391,123,514
7406,"THEFT F/AUTO","38.8569730157","-76.9933983274",274,38,115,1323,556,1619,391,123,346
7406,"THEFT F/AUTO","38.8569730157","-76.9933983274",274,42,312,1323,351,1879,391,103,514
7406,"THEFT F/AUTO","38.8569730157","-76.9933983274",274,42,115,1323,351,1619,391,103,346
7406,"THEFT F/AUTO","38.8569730157","-76.9933983274",73,38,312,1268,556,1879,243,123,514
7406,"THEFT F/AUTO","38.8569730157","-76.9933983274",73,38,115,1268,556,1619,243,123,346
7406,"THEFT F/AUTO","38.8569730157","-76.9933983274",73,42,312,1268,351,1879,243,103,514
7406,"THEFT F/AUTO","38.8569730157","-76.9933983274",73,42,115,1268,351,1619,243,103,346
7406,"THEFT/OTHER","38.858459169","-76.9900569597",274,38,312,1323,556,1879,391,123,514
7406,"THEFT/OTHER","38.858459169","-76.9900569597",274,38,115,1323,556,1619,391,123,346
7406,"THEFT/OTHER","38.858459169","-76.9900569597",274,42,312,1323,351,1879,391,103,514
7406,"THEFT/OTHER","38.858459169","-76.9900569597",274,42,115,1323,351,1619,391,103,346
7406,"THEFT/OTHER","38.858459169","-76.9900569597",73,38,312,1268,556,1879,243,123,514
7406,"THEFT/OTHER","38.858459169","-76.9900569597",73,38,115,1268,556,1619,243,123,346
7406,"THEFT/OTHER","38.858459169","-76.9900569597",73,42,312,1268,351,1879,243,103,514
7406,"THEFT/OTHER","38.858459169","-76.9900569597",73,42,115,1268,351,1619,243,103,346
7406,"MOTOR VEHICLE THEFT","38.8564142807","-76.9903452734",274,38,312,1323,556,1879,391,123,514
7406,"MOTOR VEHICLE THEFT","38.8564142807","-76.9903452734",274,38,115,1323,556,1619,391,123,346
7406,"MOTOR VEHICLE THEFT","38.8564142807","-76.9903452734",274,42,312,1323,351,1879,391,103,514
7406,"MOTOR VEHICLE THEFT","38.8564142807","-76.9903452734",274,42,115,1323,351,1619,391,103,346
7406,"MOTOR VEHICLE THEFT","38.8564142807","-76.9903452734",73,38,312,1268,556,1879,243,123,514
7406,"MOTOR VEHICLE THEFT","38.8564142807","-76.9903452734",73,38,115,1268,556,1619,243,123,346
7406,"MOTOR VEHICLE THEFT","38.8564142807","-76.9903452734",73,42,312,1268,351,1879,243,103,514
7406,"MOTOR VEHICLE THEFT","38.8564142807","-76.9903452734",73,42,115,1268,351,1619,243,103,346
7406,"BURGLARY","38.855198091","-76.9897348272",274,38,312,1323,556,1879,391,123,514
7406,"BURGLARY","38.855198091","-76.9897348272",274,38,115,1323,556,1619,391,123,346
7406,"BURGLARY","38.855198091","-76.9897348272",274,42,312,1323,351,1879,391,103,514
7406,"BURGLARY","38.855198091","-76.9897348272",274,42,115,1323,351,1619,391,103,346
7406,"BURGLARY","38.855198091","-76.9897348272",73,38,312,1268,556,1879,243,123,514
7406,"BURGLARY","38.855198091","-76.9897348272",73,38,115,1268,556,1619,243,123,346
7406,"BURGLARY","38.855198091","-76.9897348272",73,42,312,1268,351,1879,243,103,514
7406,"BURGLARY","38.855198091","-76.9897348272",73,42,115,1268,351,1619,243,103,346
7406,"THEFT F/AUTO","38.855198091","-76.9897348272",274,38,312,1323,556,1879,391,123,514
7406,"THEFT F/AUTO","38.855198091","-76.9897348272",274,38,115,1323,556,1619,391,123,346
7406,"THEFT F/AUTO","38.855198091","-76.9897348272",274,42,312,1323,351,1879,391,103,514
7406,"THEFT F/AUTO","38.855198091","-76.9897348272",274,42,115,1323,351,1619,391,103,346
7406,"THEFT F/AUTO","38.855198091","-76.9897348272",73,38,312,1268,556,1879,243,123,514
7406,"THEFT F/AUTO","38.855198091","-76.9897348272",73,38,115,1268,556,1619,243,123,346
7406,"THEFT F/AUTO","38.855198091","-76.9897348272",73,42,312,1268,351,1879,243,103,514
7406,"THEFT F/AUTO","38.855198091","-76.9897348272",73,42,115,1268,351,1619,243,103,346
7406,"THEFT/OTHER","38.855198091","-76.9897348272",274,38,312,1323,556,1879,391,123,514
7406,"THEFT/OTHER","38.855198091","-76.9897348272",274,38,115,1323,556,1619,391,123,346
7406,"THEFT/OTHER","38.855198091","-76.9897348272",274,42,312,1323,351,1879,391,103,514
7406,"THEFT/OTHER","38.855198091","-76.9897348272",274,42,115,1323,351,1619,391,103,346
7406,"THEFT/OTHER","38.855198091","-76.9897348272",73,38,312,1268,556,1879,243,123,514
7406,"THEFT/OTHER","38.855198091","-76.9897348272",73,38,115,1268,556,1619,243,123,346
7406,"THEFT/OTHER","38.855198091","-76.9897348272",73,42,312,1268,351,1879,243,103,514
7406,"THEFT/OTHER","38.855198091","-76.9897348272",73,42,115,1268,351,1619,243,103,346
7406,"THEFT F/AUTO","38.8569730157","-76.9933983274",274,38,312,1323,556,1879,391,123,514
7406,"THEFT F/AUTO","38.8569730157","-76.9933983274",274,38,115,1323,556,1619,391,123,346
7406,"THEFT F/AUTO","38.8569730157","-76.9933983274",274,42,312,1323,351,1879,391,103,514
7406,"THEFT F/AUTO","38.8569730157","-76.9933983274",274,42,115,1323,351,1619,391,103,346
7406,"THEFT F/AUTO","38.8569730157","-76.9933983274",73,38,312,1268,556,1879,243,123,514
7406,"THEFT F/AUTO","38.8569730157","-76.9933983274",73,38,115,1268,556,1619,243,123,346
7406,"THEFT F/AUTO","38.8569730157","-76.9933983274",73,42,312,1268,351,1879,243,103,514
7406,"THEFT F/AUTO","38.8569730157","-76.9933983274",73,42,115,1268,351,1619,243,103,346
7406,"THEFT/OTHER","38.8571076233","-76.9871653104",274,38,312,1323,556,1879,391,123,514
7406,"THEFT/OTHER","38.8571076233","-76.9871653104",274,38,115,1323,556,1619,391,123,346
7406,"THEFT/OTHER","38.8571076233","-76.9871653104",274,42,312,1323,351,1879,391,103,514
7406,"THEFT/OTHER","38.8571076233","-76.9871653104",274,42,115,1323,351,1619,391,103,346
7406,"THEFT/OTHER","38.8571076233","-76.9871653104",73,38,312,1268,556,1879,243,123,514
7406,"THEFT/OTHER","38.8571076233","-76.9871653104",73,38,115,1268,556,1619,243,123,346
7406,"THEFT/OTHER","38.8571076233","-76.9871653104",73,42,312,1268,351,1879,243,103,514
7406,"THEFT/OTHER","38.8571076233","-76.9871653104",73,42,115,1268,351,1619,243,103,346
7406,"ASSAULT W/DANGEROUS WEAPON","38.855198091","-76.9897348272",274,38,312,1323,556,1879,391,123,514
7406,"ASSAULT W/DANGEROUS WEAPON","38.855198091","-76.9897348272",274,38,115,1323,556,1619,391,123,346
7406,"ASSAULT W/DANGEROUS WEAPON","38.855198091","-76.9897348272",274,42,312,1323,351,1879,391,103,514
7406,"ASSAULT W/DANGEROUS WEAPON","38.855198091","-76.9897348272",274,42,115,1323,351,1619,391,103,346
7406,"ASSAULT W/DANGEROUS WEAPON","38.855198091","-76.9897348272",73,38,312,1268,556,1879,243,123,514
7406,"ASSAULT W/DANGEROUS WEAPON","38.855198091","-76.9897348272",73,38,115,1268,556,1619,243,123,346
7406,"ASSAULT W/DANGEROUS WEAPON","38.855198091","-76.9897348272",73,42,312,1268,351,1879,243,103,514
7406,"ASSAULT W/DANGEROUS WEAPON","38.855198091","-76.9897348272",73,42,115,1268,351,1619,243,103,346
7406,"THEFT/OTHER","38.858459169","-76.9900569597",274,38,312,1323,556,1879,391,123,514
7406,"THEFT/OTHER","38.858459169","-76.9900569597",274,38,115,1323,556,1619,391,123,346
7406,"THEFT/OTHER","38.858459169","-76.9900569597",274,42,312,1323,351,1879,391,103,514
7406,"THEFT/OTHER","38.858459169","-76.9900569597",274,42,115,1323,351,1619,391,103,346
7406,"THEFT/OTHER","38.858459169","-76.9900569597",73,38,312,1268,556,1879,243,123,514
7406,"THEFT/OTHER","38.858459169","-76.9900569597",73,38,115,1268,556,1619,243,123,346
7406,"THEFT/OTHER","38.858459169","-76.9900569597",73,42,312,1268,351,1879,243,103,514
7406,"THEFT/OTHER","38.858459169","-76.9900569597",73,42,115,1268,351,1619,243,103,346
7406,"THEFT/OTHER","38.8541710084","-76.9884331255",274,38,312,1323,556,1879,391,123,514
7406,"THEFT/OTHER","38.8541710084","-76.9884331255",274,38,115,1323,556,1619,391,123,346
7406,"THEFT/OTHER","38.8541710084","-76.9884331255",274,42,312,1323,351,1879,391,103,514
7406,"THEFT/OTHER","38.8541710084","-76.9884331255",274,42,115,1323,351,1619,391,103,346
7406,"THEFT/OTHER","38.8541710084","-76.9884331255",73,38,312,1268,556,1879,243,123,514
7406,"THEFT/OTHER","38.8541710084","-76.9884331255",73,38,115,1268,556,1619,243,123,346
7406,"THEFT/OTHER","38.8541710084","-76.9884331255",73,42,312,1268,351,1879,243,103,514
7406,"THEFT/OTHER","38.8541710084","-76.9884331255",73,42,115,1268,351,1619,243,103,346
7406,"ROBBERY","38.855198091","-76.9897348272",274,38,312,1323,556,1879,391,123,514
7406,"ROBBERY","38.855198091","-76.9897348272",274,38,115,1323,556,1619,391,123,346
7406,"ROBBERY","38.855198091","-76.9897348272",274,42,312,1323,351,1879,391,103,514
7406,"ROBBERY","38.855198091","-76.9897348272",274,42,115,1323,351,1619,391,103,346
7406,"ROBBERY","38.855198091","-76.9897348272",73,38,312,1268,556,1879,243,123,514
7406,"ROBBERY","38.855198091","-76.9897348272",73,38,115,1268,556,1619,243,123,346
7406,"ROBBERY","38.855198091","-76.9897348272",73,42,312,1268,351,1879,243,103,514
7406,"ROBBERY","38.855198091","-76.9897348272",73,42,115,1268,351,1619,243,103,346
7406,"ROBBERY","38.855198091","-76.9897348272",274,38,312,1323,556,1879,391,123,514
7406,"ROBBERY","38.855198091","-76.9897348272",274,38,115,1323,556,1619,391,123,346
7406,"ROBBERY","38.855198091","-76.9897348272",274,42,312,1323,351,1879,391,103,514
7406,"ROBBERY","38.855198091","-76.9897348272",274,42,115,1323,351,1619,391,103,346
7406,"ROBBERY","38.855198091","-76.9897348272",73,38,312,1268,556,1879,243,123,514
7406,"ROBBERY","38.855198091","-76.9897348272",73,38,115,1268,556,1619,243,123,346
7406,"ROBBERY","38.855198091","-76.9897348272",73,42,312,1268,351,1879,243,103,514
7406,"ROBBERY","38.855198091","-76.9897348272",73,42,115,1268,351,1619,243,103,346
7406,"ROBBERY","38.8584143123","-76.9925456049",274,38,312,1323,556,1879,391,123,514
7406,"ROBBERY","38.8584143123","-76.9925456049",274,38,115,1323,556,1619,391,123,346
7406,"ROBBERY","38.8584143123","-76.9925456049",274,42,312,1323,351,1879,391,103,514
7406,"ROBBERY","38.8584143123","-76.9925456049",274,42,115,1323,351,1619,391,103,346
7406,"ROBBERY","38.8584143123","-76.9925456049",73,38,312,1268,556,1879,243,123,514
7406,"ROBBERY","38.8584143123","-76.9925456049",73,38,115,1268,556,1619,243,123,346
7406,"ROBBERY","38.8584143123","-76.9925456049",73,42,312,1268,351,1879,243,103,514
7406,"ROBBERY","38.8584143123","-76.9925456049",73,42,115,1268,351,1619,243,103,346
7406,"THEFT/OTHER","38.8564142807","-76.9903452734",274,38,312,1323,556,1879,391,123,514
7406,"THEFT/OTHER","38.8564142807","-76.9903452734",274,38,115,1323,556,1619,391,123,346
7406,"THEFT/OTHER","38.8564142807","-76.9903452734",274,42,312,1323,351,1879,391,103,514
7406,"THEFT/OTHER","38.8564142807","-76.9903452734",274,42,115,1323,351,1619,391,103,346
7406,"THEFT/OTHER","38.8564142807","-76.9903452734",73,38,312,1268,556,1879,243,123,514
7406,"THEFT/OTHER","38.8564142807","-76.9903452734",73,38,115,1268,556,1619,243,123,346
7406,"THEFT/OTHER","38.8564142807","-76.9903452734",73,42,312,1268,351,1879,243,103,514
7406,"THEFT/OTHER","38.8564142807","-76.9903452734",73,42,115,1268,351,1619,243,103,346
7406,"THEFT/OTHER","38.8569730157","-76.9933983274",274,38,312,1323,556,1879,391,123,514
7406,"THEFT/OTHER","38.8569730157","-76.9933983274",274,38,115,1323,556,1619,391,123,346
7406,"THEFT/OTHER","38.8569730157","-76.9933983274",274,42,312,1323,351,1879,391,103,514
7406,"THEFT/OTHER","38.8569730157","-76.9933983274",274,42,115,1323,351,1619,391,103,346
7406,"THEFT/OTHER","38.8569730157","-76.9933983274",73,38,312,1268,556,1879,243,123,514
7406,"THEFT/OTHER","38.8569730157","-76.9933983274",73,38,115,1268,556,1619,243,123,346
7406,"THEFT/OTHER","38.8569730157","-76.9933983274",73,42,312,1268,351,1879,243,103,514
7406,"THEFT/OTHER","38.8569730157","-76.9933983274",73,42,115,1268,351,1619,243,103,346
7406,"THEFT/OTHER","38.855198091","-76.9897348272",274,38,312,1323,556,1879,391,123,514
7406,"THEFT/OTHER","38.855198091","-76.9897348272",274,38,115,1323,556,1619,391,123,346
7406,"THEFT/OTHER","38.855198091","-76.9897348272",274,42,312,1323,351,1879,391,103,514
7406,"THEFT/OTHER","38.855198091","-76.9897348272",274,42,115,1323,351,1619,391,103,346
7406,"THEFT/OTHER","38.855198091","-76.9897348272",73,38,312,1268,556,1879,243,123,514
7406,"THEFT/OTHER","38.855198091","-76.9897348272",73,38,115,1268,556,1619,243,123,346
7406,"THEFT/OTHER","38.855198091","-76.9897348272",73,42,312,1268,351,1879,243,103,514
7406,"THEFT/OTHER","38.855198091","-76.9897348272",73,42,115,1268,351,1619,243,103,346
7406,"ASSAULT W/DANGEROUS WEAPON","38.8541710084","-76.9884331255",274,38,312,1323,556,1879,391,123,514
7406,"ASSAULT W/DANGEROUS WEAPON","38.8541710084","-76.9884331255",274,38,115,1323,556,1619,391,123,346
7406,"ASSAULT W/DANGEROUS WEAPON","38.8541710084","-76.9884331255",274,42,312,1323,351,1879,391,103,514
7406,"ASSAULT W/DANGEROUS WEAPON","38.8541710084","-76.9884331255",274,42,115,1323,351,1619,391,103,346
7406,"ASSAULT W/DANGEROUS WEAPON","38.8541710084","-76.9884331255",73,38,312,1268,556,1879,243,123,514
7406,"ASSAULT W/DANGEROUS WEAPON","38.8541710084","-76.9884331255",73,38,115,1268,556,1619,243,123,346
7406,"ASSAULT W/DANGEROUS WEAPON","38.8541710084","-76.9884331255",73,42,312,1268,351,1879,243,103,514
7406,"ASSAULT W/DANGEROUS WEAPON","38.8541710084","-76.9884331255",73,42,115,1268,351,1619,243,103,346
7406,"ASSAULT W/DANGEROUS WEAPON","38.8574592722","-76.9905179519",274,38,312,1323,556,1879,391,123,514
7406,"ASSAULT W/DANGEROUS WEAPON","38.8574592722","-76.9905179519",274,38,115,1323,556,1619,391,123,346
7406,"ASSAULT W/DANGEROUS WEAPON","38.8574592722","-76.9905179519",274,42,312,1323,351,1879,391,103,514
7406,"ASSAULT W/DANGEROUS WEAPON","38.8574592722","-76.9905179519",274,42,115,1323,351,1619,391,103,346
7406,"ASSAULT W/DANGEROUS WEAPON","38.8574592722","-76.9905179519",73,38,312,1268,556,1879,243,123,514
7406,"ASSAULT W/DANGEROUS WEAPON","38.8574592722","-76.9905179519",73,38,115,1268,556,1619,243,123,346
7406,"ASSAULT W/DANGEROUS WEAPON","38.8574592722","-76.9905179519",73,42,312,1268,351,1879,243,103,514
7406,"ASSAULT W/DANGEROUS WEAPON","38.8574592722","-76.9905179519",73,42,115,1268,351,1619,243,103,346
7406,"THEFT/OTHER","38.8574592722","-76.9905179519",274,38,312,1323,556,1879,391,123,514
7406,"THEFT/OTHER","38.8574592722","-76.9905179519",274,38,115,1323,556,1619,391,123,346
7406,"THEFT/OTHER","38.8574592722","-76.9905179519",274,42,312,1323,351,1879,391,103,514
7406,"THEFT/OTHER","38.8574592722","-76.9905179519",274,42,115,1323,351,1619,391,103,346
7406,"THEFT/OTHER","38.8574592722","-76.9905179519",73,38,312,1268,556,1879,243,123,514
7406,"THEFT/OTHER","38.8574592722","-76.9905179519",73,38,115,1268,556,1619,243,123,346
7406,"THEFT/OTHER","38.8574592722","-76.9905179519",73,42,312,1268,351,1879,243,103,514
7406,"THEFT/OTHER","38.8574592722","-76.9905179519",73,42,115,1268,351,1619,243,103,346
7406,"MOTOR VEHICLE THEFT","38.8569730157","-76.9933983274",274,38,312,1323,556,1879,391,123,514
7406,"MOTOR VEHICLE THEFT","38.8569730157","-76.9933983274",274,38,115,1323,556,1619,391,123,346
7406,"MOTOR VEHICLE THEFT","38.8569730157","-76.9933983274",274,42,312,1323,351,1879,391,103,514
7406,"MOTOR VEHICLE THEFT","38.8569730157","-76.9933983274",274,42,115,1323,351,1619,391,103,346
7406,"MOTOR VEHICLE THEFT","38.8569730157","-76.9933983274",73,38,312,1268,556,1879,243,123,514
7406,"MOTOR VEHICLE THEFT","38.8569730157","-76.9933983274",73,38,115,1268,556,1619,243,123,346
7406,"MOTOR VEHICLE THEFT","38.8569730157","-76.9933983274",73,42,312,1268,351,1879,243,103,514
7406,"MOTOR VEHICLE THEFT","38.8569730157","-76.9933983274",73,42,115,1268,351,1619,243,103,346
7406,"BURGLARY","38.8564142807","-76.9903452734",274,38,312,1323,556,1879,391,123,514
7406,"BURGLARY","38.8564142807","-76.9903452734",274,38,115,1323,556,1619,391,123,346
7406,"BURGLARY","38.8564142807","-76.9903452734",274,42,312,1323,351,1879,391,103,514
7406,"BURGLARY","38.8564142807","-76.9903452734",274,42,115,1323,351,1619,391,103,346
7406,"BURGLARY","38.8564142807","-76.9903452734",73,38,312,1268,556,1879,243,123,514
7406,"BURGLARY","38.8564142807","-76.9903452734",73,38,115,1268,556,1619,243,123,346
7406,"BURGLARY","38.8564142807","-76.9903452734",73,42,312,1268,351,1879,243,103,514
7406,"BURGLARY","38.8564142807","-76.9903452734",73,42,115,1268,351,1619,243,103,346
7406,"THEFT/OTHER","38.8541710084","-76.9884331255",274,38,312,1323,556,1879,391,123,514
7406,"THEFT/OTHER","38.8541710084","-76.9884331255",274,38,115,1323,556,1619,391,123,346
7406,"THEFT/OTHER","38.8541710084","-76.9884331255",274,42,312,1323,351,1879,391,103,514
7406,"THEFT/OTHER","38.8541710084","-76.9884331255",274,42,115,1323,351,1619,391,103,346
7406,"THEFT/OTHER","38.8541710084","-76.9884331255",73,38,312,1268,556,1879,243,123,514
7406,"THEFT/OTHER","38.8541710084","-76.9884331255",73,38,115,1268,556,1619,243,123,346
7406,"THEFT/OTHER","38.8541710084","-76.9884331255",73,42,312,1268,351,1879,243,103,514
7406,"THEFT/OTHER","38.8541710084","-76.9884331255",73,42,115,1268,351,1619,243,103,346
7406,"SEX ABUSE","38.855198091","-76.9897348272",274,38,312,1323,556,1879,391,123,514
7406,"SEX ABUSE","38.855198091","-76.9897348272",274,38,115,1323,556,1619,391,123,346
7406,"SEX ABUSE","38.855198091","-76.9897348272",274,42,312,1323,351,1879,391,103,514
7406,"SEX ABUSE","38.855198091","-76.9897348272",274,42,115,1323,351,1619,391,103,346
7406,"SEX ABUSE","38.855198091","-76.9897348272",73,38,312,1268,556,1879,243,123,514
7406,"SEX ABUSE","38.855198091","-76.9897348272",73,38,115,1268,556,1619,243,123,346
7406,"SEX ABUSE","38.855198091","-76.9897348272",73,42,312,1268,351,1879,243,103,514
7406,"SEX ABUSE","38.855198091","-76.9897348272",73,42,115,1268,351,1619,243,103,346
7406,"THEFT/OTHER","38.858459169","-76.9900569597",274,38,312,1323,556,1879,391,123,514
7406,"THEFT/OTHER","38.858459169","-76.9900569597",274,38,115,1323,556,1619,391,123,346
7406,"THEFT/OTHER","38.858459169","-76.9900569597",274,42,312,1323,351,1879,391,103,514
7406,"THEFT/OTHER","38.858459169","-76.9900569597",274,42,115,1323,351,1619,391,103,346
7406,"THEFT/OTHER","38.858459169","-76.9900569597",73,38,312,1268,556,1879,243,123,514
7406,"THEFT/OTHER","38.858459169","-76.9900569597",73,38,115,1268,556,1619,243,123,346
7406,"THEFT/OTHER","38.858459169","-76.9900569597",73,42,312,1268,351,1879,243,103,514
7406,"THEFT/OTHER","38.858459169","-76.9900569597",73,42,115,1268,351,1619,243,103,346
7406,"THEFT/OTHER","38.8564142807","-76.9903452734",274,38,312,1323,556,1879,391,123,514
7406,"THEFT/OTHER","38.8564142807","-76.9903452734",274,38,115,1323,556,1619,391,123,346
7406,"THEFT/OTHER","38.8564142807","-76.9903452734",274,42,312,1323,351,1879,391,103,514
7406,"THEFT/OTHER","38.8564142807","-76.9903452734",274,42,115,1323,351,1619,391,103,346
7406,"THEFT/OTHER","38.8564142807","-76.9903452734",73,38,312,1268,556,1879,243,123,514
7406,"THEFT/OTHER","38.8564142807","-76.9903452734",73,38,115,1268,556,1619,243,123,346
7406,"THEFT/OTHER","38.8564142807","-76.9903452734",73,42,312,1268,351,1879,243,103,514
7406,"THEFT/OTHER","38.8564142807","-76.9903452734",73,42,115,1268,351,1619,243,103,346
7406,"ROBBERY","38.8564142807","-76.9903452734",274,38,312,1323,556,1879,391,123,514
7406,"ROBBERY","38.8564142807","-76.9903452734",274,38,115,1323,556,1619,391,123,346
7406,"ROBBERY","38.8564142807","-76.9903452734",274,42,312,1323,351,1879,391,103,514
7406,"ROBBERY","38.8564142807","-76.9903452734",274,42,115,1323,351,1619,391,103,346
7406,"ROBBERY","38.8564142807","-76.9903452734",73,38,312,1268,556,1879,243,123,514
7406,"ROBBERY","38.8564142807","-76.9903452734",73,38,115,1268,556,1619,243,123,346
7406,"ROBBERY","38.8564142807","-76.9903452734",73,42,312,1268,351,1879,243,103,514
7406,"ROBBERY","38.8564142807","-76.9903452734",73,42,115,1268,351,1619,243,103,346
7406,"ASSAULT W/DANGEROUS WEAPON","38.8541710084","-76.9884331255",274,38,312,1323,556,1879,391,123,514
7406,"ASSAULT W/DANGEROUS WEAPON","38.8541710084","-76.9884331255",274,38,115,1323,556,1619,391,123,346
7406,"ASSAULT W/DANGEROUS WEAPON","38.8541710084","-76.9884331255",274,42,312,1323,351,1879,391,103,514
7406,"ASSAULT W/DANGEROUS WEAPON","38.8541710084","-76.9884331255",274,42,115,1323,351,1619,391,103,346
7406,"ASSAULT W/DANGEROUS WEAPON","38.8541710084","-76.9884331255",73,38,312,1268,556,1879,243,123,514
7406,"ASSAULT W/DANGEROUS WEAPON","38.8541710084","-76.9884331255",73,38,115,1268,556,1619,243,123,346
7406,"ASSAULT W/DANGEROUS WEAPON","38.8541710084","-76.9884331255",73,42,312,1268,351,1879,243,103,514
7406,"ASSAULT W/DANGEROUS WEAPON","38.8541710084","-76.9884331255",73,42,115,1268,351,1619,243,103,346
7406,"ASSAULT W/DANGEROUS WEAPON","38.8564142807","-76.9903452734",274,38,312,1323,556,1879,391,123,514
7406,"ASSAULT W/DANGEROUS WEAPON","38.8564142807","-76.9903452734",274,38,115,1323,556,1619,391,123,346
7406,"ASSAULT W/DANGEROUS WEAPON","38.8564142807","-76.9903452734",274,42,312,1323,351,1879,391,103,514
7406,"ASSAULT W/DANGEROUS WEAPON","38.8564142807","-76.9903452734",274,42,115,1323,351,1619,391,103,346
7406,"ASSAULT W/DANGEROUS WEAPON","38.8564142807","-76.9903452734",73,38,312,1268,556,1879,243,123,514
7406,"ASSAULT W/DANGEROUS WEAPON","38.8564142807","-76.9903452734",73,38,115,1268,556,1619,243,123,346
7406,"ASSAULT W/DANGEROUS WEAPON","38.8564142807","-76.9903452734",73,42,312,1268,351,1879,243,103,514
7406,"ASSAULT W/DANGEROUS WEAPON","38.8564142807","-76.9903452734",73,42,115,1268,351,1619,243,103,346
7406,"THEFT/OTHER","38.855198091","-76.9897348272",274,38,312,1323,556,1879,391,123,514
7406,"THEFT/OTHER","38.855198091","-76.9897348272",274,38,115,1323,556,1619,391,123,346
7406,"THEFT/OTHER","38.855198091","-76.9897348272",274,42,312,1323,351,1879,391,103,514
7406,"THEFT/OTHER","38.855198091","-76.9897348272",274,42,115,1323,351,1619,391,103,346
7406,"THEFT/OTHER","38.855198091","-76.9897348272",73,38,312,1268,556,1879,243,123,514
7406,"THEFT/OTHER","38.855198091","-76.9897348272",73,38,115,1268,556,1619,243,123,346
7406,"THEFT/OTHER","38.855198091","-76.9897348272",73,42,312,1268,351,1879,243,103,514
7406,"THEFT/OTHER","38.855198091","-76.9897348272",73,42,115,1268,351,1619,243,103,346
7406,"THEFT F/AUTO","38.855198091","-76.9897348272",274,38,312,1323,556,1879,391,123,514
7406,"THEFT F/AUTO","38.855198091","-76.9897348272",274,38,115,1323,556,1619,391,123,346
7406,"THEFT F/AUTO","38.855198091","-76.9897348272",274,42,312,1323,351,1879,391,103,514
7406,"THEFT F/AUTO","38.855198091","-76.9897348272",274,42,115,1323,351,1619,391,103,346
7406,"THEFT F/AUTO","38.855198091","-76.9897348272",73,38,312,1268,556,1879,243,123,514
7406,"THEFT F/AUTO","38.855198091","-76.9897348272",73,38,115,1268,556,1619,243,123,346
7406,"THEFT F/AUTO","38.855198091","-76.9897348272",73,42,312,1268,351,1879,243,103,514
7406,"THEFT F/AUTO","38.855198091","-76.9897348272",73,42,115,1268,351,1619,243,103,346
7406,"BURGLARY","38.858459169","-76.9900569597",274,38,312,1323,556,1879,391,123,514
7406,"BURGLARY","38.858459169","-76.9900569597",274,38,115,1323,556,1619,391,123,346
7406,"BURGLARY","38.858459169","-76.9900569597",274,42,312,1323,351,1879,391,103,514
7406,"BURGLARY","38.858459169","-76.9900569597",274,42,115,1323,351,1619,391,103,346
7406,"BURGLARY","38.858459169","-76.9900569597",73,38,312,1268,556,1879,243,123,514
7406,"BURGLARY","38.858459169","-76.9900569597",73,38,115,1268,556,1619,243,123,346
7406,"BURGLARY","38.858459169","-76.9900569597",73,42,312,1268,351,1879,243,103,514
7406,"BURGLARY","38.858459169","-76.9900569597",73,42,115,1268,351,1619,243,103,346
7406,"THEFT/OTHER","38.855198091","-76.9897348272",274,38,312,1323,556,1879,391,123,514
7406,"THEFT/OTHER","38.855198091","-76.9897348272",274,38,115,1323,556,1619,391,123,346
7406,"THEFT/OTHER","38.855198091","-76.9897348272",274,42,312,1323,351,1879,391,103,514
7406,"THEFT/OTHER","38.855198091","-76.9897348272",274,42,115,1323,351,1619,391,103,346
7406,"THEFT/OTHER","38.855198091","-76.9897348272",73,38,312,1268,556,1879,243,123,514
7406,"THEFT/OTHER","38.855198091","-76.9897348272",73,38,115,1268,556,1619,243,123,346
7406,"THEFT/OTHER","38.855198091","-76.9897348272",73,42,312,1268,351,1879,243,103,514
7406,"THEFT/OTHER","38.855198091","-76.9897348272",73,42,115,1268,351,1619,243,103,346
7406,"THEFT/OTHER","38.858459169","-76.9900569597",274,38,312,1323,556,1879,391,123,514
7406,"THEFT/OTHER","38.858459169","-76.9900569597",274,38,115,1323,556,1619,391,123,346
7406,"THEFT/OTHER","38.858459169","-76.9900569597",274,42,312,1323,351,1879,391,103,514
7406,"THEFT/OTHER","38.858459169","-76.9900569597",274,42,115,1323,351,1619,391,103,346
7406,"THEFT/OTHER","38.858459169","-76.9900569597",73,38,312,1268,556,1879,243,123,514
7406,"THEFT/OTHER","38.858459169","-76.9900569597",73,38,115,1268,556,1619,243,123,346
7406,"THEFT/OTHER","38.858459169","-76.9900569597",73,42,312,1268,351,1879,243,103,514
7406,"THEFT/OTHER","38.858459169","-76.9900569597",73,42,115,1268,351,1619,243,103,346
7406,"MOTOR VEHICLE THEFT","38.8541710084","-76.9884331255",274,38,312,1323,556,1879,391,123,514
7406,"MOTOR VEHICLE THEFT","38.8541710084","-76.9884331255",274,38,115,1323,556,1619,391,123,346
7406,"MOTOR VEHICLE THEFT","38.8541710084","-76.9884331255",274,42,312,1323,351,1879,391,103,514
7406,"MOTOR VEHICLE THEFT","38.8541710084","-76.9884331255",274,42,115,1323,351,1619,391,103,346
7406,"MOTOR VEHICLE THEFT","38.8541710084","-76.9884331255",73,38,312,1268,556,1879,243,123,514
7406,"MOTOR VEHICLE THEFT","38.8541710084","-76.9884331255",73,38,115,1268,556,1619,243,123,346
7406,"MOTOR VEHICLE THEFT","38.8541710084","-76.9884331255",73,42,312,1268,351,1879,243,103,514
7406,"MOTOR VEHICLE THEFT","38.8541710084","-76.9884331255",73,42,115,1268,351,1619,243,103,346
7406,"THEFT F/AUTO","38.8541710084","-76.9884331255",274,38,312,1323,556,1879,391,123,514
7406,"THEFT F/AUTO","38.8541710084","-76.9884331255",274,38,115,1323,556,1619,391,123,346
7406,"THEFT F/AUTO","38.8541710084","-76.9884331255",274,42,312,1323,351,1879,391,103,514
7406,"THEFT F/AUTO","38.8541710084","-76.9884331255",274,42,115,1323,351,1619,391,103,346
7406,"THEFT F/AUTO","38.8541710084","-76.9884331255",73,38,312,1268,556,1879,243,123,514
7406,"THEFT F/AUTO","38.8541710084","-76.9884331255",73,38,115,1268,556,1619,243,123,346
7406,"THEFT F/AUTO","38.8541710084","-76.9884331255",73,42,312,1268,351,1879,243,103,514
7406,"THEFT F/AUTO","38.8541710084","-76.9884331255",73,42,115,1268,351,1619,243,103,346
7406,"THEFT/OTHER","38.8568825255","-76.9882368252",274,38,312,1323,556,1879,391,123,514
7406,"THEFT/OTHER","38.8568825255","-76.9882368252",274,38,115,1323,556,1619,391,123,346
7406,"THEFT/OTHER","38.8568825255","-76.9882368252",274,42,312,1323,351,1879,391,103,514
7406,"THEFT/OTHER","38.8568825255","-76.9882368252",274,42,115,1323,351,1619,391,103,346
7406,"THEFT/OTHER","38.8568825255","-76.9882368252",73,38,312,1268,556,1879,243,123,514
7406,"THEFT/OTHER","38.8568825255","-76.9882368252",73,38,115,1268,556,1619,243,123,346
7406,"THEFT/OTHER","38.8568825255","-76.9882368252",73,42,312,1268,351,1879,243,103,514
7406,"THEFT/OTHER","38.8568825255","-76.9882368252",73,42,115,1268,351,1619,243,103,346
7406,"THEFT/OTHER","38.8564142807","-76.9903452734",274,38,312,1323,556,1879,391,123,514
7406,"THEFT/OTHER","38.8564142807","-76.9903452734",274,38,115,1323,556,1619,391,123,346
7406,"THEFT/OTHER","38.8564142807","-76.9903452734",274,42,312,1323,351,1879,391,103,514
7406,"THEFT/OTHER","38.8564142807","-76.9903452734",274,42,115,1323,351,1619,391,103,346
7406,"THEFT/OTHER","38.8564142807","-76.9903452734",73,38,312,1268,556,1879,243,123,514
7406,"THEFT/OTHER","38.8564142807","-76.9903452734",73,38,115,1268,556,1619,243,123,346
7406,"THEFT/OTHER","38.8564142807","-76.9903452734",73,42,312,1268,351,1879,243,103,514
7406,"THEFT/OTHER","38.8564142807","-76.9903452734",73,42,115,1268,351,1619,243,103,346
7406,"MOTOR VEHICLE THEFT","38.8541710084","-76.9884331255",274,38,312,1323,556,1879,391,123,514
7406,"MOTOR VEHICLE THEFT","38.8541710084","-76.9884331255",274,38,115,1323,556,1619,391,123,346
7406,"MOTOR VEHICLE THEFT","38.8541710084","-76.9884331255",274,42,312,1323,351,1879,391,103,514
7406,"MOTOR VEHICLE THEFT","38.8541710084","-76.9884331255",274,42,115,1323,351,1619,391,103,346
7406,"MOTOR VEHICLE THEFT","38.8541710084","-76.9884331255",73,38,312,1268,556,1879,243,123,514
7406,"MOTOR VEHICLE THEFT","38.8541710084","-76.9884331255",73,38,115,1268,556,1619,243,123,346
7406,"MOTOR VEHICLE THEFT","38.8541710084","-76.9884331255",73,42,312,1268,351,1879,243,103,514
7406,"MOTOR VEHICLE THEFT","38.8541710084","-76.9884331255",73,42,115,1268,351,1619,243,103,346
7406,"MOTOR VEHICLE THEFT","38.8541710084","-76.9884331255",274,38,312,1323,556,1879,391,123,514
7406,"MOTOR VEHICLE THEFT","38.8541710084","-76.9884331255",274,38,115,1323,556,1619,391,123,346
7406,"MOTOR VEHICLE THEFT","38.8541710084","-76.9884331255",274,42,312,1323,351,1879,391,103,514
7406,"MOTOR VEHICLE THEFT","38.8541710084","-76.9884331255",274,42,115,1323,351,1619,391,103,346
7406,"MOTOR VEHICLE THEFT","38.8541710084","-76.9884331255",73,38,312,1268,556,1879,243,123,514
7406,"MOTOR VEHICLE THEFT","38.8541710084","-76.9884331255",73,38,115,1268,556,1619,243,123,346
7406,"MOTOR VEHICLE THEFT","38.8541710084","-76.9884331255",73,42,312,1268,351,1879,243,103,514
7406,"MOTOR VEHICLE THEFT","38.8541710084","-76.9884331255",73,42,115,1268,351,1619,243,103,346
7406,"THEFT F/AUTO","38.855198091","-76.9897348272",274,38,312,1323,556,1879,391,123,514
7406,"THEFT F/AUTO","38.855198091","-76.9897348272",274,38,115,1323,556,1619,391,123,346
7406,"THEFT F/AUTO","38.855198091","-76.9897348272",274,42,312,1323,351,1879,391,103,514
7406,"THEFT F/AUTO","38.855198091","-76.9897348272",274,42,115,1323,351,1619,391,103,346
7406,"THEFT F/AUTO","38.855198091","-76.9897348272",73,38,312,1268,556,1879,243,123,514
7406,"THEFT F/AUTO","38.855198091","-76.9897348272",73,38,115,1268,556,1619,243,123,346
7406,"THEFT F/AUTO","38.855198091","-76.9897348272",73,42,312,1268,351,1879,243,103,514
7406,"THEFT F/AUTO","38.855198091","-76.9897348272",73,42,115,1268,351,1619,243,103,346
7406,"ASSAULT W/DANGEROUS WEAPON","38.8541710084","-76.9884331255",274,38,312,1323,556,1879,391,123,514
7406,"ASSAULT W/DANGEROUS WEAPON","38.8541710084","-76.9884331255",274,38,115,1323,556,1619,391,123,346
7406,"ASSAULT W/DANGEROUS WEAPON","38.8541710084","-76.9884331255",274,42,312,1323,351,1879,391,103,514
7406,"ASSAULT W/DANGEROUS WEAPON","38.8541710084","-76.9884331255",274,42,115,1323,351,1619,391,103,346
7406,"ASSAULT W/DANGEROUS WEAPON","38.8541710084","-76.9884331255",73,38,312,1268,556,1879,243,123,514
7406,"ASSAULT W/DANGEROUS WEAPON","38.8541710084","-76.9884331255",73,38,115,1268,556,1619,243,123,346
7406,"ASSAULT W/DANGEROUS WEAPON","38.8541710084","-76.9884331255",73,42,312,1268,351,1879,243,103,514
7406,"ASSAULT W/DANGEROUS WEAPON","38.8541710084","-76.9884331255",73,42,115,1268,351,1619,243,103,346
7406,"ASSAULT W/DANGEROUS WEAPON","38.8564142807","-76.9903452734",274,38,312,1323,556,1879,391,123,514
7406,"ASSAULT W/DANGEROUS WEAPON","38.8564142807","-76.9903452734",274,38,115,1323,556,1619,391,123,346
7406,"ASSAULT W/DANGEROUS WEAPON","38.8564142807","-76.9903452734",274,42,312,1323,351,1879,391,103,514
7406,"ASSAULT W/DANGEROUS WEAPON","38.8564142807","-76.9903452734",274,42,115,1323,351,1619,391,103,346
7406,"ASSAULT W/DANGEROUS WEAPON","38.8564142807","-76.9903452734",73,38,312,1268,556,1879,243,123,514
7406,"ASSAULT W/DANGEROUS WEAPON","38.8564142807","-76.9903452734",73,38,115,1268,556,1619,243,123,346
7406,"ASSAULT W/DANGEROUS WEAPON","38.8564142807","-76.9903452734",73,42,312,1268,351,1879,243,103,514
7406,"ASSAULT W/DANGEROUS WEAPON","38.8564142807","-76.9903452734",73,42,115,1268,351,1619,243,103,346
7406,"THEFT/OTHER","38.8541710084","-76.9884331255",274,38,312,1323,556,1879,391,123,514
7406,"THEFT/OTHER","38.8541710084","-76.9884331255",274,38,115,1323,556,1619,391,123,346
7406,"THEFT/OTHER","38.8541710084","-76.9884331255",274,42,312,1323,351,1879,391,103,514
7406,"THEFT/OTHER","38.8541710084","-76.9884331255",274,42,115,1323,351,1619,391,103,346
7406,"THEFT/OTHER","38.8541710084","-76.9884331255",73,38,312,1268,556,1879,243,123,514
7406,"THEFT/OTHER","38.8541710084","-76.9884331255",73,38,115,1268,556,1619,243,123,346
7406,"THEFT/OTHER","38.8541710084","-76.9884331255",73,42,312,1268,351,1879,243,103,514
7406,"THEFT/OTHER","38.8541710084","-76.9884331255",73,42,115,1268,351,1619,243,103,346
7406,"ASSAULT W/DANGEROUS WEAPON","38.8574592722","-76.9905179519",274,38,312,1323,556,1879,391,123,514
7406,"ASSAULT W/DANGEROUS WEAPON","38.8574592722","-76.9905179519",274,38,115,1323,556,1619,391,123,346
7406,"ASSAULT W/DANGEROUS WEAPON","38.8574592722","-76.9905179519",274,42,312,1323,351,1879,391,103,514
7406,"ASSAULT W/DANGEROUS WEAPON","38.8574592722","-76.9905179519",274,42,115,1323,351,1619,391,103,346
7406,"ASSAULT W/DANGEROUS WEAPON","38.8574592722","-76.9905179519",73,38,312,1268,556,1879,243,123,514
7406,"ASSAULT W/DANGEROUS WEAPON","38.8574592722","-76.9905179519",73,38,115,1268,556,1619,243,123,346
7406,"ASSAULT W/DANGEROUS WEAPON","38.8574592722","-76.9905179519",73,42,312,1268,351,1879,243,103,514
7406,"ASSAULT W/DANGEROUS WEAPON","38.8574592722","-76.9905179519",73,42,115,1268,351,1619,243,103,346
7406,"THEFT F/AUTO","38.855198091","-76.9897348272",274,38,312,1323,556,1879,391,123,514
7406,"THEFT F/AUTO","38.855198091","-76.9897348272",274,38,115,1323,556,1619,391,123,346
7406,"THEFT F/AUTO","38.855198091","-76.9897348272",274,42,312,1323,351,1879,391,103,514
7406,"THEFT F/AUTO","38.855198091","-76.9897348272",274,42,115,1323,351,1619,391,103,346
7406,"THEFT F/AUTO","38.855198091","-76.9897348272",73,38,312,1268,556,1879,243,123,514
7406,"THEFT F/AUTO","38.855198091","-76.9897348272",73,38,115,1268,556,1619,243,123,346
7406,"THEFT F/AUTO","38.855198091","-76.9897348272",73,42,312,1268,351,1879,243,103,514
7406,"THEFT F/AUTO","38.855198091","-76.9897348272",73,42,115,1268,351,1619,243,103,346
7406,"THEFT/OTHER","38.8564142807","-76.9903452734",274,38,312,1323,556,1879,391,123,514
7406,"THEFT/OTHER","38.8564142807","-76.9903452734",274,38,115,1323,556,1619,391,123,346
7406,"THEFT/OTHER","38.8564142807","-76.9903452734",274,42,312,1323,351,1879,391,103,514
7406,"THEFT/OTHER","38.8564142807","-76.9903452734",274,42,115,1323,351,1619,391,103,346
7406,"THEFT/OTHER","38.8564142807","-76.9903452734",73,38,312,1268,556,1879,243,123,514
7406,"THEFT/OTHER","38.8564142807","-76.9903452734",73,38,115,1268,556,1619,243,123,346
7406,"THEFT/OTHER","38.8564142807","-76.9903452734",73,42,312,1268,351,1879,243,103,514
7406,"THEFT/OTHER","38.8564142807","-76.9903452734",73,42,115,1268,351,1619,243,103,346
7406,"THEFT F/AUTO","38.8541710084","-76.9884331255",274,38,312,1323,556,1879,391,123,514
7406,"THEFT F/AUTO","38.8541710084","-76.9884331255",274,38,115,1323,556,1619,391,123,346
7406,"THEFT F/AUTO","38.8541710084","-76.9884331255",274,42,312,1323,351,1879,391,103,514
7406,"THEFT F/AUTO","38.8541710084","-76.9884331255",274,42,115,1323,351,1619,391,103,346
7406,"THEFT F/AUTO","38.8541710084","-76.9884331255",73,38,312,1268,556,1879,243,123,514
7406,"THEFT F/AUTO","38.8541710084","-76.9884331255",73,38,115,1268,556,1619,243,123,346
7406,"THEFT F/AUTO","38.8541710084","-76.9884331255",73,42,312,1268,351,1879,243,103,514
7406,"THEFT F/AUTO","38.8541710084","-76.9884331255",73,42,115,1268,351,1619,243,103,346
7406,"THEFT F/AUTO","38.8541710084","-76.9884331255",274,38,312,1323,556,1879,391,123,514
7406,"THEFT F/AUTO","38.8541710084","-76.9884331255",274,38,115,1323,556,1619,391,123,346
7406,"THEFT F/AUTO","38.8541710084","-76.9884331255",274,42,312,1323,351,1879,391,103,514
7406,"THEFT F/AUTO","38.8541710084","-76.9884331255",274,42,115,1323,351,1619,391,103,346
7406,"THEFT F/AUTO","38.8541710084","-76.9884331255",73,38,312,1268,556,1879,243,123,514
7406,"THEFT F/AUTO","38.8541710084","-76.9884331255",73,38,115,1268,556,1619,243,123,346
7406,"THEFT F/AUTO","38.8541710084","-76.9884331255",73,42,312,1268,351,1879,243,103,514
7406,"THEFT F/AUTO","38.8541710084","-76.9884331255",73,42,115,1268,351,1619,243,103,346
7406,"ROBBERY","38.855198091","-76.9897348272",274,38,312,1323,556,1879,391,123,514
7406,"ROBBERY","38.855198091","-76.9897348272",274,38,115,1323,556,1619,391,123,346
7406,"ROBBERY","38.855198091","-76.9897348272",274,42,312,1323,351,1879,391,103,514
7406,"ROBBERY","38.855198091","-76.9897348272",274,42,115,1323,351,1619,391,103,346
7406,"ROBBERY","38.855198091","-76.9897348272",73,38,312,1268,556,1879,243,123,514
7406,"ROBBERY","38.855198091","-76.9897348272",73,38,115,1268,556,1619,243,123,346
7406,"ROBBERY","38.855198091","-76.9897348272",73,42,312,1268,351,1879,243,103,514
7406,"ROBBERY","38.855198091","-76.9897348272",73,42,115,1268,351,1619,243,103,346
7406,"THEFT F/AUTO","38.8541710084","-76.9884331255",274,38,312,1323,556,1879,391,123,514
7406,"THEFT F/AUTO","38.8541710084","-76.9884331255",274,38,115,1323,556,1619,391,123,346
7406,"THEFT F/AUTO","38.8541710084","-76.9884331255",274,42,312,1323,351,1879,391,103,514
7406,"THEFT F/AUTO","38.8541710084","-76.9884331255",274,42,115,1323,351,1619,391,103,346
7406,"THEFT F/AUTO","38.8541710084","-76.9884331255",73,38,312,1268,556,1879,243,123,514
7406,"THEFT F/AUTO","38.8541710084","-76.9884331255",73,38,115,1268,556,1619,243,123,346
7406,"THEFT F/AUTO","38.8541710084","-76.9884331255",73,42,312,1268,351,1879,243,103,514
7406,"THEFT F/AUTO","38.8541710084","-76.9884331255",73,42,115,1268,351,1619,243,103,346
7406,"THEFT F/AUTO","38.858459169","-76.9900569597",274,38,312,1323,556,1879,391,123,514
7406,"THEFT F/AUTO","38.858459169","-76.9900569597",274,38,115,1323,556,1619,391,123,346
7406,"THEFT F/AUTO","38.858459169","-76.9900569597",274,42,312,1323,351,1879,391,103,514
7406,"THEFT F/AUTO","38.858459169","-76.9900569597",274,42,115,1323,351,1619,391,103,346
7406,"THEFT F/AUTO","38.858459169","-76.9900569597",73,38,312,1268,556,1879,243,123,514
7406,"THEFT F/AUTO","38.858459169","-76.9900569597",73,38,115,1268,556,1619,243,123,346
7406,"THEFT F/AUTO","38.858459169","-76.9900569597",73,42,312,1268,351,1879,243,103,514
7406,"THEFT F/AUTO","38.858459169","-76.9900569597",73,42,115,1268,351,1619,243,103,346
7406,"BURGLARY","38.8574592722","-76.9905179519",274,38,312,1323,556,1879,391,123,514
7406,"BURGLARY","38.8574592722","-76.9905179519",274,38,115,1323,556,1619,391,123,346
7406,"BURGLARY","38.8574592722","-76.9905179519",274,42,312,1323,351,1879,391,103,514
7406,"BURGLARY","38.8574592722","-76.9905179519",274,42,115,1323,351,1619,391,103,346
7406,"BURGLARY","38.8574592722","-76.9905179519",73,38,312,1268,556,1879,243,123,514
7406,"BURGLARY","38.8574592722","-76.9905179519",73,38,115,1268,556,1619,243,123,346
7406,"BURGLARY","38.8574592722","-76.9905179519",73,42,312,1268,351,1879,243,103,514
7406,"BURGLARY","38.8574592722","-76.9905179519",73,42,115,1268,351,1619,243,103,346
7406,"THEFT F/AUTO","38.858459169","-76.9900569597",274,38,312,1323,556,1879,391,123,514
7406,"THEFT F/AUTO","38.858459169","-76.9900569597",274,38,115,1323,556,1619,391,123,346
7406,"THEFT F/AUTO","38.858459169","-76.9900569597",274,42,312,1323,351,1879,391,103,514
7406,"THEFT F/AUTO","38.858459169","-76.9900569597",274,42,115,1323,351,1619,391,103,346
7406,"THEFT F/AUTO","38.858459169","-76.9900569597",73,38,312,1268,556,1879,243,123,514
7406,"THEFT F/AUTO","38.858459169","-76.9900569597",73,38,115,1268,556,1619,243,123,346
7406,"THEFT F/AUTO","38.858459169","-76.9900569597",73,42,312,1268,351,1879,243,103,514
7406,"THEFT F/AUTO","38.858459169","-76.9900569597",73,42,115,1268,351,1619,243,103,346
7406,"ASSAULT W/DANGEROUS WEAPON","38.8541710084","-76.9884331255",274,38,312,1323,556,1879,391,123,514
7406,"ASSAULT W/DANGEROUS WEAPON","38.8541710084","-76.9884331255",274,38,115,1323,556,1619,391,123,346
7406,"ASSAULT W/DANGEROUS WEAPON","38.8541710084","-76.9884331255",274,42,312,1323,351,1879,391,103,514
7406,"ASSAULT W/DANGEROUS WEAPON","38.8541710084","-76.9884331255",274,42,115,1323,351,1619,391,103,346
7406,"ASSAULT W/DANGEROUS WEAPON","38.8541710084","-76.9884331255",73,38,312,1268,556,1879,243,123,514
7406,"ASSAULT W/DANGEROUS WEAPON","38.8541710084","-76.9884331255",73,38,115,1268,556,1619,243,123,346
7406,"ASSAULT W/DANGEROUS WEAPON","38.8541710084","-76.9884331255",73,42,312,1268,351,1879,243,103,514
7406,"ASSAULT W/DANGEROUS WEAPON","38.8541710084","-76.9884331255",73,42,115,1268,351,1619,243,103,346
7406,"ROBBERY","38.858459169","-76.9900569597",274,38,312,1323,556,1879,391,123,514
7406,"ROBBERY","38.858459169","-76.9900569597",274,38,115,1323,556,1619,391,123,346
7406,"ROBBERY","38.858459169","-76.9900569597",274,42,312,1323,351,1879,391,103,514
7406,"ROBBERY","38.858459169","-76.9900569597",274,42,115,1323,351,1619,391,103,346
7406,"ROBBERY","38.858459169","-76.9900569597",73,38,312,1268,556,1879,243,123,514
7406,"ROBBERY","38.858459169","-76.9900569597",73,38,115,1268,556,1619,243,123,346
7406,"ROBBERY","38.858459169","-76.9900569597",73,42,312,1268,351,1879,243,103,514
7406,"ROBBERY","38.858459169","-76.9900569597",73,42,115,1268,351,1619,243,103,346
7406,"THEFT F/AUTO","38.8569730157","-76.9933983274",274,38,312,1323,556,1879,391,123,514
7406,"THEFT F/AUTO","38.8569730157","-76.9933983274",274,38,115,1323,556,1619,391,123,346
7406,"THEFT F/AUTO","38.8569730157","-76.9933983274",274,42,312,1323,351,1879,391,103,514
7406,"THEFT F/AUTO","38.8569730157","-76.9933983274",274,42,115,1323,351,1619,391,103,346
7406,"THEFT F/AUTO","38.8569730157","-76.9933983274",73,38,312,1268,556,1879,243,123,514
7406,"THEFT F/AUTO","38.8569730157","-76.9933983274",73,38,115,1268,556,1619,243,123,346
7406,"THEFT F/AUTO","38.8569730157","-76.9933983274",73,42,312,1268,351,1879,243,103,514
7406,"THEFT F/AUTO","38.8569730157","-76.9933983274",73,42,115,1268,351,1619,243,103,346
7406,"ASSAULT W/DANGEROUS WEAPON","38.8541710084","-76.9884331255",274,38,312,1323,556,1879,391,123,514
7406,"ASSAULT W/DANGEROUS WEAPON","38.8541710084","-76.9884331255",274,38,115,1323,556,1619,391,123,346
7406,"ASSAULT W/DANGEROUS WEAPON","38.8541710084","-76.9884331255",274,42,312,1323,351,1879,391,103,514
7406,"ASSAULT W/DANGEROUS WEAPON","38.8541710084","-76.9884331255",274,42,115,1323,351,1619,391,103,346
7406,"ASSAULT W/DANGEROUS WEAPON","38.8541710084","-76.9884331255",73,38,312,1268,556,1879,243,123,514
7406,"ASSAULT W/DANGEROUS WEAPON","38.8541710084","-76.9884331255",73,38,115,1268,556,1619,243,123,346
7406,"ASSAULT W/DANGEROUS WEAPON","38.8541710084","-76.9884331255",73,42,312,1268,351,1879,243,103,514
7406,"ASSAULT W/DANGEROUS WEAPON","38.8541710084","-76.9884331255",73,42,115,1268,351,1619,243,103,346
7406,"THEFT/OTHER","38.8541710084","-76.9884331255",274,38,312,1323,556,1879,391,123,514
7406,"THEFT/OTHER","38.8541710084","-76.9884331255",274,38,115,1323,556,1619,391,123,346
7406,"THEFT/OTHER","38.8541710084","-76.9884331255",274,42,312,1323,351,1879,391,103,514
7406,"THEFT/OTHER","38.8541710084","-76.9884331255",274,42,115,1323,351,1619,391,103,346
7406,"THEFT/OTHER","38.8541710084","-76.9884331255",73,38,312,1268,556,1879,243,123,514
7406,"THEFT/OTHER","38.8541710084","-76.9884331255",73,38,115,1268,556,1619,243,123,346
7406,"THEFT/OTHER","38.8541710084","-76.9884331255",73,42,312,1268,351,1879,243,103,514
7406,"THEFT/OTHER","38.8541710084","-76.9884331255",73,42,115,1268,351,1619,243,103,346
7406,"HOMICIDE","38.8541710084","-76.9884331255",274,38,312,1323,556,1879,391,123,514
7406,"HOMICIDE","38.8541710084","-76.9884331255",274,38,115,1323,556,1619,391,123,346
7406,"HOMICIDE","38.8541710084","-76.9884331255",274,42,312,1323,351,1879,391,103,514
7406,"HOMICIDE","38.8541710084","-76.9884331255",274,42,115,1323,351,1619,391,103,346
7406,"HOMICIDE","38.8541710084","-76.9884331255",73,38,312,1268,556,1879,243,123,514
7406,"HOMICIDE","38.8541710084","-76.9884331255",73,38,115,1268,556,1619,243,123,346
7406,"HOMICIDE","38.8541710084","-76.9884331255",73,42,312,1268,351,1879,243,103,514
7406,"HOMICIDE","38.8541710084","-76.9884331255",73,42,115,1268,351,1619,243,103,346
7406,"ROBBERY","38.8584143123","-76.9925456049",274,38,312,1323,556,1879,391,123,514
7406,"ROBBERY","38.8584143123","-76.9925456049",274,38,115,1323,556,1619,391,123,346
7406,"ROBBERY","38.8584143123","-76.9925456049",274,42,312,1323,351,1879,391,103,514
7406,"ROBBERY","38.8584143123","-76.9925456049",274,42,115,1323,351,1619,391,103,346
7406,"ROBBERY","38.8584143123","-76.9925456049",73,38,312,1268,556,1879,243,123,514
7406,"ROBBERY","38.8584143123","-76.9925456049",73,38,115,1268,556,1619,243,123,346
7406,"ROBBERY","38.8584143123","-76.9925456049",73,42,312,1268,351,1879,243,103,514
7406,"ROBBERY","38.8584143123","-76.9925456049",73,42,115,1268,351,1619,243,103,346
7406,"ASSAULT W/DANGEROUS WEAPON","38.855198091","-76.9897348272",274,38,312,1323,556,1879,391,123,514
7406,"ASSAULT W/DANGEROUS WEAPON","38.855198091","-76.9897348272",274,38,115,1323,556,1619,391,123,346
7406,"ASSAULT W/DANGEROUS WEAPON","38.855198091","-76.9897348272",274,42,312,1323,351,1879,391,103,514
7406,"ASSAULT W/DANGEROUS WEAPON","38.855198091","-76.9897348272",274,42,115,1323,351,1619,391,103,346
7406,"ASSAULT W/DANGEROUS WEAPON","38.855198091","-76.9897348272",73,38,312,1268,556,1879,243,123,514
7406,"ASSAULT W/DANGEROUS WEAPON","38.855198091","-76.9897348272",73,38,115,1268,556,1619,243,123,346
7406,"ASSAULT W/DANGEROUS WEAPON","38.855198091","-76.9897348272",73,42,312,1268,351,1879,243,103,514
7406,"ASSAULT W/DANGEROUS WEAPON","38.855198091","-76.9897348272",73,42,115,1268,351,1619,243,103,346
7406,"ASSAULT W/DANGEROUS WEAPON","38.8541710084","-76.9884331255",274,38,312,1323,556,1879,391,123,514
7406,"ASSAULT W/DANGEROUS WEAPON","38.8541710084","-76.9884331255",274,38,115,1323,556,1619,391,123,346
7406,"ASSAULT W/DANGEROUS WEAPON","38.8541710084","-76.9884331255",274,42,312,1323,351,1879,391,103,514
7406,"ASSAULT W/DANGEROUS WEAPON","38.8541710084","-76.9884331255",274,42,115,1323,351,1619,391,103,346
7406,"ASSAULT W/DANGEROUS WEAPON","38.8541710084","-76.9884331255",73,38,312,1268,556,1879,243,123,514
7406,"ASSAULT W/DANGEROUS WEAPON","38.8541710084","-76.9884331255",73,38,115,1268,556,1619,243,123,346
7406,"ASSAULT W/DANGEROUS WEAPON","38.8541710084","-76.9884331255",73,42,312,1268,351,1879,243,103,514
7406,"ASSAULT W/DANGEROUS WEAPON","38.8541710084","-76.9884331255",73,42,115,1268,351,1619,243,103,346
7406,"MOTOR VEHICLE THEFT","38.855198091","-76.9897348272",274,38,312,1323,556,1879,391,123,514
7406,"MOTOR VEHICLE THEFT","38.855198091","-76.9897348272",274,38,115,1323,556,1619,391,123,346
7406,"MOTOR VEHICLE THEFT","38.855198091","-76.9897348272",274,42,312,1323,351,1879,391,103,514
7406,"MOTOR VEHICLE THEFT","38.855198091","-76.9897348272",274,42,115,1323,351,1619,391,103,346
7406,"MOTOR VEHICLE THEFT","38.855198091","-76.9897348272",73,38,312,1268,556,1879,243,123,514
7406,"MOTOR VEHICLE THEFT","38.855198091","-76.9897348272",73,38,115,1268,556,1619,243,123,346
7406,"MOTOR VEHICLE THEFT","38.855198091","-76.9897348272",73,42,312,1268,351,1879,243,103,514
7406,"MOTOR VEHICLE THEFT","38.855198091","-76.9897348272",73,42,115,1268,351,1619,243,103,346
7406,"THEFT/OTHER","38.8541710084","-76.9884331255",274,38,312,1323,556,1879,391,123,514
7406,"THEFT/OTHER","38.8541710084","-76.9884331255",274,38,115,1323,556,1619,391,123,346
7406,"THEFT/OTHER","38.8541710084","-76.9884331255",274,42,312,1323,351,1879,391,103,514
7406,"THEFT/OTHER","38.8541710084","-76.9884331255",274,42,115,1323,351,1619,391,103,346
7406,"THEFT/OTHER","38.8541710084","-76.9884331255",73,38,312,1268,556,1879,243,123,514
7406,"THEFT/OTHER","38.8541710084","-76.9884331255",73,38,115,1268,556,1619,243,123,346
7406,"THEFT/OTHER","38.8541710084","-76.9884331255",73,42,312,1268,351,1879,243,103,514
7406,"THEFT/OTHER","38.8541710084","-76.9884331255",73,42,115,1268,351,1619,243,103,346
7406,"ROBBERY","38.855198091","-76.9897348272",274,38,312,1323,556,1879,391,123,514
7406,"ROBBERY","38.855198091","-76.9897348272",274,38,115,1323,556,1619,391,123,346
7406,"ROBBERY","38.855198091","-76.9897348272",274,42,312,1323,351,1879,391,103,514
7406,"ROBBERY","38.855198091","-76.9897348272",274,42,115,1323,351,1619,391,103,346
7406,"ROBBERY","38.855198091","-76.9897348272",73,38,312,1268,556,1879,243,123,514
7406,"ROBBERY","38.855198091","-76.9897348272",73,38,115,1268,556,1619,243,123,346
7406,"ROBBERY","38.855198091","-76.9897348272",73,42,312,1268,351,1879,243,103,514
7406,"ROBBERY","38.855198091","-76.9897348272",73,42,115,1268,351,1619,243,103,346
7406,"THEFT F/AUTO","38.855198091","-76.9897348272",274,38,312,1323,556,1879,391,123,514
7406,"THEFT F/AUTO","38.855198091","-76.9897348272",274,38,115,1323,556,1619,391,123,346
7406,"THEFT F/AUTO","38.855198091","-76.9897348272",274,42,312,1323,351,1879,391,103,514
7406,"THEFT F/AUTO","38.855198091","-76.9897348272",274,42,115,1323,351,1619,391,103,346
7406,"THEFT F/AUTO","38.855198091","-76.9897348272",73,38,312,1268,556,1879,243,123,514
7406,"THEFT F/AUTO","38.855198091","-76.9897348272",73,38,115,1268,556,1619,243,123,346
7406,"THEFT F/AUTO","38.855198091","-76.9897348272",73,42,312,1268,351,1879,243,103,514
7406,"THEFT F/AUTO","38.855198091","-76.9897348272",73,42,115,1268,351,1619,243,103,346
7406,"BURGLARY","38.8568825255","-76.9882368252",274,38,312,1323,556,1879,391,123,514
7406,"BURGLARY","38.8568825255","-76.9882368252",274,38,115,1323,556,1619,391,123,346
7406,"BURGLARY","38.8568825255","-76.9882368252",274,42,312,1323,351,1879,391,103,514
7406,"BURGLARY","38.8568825255","-76.9882368252",274,42,115,1323,351,1619,391,103,346
7406,"BURGLARY","38.8568825255","-76.9882368252",73,38,312,1268,556,1879,243,123,514
7406,"BURGLARY","38.8568825255","-76.9882368252",73,38,115,1268,556,1619,243,123,346
7406,"BURGLARY","38.8568825255","-76.9882368252",73,42,312,1268,351,1879,243,103,514
7406,"BURGLARY","38.8568825255","-76.9882368252",73,42,115,1268,351,1619,243,103,346
7406,"SEX ABUSE","38.8574592722","-76.9905179519",274,38,312,1323,556,1879,391,123,514
7406,"SEX ABUSE","38.8574592722","-76.9905179519",274,38,115,1323,556,1619,391,123,346
7406,"SEX ABUSE","38.8574592722","-76.9905179519",274,42,312,1323,351,1879,391,103,514
7406,"SEX ABUSE","38.8574592722","-76.9905179519",274,42,115,1323,351,1619,391,103,346
7406,"SEX ABUSE","38.8574592722","-76.9905179519",73,38,312,1268,556,1879,243,123,514
7406,"SEX ABUSE","38.8574592722","-76.9905179519",73,38,115,1268,556,1619,243,123,346
7406,"SEX ABUSE","38.8574592722","-76.9905179519",73,42,312,1268,351,1879,243,103,514
7406,"SEX ABUSE","38.8574592722","-76.9905179519",73,42,115,1268,351,1619,243,103,346
7406,"ASSAULT W/DANGEROUS WEAPON","38.8541710084","-76.9884331255",274,38,312,1323,556,1879,391,123,514
7406,"ASSAULT W/DANGEROUS WEAPON","38.8541710084","-76.9884331255",274,38,115,1323,556,1619,391,123,346
7406,"ASSAULT W/DANGEROUS WEAPON","38.8541710084","-76.9884331255",274,42,312,1323,351,1879,391,103,514
7406,"ASSAULT W/DANGEROUS WEAPON","38.8541710084","-76.9884331255",274,42,115,1323,351,1619,391,103,346
7406,"ASSAULT W/DANGEROUS WEAPON","38.8541710084","-76.9884331255",73,38,312,1268,556,1879,243,123,514
7406,"ASSAULT W/DANGEROUS WEAPON","38.8541710084","-76.9884331255",73,38,115,1268,556,1619,243,123,346
7406,"ASSAULT W/DANGEROUS WEAPON","38.8541710084","-76.9884331255",73,42,312,1268,351,1879,243,103,514
7406,"ASSAULT W/DANGEROUS WEAPON","38.8541710084","-76.9884331255",73,42,115,1268,351,1619,243,103,346
7406,"MOTOR VEHICLE THEFT","38.8574592722","-76.9905179519",274,38,312,1323,556,1879,391,123,514
7406,"MOTOR VEHICLE THEFT","38.8574592722","-76.9905179519",274,38,115,1323,556,1619,391,123,346
7406,"MOTOR VEHICLE THEFT","38.8574592722","-76.9905179519",274,42,312,1323,351,1879,391,103,514
7406,"MOTOR VEHICLE THEFT","38.8574592722","-76.9905179519",274,42,115,1323,351,1619,391,103,346
7406,"MOTOR VEHICLE THEFT","38.8574592722","-76.9905179519",73,38,312,1268,556,1879,243,123,514
7406,"MOTOR VEHICLE THEFT","38.8574592722","-76.9905179519",73,38,115,1268,556,1619,243,123,346
7406,"MOTOR VEHICLE THEFT","38.8574592722","-76.9905179519",73,42,312,1268,351,1879,243,103,514
7406,"MOTOR VEHICLE THEFT","38.8574592722","-76.9905179519",73,42,115,1268,351,1619,243,103,346
7406,"ASSAULT W/DANGEROUS WEAPON","38.858459169","-76.9900569597",274,38,312,1323,556,1879,391,123,514
7406,"ASSAULT W/DANGEROUS WEAPON","38.858459169","-76.9900569597",274,38,115,1323,556,1619,391,123,346
7406,"ASSAULT W/DANGEROUS WEAPON","38.858459169","-76.9900569597",274,42,312,1323,351,1879,391,103,514
7406,"ASSAULT W/DANGEROUS WEAPON","38.858459169","-76.9900569597",274,42,115,1323,351,1619,391,103,346
7406,"ASSAULT W/DANGEROUS WEAPON","38.858459169","-76.9900569597",73,38,312,1268,556,1879,243,123,514
7406,"ASSAULT W/DANGEROUS WEAPON","38.858459169","-76.9900569597",73,38,115,1268,556,1619,243,123,346
7406,"ASSAULT W/DANGEROUS WEAPON","38.858459169","-76.9900569597",73,42,312,1268,351,1879,243,103,514
7406,"ASSAULT W/DANGEROUS WEAPON","38.858459169","-76.9900569597",73,42,115,1268,351,1619,243,103,346
7406,"MOTOR VEHICLE THEFT","38.8541710084","-76.9884331255",274,38,312,1323,556,1879,391,123,514
7406,"MOTOR VEHICLE THEFT","38.8541710084","-76.9884331255",274,38,115,1323,556,1619,391,123,346
7406,"MOTOR VEHICLE THEFT","38.8541710084","-76.9884331255",274,42,312,1323,351,1879,391,103,514
7406,"MOTOR VEHICLE THEFT","38.8541710084","-76.9884331255",274,42,115,1323,351,1619,391,103,346
7406,"MOTOR VEHICLE THEFT","38.8541710084","-76.9884331255",73,38,312,1268,556,1879,243,123,514
7406,"MOTOR VEHICLE THEFT","38.8541710084","-76.9884331255",73,38,115,1268,556,1619,243,123,346
7406,"MOTOR VEHICLE THEFT","38.8541710084","-76.9884331255",73,42,312,1268,351,1879,243,103,514
7406,"MOTOR VEHICLE THEFT","38.8541710084","-76.9884331255",73,42,115,1268,351,1619,243,103,346
7406,"ROBBERY","38.8564142807","-76.9903452734",274,38,312,1323,556,1879,391,123,514
7406,"ROBBERY","38.8564142807","-76.9903452734",274,38,115,1323,556,1619,391,123,346
7406,"ROBBERY","38.8564142807","-76.9903452734",274,42,312,1323,351,1879,391,103,514
7406,"ROBBERY","38.8564142807","-76.9903452734",274,42,115,1323,351,1619,391,103,346
7406,"ROBBERY","38.8564142807","-76.9903452734",73,38,312,1268,556,1879,243,123,514
7406,"ROBBERY","38.8564142807","-76.9903452734",73,38,115,1268,556,1619,243,123,346
7406,"ROBBERY","38.8564142807","-76.9903452734",73,42,312,1268,351,1879,243,103,514
7406,"ROBBERY","38.8564142807","-76.9903452734",73,42,115,1268,351,1619,243,103,346
7406,"ROBBERY","38.8541710084","-76.9884331255",274,38,312,1323,556,1879,391,123,514
7406,"ROBBERY","38.8541710084","-76.9884331255",274,38,115,1323,556,1619,391,123,346
7406,"ROBBERY","38.8541710084","-76.9884331255",274,42,312,1323,351,1879,391,103,514
7406,"ROBBERY","38.8541710084","-76.9884331255",274,42,115,1323,351,1619,391,103,346
7406,"ROBBERY","38.8541710084","-76.9884331255",73,38,312,1268,556,1879,243,123,514
7406,"ROBBERY","38.8541710084","-76.9884331255",73,38,115,1268,556,1619,243,123,346
7406,"ROBBERY","38.8541710084","-76.9884331255",73,42,312,1268,351,1879,243,103,514
7406,"ROBBERY","38.8541710084","-76.9884331255",73,42,115,1268,351,1619,243,103,346
7406,"THEFT/OTHER","38.8574592722","-76.9905179519",274,38,312,1323,556,1879,391,123,514
7406,"THEFT/OTHER","38.8574592722","-76.9905179519",274,38,115,1323,556,1619,391,123,346
7406,"THEFT/OTHER","38.8574592722","-76.9905179519",274,42,312,1323,351,1879,391,103,514
7406,"THEFT/OTHER","38.8574592722","-76.9905179519",274,42,115,1323,351,1619,391,103,346
7406,"THEFT/OTHER","38.8574592722","-76.9905179519",73,38,312,1268,556,1879,243,123,514
7406,"THEFT/OTHER","38.8574592722","-76.9905179519",73,38,115,1268,556,1619,243,123,346
7406,"THEFT/OTHER","38.8574592722","-76.9905179519",73,42,312,1268,351,1879,243,103,514
7406,"THEFT/OTHER","38.8574592722","-76.9905179519",73,42,115,1268,351,1619,243,103,346
7406,"THEFT/OTHER","38.8564142807","-76.9903452734",274,38,312,1323,556,1879,391,123,514
7406,"THEFT/OTHER","38.8564142807","-76.9903452734",274,38,115,1323,556,1619,391,123,346
7406,"THEFT/OTHER","38.8564142807","-76.9903452734",274,42,312,1323,351,1879,391,103,514
7406,"THEFT/OTHER","38.8564142807","-76.9903452734",274,42,115,1323,351,1619,391,103,346
7406,"THEFT/OTHER","38.8564142807","-76.9903452734",73,38,312,1268,556,1879,243,123,514
7406,"THEFT/OTHER","38.8564142807","-76.9903452734",73,38,115,1268,556,1619,243,123,346
7406,"THEFT/OTHER","38.8564142807","-76.9903452734",73,42,312,1268,351,1879,243,103,514
7406,"THEFT/OTHER","38.8564142807","-76.9903452734",73,42,115,1268,351,1619,243,103,346
7407,"SEX ABUSE","38.8602430835","-76.9935823733",0,0,0,0,0,0,0,0,0
7407,"THEFT/OTHER","38.8597021701","-76.9883170123",0,0,0,0,0,0,0,0,0
7407,"ROBBERY","38.8585310543","-76.988109817",0,0,0,0,0,0,0,0,0
7407,"THEFT/OTHER","38.8608374192","-76.9903792407",0,0,0,0,0,0,0,0,0
7407,"MOTOR VEHICLE THEFT","38.8551518938","-76.9806332835",0,0,0,0,0,0,0,0,0
7407,"ASSAULT W/DANGEROUS WEAPON","38.8539543796","-76.984723477",0,0,0,0,0,0,0,0,0
7407,"ROBBERY","38.8624140006","-76.9917962492",0,0,0,0,0,0,0,0,0
7407,"MOTOR VEHICLE THEFT","38.8547111042","-76.9848500447",0,0,0,0,0,0,0,0,0
7407,"ROBBERY","38.8622519387","-76.9931904414",0,0,0,0,0,0,0,0,0
7407,"THEFT F/AUTO","38.8581883848","-76.985068214",0,0,0,0,0,0,0,0,0
7407,"MOTOR VEHICLE THEFT","38.8617833528","-76.9910013023",0,0,0,0,0,0,0,0,0
7407,"THEFT/OTHER","38.8624140006","-76.9917962492",0,0,0,0,0,0,0,0,0
7407,"THEFT/OTHER","38.8616300815","-76.9894688962",0,0,0,0,0,0,0,0,0
7407,"THEFT/OTHER","38.8544946246","-76.9828454638",0,0,0,0,0,0,0,0,0
7407,"ARSON","38.859963624","-76.9906443582",0,0,0,0,0,0,0,0,0
7407,"HOMICIDE","38.8582246551","-76.9870498951",0,0,0,0,0,0,0,0,0
7407,"ROBBERY","38.859333126","-76.9918657331",0,0,0,0,0,0,0,0,0
7407,"BURGLARY","38.8581883848","-76.985068214",0,0,0,0,0,0,0,0,0
7407,"THEFT F/AUTO","38.8551605037","-76.9783636538",0,0,0,0,0,0,0,0,0
7407,"MOTOR VEHICLE THEFT","38.8624140006","-76.9917962492",0,0,0,0,0,0,0,0,0
7407,"ASSAULT W/DANGEROUS WEAPON","38.8581883848","-76.985068214",0,0,0,0,0,0,0,0,0
7407,"MOTOR VEHICLE THEFT","38.8586936208","-76.9933290392",0,0,0,0,0,0,0,0,0
7407,"THEFT/OTHER","38.8616300815","-76.9894688962",0,0,0,0,0,0,0,0,0
7407,"MOTOR VEHICLE THEFT","38.8572955305","-76.9785243047",0,0,0,0,0,0,0,0,0
7407,"MOTOR VEHICLE THEFT","38.8571248848","-76.9815314071",0,0,0,0,0,0,0,0,0
7407,"ASSAULT W/DANGEROUS WEAPON","38.8624140006","-76.9917962492",0,0,0,0,0,0,0,0,0
7407,"MOTOR VEHICLE THEFT","38.8624140006","-76.9917962492",0,0,0,0,0,0,0,0,0
7407,"THEFT F/AUTO","38.8566660987","-76.9861860883",0,0,0,0,0,0,0,0,0
7407,"THEFT/OTHER","38.8551518938","-76.9806332835",0,0,0,0,0,0,0,0,0
7407,"THEFT F/AUTO","38.8602430835","-76.9935823733",0,0,0,0,0,0,0,0,0
7407,"THEFT/OTHER","38.8539543796","-76.984723477",0,0,0,0,0,0,0,0,0
7407,"THEFT F/AUTO","38.8629274092","-76.9908398472",0,0,0,0,0,0,0,0,0
7407,"THEFT/OTHER","38.8602430835","-76.9935823733",0,0,0,0,0,0,0,0,0
7407,"BURGLARY","38.8606392933","-76.9911281867",0,0,0,0,0,0,0,0,0
7407,"THEFT/OTHER","38.8610626066","-76.9901026847",0,0,0,0,0,0,0,0,0
7407,"MOTOR VEHICLE THEFT","38.8551613331","-76.9834328721",0,0,0,0,0,0,0,0,0
7407,"MOTOR VEHICLE THEFT","38.8544946246","-76.9828454638",0,0,0,0,0,0,0,0,0
7407,"THEFT F/AUTO","38.8610626066","-76.9901026847",0,0,0,0,0,0,0,0,0
7407,"THEFT/OTHER","38.859963624","-76.9906443582",0,0,0,0,0,0,0,0,0
7407,"SEX ABUSE","38.859333126","-76.9918657331",0,0,0,0,0,0,0,0,0
7407,"THEFT/OTHER","38.8567372084","-76.9796420297",0,0,0,0,0,0,0,0,0
7407,"THEFT/OTHER","38.8551518938","-76.9806332835",0,0,0,0,0,0,0,0,0
7407,"THEFT/OTHER","38.8571248848","-76.9815314071",0,0,0,0,0,0,0,0,0
7407,"THEFT/OTHER","38.8562328375","-76.9802297509",0,0,0,0,0,0,0,0,0
7407,"THEFT/OTHER","38.8572956781","-76.9793423167",0,0,0,0,0,0,0,0,0
7407,"ASSAULT W/DANGEROUS WEAPON","38.8539543796","-76.984723477",0,0,0,0,0,0,0,0,0
7407,"MOTOR VEHICLE THEFT","38.8606392933","-76.9911281867",0,0,0,0,0,0,0,0,0
7407,"THEFT F/AUTO","38.8590449345","-76.9930755316",0,0,0,0,0,0,0,0,0
7407,"THEFT/OTHER","38.8571976361","-76.9865316238",0,0,0,0,0,0,0,0,0
7407,"BURGLARY","38.8597021701","-76.9883170123",0,0,0,0,0,0,0,0,0
7407,"ROBBERY","38.8624140006","-76.9917962492",0,0,0,0,0,0,0,0,0
7407,"ROBBERY","38.8548723559","-76.9790319536",0,0,0,0,0,0,0,0,0
7407,"MOTOR VEHICLE THEFT","38.8602157183","-76.989019756",0,0,0,0,0,0,0,0,0
7407,"THEFT/OTHER","38.8593056217","-76.9866579639",0,0,0,0,0,0,0,0,0
7407,"MOTOR VEHICLE THEFT","38.8588911671","-76.9860819637",0,0,0,0,0,0,0,0,0
7407,"ASSAULT W/DANGEROUS WEAPON","38.8622519387","-76.9931904414",0,0,0,0,0,0,0,0,0
7407,"THEFT F/AUTO","38.8584143123","-76.9925456049",0,0,0,0,0,0,0,0,0
7407,"MOTOR VEHICLE THEFT","38.8566830477","-76.9790199005",0,0,0,0,0,0,0,0,0
7407,"THEFT/OTHER","38.8600266185","-76.9898723936",0,0,0,0,0,0,0,0,0
7407,"THEFT F/AUTO","38.8606392933","-76.9911281867",0,0,0,0,0,0,0,0,0
7407,"MOTOR VEHICLE THEFT","38.8562330489","-76.9815201167",0,0,0,0,0,0,0,0,0
7407,"THEFT F/AUTO","38.8590449345","-76.9930755316",0,0,0,0,0,0,0,0,0
7407,"MOTOR VEHICLE THEFT","38.8593056217","-76.9866579639",0,0,0,0,0,0,0,0,0
7407,"ASSAULT W/DANGEROUS WEAPON","38.8551605037","-76.9783636538",0,0,0,0,0,0,0,0,0
7407,"THEFT F/AUTO","38.8629274092","-76.9908398472",0,0,0,0,0,0,0,0,0
7407,"MOTOR VEHICLE THEFT","38.8544946246","-76.9828454638",0,0,0,0,0,0,0,0,0
7407,"THEFT/OTHER","38.8582246551","-76.9870498951",0,0,0,0,0,0,0,0,0
7407,"THEFT F/AUTO","38.8547111042","-76.9848500447",0,0,0,0,0,0,0,0,0
7407,"MOTOR VEHICLE THEFT","38.8551605037","-76.9783636538",0,0,0,0,0,0,0,0,0
7407,"BURGLARY","38.8571976361","-76.9865316238",0,0,0,0,0,0,0,0,0
7407,"THEFT F/AUTO","38.8599097183","-76.9926721876",0,0,0,0,0,0,0,0,0
7407,"HOMICIDE","38.8622519387","-76.9931904414",0,0,0,0,0,0,0,0,0
7407,"HOMICIDE","38.8622519387","-76.9931904414",0,0,0,0,0,0,0,0,0
7407,"MOTOR VEHICLE THEFT","38.8551518938","-76.9806332835",0,0,0,0,0,0,0,0,0
7407,"THEFT/OTHER","38.8582246551","-76.9870498951",0,0,0,0,0,0,0,0,0
7407,"MOTOR VEHICLE THEFT","38.8584143123","-76.9925456049",0,0,0,0,0,0,0,0,0
7407,"MOTOR VEHICLE THEFT","38.8581883848","-76.985068214",0,0,0,0,0,0,0,0,0
7407,"ROBBERY","38.8602430835","-76.9935823733",0,0,0,0,0,0,0,0,0
7407,"THEFT/OTHER","38.8624140006","-76.9917962492",0,0,0,0,0,0,0,0,0
7407,"THEFT/OTHER","38.8582246551","-76.9870498951",0,0,0,0,0,0,0,0,0
7407,"HOMICIDE","38.8551605037","-76.9783636538",0,0,0,0,0,0,0,0,0
7407,"ASSAULT W/DANGEROUS WEAPON","38.8623058339","-76.9909090596",0,0,0,0,0,0,0,0,0
7407,"THEFT F/AUTO","38.8629274092","-76.9908398472",0,0,0,0,0,0,0,0,0
7407,"THEFT F/AUTO","38.859333126","-76.9918657331",0,0,0,0,0,0,0,0,0
7407,"THEFT F/AUTO","38.8617833528","-76.9910013023",0,0,0,0,0,0,0,0,0
7407,"MOTOR VEHICLE THEFT","38.8551518938","-76.9806332835",0,0,0,0,0,0,0,0,0
7407,"MOTOR VEHICLE THEFT","38.8551605037","-76.9783636538",0,0,0,0,0,0,0,0,0
7407,"THEFT F/AUTO","38.8597921609","-76.987418305",0,0,0,0,0,0,0,0,0
7407,"MOTOR VEHICLE THEFT","38.8586936208","-76.9933290392",0,0,0,0,0,0,0,0,0
7407,"THEFT/OTHER","38.8566660987","-76.9861860883",0,0,0,0,0,0,0,0,0
7407,"ROBBERY","38.8590265373","-76.9883056013",0,0,0,0,0,0,0,0,0
7407,"MOTOR VEHICLE THEFT","38.8616300815","-76.9894688962",0,0,0,0,0,0,0,0,0
7407,"THEFT/OTHER","38.8602430835","-76.9935823733",0,0,0,0,0,0,0,0,0
7407,"ROBBERY","38.8599097183","-76.9926721876",0,0,0,0,0,0,0,0,0
7407,"ROBBERY","38.859333126","-76.9918657331",0,0,0,0,0,0,0,0,0
7407,"THEFT F/AUTO","38.8577471232","-76.9863010928",0,0,0,0,0,0,0,0,0
7407,"MOTOR VEHICLE THEFT","38.8551605037","-76.9783636538",0,0,0,0,0,0,0,0,0
7407,"MOTOR VEHICLE THEFT","38.8622519387","-76.9931904414",0,0,0,0,0,0,0,0,0
7407,"THEFT F/AUTO","38.8551518938","-76.9806332835",0,0,0,0,0,0,0,0,0
7407,"THEFT F/AUTO","38.8610626066","-76.9901026847",0,0,0,0,0,0,0,0,0
7407,"THEFT F/AUTO","38.8548723559","-76.9790319536",0,0,0,0,0,0,0,0,0
7407,"ROBBERY","38.8551518938","-76.9806332835",0,0,0,0,0,0,0,0,0
7407,"BURGLARY","38.8624140006","-76.9917962492",0,0,0,0,0,0,0,0,0
7407,"ASSAULT W/DANGEROUS WEAPON","38.8602157183","-76.989019756",0,0,0,0,0,0,0,0,0
7407,"THEFT F/AUTO","38.8602157183","-76.989019756",0,0,0,0,0,0,0,0,0
7407,"THEFT/OTHER","38.8599097183","-76.9926721876",0,0,0,0,0,0,0,0,0
7407,"ROBBERY","38.8629274092","-76.9908398472",0,0,0,0,0,0,0,0,0
7407,"MOTOR VEHICLE THEFT","38.8616300815","-76.9894688962",0,0,0,0,0,0,0,0,0
7407,"ROBBERY","38.8582246551","-76.9870498951",0,0,0,0,0,0,0,0,0
7407,"MOTOR VEHICLE THEFT","38.8601799135","-76.9918080277",0,0,0,0,0,0,0,0,0
7407,"THEFT/OTHER","38.8601799135","-76.9918080277",0,0,0,0,0,0,0,0,0
7407,"ROBBERY","38.8548723559","-76.9790319536",0,0,0,0,0,0,0,0,0
7407,"ROBBERY","38.8583146417","-76.9861972907",0,0,0,0,0,0,0,0,0
7407,"MOTOR VEHICLE THEFT","38.8590265373","-76.9883056013",0,0,0,0,0,0,0,0,0
7408,"ROBBERY","38.8530153122","-76.9727076868",139,144,283,648,783,1431,130,71,201
7408,"THEFT/OTHER","38.8530060707","-76.971728439",139,144,283,648,783,1431,130,71,201
7408,"ASSAULT W/DANGEROUS WEAPON","38.8516547161","-76.9713603219",139,144,283,648,783,1431,130,71,201
7408,"THEFT/OTHER","38.8535464555","-76.9712328353",139,144,283,648,783,1431,130,71,201
7408,"HOMICIDE","38.8540781928","-76.9722234078",139,144,283,648,783,1431,130,71,201
7408,"THEFT/OTHER","38.8512567932","-76.965611841",139,144,283,648,783,1431,130,71,201
7408,"THEFT/OTHER","38.8540781928","-76.9722234078",139,144,283,648,783,1431,130,71,201
7408,"MOTOR VEHICLE THEFT","38.849770732","-76.966753045",139,144,283,648,783,1431,130,71,201
7408,"THEFT F/AUTO","38.851553765","-76.964586385",139,144,283,648,783,1431,130,71,201
7408,"MOTOR VEHICLE THEFT","38.8540781928","-76.9722234078",139,144,283,648,783,1431,130,71,201
7408,"THEFT/OTHER","38.8535464555","-76.9712328353",139,144,283,648,783,1431,130,71,201
7408,"BURGLARY","38.849770732","-76.966753045",139,144,283,648,783,1431,130,71,201
7408,"THEFT/OTHER","38.849770732","-76.966753045",139,144,283,648,783,1431,130,71,201
7408,"ASSAULT W/DANGEROUS WEAPON","38.8540781928","-76.9722234078",139,144,283,648,783,1431,130,71,201
7408,"THEFT F/AUTO","38.848293299","-76.9665809354",139,144,283,648,783,1431,130,71,201
7408,"ASSAULT W/DANGEROUS WEAPON","38.856123193","-76.9725912874",139,144,283,648,783,1431,130,71,201
7408,"THEFT/OTHER","38.8516547161","-76.9713603219",139,144,283,648,783,1431,130,71,201
7408,"THEFT/OTHER","38.8516547161","-76.9713603219",139,144,283,648,783,1431,130,71,201
7408,"THEFT/OTHER","38.8537353164","-76.9699770005",139,144,283,648,783,1431,130,71,201
7408,"THEFT/OTHER","38.8516547161","-76.9713603219",139,144,283,648,783,1431,130,71,201
7408,"THEFT/OTHER","38.8517442612","-76.9692405323",139,144,283,648,783,1431,130,71,201
7408,"HOMICIDE","38.8540781928","-76.9722234078",139,144,283,648,783,1431,130,71,201
7408,"ASSAULT W/DANGEROUS WEAPON","38.849770732","-76.966753045",139,144,283,648,783,1431,130,71,201
7408,"BURGLARY","38.8512567932","-76.965611841",139,144,283,648,783,1431,130,71,201
7408,"THEFT/OTHER","38.8545642444","-76.9705757363",139,144,283,648,783,1431,130,71,201
7408,"HOMICIDE","38.856123193","-76.9725912874",139,144,283,648,783,1431,130,71,201
7408,"THEFT F/AUTO","38.849770732","-76.966753045",139,144,283,648,783,1431,130,71,201
7408,"MOTOR VEHICLE THEFT","38.8545642444","-76.9705757363",139,144,283,648,783,1431,130,71,201
7408,"THEFT F/AUTO","38.8517442612","-76.9692405323",139,144,283,648,783,1431,130,71,201
7408,"THEFT F/AUTO","38.8517442612","-76.9692405323",139,144,283,648,783,1431,130,71,201
7408,"MOTOR VEHICLE THEFT","38.8526098159","-76.9722124586",139,144,283,648,783,1431,130,71,201
7408,"THEFT F/AUTO","38.8517442612","-76.9692405323",139,144,283,648,783,1431,130,71,201
7408,"ASSAULT W/DANGEROUS WEAPON","38.8530153122","-76.9727076868",139,144,283,648,783,1431,130,71,201
7408,"THEFT F/AUTO","38.8530153122","-76.9727076868",139,144,283,648,783,1431,130,71,201
7408,"SEX ABUSE","38.849770732","-76.966753045",139,144,283,648,783,1431,130,71,201
7408,"ASSAULT W/DANGEROUS WEAPON","38.8517442612","-76.9692405323",139,144,283,648,783,1431,130,71,201
7408,"THEFT/OTHER","38.848293299","-76.9665809354",139,144,283,648,783,1431,130,71,201
7408,"THEFT F/AUTO","38.856123193","-76.9725912874",139,144,283,648,783,1431,130,71,201
7408,"BURGLARY","38.8535464555","-76.9712328353",139,144,283,648,783,1431,130,71,201
7408,"ASSAULT W/DANGEROUS WEAPON","38.855934409","-76.9743195214",139,144,283,648,783,1431,130,71,201
7408,"THEFT F/AUTO","38.8516547161","-76.9713603219",139,144,283,648,783,1431,130,71,201
7408,"THEFT F/AUTO","38.8545642444","-76.9705757363",139,144,283,648,783,1431,130,71,201
7408,"THEFT F/AUTO","38.8517442612","-76.9692405323",139,144,283,648,783,1431,130,71,201
7408,"ROBBERY","38.8521952333","-76.9714061869",139,144,283,648,783,1431,130,71,201
7408,"THEFT F/AUTO","38.8516547161","-76.9713603219",139,144,283,648,783,1431,130,71,201
7408,"MOTOR VEHICLE THEFT","38.8506629052","-76.9679622532",139,144,283,648,783,1431,130,71,201
7408,"THEFT/OTHER","38.8535464555","-76.9712328353",139,144,283,648,783,1431,130,71,201
7408,"THEFT F/AUTO","38.8545642444","-76.9705757363",139,144,283,648,783,1431,130,71,201
7408,"MOTOR VEHICLE THEFT","38.8506629052","-76.9679622532",139,144,283,648,783,1431,130,71,201
7408,"ASSAULT W/DANGEROUS WEAPON","38.8516547161","-76.9713603219",139,144,283,648,783,1431,130,71,201
7408,"THEFT/OTHER","38.849770732","-76.966753045",139,144,283,648,783,1431,130,71,201
7408,"ROBBERY","38.8516547161","-76.9713603219",139,144,283,648,783,1431,130,71,201
7408,"THEFT F/AUTO","38.8540781928","-76.9722234078",139,144,283,648,783,1431,130,71,201
7408,"THEFT F/AUTO","38.8545642444","-76.9705757363",139,144,283,648,783,1431,130,71,201
7408,"MOTOR VEHICLE THEFT","38.8506629052","-76.9679622532",139,144,283,648,783,1431,130,71,201
7408,"THEFT F/AUTO","38.8540781928","-76.9722234078",139,144,283,648,783,1431,130,71,201
7408,"THEFT F/AUTO","38.8530153122","-76.9727076868",139,144,283,648,783,1431,130,71,201
7408,"THEFT F/AUTO","38.8540781928","-76.9722234078",139,144,283,648,783,1431,130,71,201
7408,"THEFT F/AUTO","38.8521952333","-76.9714061869",139,144,283,648,783,1431,130,71,201
7408,"ASSAULT W/DANGEROUS WEAPON","38.8545642444","-76.9705757363",139,144,283,648,783,1431,130,71,201
7408,"ROBBERY","38.8516547161","-76.9713603219",139,144,283,648,783,1431,130,71,201
7408,"SEX ABUSE","38.856123193","-76.9725912874",139,144,283,648,783,1431,130,71,201
7408,"THEFT F/AUTO","38.8563299741","-76.9708860793",139,144,283,648,783,1431,130,71,201
7408,"THEFT/OTHER","38.8530060707","-76.971728439",139,144,283,648,783,1431,130,71,201
7408,"ROBBERY","38.8516547161","-76.9713603219",139,144,283,648,783,1431,130,71,201
7408,"THEFT/OTHER","38.856123193","-76.9725912874",139,144,283,648,783,1431,130,71,201
7408,"MOTOR VEHICLE THEFT","38.851553765","-76.964586385",139,144,283,648,783,1431,130,71,201
7408,"ASSAULT W/DANGEROUS WEAPON","38.849770732","-76.966753045",139,144,283,648,783,1431,130,71,201
7408,"ASSAULT W/DANGEROUS WEAPON","38.8540781928","-76.9722234078",139,144,283,648,783,1431,130,71,201
7408,"ASSAULT W/DANGEROUS WEAPON","38.8506624846","-76.966464624",139,144,283,648,783,1431,130,71,201
7408,"SEX ABUSE","38.856123193","-76.9725912874",139,144,283,648,783,1431,130,71,201
7408,"ROBBERY","38.8506629052","-76.9679622532",139,144,283,648,783,1431,130,71,201
7408,"THEFT/OTHER","38.849770732","-76.966753045",139,144,283,648,783,1431,130,71,201
7408,"THEFT F/AUTO","38.8530060707","-76.971728439",139,144,283,648,783,1431,130,71,201
7408,"ASSAULT W/DANGEROUS WEAPON","38.849770732","-76.966753045",139,144,283,648,783,1431,130,71,201
7408,"ROBBERY","38.855934409","-76.9743195214",139,144,283,648,783,1431,130,71,201
7408,"ROBBERY","38.849770732","-76.966753045",139,144,283,648,783,1431,130,71,201
7408,"THEFT F/AUTO","38.8530153122","-76.9727076868",139,144,283,648,783,1431,130,71,201
7408,"BURGLARY","38.8516547161","-76.9713603219",139,144,283,648,783,1431,130,71,201
7408,"THEFT/OTHER","38.8516547161","-76.9713603219",139,144,283,648,783,1431,130,71,201
7408,"THEFT/OTHER","38.8512567932","-76.965611841",139,144,283,648,783,1431,130,71,201
7408,"THEFT/OTHER","38.8540781928","-76.9722234078",139,144,283,648,783,1431,130,71,201
7408,"ASSAULT W/DANGEROUS WEAPON","38.8537353164","-76.9699770005",139,144,283,648,783,1431,130,71,201
7408,"THEFT/OTHER","38.8512567932","-76.965611841",139,144,283,648,783,1431,130,71,201
7408,"MOTOR VEHICLE THEFT","38.8563299741","-76.9708860793",139,144,283,648,783,1431,130,71,201
7408,"THEFT/OTHER","38.851553765","-76.964586385",139,144,283,648,783,1431,130,71,201
7408,"THEFT/OTHER","38.8540785706","-76.973859358",139,144,283,648,783,1431,130,71,201
7408,"MOTOR VEHICLE THEFT","38.849770732","-76.966753045",139,144,283,648,783,1431,130,71,201
7408,"THEFT F/AUTO","38.8517442612","-76.9692405323",139,144,283,648,783,1431,130,71,201
7408,"ROBBERY","38.856123193","-76.9725912874",139,144,283,648,783,1431,130,71,201
7408,"THEFT F/AUTO","38.849770732","-76.966753045",139,144,283,648,783,1431,130,71,201
7408,"ASSAULT W/DANGEROUS WEAPON","38.8540781928","-76.9722234078",139,144,283,648,783,1431,130,71,201
7409,"THEFT F/AUTO","38.8468260342","-76.9707171611",214,565,779,1368,473,1841,190,145,335
7409,"MOTOR VEHICLE THEFT","38.84390831","-76.9750725912",214,565,779,1368,473,1841,190,145,335
7409,"ASSAULT W/DANGEROUS WEAPON","38.8456554359","-76.972779617",214,565,779,1368,473,1841,190,145,335
7409,"THEFT F/AUTO","38.8457098261","-76.9742771217",214,565,779,1368,473,1841,190,145,335
7409,"ASSAULT W/DANGEROUS WEAPON","38.8456554359","-76.972779617",214,565,779,1368,473,1841,190,145,335
7409,"ROBBERY","38.8468260342","-76.9707171611",214,565,779,1368,473,1841,190,145,335
7409,"THEFT F/AUTO","38.8470148655","-76.9693692861",214,565,779,1368,473,1841,190,145,335
7409,"ASSAULT W/DANGEROUS WEAPON","38.8452243567","-76.9792306162",214,565,779,1368,473,1841,190,145,335
7409,"THEFT/OTHER","38.8468260342","-76.9707171611",214,565,779,1368,473,1841,190,145,335
7409,"MOTOR VEHICLE THEFT","38.8437195048","-76.9768811566",214,565,779,1368,473,1841,190,145,335
7409,"THEFT/OTHER","38.8477812231","-76.9719148244",214,565,779,1368,473,1841,190,145,335
7409,"THEFT/OTHER","38.8452243567","-76.9792306162",214,565,779,1368,473,1841,190,145,335
7409,"HOMICIDE","38.8438820428","-76.9789199902",214,565,779,1368,473,1841,190,145,335
7409,"MOTOR VEHICLE THEFT","38.8445380613","-76.9714092538",214,565,779,1368,473,1841,190,145,335
7409,"ROBBERY","38.8454944144","-76.9781592342",214,565,779,1368,473,1841,190,145,335
7409,"THEFT/OTHER","38.8477812231","-76.9719148244",214,565,779,1368,473,1841,190,145,335
7409,"THEFT F/AUTO","38.8464664585","-76.9739312626",214,565,779,1368,473,1841,190,145,335
7409,"ASSAULT W/DANGEROUS WEAPON","38.8482220775","-76.9696798036",214,565,779,1368,473,1841,190,145,335
7409,"THEFT/OTHER","38.8444671089","-76.976397107",214,565,779,1368,473,1841,190,145,335
7409,"SEX ABUSE","38.8449987695","-76.9772148023",214,565,779,1368,473,1841,190,145,335
7409,"THEFT/OTHER","38.8454944144","-76.9781592342",214,565,779,1368,473,1841,190,145,335
7409,"THEFT F/AUTO","38.8482220775","-76.9696798036",214,565,779,1368,473,1841,190,145,335
7409,"THEFT/OTHER","38.8455758423","-76.9801290275",214,565,779,1368,473,1841,190,145,335
7409,"THEFT/OTHER","38.8456554359","-76.972779617",214,565,779,1368,473,1841,190,145,335
7409,"SEX ABUSE","38.8458632251","-76.9754635699",214,565,779,1368,473,1841,190,145,335
7409,"ASSAULT W/DANGEROUS WEAPON","38.848374813","-76.9681475978",214,565,779,1368,473,1841,190,145,335
7409,"THEFT/OTHER","38.8456554359","-76.972779617",214,565,779,1368,473,1841,190,145,335
7409,"MOTOR VEHICLE THEFT","38.8438820428","-76.9789199902",214,565,779,1368,473,1841,190,145,335
7409,"MOTOR VEHICLE THEFT","38.8456554359","-76.972779617",214,565,779,1368,473,1841,190,145,335
7409,"MOTOR VEHICLE THEFT","38.8452686509","-76.9753831387",214,565,779,1368,473,1841,190,145,335
7409,"ASSAULT W/DANGEROUS WEAPON","38.8446737837","-76.9739549557",214,565,779,1368,473,1841,190,145,335
7409,"THEFT/OTHER","38.8456554359","-76.972779617",214,565,779,1368,473,1841,190,145,335
7409,"ASSAULT W/DANGEROUS WEAPON","38.8438820428","-76.9789199902",214,565,779,1368,473,1841,190,145,335
7409,"THEFT/OTHER","38.84390831","-76.9750725912",214,565,779,1368,473,1841,190,145,335
7409,"THEFT/OTHER","38.8438820428","-76.9789199902",214,565,779,1368,473,1841,190,145,335
7409,"ASSAULT W/DANGEROUS WEAPON","38.8438628385","-76.9731373935",214,565,779,1368,473,1841,190,145,335
7409,"MOTOR VEHICLE THEFT","38.8446737837","-76.9739549557",214,565,779,1368,473,1841,190,145,335
7409,"BURGLARY","38.8438820428","-76.9789199902",214,565,779,1368,473,1841,190,145,335
7409,"ROBBERY","38.8464569156","-76.9716388763",214,565,779,1368,473,1841,190,145,335
7409,"MOTOR VEHICLE THEFT","38.8468260342","-76.9707171611",214,565,779,1368,473,1841,190,145,335
7409,"MOTOR VEHICLE THEFT","38.848374813","-76.9681475978",214,565,779,1368,473,1841,190,145,335
7409,"THEFT F/AUTO","38.8452686509","-76.9753831387",214,565,779,1368,473,1841,190,145,335
7409,"THEFT/OTHER","38.8438820428","-76.9789199902",214,565,779,1368,473,1841,190,145,335
7409,"THEFT/OTHER","38.8468260342","-76.9707171611",214,565,779,1368,473,1841,190,145,335
7409,"ROBBERY","38.8452686509","-76.9753831387",214,565,779,1368,473,1841,190,145,335
7409,"MOTOR VEHICLE THEFT","38.8463051002","-76.9777673225",214,565,779,1368,473,1841,190,145,335
7409,"THEFT/OTHER","38.8452686509","-76.9753831387",214,565,779,1368,473,1841,190,145,335
7409,"ASSAULT W/DANGEROUS WEAPON","38.8458632251","-76.9754635699",214,565,779,1368,473,1841,190,145,335
7409,"MOTOR VEHICLE THEFT","38.8455758423","-76.9801290275",214,565,779,1368,473,1841,190,145,335
7409,"THEFT/OTHER","38.8438820428","-76.9789199902",214,565,779,1368,473,1841,190,145,335
7409,"MOTOR VEHICLE THEFT","38.8464569156","-76.9716388763",214,565,779,1368,473,1841,190,145,335
7409,"THEFT F/AUTO","38.8452243567","-76.9792306162",214,565,779,1368,473,1841,190,145,335
7409,"THEFT F/AUTO","38.8455758423","-76.9801290275",214,565,779,1368,473,1841,190,145,335
7409,"THEFT/OTHER","38.8458632251","-76.9754635699",214,565,779,1368,473,1841,190,145,335
7409,"ASSAULT W/DANGEROUS WEAPON","38.8442331453","-76.9776988526",214,565,779,1368,473,1841,190,145,335
7409,"THEFT/OTHER","38.848374813","-76.9681475978",214,565,779,1368,473,1841,190,145,335
7409,"ROBBERY","38.8482220775","-76.9696798036",214,565,779,1368,473,1841,190,145,335
7409,"THEFT/OTHER","38.8477812231","-76.9719148244",214,565,779,1368,473,1841,190,145,335
7409,"MOTOR VEHICLE THEFT","38.848374813","-76.9681475978",214,565,779,1368,473,1841,190,145,335
7409,"MOTOR VEHICLE THEFT","38.8480781492","-76.9704862513",214,565,779,1368,473,1841,190,145,335
7409,"HOMICIDE","38.8468260342","-76.9707171611",214,565,779,1368,473,1841,190,145,335
7409,"THEFT F/AUTO","38.8456554359","-76.972779617",214,565,779,1368,473,1841,190,145,335
7409,"THEFT/OTHER","38.8444671089","-76.976397107",214,565,779,1368,473,1841,190,145,335
7409,"THEFT/OTHER","38.8470148655","-76.9693692861",214,565,779,1368,473,1841,190,145,335
7409,"THEFT F/AUTO","38.8467188945","-76.974841218",214,565,779,1368,473,1841,190,145,335
7409,"ASSAULT W/DANGEROUS WEAPON","38.8438820428","-76.9789199902",214,565,779,1368,473,1841,190,145,335
7409,"ASSAULT W/DANGEROUS WEAPON","38.8438628385","-76.9731373935",214,565,779,1368,473,1841,190,145,335
7409,"THEFT/OTHER","38.8458632251","-76.9754635699",214,565,779,1368,473,1841,190,145,335
7409,"THEFT/OTHER","38.84390831","-76.9750725912",214,565,779,1368,473,1841,190,145,335
7409,"ASSAULT W/DANGEROUS WEAPON","38.8464569156","-76.9716388763",214,565,779,1368,473,1841,190,145,335
7409,"HOMICIDE","38.8456554359","-76.972779617",214,565,779,1368,473,1841,190,145,335
7409,"MOTOR VEHICLE THEFT","38.8468260342","-76.9707171611",214,565,779,1368,473,1841,190,145,335
7409,"THEFT/OTHER","38.8477812231","-76.9719148244",214,565,779,1368,473,1841,190,145,335
7409,"MOTOR VEHICLE THEFT","38.8468260342","-76.9707171611",214,565,779,1368,473,1841,190,145,335
7409,"BURGLARY","38.8445380613","-76.9714092538",214,565,779,1368,473,1841,190,145,335
7409,"ASSAULT W/DANGEROUS WEAPON","38.848293299","-76.9665809354",214,565,779,1368,473,1841,190,145,335
7409,"THEFT F/AUTO","38.8471689894","-76.9733665426",214,565,779,1368,473,1841,190,145,335
7409,"THEFT/OTHER","38.8438820428","-76.9789199902",214,565,779,1368,473,1841,190,145,335
7409,"ASSAULT W/DANGEROUS WEAPON","38.848293299","-76.9665809354",214,565,779,1368,473,1841,190,145,335
7409,"THEFT F/AUTO","38.8437195048","-76.9768811566",214,565,779,1368,473,1841,190,145,335
7409,"THEFT/OTHER","38.8458632251","-76.9754635699",214,565,779,1368,473,1841,190,145,335
7409,"THEFT F/AUTO","38.8470148655","-76.9693692861",214,565,779,1368,473,1841,190,145,335
7409,"MOTOR VEHICLE THEFT","38.848293299","-76.9665809354",214,565,779,1368,473,1841,190,145,335
7409,"THEFT/OTHER","38.8470148655","-76.9693692861",214,565,779,1368,473,1841,190,145,335
7409,"ASSAULT W/DANGEROUS WEAPON","38.8477812231","-76.9719148244",214,565,779,1368,473,1841,190,145,335
7502,"THEFT/OTHER","38.8522756425","-76.9688025249",251,278,529,1472,1023,2495,210,165,375
7502,"THEFT F/AUTO","38.8618977094","-76.9730960396",251,278,529,1472,1023,2495,210,165,375
7502,"THEFT F/AUTO","38.8614109392","-76.9717596757",251,278,529,1472,1023,2495,210,165,375
7502,"THEFT F/AUTO","38.853130075","-76.9640441337",251,278,529,1472,1023,2495,210,165,375
7502,"THEFT/OTHER","38.853130075","-76.9640441337",251,278,529,1472,1023,2495,210,165,375
7502,"SEX ABUSE","38.8550225586","-76.9664395337",251,278,529,1472,1023,2495,210,165,375
7502,"THEFT F/AUTO","38.8600051654","-76.9699167545",251,278,529,1472,1023,2495,210,165,375
7502,"THEFT F/AUTO","38.8580503556","-76.9699867069",251,278,529,1472,1023,2495,210,165,375
7502,"ASSAULT W/DANGEROUS WEAPON","38.8618977094","-76.9730960396",251,278,529,1472,1023,2495,210,165,375
7502,"THEFT F/AUTO","38.8551581689","-76.9681676127",251,278,529,1472,1023,2495,210,165,375
7502,"MOTOR VEHICLE THEFT","38.8573037049","-76.9743881565",251,278,529,1472,1023,2495,210,165,375
7502,"MOTOR VEHICLE THEFT","38.856123193","-76.9725912874",251,278,529,1472,1023,2495,210,165,375
7502,"ROBBERY","38.855860372","-76.9665428294",251,278,529,1472,1023,2495,210,165,375
7502,"BURGLARY","38.853130075","-76.9640441337",251,278,529,1472,1023,2495,210,165,375
7502,"MOTOR VEHICLE THEFT","38.8529954443","-76.9656916476",251,278,529,1472,1023,2495,210,165,375
7502,"MOTOR VEHICLE THEFT","38.8574834788","-76.9726483717",251,278,529,1472,1023,2495,210,165,375
7502,"ASSAULT W/DANGEROUS WEAPON","38.851553765","-76.964586385",251,278,529,1472,1023,2495,210,165,375
7502,"THEFT/OTHER","38.853130075","-76.9640441337",251,278,529,1472,1023,2495,210,165,375
7502,"BURGLARY","38.8618339188","-76.9700888141",251,278,529,1472,1023,2495,210,165,375
7502,"THEFT F/AUTO","38.853130075","-76.9640441337",251,278,529,1472,1023,2495,210,165,375
7502,"ROBBERY","38.8618977094","-76.9730960396",251,278,529,1472,1023,2495,210,165,375
7502,"ASSAULT W/DANGEROUS WEAPON","38.8550225586","-76.9664395337",251,278,529,1472,1023,2495,210,165,375
7502,"THEFT/OTHER","38.8575002203","-76.9676596297",251,278,529,1472,1023,2495,210,165,375
7502,"MOTOR VEHICLE THEFT","38.8512567932","-76.965611841",251,278,529,1472,1023,2495,210,165,375
7502,"ASSAULT W/DANGEROUS WEAPON","38.856123193","-76.9725912874",251,278,529,1472,1023,2495,210,165,375
7502,"THEFT/OTHER","38.8574834788","-76.9726483717",251,278,529,1472,1023,2495,210,165,375
7502,"ASSAULT W/DANGEROUS WEAPON","38.855934409","-76.9743195214",251,278,529,1472,1023,2495,210,165,375
7502,"ROBBERY","38.8593837951","-76.970746574",251,278,529,1472,1023,2495,210,165,375
7502,"ROBBERY","38.853130075","-76.9640441337",251,278,529,1472,1023,2495,210,165,375
7502,"THEFT/OTHER","38.856123193","-76.9725912874",251,278,529,1472,1023,2495,210,165,375
7502,"ASSAULT W/DANGEROUS WEAPON","38.8580503556","-76.9699867069",251,278,529,1472,1023,2495,210,165,375
7502,"ASSAULT W/DANGEROUS WEAPON","38.8530323384","-76.9687561117",251,278,529,1472,1023,2495,210,165,375
7502,"ASSAULT W/DANGEROUS WEAPON","38.8529954443","-76.9656916476",251,278,529,1472,1023,2495,210,165,375
7502,"THEFT/OTHER","38.853130075","-76.9640441337",251,278,529,1472,1023,2495,210,165,375
7502,"THEFT/OTHER","38.856123193","-76.9725912874",251,278,529,1472,1023,2495,210,165,375
7502,"THEFT/OTHER","38.8542115823","-76.9656910631",251,278,529,1472,1023,2495,210,165,375
7502,"THEFT F/AUTO","38.8537353164","-76.9699770005",251,278,529,1472,1023,2495,210,165,375
7502,"THEFT F/AUTO","38.856123193","-76.9725912874",251,278,529,1472,1023,2495,210,165,375
7502,"THEFT F/AUTO","38.8554649346","-76.969976273",251,278,529,1472,1023,2495,210,165,375
7502,"THEFT F/AUTO","38.8530323384","-76.9687561117",251,278,529,1472,1023,2495,210,165,375
7502,"ROBBERY","38.855934409","-76.9743195214",251,278,529,1472,1023,2495,210,165,375
7502,"ASSAULT W/DANGEROUS WEAPON","38.8578699496","-76.969076593",251,278,529,1472,1023,2495,210,165,375
7502,"BURGLARY","38.8557165265","-76.9675682695",251,278,529,1472,1023,2495,210,165,375
7502,"THEFT/OTHER","38.8574834788","-76.9726483717",251,278,529,1472,1023,2495,210,165,375
7502,"THEFT F/AUTO","38.8618977094","-76.9730960396",251,278,529,1472,1023,2495,210,165,375
7502,"ROBBERY","38.851553765","-76.964586385",251,278,529,1472,1023,2495,210,165,375
7502,"BURGLARY","38.8513023477","-76.9673974701",251,278,529,1472,1023,2495,210,165,375
7502,"THEFT/OTHER","38.8593481353","-76.9722789651",251,278,529,1472,1023,2495,210,165,375
7502,"THEFT/OTHER","38.8595542894","-76.9682002171",251,278,529,1472,1023,2495,210,165,375
7502,"THEFT/OTHER","38.853130075","-76.9640441337",251,278,529,1472,1023,2495,210,165,375
7502,"BURGLARY","38.853130075","-76.9640441337",251,278,529,1472,1023,2495,210,165,375
7502,"THEFT/OTHER","38.8609418213","-76.9690752621",251,278,529,1472,1023,2495,210,165,375
7502,"THEFT/OTHER","38.851553765","-76.964586385",251,278,529,1472,1023,2495,210,165,375
7502,"THEFT/OTHER","38.853130075","-76.9640441337",251,278,529,1472,1023,2495,210,165,375
7502,"THEFT F/AUTO","38.8517442612","-76.9692405323",251,278,529,1472,1023,2495,210,165,375
7502,"ASSAULT W/DANGEROUS WEAPON","38.8573037049","-76.9743881565",251,278,529,1472,1023,2495,210,165,375
7502,"THEFT/OTHER","38.8618977094","-76.9730960396",251,278,529,1472,1023,2495,210,165,375
7502,"THEFT/OTHER","38.853130075","-76.9640441337",251,278,529,1472,1023,2495,210,165,375
7502,"THEFT F/AUTO","38.8580503556","-76.9699867069",251,278,529,1472,1023,2495,210,165,375
7502,"THEFT/OTHER","38.8550225586","-76.9664395337",251,278,529,1472,1023,2495,210,165,375
7502,"ASSAULT W/DANGEROUS WEAPON","38.8529954443","-76.9656916476",251,278,529,1472,1023,2495,210,165,375
7502,"THEFT/OTHER","38.853130075","-76.9640441337",251,278,529,1472,1023,2495,210,165,375
7502,"THEFT/OTHER","38.8618977094","-76.9730960396",251,278,529,1472,1023,2495,210,165,375
7502,"THEFT F/AUTO","38.8524643709","-76.967166529",251,278,529,1472,1023,2495,210,165,375
7502,"ASSAULT W/DANGEROUS WEAPON","38.8573037049","-76.9743881565",251,278,529,1472,1023,2495,210,165,375
7502,"ROBBERY","38.8593837951","-76.970746574",251,278,529,1472,1023,2495,210,165,375
7502,"THEFT F/AUTO","38.8618977094","-76.9730960396",251,278,529,1472,1023,2495,210,165,375
7502,"THEFT/OTHER","38.853130075","-76.9640441337",251,278,529,1472,1023,2495,210,165,375
7502,"THEFT/OTHER","38.853130075","-76.9640441337",251,278,529,1472,1023,2495,210,165,375
7502,"ROBBERY","38.855934409","-76.9743195214",251,278,529,1472,1023,2495,210,165,375
7502,"ROBBERY","38.856338752","-76.9699759055",251,278,529,1472,1023,2495,210,165,375
7502,"SEX ABUSE","38.8557348206","-76.9685821131",251,278,529,1472,1023,2495,210,165,375
7502,"THEFT F/AUTO","38.8614109392","-76.9717596757",251,278,529,1472,1023,2495,210,165,375
7502,"THEFT/OTHER","38.853130075","-76.9640441337",251,278,529,1472,1023,2495,210,165,375
7502,"BURGLARY","38.8544463542","-76.9676264508",251,278,529,1472,1023,2495,210,165,375
7502,"THEFT/OTHER","38.8573037049","-76.9743881565",251,278,529,1472,1023,2495,210,165,375
7502,"THEFT F/AUTO","38.8604101674","-76.9684878807",251,278,529,1472,1023,2495,210,165,375
7502,"THEFT F/AUTO","38.8506624846","-76.966464624",251,278,529,1472,1023,2495,210,165,375
7502,"THEFT F/AUTO","38.853130075","-76.9640441337",251,278,529,1472,1023,2495,210,165,375
7502,"THEFT/OTHER","38.853130075","-76.9640441337",251,278,529,1472,1023,2495,210,165,375
7502,"BURGLARY","38.851553765","-76.964586385",251,278,529,1472,1023,2495,210,165,375
7502,"ASSAULT W/DANGEROUS WEAPON","38.8573037049","-76.9743881565",251,278,529,1472,1023,2495,210,165,375
7502,"MOTOR VEHICLE THEFT","38.8578699496","-76.969076593",251,278,529,1472,1023,2495,210,165,375
7502,"THEFT F/AUTO","38.8547802941","-76.969976561",251,278,529,1472,1023,2495,210,165,375
7502,"SEX ABUSE","38.856338752","-76.9699759055",251,278,529,1472,1023,2495,210,165,375
7502,"THEFT/OTHER","38.8563299741","-76.9708860793",251,278,529,1472,1023,2495,210,165,375
7502,"MOTOR VEHICLE THEFT","38.8618977094","-76.9730960396",251,278,529,1472,1023,2495,210,165,375
7502,"THEFT F/AUTO","38.8580503556","-76.9699867069",251,278,529,1472,1023,2495,210,165,375
7502,"MOTOR VEHICLE THEFT","38.8602582169","-76.9732694842",251,278,529,1472,1023,2495,210,165,375
7502,"THEFT F/AUTO","38.8600051654","-76.9699167545",251,278,529,1472,1023,2495,210,165,375
7502,"MOTOR VEHICLE THEFT","38.853130075","-76.9640441337",251,278,529,1472,1023,2495,210,165,375
7502,"MOTOR VEHICLE THEFT","38.8574834788","-76.9726483717",251,278,529,1472,1023,2495,210,165,375
7502,"THEFT F/AUTO","38.8517442612","-76.9692405323",251,278,529,1472,1023,2495,210,165,375
7502,"MOTOR VEHICLE THEFT","38.856123193","-76.9725912874",251,278,529,1472,1023,2495,210,165,375
7502,"HOMICIDE","38.8574834788","-76.9726483717",251,278,529,1472,1023,2495,210,165,375
7502,"THEFT/OTHER","38.8602582169","-76.9732694842",251,278,529,1472,1023,2495,210,165,375
7502,"ASSAULT W/DANGEROUS WEAPON","38.8610143738","-76.9709648217",251,278,529,1472,1023,2495,210,165,375
7502,"THEFT F/AUTO","38.8529954443","-76.9656916476",251,278,529,1472,1023,2495,210,165,375
7502,"THEFT/OTHER","38.853130075","-76.9640441337",251,278,529,1472,1023,2495,210,165,375
7502,"THEFT F/AUTO","38.8600051654","-76.9699167545",251,278,529,1472,1023,2495,210,165,375
7502,"THEFT F/AUTO","38.8580503556","-76.9699867069",251,278,529,1472,1023,2495,210,165,375
7502,"THEFT/OTHER","38.853130075","-76.9640441337",251,278,529,1472,1023,2495,210,165,375
7502,"THEFT/OTHER","38.8512567932","-76.965611841",251,278,529,1472,1023,2495,210,165,375
7502,"ASSAULT W/DANGEROUS WEAPON","38.855934409","-76.9743195214",251,278,529,1472,1023,2495,210,165,375
7502,"THEFT F/AUTO","38.8517442612","-76.9692405323",251,278,529,1472,1023,2495,210,165,375
7502,"THEFT/OTHER","38.853130075","-76.9640441337",251,278,529,1472,1023,2495,210,165,375
7502,"BURGLARY","38.853130075","-76.9640441337",251,278,529,1472,1023,2495,210,165,375
7502,"ASSAULT W/DANGEROUS WEAPON","38.8529954443","-76.9656916476",251,278,529,1472,1023,2495,210,165,375
7502,"HOMICIDE","38.8512567932","-76.965611841",251,278,529,1472,1023,2495,210,165,375
7502,"THEFT F/AUTO","38.851553765","-76.964586385",251,278,529,1472,1023,2495,210,165,375
7502,"BURGLARY","38.853130075","-76.9640441337",251,278,529,1472,1023,2495,210,165,375
7502,"ASSAULT W/DANGEROUS WEAPON","38.8557348206","-76.9685821131",251,278,529,1472,1023,2495,210,165,375
7502,"THEFT/OTHER","38.853130075","-76.9640441337",251,278,529,1472,1023,2495,210,165,375
7502,"HOMICIDE","38.8574834788","-76.9726483717",251,278,529,1472,1023,2495,210,165,375
7502,"ROBBERY","38.8599515585","-76.9716911228",251,278,529,1472,1023,2495,210,165,375
7502,"THEFT/OTHER","38.853130075","-76.9640441337",251,278,529,1472,1023,2495,210,165,375
7502,"THEFT/OTHER","38.853130075","-76.9640441337",251,278,529,1472,1023,2495,210,165,375
7502,"THEFT/OTHER","38.8550225586","-76.9664395337",251,278,529,1472,1023,2495,210,165,375
7502,"THEFT/OTHER","38.8573037049","-76.9743881565",251,278,529,1472,1023,2495,210,165,375
7502,"ASSAULT W/DANGEROUS WEAPON","38.8600051654","-76.9699167545",251,278,529,1472,1023,2495,210,165,375
7502,"ASSAULT W/DANGEROUS WEAPON","38.8563299741","-76.9708860793",251,278,529,1472,1023,2495,210,165,375
7502,"THEFT/OTHER","38.853130075","-76.9640441337",251,278,529,1472,1023,2495,210,165,375
7502,"THEFT/OTHER","38.853130075","-76.9640441337",251,278,529,1472,1023,2495,210,165,375
7502,"THEFT/OTHER","38.8618339188","-76.9700888141",251,278,529,1472,1023,2495,210,165,375
7502,"BURGLARY","38.8618339188","-76.9700888141",251,278,529,1472,1023,2495,210,165,375
7502,"MOTOR VEHICLE THEFT","38.8574834788","-76.9726483717",251,278,529,1472,1023,2495,210,165,375
7502,"ASSAULT W/DANGEROUS WEAPON","38.851553765","-76.964586385",251,278,529,1472,1023,2495,210,165,375
7502,"ASSAULT W/DANGEROUS WEAPON","38.851553765","-76.964586385",251,278,529,1472,1023,2495,210,165,375
7502,"THEFT F/AUTO","38.8506624846","-76.966464624",251,278,529,1472,1023,2495,210,165,375
7502,"THEFT/OTHER","38.853130075","-76.9640441337",251,278,529,1472,1023,2495,210,165,375
7502,"MOTOR VEHICLE THEFT","38.8573037049","-76.9743881565",251,278,529,1472,1023,2495,210,165,375
7502,"THEFT/OTHER","38.853130075","-76.9640441337",251,278,529,1472,1023,2495,210,165,375
7502,"THEFT/OTHER","38.853130075","-76.9640441337",251,278,529,1472,1023,2495,210,165,375
7502,"MOTOR VEHICLE THEFT","38.8573037049","-76.9743881565",251,278,529,1472,1023,2495,210,165,375
7502,"ASSAULT W/DANGEROUS WEAPON","38.855934409","-76.9743195214",251,278,529,1472,1023,2495,210,165,375
7502,"THEFT/OTHER","38.853130075","-76.9640441337",251,278,529,1472,1023,2495,210,165,375
7502,"MOTOR VEHICLE THEFT","38.8557165265","-76.9675682695",251,278,529,1472,1023,2495,210,165,375
7502,"THEFT F/AUTO","38.8618977094","-76.9730960396",251,278,529,1472,1023,2495,210,165,375
7502,"ROBBERY","38.8593837951","-76.970746574",251,278,529,1472,1023,2495,210,165,375
7502,"THEFT/OTHER","38.8550225586","-76.9664395337",251,278,529,1472,1023,2495,210,165,375
7502,"ASSAULT W/DANGEROUS WEAPON","38.8557165265","-76.9675682695",251,278,529,1472,1023,2495,210,165,375
7502,"THEFT/OTHER","38.8618977094","-76.9730960396",251,278,529,1472,1023,2495,210,165,375
7502,"THEFT F/AUTO","38.856123193","-76.9725912874",251,278,529,1472,1023,2495,210,165,375
7502,"ROBBERY","38.8529954443","-76.9656916476",251,278,529,1472,1023,2495,210,165,375
7502,"ASSAULT W/DANGEROUS WEAPON","38.8609418213","-76.9690752621",251,278,529,1472,1023,2495,210,165,375
7502,"THEFT F/AUTO","38.8595542894","-76.9682002171",251,278,529,1472,1023,2495,210,165,375
7502,"ASSAULT W/DANGEROUS WEAPON","38.8573037049","-76.9743881565",251,278,529,1472,1023,2495,210,165,375
7502,"THEFT F/AUTO","38.8517442612","-76.9692405323",251,278,529,1472,1023,2495,210,165,375
7502,"MOTOR VEHICLE THEFT","38.8600051654","-76.9699167545",251,278,529,1472,1023,2495,210,165,375
7502,"ASSAULT W/DANGEROUS WEAPON","38.8529954443","-76.9656916476",251,278,529,1472,1023,2495,210,165,375
7502,"THEFT/OTHER","38.8544463542","-76.9676264508",251,278,529,1472,1023,2495,210,165,375
7502,"ROBBERY","38.8512567932","-76.965611841",251,278,529,1472,1023,2495,210,165,375
7502,"ASSAULT W/DANGEROUS WEAPON","38.853130075","-76.9640441337",251,278,529,1472,1023,2495,210,165,375
7502,"ROBBERY","38.853130075","-76.9640441337",251,278,529,1472,1023,2495,210,165,375
7502,"THEFT F/AUTO","38.855934409","-76.9743195214",251,278,529,1472,1023,2495,210,165,375
7502,"ASSAULT W/DANGEROUS WEAPON","38.8544463542","-76.9676264508",251,278,529,1472,1023,2495,210,165,375
7502,"THEFT/OTHER","38.853130075","-76.9640441337",251,278,529,1472,1023,2495,210,165,375
7502,"MOTOR VEHICLE THEFT","38.8573037049","-76.9743881565",251,278,529,1472,1023,2495,210,165,375
7502,"THEFT F/AUTO","38.8610143738","-76.9709648217",251,278,529,1472,1023,2495,210,165,375
7502,"THEFT/OTHER","38.8557348206","-76.9685821131",251,278,529,1472,1023,2495,210,165,375
7502,"THEFT/OTHER","38.856123193","-76.9725912874",251,278,529,1472,1023,2495,210,165,375
7502,"THEFT/OTHER","38.853130075","-76.9640441337",251,278,529,1472,1023,2495,210,165,375
7502,"THEFT F/AUTO","38.8551581689","-76.9681676127",251,278,529,1472,1023,2495,210,165,375
7502,"THEFT/OTHER","38.853130075","-76.9640441337",251,278,529,1472,1023,2495,210,165,375
7502,"THEFT/OTHER","38.8537353164","-76.9699770005",251,278,529,1472,1023,2495,210,165,375
7502,"ROBBERY","38.8517442612","-76.9692405323",251,278,529,1472,1023,2495,210,165,375
7502,"THEFT/OTHER","38.8524643709","-76.967166529",251,278,529,1472,1023,2495,210,165,375
7502,"THEFT/OTHER","38.853130075","-76.9640441337",251,278,529,1472,1023,2495,210,165,375
7502,"THEFT F/AUTO","38.8578699496","-76.969076593",251,278,529,1472,1023,2495,210,165,375
7502,"THEFT/OTHER","38.853130075","-76.9640441337",251,278,529,1472,1023,2495,210,165,375
7502,"ROBBERY","38.855934409","-76.9743195214",251,278,529,1472,1023,2495,210,165,375
7502,"ASSAULT W/DANGEROUS WEAPON","38.8550225586","-76.9664395337",251,278,529,1472,1023,2495,210,165,375
7502,"THEFT F/AUTO","38.8618977094","-76.9730960396",251,278,529,1472,1023,2495,210,165,375
7502,"THEFT F/AUTO","38.8517442612","-76.9692405323",251,278,529,1472,1023,2495,210,165,375
7502,"THEFT F/AUTO","38.8557348206","-76.9685821131",251,278,529,1472,1023,2495,210,165,375
7502,"THEFT/OTHER","38.853130075","-76.9640441337",251,278,529,1472,1023,2495,210,165,375
7502,"MOTOR VEHICLE THEFT","38.8550225586","-76.9664395337",251,278,529,1472,1023,2495,210,165,375
7502,"ASSAULT W/DANGEROUS WEAPON","38.8600051654","-76.9699167545",251,278,529,1472,1023,2495,210,165,375
7502,"THEFT/OTHER","38.853130075","-76.9640441337",251,278,529,1472,1023,2495,210,165,375
7502,"ASSAULT W/DANGEROUS WEAPON","38.8512567932","-76.965611841",251,278,529,1472,1023,2495,210,165,375
7502,"ROBBERY","38.8529954443","-76.9656916476",251,278,529,1472,1023,2495,210,165,375
7502,"THEFT/OTHER","38.8595542894","-76.9682002171",251,278,529,1472,1023,2495,210,165,375
7502,"ASSAULT W/DANGEROUS WEAPON","38.8618977094","-76.9730960396",251,278,529,1472,1023,2495,210,165,375
7502,"THEFT/OTHER","38.8542115823","-76.9656910631",251,278,529,1472,1023,2495,210,165,375
7502,"ROBBERY","38.8604101674","-76.9684878807",251,278,529,1472,1023,2495,210,165,375
7502,"ASSAULT W/DANGEROUS WEAPON","38.8550225586","-76.9664395337",251,278,529,1472,1023,2495,210,165,375
7502,"THEFT/OTHER","38.8544463542","-76.9676264508",251,278,529,1472,1023,2495,210,165,375
7502,"MOTOR VEHICLE THEFT","38.8573037049","-76.9743881565",251,278,529,1472,1023,2495,210,165,375
7502,"THEFT/OTHER","38.8618977094","-76.9730960396",251,278,529,1472,1023,2495,210,165,375
7502,"THEFT F/AUTO","38.8614109392","-76.9717596757",251,278,529,1472,1023,2495,210,165,375
7502,"ROBBERY","38.856123193","-76.9725912874",251,278,529,1472,1023,2495,210,165,375
7502,"THEFT/OTHER","38.8537353164","-76.9699770005",251,278,529,1472,1023,2495,210,165,375
7502,"THEFT F/AUTO","38.8596906067","-76.9729240463",251,278,529,1472,1023,2495,210,165,375
7502,"THEFT F/AUTO","38.8575002203","-76.9676596297",251,278,529,1472,1023,2495,210,165,375
7502,"BURGLARY","38.8517442612","-76.9692405323",251,278,529,1472,1023,2495,210,165,375
7502,"THEFT F/AUTO","38.8550225586","-76.9664395337",251,278,529,1472,1023,2495,210,165,375
7502,"THEFT/OTHER","38.8512567932","-76.965611841",251,278,529,1472,1023,2495,210,165,375
7502,"ASSAULT W/DANGEROUS WEAPON","38.8573037049","-76.9743881565",251,278,529,1472,1023,2495,210,165,375
7502,"THEFT/OTHER","38.853130075","-76.9640441337",251,278,529,1472,1023,2495,210,165,375
7502,"ROBBERY","38.8618339188","-76.9700888141",251,278,529,1472,1023,2495,210,165,375
7502,"ASSAULT W/DANGEROUS WEAPON","38.855934409","-76.9743195214",251,278,529,1472,1023,2495,210,165,375
7502,"THEFT/OTHER","38.851553765","-76.964586385",251,278,529,1472,1023,2495,210,165,375
7502,"ASSAULT W/DANGEROUS WEAPON","38.8610143738","-76.9709648217",251,278,529,1472,1023,2495,210,165,375
7502,"THEFT F/AUTO","38.8524643709","-76.967166529",251,278,529,1472,1023,2495,210,165,375
7502,"BURGLARY","38.8618339188","-76.9700888141",251,278,529,1472,1023,2495,210,165,375
7503,"ROBBERY","38.8664676576","-76.9901249807",130,112,242,753,582,1335,145,193,338
7503,"SEX ABUSE","38.8651345427","-76.991807459",130,112,242,753,582,1335,145,193,338
7503,"MOTOR VEHICLE THEFT","38.8644495041","-76.9873368269",130,112,242,753,582,1335,145,193,338
7503,"THEFT/OTHER","38.8663320175","-76.9852508743",130,112,242,753,582,1335,145,193,338
7503,"MOTOR VEHICLE THEFT","38.8611700271","-76.9839730077",130,112,242,753,582,1335,145,193,338
7503,"ROBBERY","38.8641522886","-76.9879245221",130,112,242,753,582,1335,145,193,338
7503,"THEFT/OTHER","38.8648725805","-76.9846750499",130,112,242,753,582,1335,145,193,338
7503,"ASSAULT W/DANGEROUS WEAPON","38.8616300815","-76.9894688962",130,112,242,753,582,1335,145,193,338
7503,"MOTOR VEHICLE THEFT","38.8627381137","-76.9894341662",130,112,242,753,582,1335,145,193,338
7503,"THEFT F/AUTO","38.8626477919","-76.9870721369",130,112,242,753,582,1335,145,193,338
7503,"ASSAULT W/DANGEROUS WEAPON","38.864719906","-76.9888001357",130,112,242,753,582,1335,145,193,338
7503,"ROBBERY","38.8627381137","-76.9894341662",130,112,242,753,582,1335,145,193,338
7503,"ASSAULT W/DANGEROUS WEAPON","38.8621161397","-76.9857356726",130,112,242,753,582,1335,145,193,338
7503,"THEFT F/AUTO","38.8669446926","-76.986091916",130,112,242,753,582,1335,145,193,338
7503,"THEFT/OTHER","38.8642782352","-76.9863689737",130,112,242,753,582,1335,145,193,338
7503,"ASSAULT W/DANGEROUS WEAPON","38.8664044166","-76.9881661192",130,112,242,753,582,1335,145,193,338
7503,"BURGLARY","38.8663320175","-76.9852508743",130,112,242,753,582,1335,145,193,338
7503,"THEFT/OTHER","38.8669446926","-76.986091916",130,112,242,753,582,1335,145,193,338
7503,"ROBBERY","38.865557657","-76.9884773706",130,112,242,753,582,1335,145,193,338
7503,"HOMICIDE","38.866070908","-76.9863571086",130,112,242,753,582,1335,145,193,338
7503,"THEFT F/AUTO","38.8615308828","-76.9883512789",130,112,242,753,582,1335,145,193,338
7503,"THEFT/OTHER","38.8633415502","-76.9881090156",130,112,242,753,582,1335,145,193,338
7503,"BURGLARY","38.8616300815","-76.9894688962",130,112,242,753,582,1335,145,193,338
7503,"MOTOR VEHICLE THEFT","38.860404828","-76.9883284191",130,112,242,753,582,1335,145,193,338
7503,"ROBBERY","38.8616300815","-76.9894688962",130,112,242,753,582,1335,145,193,338
7503,"MOTOR VEHICLE THEFT","38.8661432732","-76.9892032076",130,112,242,753,582,1335,145,193,338
7503,"THEFT F/AUTO","38.866683574","-76.9871866339",130,112,242,753,582,1335,145,193,338
7503,"ROBBERY","38.8616300815","-76.9894688962",130,112,242,753,582,1335,145,193,338
7503,"THEFT/OTHER","38.8636030295","-76.9907014927",130,112,242,753,582,1335,145,193,338
7503,"ROBBERY","38.8633236268","-76.9890653669",130,112,242,753,582,1335,145,193,338
7503,"MOTOR VEHICLE THEFT","38.8616300815","-76.9894688962",130,112,242,753,582,1335,145,193,338
7503,"THEFT F/AUTO","38.866070908","-76.9863571086",130,112,242,753,582,1335,145,193,338
7503,"THEFT/OTHER","38.8637283272","-76.9833271825",130,112,242,753,582,1335,145,193,338
7503,"HOMICIDE","38.8633236268","-76.9890653669",130,112,242,753,582,1335,145,193,338
7503,"THEFT F/AUTO","38.864377696","-76.9900100454",130,112,242,753,582,1335,145,193,338
7503,"THEFT/OTHER","38.8663320175","-76.9852508743",130,112,242,753,582,1335,145,193,338
7503,"THEFT F/AUTO","38.8641522886","-76.9879245221",130,112,242,753,582,1335,145,193,338
7503,"BURGLARY","38.8663320175","-76.9852508743",130,112,242,753,582,1335,145,193,338
7503,"THEFT/OTHER","38.8663320175","-76.9852508743",130,112,242,753,582,1335,145,193,338
7503,"ROBBERY","38.8626119533","-76.9889732987",130,112,242,753,582,1335,145,193,338
7503,"THEFT F/AUTO","38.8615308828","-76.9883512789",130,112,242,753,582,1335,145,193,338
7503,"MOTOR VEHICLE THEFT","38.8621161397","-76.9857356726",130,112,242,753,582,1335,145,193,338
7503,"ROBBERY","38.8616300815","-76.9894688962",130,112,242,753,582,1335,145,193,338
7503,"THEFT/OTHER","38.8642782352","-76.9863689737",130,112,242,753,582,1335,145,193,338
7503,"MOTOR VEHICLE THEFT","38.8626477919","-76.9870721369",130,112,242,753,582,1335,145,193,338
7503,"MOTOR VEHICLE THEFT","38.8663320175","-76.9852508743",130,112,242,753,582,1335,145,193,338
7503,"MOTOR VEHICLE THEFT","38.862179546","-76.9889387993",130,112,242,753,582,1335,145,193,338
7503,"ROBBERY","38.8669446926","-76.986091916",130,112,242,753,582,1335,145,193,338
7503,"THEFT F/AUTO","38.8626477919","-76.9870721369",130,112,242,753,582,1335,145,193,338
7503,"MOTOR VEHICLE THEFT","38.8605216664","-76.985874253",130,112,242,753,582,1335,145,193,338
7503,"ASSAULT W/DANGEROUS WEAPON","38.8621161397","-76.9857356726",130,112,242,753,582,1335,145,193,338
7503,"THEFT F/AUTO","38.8672601824","-76.9878433359",130,112,242,753,582,1335,145,193,338
7503,"THEFT/OTHER","38.8672601824","-76.9878433359",130,112,242,753,582,1335,145,193,338
7503,"BURGLARY","38.8661432732","-76.9892032076",130,112,242,753,582,1335,145,193,338
7503,"THEFT/OTHER","38.865557657","-76.9884773706",130,112,242,753,582,1335,145,193,338
7503,"ROBBERY","38.8605128506","-76.9875679616",130,112,242,753,582,1335,145,193,338
7503,"THEFT F/AUTO","38.8605216664","-76.985874253",130,112,242,753,582,1335,145,193,338
7503,"THEFT/OTHER","38.8636030295","-76.9907014927",130,112,242,753,582,1335,145,193,338
7503,"BURGLARY","38.8661432732","-76.9892032076",130,112,242,753,582,1335,145,193,338
7503,"BURGLARY","38.8661432732","-76.9892032076",130,112,242,753,582,1335,145,193,338
7503,"MOTOR VEHICLE THEFT","38.8661432732","-76.9892032076",130,112,242,753,582,1335,145,193,338
7503,"THEFT/OTHER","38.8641522886","-76.9879245221",130,112,242,753,582,1335,145,193,338
7503,"THEFT F/AUTO","38.8624046702","-76.9880630833",130,112,242,753,582,1335,145,193,338
7503,"ROBBERY","38.8626477919","-76.9870721369",130,112,242,753,582,1335,145,193,338
7503,"THEFT F/AUTO","38.8624046702","-76.9880630833",130,112,242,753,582,1335,145,193,338
7503,"THEFT F/AUTO","38.864377696","-76.9900100454",130,112,242,753,582,1335,145,193,338
7503,"MOTOR VEHICLE THEFT","38.864377696","-76.9900100454",130,112,242,753,582,1335,145,193,338
7503,"BURGLARY","38.8684494637","-76.9896176902",130,112,242,753,582,1335,145,193,338
7503,"THEFT F/AUTO","38.8636030295","-76.9907014927",130,112,242,753,582,1335,145,193,338
7503,"THEFT/OTHER","38.862179546","-76.9889387993",130,112,242,753,582,1335,145,193,338
7503,"MOTOR VEHICLE THEFT","38.862179546","-76.9889387993",130,112,242,753,582,1335,145,193,338
7503,"THEFT/OTHER","38.864377696","-76.9900100454",130,112,242,753,582,1335,145,193,338
7503,"THEFT/OTHER","38.8672601824","-76.9878433359",130,112,242,753,582,1335,145,193,338
7503,"THEFT F/AUTO","38.8664044166","-76.9881661192",130,112,242,753,582,1335,145,193,338
7503,"THEFT/OTHER","38.8663320175","-76.9852508743",130,112,242,753,582,1335,145,193,338
7503,"THEFT/OTHER","38.8636030295","-76.9907014927",130,112,242,753,582,1335,145,193,338
7503,"ROBBERY","38.8633957798","-76.9900217052",130,112,242,753,582,1335,145,193,338
7503,"HOMICIDE","38.8621161397","-76.9857356726",130,112,242,753,582,1335,145,193,338
7503,"ROBBERY","38.8649630218","-76.9876939343",130,112,242,753,582,1335,145,193,338
7503,"THEFT F/AUTO","38.866070908","-76.9863571086",130,112,242,753,582,1335,145,193,338
7503,"MOTOR VEHICLE THEFT","38.8611700271","-76.9839730077",130,112,242,753,582,1335,145,193,338
7503,"THEFT F/AUTO","38.8684494637","-76.9896176902",130,112,242,753,582,1335,145,193,338
7503,"THEFT/OTHER","38.8636030295","-76.9907014927",130,112,242,753,582,1335,145,193,338
7503,"THEFT F/AUTO","38.8644495041","-76.9873368269",130,112,242,753,582,1335,145,193,338
7503,"THEFT/OTHER","38.8611700271","-76.9839730077",130,112,242,753,582,1335,145,193,338
7503,"ROBBERY","38.8669446926","-76.986091916",130,112,242,753,582,1335,145,193,338
7503,"THEFT/OTHER","38.8642689033","-76.9838340428",130,112,242,753,582,1335,145,193,338
7503,"ASSAULT W/DANGEROUS WEAPON","38.8648725805","-76.9846750499",130,112,242,753,582,1335,145,193,338
7503,"THEFT F/AUTO","38.8637918556","-76.9870258402",130,112,242,753,582,1335,145,193,338
7503,"THEFT F/AUTO","38.8611700271","-76.9839730077",130,112,242,753,582,1335,145,193,338
7503,"THEFT F/AUTO","38.8646204835","-76.9857697395",130,112,242,753,582,1335,145,193,338
7503,"MOTOR VEHICLE THEFT","38.8636030295","-76.9907014927",130,112,242,753,582,1335,145,193,338
7503,"BURGLARY","38.8684494637","-76.9896176902",130,112,242,753,582,1335,145,193,338
7503,"MOTOR VEHICLE THEFT","38.8661432732","-76.9892032076",130,112,242,753,582,1335,145,193,338
7503,"THEFT F/AUTO","38.8648725805","-76.9846750499",130,112,242,753,582,1335,145,193,338
7503,"THEFT F/AUTO","38.864377696","-76.9900100454",130,112,242,753,582,1335,145,193,338
7503,"THEFT/OTHER","38.8669446926","-76.986091916",130,112,242,753,582,1335,145,193,338
7503,"THEFT F/AUTO","38.8636030295","-76.9907014927",130,112,242,753,582,1335,145,193,338
7503,"THEFT F/AUTO","38.866683574","-76.9871866339",130,112,242,753,582,1335,145,193,338
7503,"MOTOR VEHICLE THEFT","38.864377696","-76.9900100454",130,112,242,753,582,1335,145,193,338
7503,"THEFT F/AUTO","38.8666927625","-76.9889496226",130,112,242,753,582,1335,145,193,338
7503,"ROBBERY","38.864377696","-76.9900100454",130,112,242,753,582,1335,145,193,338
7503,"THEFT F/AUTO","38.862179546","-76.9889387993",130,112,242,753,582,1335,145,193,338
7503,"THEFT F/AUTO","38.8636030295","-76.9907014927",130,112,242,753,582,1335,145,193,338
7503,"THEFT F/AUTO","38.8621161397","-76.9857356726",130,112,242,753,582,1335,145,193,338
7503,"BURGLARY","38.8634404228","-76.9861156434",130,112,242,753,582,1335,145,193,338
7503,"ASSAULT W/DANGEROUS WEAPON","38.8642689033","-76.9838340428",130,112,242,753,582,1335,145,193,338
7503,"THEFT/OTHER","38.8642782352","-76.9863689737",130,112,242,753,582,1335,145,193,338
7503,"THEFT/OTHER","38.8654762515","-76.9855160713",130,112,242,753,582,1335,145,193,338
7503,"MOTOR VEHICLE THEFT","38.864377696","-76.9900100454",130,112,242,753,582,1335,145,193,338
7503,"ASSAULT W/DANGEROUS WEAPON","38.8611700271","-76.9839730077",130,112,242,753,582,1335,145,193,338
7503,"MOTOR VEHICLE THEFT","38.864377696","-76.9900100454",130,112,242,753,582,1335,145,193,338
7503,"THEFT/OTHER","38.8672601824","-76.9878433359",130,112,242,753,582,1335,145,193,338
7503,"BURGLARY","38.8616300815","-76.9894688962",130,112,242,753,582,1335,145,193,338
7503,"THEFT F/AUTO","38.864377696","-76.9900100454",130,112,242,753,582,1335,145,193,338
7503,"THEFT F/AUTO","38.8648725805","-76.9846750499",130,112,242,753,582,1335,145,193,338
7503,"THEFT F/AUTO","38.866070908","-76.9863571086",130,112,242,753,582,1335,145,193,338
7503,"BURGLARY","38.8661432732","-76.9892032076",130,112,242,753,582,1335,145,193,338
7503,"BURGLARY","38.8611700271","-76.9839730077",130,112,242,753,582,1335,145,193,338
7503,"THEFT/OTHER","38.8672601824","-76.9878433359",130,112,242,753,582,1335,145,193,338
7503,"THEFT F/AUTO","38.8634404228","-76.9861156434",130,112,242,753,582,1335,145,193,338
7503,"THEFT F/AUTO","38.8651523885","-76.9896527375",130,112,242,753,582,1335,145,193,338
7503,"ASSAULT W/DANGEROUS WEAPON","38.8654398506","-76.9828082652",130,112,242,753,582,1335,145,193,338
7503,"THEFT F/AUTO","38.8663320175","-76.9852508743",130,112,242,753,582,1335,145,193,338
7503,"THEFT/OTHER","38.864377696","-76.9900100454",130,112,242,753,582,1335,145,193,338
7503,"BURGLARY","38.8643598367","-76.9920610416",130,112,242,753,582,1335,145,193,338
7503,"ASSAULT W/DANGEROUS WEAPON","38.8672601824","-76.9878433359",130,112,242,753,582,1335,145,193,338
7503,"THEFT F/AUTO","38.8651523885","-76.9896527375",130,112,242,753,582,1335,145,193,338
7503,"THEFT F/AUTO","38.860404828","-76.9883284191",130,112,242,753,582,1335,145,193,338
7503,"THEFT F/AUTO","38.866070908","-76.9863571086",130,112,242,753,582,1335,145,193,338
7503,"THEFT/OTHER","38.8616300815","-76.9894688962",130,112,242,753,582,1335,145,193,338
7503,"THEFT/OTHER","38.8663320175","-76.9852508743",130,112,242,753,582,1335,145,193,338
7503,"THEFT F/AUTO","38.865557657","-76.9884773706",130,112,242,753,582,1335,145,193,338
7503,"THEFT F/AUTO","38.865557657","-76.9884773706",130,112,242,753,582,1335,145,193,338
7503,"THEFT/OTHER","38.8663320175","-76.9852508743",130,112,242,753,582,1335,145,193,338
7503,"THEFT/OTHER","38.8637918556","-76.9870258402",130,112,242,753,582,1335,145,193,338
7503,"THEFT F/AUTO","38.8649630218","-76.9876939343",130,112,242,753,582,1335,145,193,338
7503,"THEFT F/AUTO","38.8617830129","-76.9873373",130,112,242,753,582,1335,145,193,338
7503,"ROBBERY","38.8665209985","-76.9837759187",130,112,242,753,582,1335,145,193,338
7503,"MOTOR VEHICLE THEFT","38.8616300815","-76.9894688962",130,112,242,753,582,1335,145,193,338
7503,"THEFT F/AUTO","38.8605214585","-76.9842496769",130,112,242,753,582,1335,145,193,338
7503,"THEFT F/AUTO","38.8621161397","-76.9857356726",130,112,242,753,582,1335,145,193,338
7503,"MOTOR VEHICLE THEFT","38.862179546","-76.9889387993",130,112,242,753,582,1335,145,193,338
7503,"THEFT/OTHER","38.8621161397","-76.9857356726",130,112,242,753,582,1335,145,193,338
7503,"BURGLARY","38.8669446926","-76.986091916",130,112,242,753,582,1335,145,193,338
7503,"THEFT/OTHER","38.864377696","-76.9900100454",130,112,242,753,582,1335,145,193,338
7503,"THEFT F/AUTO","38.8616300815","-76.9894688962",130,112,242,753,582,1335,145,193,338
7503,"MOTOR VEHICLE THEFT","38.864377696","-76.9900100454",130,112,242,753,582,1335,145,193,338
7503,"THEFT/OTHER","38.8626477919","-76.9870721369",130,112,242,753,582,1335,145,193,338
7503,"MOTOR VEHICLE THEFT","38.8646480308","-76.9910239861",130,112,242,753,582,1335,145,193,338
7503,"THEFT F/AUTO","38.8651523885","-76.9896527375",130,112,242,753,582,1335,145,193,338
7503,"MOTOR VEHICLE THEFT","38.8637283272","-76.9833271825",130,112,242,753,582,1335,145,193,338
7503,"MOTOR VEHICLE THEFT","38.8611700271","-76.9839730077",130,112,242,753,582,1335,145,193,338
7503,"THEFT F/AUTO","38.8664044166","-76.9881661192",130,112,242,753,582,1335,145,193,338
7503,"ASSAULT W/DANGEROUS WEAPON","38.8621161397","-76.9857356726",130,112,242,753,582,1335,145,193,338
7503,"THEFT F/AUTO","38.8665209985","-76.9837759187",130,112,242,753,582,1335,145,193,338
7503,"MOTOR VEHICLE THEFT","38.8616300815","-76.9894688962",130,112,242,753,582,1335,145,193,338
7503,"ASSAULT W/DANGEROUS WEAPON","38.8654398506","-76.9828082652",130,112,242,753,582,1335,145,193,338
7503,"THEFT/OTHER","38.8611700271","-76.9839730077",130,112,242,753,582,1335,145,193,338
7503,"MOTOR VEHICLE THEFT","38.8624046702","-76.9880630833",130,112,242,753,582,1335,145,193,338
7503,"THEFT/OTHER","38.8669446926","-76.986091916",130,112,242,753,582,1335,145,193,338
7503,"THEFT F/AUTO","38.8654398506","-76.9828082652",130,112,242,753,582,1335,145,193,338
7503,"MOTOR VEHICLE THEFT","38.8640168142","-76.984928726",130,112,242,753,582,1335,145,193,338
7503,"THEFT/OTHER","38.8684494637","-76.9896176902",130,112,242,753,582,1335,145,193,338
7503,"THEFT F/AUTO","38.8655847737","-76.9894452674",130,112,242,753,582,1335,145,193,338
7503,"THEFT/OTHER","38.8611700271","-76.9839730077",130,112,242,753,582,1335,145,193,338
7503,"ASSAULT W/DANGEROUS WEAPON","38.8645840884","-76.9830619657",130,112,242,753,582,1335,145,193,338
7503,"ROBBERY","38.8636030295","-76.9907014927",130,112,242,753,582,1335,145,193,338
7503,"THEFT F/AUTO","38.8661432732","-76.9892032076",130,112,242,753,582,1335,145,193,338
7503,"ASSAULT W/DANGEROUS WEAPON","38.864377696","-76.9900100454",130,112,242,753,582,1335,145,193,338
7503,"THEFT/OTHER","38.864377696","-76.9900100454",130,112,242,753,582,1335,145,193,338
7503,"ASSAULT W/DANGEROUS WEAPON","38.8621161397","-76.9857356726",130,112,242,753,582,1335,145,193,338
7503,"ROBBERY","38.8666927625","-76.9889496226",130,112,242,753,582,1335,145,193,338
7503,"ROBBERY","38.8616300815","-76.9894688962",130,112,242,753,582,1335,145,193,338
7503,"BURGLARY","38.8672601824","-76.9878433359",130,112,242,753,582,1335,145,193,338
7503,"THEFT F/AUTO","38.8626477919","-76.9870721369",130,112,242,753,582,1335,145,193,338
7503,"THEFT/OTHER","38.8626477919","-76.9870721369",130,112,242,753,582,1335,145,193,338
7503,"ROBBERY","38.8672601824","-76.9878433359",130,112,242,753,582,1335,145,193,338
7503,"ASSAULT W/DANGEROUS WEAPON","38.8669446926","-76.986091916",130,112,242,753,582,1335,145,193,338
7503,"BURGLARY","38.8665209985","-76.9837759187",130,112,242,753,582,1335,145,193,338
7503,"ASSAULT W/DANGEROUS WEAPON","38.866070908","-76.9863571086",130,112,242,753,582,1335,145,193,338
7503,"MOTOR VEHICLE THEFT","38.8649630218","-76.9876939343",130,112,242,753,582,1335,145,193,338
7503,"THEFT F/AUTO","38.8616300815","-76.9894688962",130,112,242,753,582,1335,145,193,338
7503,"THEFT/OTHER","38.8621161397","-76.9857356726",130,112,242,753,582,1335,145,193,338
7503,"MOTOR VEHICLE THEFT","38.8605216664","-76.985874253",130,112,242,753,582,1335,145,193,338
7503,"ROBBERY","38.8661432732","-76.9892032076",130,112,242,753,582,1335,145,193,338
7503,"ASSAULT W/DANGEROUS WEAPON","38.8616300815","-76.9894688962",130,112,242,753,582,1335,145,193,338
7503,"THEFT F/AUTO","38.8616300815","-76.9894688962",130,112,242,753,582,1335,145,193,338
7503,"MOTOR VEHICLE THEFT","38.8624046702","-76.9880630833",130,112,242,753,582,1335,145,193,338
7503,"ROBBERY","38.8671161402","-76.988765191",130,112,242,753,582,1335,145,193,338
7503,"THEFT F/AUTO","38.8634404228","-76.9861156434",130,112,242,753,582,1335,145,193,338
7503,"ASSAULT W/DANGEROUS WEAPON","38.8616300815","-76.9894688962",130,112,242,753,582,1335,145,193,338
7503,"ASSAULT W/DANGEROUS WEAPON","38.8664044166","-76.9881661192",130,112,242,753,582,1335,145,193,338
7504,"THEFT/OTHER","38.8572955305","-76.9785243047",179,129,308,641,771,1412,142,165,307
7504,"THEFT/OTHER","38.8635114324","-76.9790294155",179,129,308,641,771,1412,142,165,307
7504,"THEFT F/AUTO","38.8659894373","-76.9833151316",179,129,308,641,771,1412,142,165,307
7504,"THEFT F/AUTO","38.8630251948","-76.9802739583",179,129,308,641,771,1412,142,165,307
7504,"THEFT F/AUTO","38.8630251948","-76.9802739583",179,129,308,641,771,1412,142,165,307
7504,"THEFT F/AUTO","38.8646552224","-76.9775311565",179,129,308,641,771,1412,142,165,307
7504,"THEFT/OTHER","38.8646552224","-76.9775311565",179,129,308,641,771,1412,142,165,307
7504,"ASSAULT W/DANGEROUS WEAPON","38.8654300532","-76.9780955204",179,129,308,641,771,1412,142,165,307
7504,"THEFT/OTHER","38.8643936474","-76.9758720073",179,129,308,641,771,1412,142,165,307
7504,"MOTOR VEHICLE THEFT","38.8605128506","-76.9875679616",179,129,308,641,771,1412,142,165,307
7504,"MOTOR VEHICLE THEFT","38.8646552224","-76.9775311565",179,129,308,641,771,1412,142,165,307
7504,"THEFT/OTHER","38.8593143808","-76.9846301568",179,129,308,641,771,1412,142,165,307
7504,"ASSAULT W/DANGEROUS WEAPON","38.86318773","-76.9826935852",179,129,308,641,771,1412,142,165,307
7504,"THEFT/OTHER","38.8599992989","-76.9869113123",179,129,308,641,771,1412,142,165,307
7504,"MOTOR VEHICLE THEFT","38.8605128506","-76.9875679616",179,129,308,641,771,1412,142,165,307
7504,"BURGLARY","38.8657550306","-76.9820476936",179,129,308,641,771,1412,142,165,307
7504,"ASSAULT W/DANGEROUS WEAPON","38.8643582234","-76.9790291667",179,129,308,641,771,1412,142,165,307
7504,"ASSAULT W/DANGEROUS WEAPON","38.8630251948","-76.9802739583",179,129,308,641,771,1412,142,165,307
7504,"ASSAULT W/DANGEROUS WEAPON","38.8660882335","-76.9813562469",179,129,308,641,771,1412,142,165,307
7504,"MOTOR VEHICLE THEFT","38.8605128506","-76.9875679616",179,129,308,641,771,1412,142,165,307
7504,"THEFT F/AUTO","38.859809966","-76.9855863513",179,129,308,641,771,1412,142,165,307
7504,"THEFT/OTHER","38.858602846","-76.9856557241",179,129,308,641,771,1412,142,165,307
7504,"SEX ABUSE","38.8654300532","-76.9780955204",179,129,308,641,771,1412,142,165,307
7504,"THEFT F/AUTO","38.865106259","-76.9809993041",179,129,308,641,771,1412,142,165,307
7504,"THEFT/OTHER","38.8599992989","-76.9869113123",179,129,308,641,771,1412,142,165,307
7504,"THEFT F/AUTO","38.8654300532","-76.9780955204",179,129,308,641,771,1412,142,165,307
7504,"ASSAULT W/DANGEROUS WEAPON","38.86318773","-76.9826935852",179,129,308,641,771,1412,142,165,307
7504,"ROBBERY","38.865106259","-76.9809993041",179,129,308,641,771,1412,142,165,307
7504,"ASSAULT W/DANGEROUS WEAPON","38.8660882335","-76.9813562469",179,129,308,641,771,1412,142,165,307
7504,"ROBBERY","38.864025004","-76.9795477718",179,129,308,641,771,1412,142,165,307
7504,"ROBBERY","38.8632403663","-76.9749045277",179,129,308,641,771,1412,142,165,307
7504,"ROBBERY","38.8644664843","-76.9799394087",179,129,308,641,771,1412,142,165,307
7504,"MOTOR VEHICLE THEFT","38.8599992989","-76.9869113123",179,129,308,641,771,1412,142,165,307
7504,"THEFT F/AUTO","38.8653222397","-76.9796856712",179,129,308,641,771,1412,142,165,307
7504,"ROBBERY","38.8663316698","-76.9827158683",179,129,308,641,771,1412,142,165,307
7504,"ASSAULT W/DANGEROUS WEAPON","38.8654300532","-76.9780955204",179,129,308,641,771,1412,142,165,307
7504,"MOTOR VEHICLE THEFT","38.8599992989","-76.9869113123",179,129,308,641,771,1412,142,165,307
7504,"THEFT F/AUTO","38.865106259","-76.9809993041",179,129,308,641,771,1412,142,165,307
7504,"THEFT/OTHER","38.8630251948","-76.9802739583",179,129,308,641,771,1412,142,165,307
7504,"THEFT/OTHER","38.8617281827","-76.9814956499",179,129,308,641,771,1412,142,165,307
7504,"HOMICIDE","38.8643936474","-76.9758720073",179,129,308,641,771,1412,142,165,307
7504,"THEFT/OTHER","38.8653222397","-76.9796856712",179,129,308,641,771,1412,142,165,307
7504,"MOTOR VEHICLE THEFT","38.8646552224","-76.9775311565",179,129,308,641,771,1412,142,165,307
7504,"HOMICIDE","38.8630251948","-76.9802739583",179,129,308,641,771,1412,142,165,307
7504,"MOTOR VEHICLE THEFT","38.8605216664","-76.985874253",179,129,308,641,771,1412,142,165,307
7504,"MOTOR VEHICLE THEFT","38.8653222397","-76.9796856712",179,129,308,641,771,1412,142,165,307
7504,"SEX ABUSE","38.864025004","-76.9795477718",179,129,308,641,771,1412,142,165,307
7504,"HOMICIDE","38.8617281827","-76.9814956499",179,129,308,641,771,1412,142,165,307
7504,"ROBBERY","38.8630251948","-76.9802739583",179,129,308,641,771,1412,142,165,307
7504,"ASSAULT W/DANGEROUS WEAPON","38.8630251948","-76.9802739583",179,129,308,641,771,1412,142,165,307
7504,"THEFT/OTHER","38.8630251948","-76.9802739583",179,129,308,641,771,1412,142,165,307
7504,"THEFT F/AUTO","38.859809966","-76.9855863513",179,129,308,641,771,1412,142,165,307
7504,"THEFT/OTHER","38.8660882335","-76.9813562469",179,129,308,641,771,1412,142,165,307
7504,"ROBBERY","38.8642505007","-76.9812530252",179,129,308,641,771,1412,142,165,307
7504,"ASSAULT W/DANGEROUS WEAPON","38.8646552224","-76.9775311565",179,129,308,641,771,1412,142,165,307
7504,"THEFT/OTHER","38.8662144649","-76.9820821463",179,129,308,641,771,1412,142,165,307
7504,"HOMICIDE","38.8630251948","-76.9802739583",179,129,308,641,771,1412,142,165,307
7504,"ASSAULT W/DANGEROUS WEAPON","38.8646552224","-76.9775311565",179,129,308,641,771,1412,142,165,307
7504,"THEFT F/AUTO","38.8658718361","-76.9801694673",179,129,308,641,771,1412,142,165,307
7504,"THEFT F/AUTO","38.8617281827","-76.9814956499",179,129,308,641,771,1412,142,165,307
7504,"THEFT/OTHER","38.8658718361","-76.9801694673",179,129,308,641,771,1412,142,165,307
7504,"THEFT/OTHER","38.8599992989","-76.9869113123",179,129,308,641,771,1412,142,165,307
7504,"THEFT/OTHER","38.865106259","-76.9809993041",179,129,308,641,771,1412,142,165,307
7504,"THEFT/OTHER","38.8593143808","-76.9846301568",179,129,308,641,771,1412,142,165,307
7504,"MOTOR VEHICLE THEFT","38.8605214585","-76.9842496769",179,129,308,641,771,1412,142,165,307
7504,"HOMICIDE","38.8646552224","-76.9775311565",179,129,308,641,771,1412,142,165,307
7504,"THEFT/OTHER","38.8646552224","-76.9775311565",179,129,308,641,771,1412,142,165,307
7504,"ASSAULT W/DANGEROUS WEAPON","38.8642505007","-76.9812530252",179,129,308,641,771,1412,142,165,307
7504,"THEFT F/AUTO","38.8642505007","-76.9812530252",179,129,308,641,771,1412,142,165,307
7504,"ASSAULT W/DANGEROUS WEAPON","38.8662144649","-76.9820821463",179,129,308,641,771,1412,142,165,307
7504,"ASSAULT W/DANGEROUS WEAPON","38.8630251948","-76.9802739583",179,129,308,641,771,1412,142,165,307
7504,"THEFT/OTHER","38.8662144649","-76.9820821463",179,129,308,641,771,1412,142,165,307
7504,"THEFT/OTHER","38.8646552224","-76.9775311565",179,129,308,641,771,1412,142,165,307
7504,"THEFT/OTHER","38.8642505007","-76.9812530252",179,129,308,641,771,1412,142,165,307
7504,"ROBBERY","38.8646552224","-76.9775311565",179,129,308,641,771,1412,142,165,307
7504,"THEFT F/AUTO","38.8630251948","-76.9802739583",179,129,308,641,771,1412,142,165,307
7504,"THEFT/OTHER","38.859809966","-76.9855863513",179,129,308,641,771,1412,142,165,307
7504,"THEFT/OTHER","38.8620706983","-76.9827745105",179,129,308,641,771,1412,142,165,307
7504,"THEFT F/AUTO","38.8654300532","-76.9780955204",179,129,308,641,771,1412,142,165,307
7504,"THEFT F/AUTO","38.859809966","-76.9855863513",179,129,308,641,771,1412,142,165,307
7504,"MOTOR VEHICLE THEFT","38.8645022467","-76.9784184341",179,129,308,641,771,1412,142,165,307
7504,"BURGLARY","38.8617281827","-76.9814956499",179,129,308,641,771,1412,142,165,307
7504,"ASSAULT W/DANGEROUS WEAPON","38.8646552224","-76.9775311565",179,129,308,641,771,1412,142,165,307
7504,"THEFT/OTHER","38.8617281827","-76.9814956499",179,129,308,641,771,1412,142,165,307
7504,"ASSAULT W/DANGEROUS WEAPON","38.8662144649","-76.9820821463",179,129,308,641,771,1412,142,165,307
7504,"ASSAULT W/DANGEROUS WEAPON","38.8660882335","-76.9813562469",179,129,308,641,771,1412,142,165,307
7504,"ASSAULT W/DANGEROUS WEAPON","38.8663316698","-76.9827158683",179,129,308,641,771,1412,142,165,307
7504,"ASSAULT W/DANGEROUS WEAPON","38.8645022467","-76.9784184341",179,129,308,641,771,1412,142,165,307
7504,"MOTOR VEHICLE THEFT","38.8645022467","-76.9784184341",179,129,308,641,771,1412,142,165,307
7504,"ASSAULT W/DANGEROUS WEAPON","38.8657550306","-76.9820476936",179,129,308,641,771,1412,142,165,307
7504,"THEFT/OTHER","38.8662144649","-76.9820821463",179,129,308,641,771,1412,142,165,307
7504,"ASSAULT W/DANGEROUS WEAPON","38.8654300532","-76.9780955204",179,129,308,641,771,1412,142,165,307
7504,"MOTOR VEHICLE THEFT","38.8646552224","-76.9775311565",179,129,308,641,771,1412,142,165,307
7504,"HOMICIDE","38.8657550306","-76.9820476936",179,129,308,641,771,1412,142,165,307
7504,"ROBBERY","38.8660882335","-76.9813562469",179,129,308,641,771,1412,142,165,307
7601,"BURGLARY","38.8675752799","-76.9860802701",332,425,757,1932,1183,3115,732,466,1198
7601,"MOTOR VEHICLE THEFT","38.868223575","-76.9836833472",332,425,757,1932,1183,3115,732,466,1198
7601,"THEFT/OTHER","38.8726277897","-76.9781970251",332,425,757,1932,1183,3115,732,466,1198
7601,"THEFT F/AUTO","38.8725464156","-76.9766528663",332,425,757,1932,1183,3115,732,466,1198
7601,"THEFT/OTHER","38.8731512591","-76.9843160325",332,425,757,1932,1183,3115,732,466,1198
7601,"THEFT/OTHER","38.8713754617","-76.9773561871",332,425,757,1932,1183,3115,732,466,1198
7601,"THEFT F/AUTO","38.8707347196","-76.9720671197",332,425,757,1932,1183,3115,732,466,1198
7601,"THEFT F/AUTO","38.8683402802","-76.9810099662",332,425,757,1932,1183,3115,732,466,1198
7601,"BURGLARY","38.8737980946","-76.9743246168",332,425,757,1932,1183,3115,732,466,1198
7601,"THEFT/OTHER","38.8675749984","-76.9838909087",332,425,757,1932,1183,3115,732,466,1198
7601,"THEFT F/AUTO","38.8700971117","-76.9822309751",332,425,757,1932,1183,3115,732,466,1198
7601,"HOMICIDE","38.8727793514","-76.9709369873",332,425,757,1932,1183,3115,732,466,1198
7601,"THEFT/OTHER","38.8667012987","-76.9847553169",332,425,757,1932,1183,3115,732,466,1198
7601,"THEFT F/AUTO","38.8688364584","-76.9860915473",332,425,757,1932,1183,3115,732,466,1198
7601,"THEFT F/AUTO","38.8729246589","-76.9761111231",332,425,757,1932,1183,3115,732,466,1198
7601,"ROBBERY","38.8675752799","-76.9860802701",332,425,757,1932,1183,3115,732,466,1198
7601,"MOTOR VEHICLE THEFT","38.8682238881","-76.9861031897",332,425,757,1932,1183,3115,732,466,1198
7601,"ROBBERY","38.8669446926","-76.986091916",332,425,757,1932,1183,3115,732,466,1198
7601,"THEFT F/AUTO","38.8667012987","-76.9847553169",332,425,757,1932,1183,3115,732,466,1198
7601,"THEFT F/AUTO","38.8724644909","-76.9727348198",332,425,757,1932,1183,3115,732,466,1198
7601,"THEFT/OTHER","38.8678187624","-76.9884193905",332,425,757,1932,1183,3115,732,466,1198
7601,"MOTOR VEHICLE THEFT","38.8691509991","-76.9807792863",332,425,757,1932,1183,3115,732,466,1198
7601,"ASSAULT W/DANGEROUS WEAPON","38.8675752799","-76.9860802701",332,425,757,1932,1183,3115,732,466,1198
7601,"THEFT F/AUTO","38.8707357519","-76.9767802168",332,425,757,1932,1183,3115,732,466,1198
7601,"THEFT F/AUTO","38.8716734716","-76.9815161184",332,425,757,1932,1183,3115,732,466,1198
7601,"THEFT F/AUTO","38.8730950978","-76.9728152458",332,425,757,1932,1183,3115,732,466,1198
7601,"ROBBERY","38.8717891703","-76.9740948669",332,425,757,1932,1183,3115,732,466,1198
7601,"THEFT/OTHER","38.8675752799","-76.9860802701",332,425,757,1932,1183,3115,732,466,1198
7601,"THEFT/OTHER","38.8744733882","-76.9728377689",332,425,757,1932,1183,3115,732,466,1198
7601,"ROBBERY","38.8707347196","-76.9720671197",332,425,757,1932,1183,3115,732,466,1198
7601,"ROBBERY","38.8698171397","-76.9780480806",332,425,757,1932,1183,3115,732,466,1198
7601,"THEFT/OTHER","38.8688986143","-76.9798920702",332,425,757,1932,1183,3115,732,466,1198
7601,"THEFT F/AUTO","38.8688358221","-76.9815053302",332,425,757,1932,1183,3115,732,466,1198
7601,"THEFT/OTHER","38.8667012987","-76.9847553169",332,425,757,1932,1183,3115,732,466,1198
7601,"MOTOR VEHICLE THEFT","38.8688364584","-76.9860915473",332,425,757,1932,1183,3115,732,466,1198
7601,"THEFT/OTHER","38.8729417478","-76.9719394937",332,425,757,1932,1183,3115,732,466,1198
7601,"MOTOR VEHICLE THEFT","38.8741128729","-76.9720773214",332,425,757,1932,1183,3115,732,466,1198
7601,"MOTOR VEHICLE THEFT","38.8688364584","-76.9860915473",332,425,757,1932,1183,3115,732,466,1198
7601,"BURGLARY","38.8725464156","-76.9766528663",332,425,757,1932,1183,3115,732,466,1198
7601,"THEFT/OTHER","38.8667012987","-76.9847553169",332,425,757,1932,1183,3115,732,466,1198
7601,"THEFT F/AUTO","38.8707347196","-76.9720671197",332,425,757,1932,1183,3115,732,466,1198
7601,"ASSAULT W/DANGEROUS WEAPON","38.870736023","-76.9781860796",332,425,757,1932,1183,3115,732,466,1198
7601,"HOMICIDE","38.8701055867","-76.9790159545",332,425,757,1932,1183,3115,732,466,1198
7601,"MOTOR VEHICLE THEFT","38.8717891703","-76.9740948669",332,425,757,1932,1183,3115,732,466,1198
7601,"HOMICIDE","38.8729246589","-76.9761111231",332,425,757,1932,1183,3115,732,466,1198
7601,"MOTOR VEHICLE THEFT","38.8741128729","-76.9720773214",332,425,757,1932,1183,3115,732,466,1198
7601,"THEFT F/AUTO","38.868529649","-76.9822313654",332,425,757,1932,1183,3115,732,466,1198
7601,"ROBBERY","38.8730950978","-76.9728152458",332,425,757,1932,1183,3115,732,466,1198
7601,"THEFT F/AUTO","38.8710415667","-76.9745215083",332,425,757,1932,1183,3115,732,466,1198
7601,"THEFT F/AUTO","38.8691684025","-76.9773568874",332,425,757,1932,1183,3115,732,466,1198
7601,"THEFT F/AUTO","38.8741128729","-76.9720773214",332,425,757,1932,1183,3115,732,466,1198
7601,"THEFT F/AUTO","38.8669894294","-76.9837297208",332,425,757,1932,1183,3115,732,466,1198
7601,"THEFT F/AUTO","38.8707347196","-76.9720671197",332,425,757,1932,1183,3115,732,466,1198
7601,"THEFT F/AUTO","38.8669894294","-76.9837297208",332,425,757,1932,1183,3115,732,466,1198
7601,"THEFT/OTHER","38.8691512291","-76.9822312106",332,425,757,1932,1183,3115,732,466,1198
7601,"THEFT F/AUTO","38.8704475983","-76.977368005",332,425,757,1932,1183,3115,732,466,1198
7601,"BURGLARY","38.8734289027","-76.9750277076",332,425,757,1932,1183,3115,732,466,1198
7601,"THEFT/OTHER","38.8701055867","-76.9790159545",332,425,757,1932,1183,3115,732,466,1198
7601,"THEFT F/AUTO","38.8729246589","-76.9761111231",332,425,757,1932,1183,3115,732,466,1198
7601,"ROBBERY","38.8744733882","-76.9728377689",332,425,757,1932,1183,3115,732,466,1198
7601,"THEFT/OTHER","38.8685463355","-76.9749718005",332,425,757,1932,1183,3115,732,466,1198
7601,"ROBBERY","38.8729417478","-76.9719394937",332,425,757,1932,1183,3115,732,466,1198
7601,"THEFT F/AUTO","38.871131354","-76.9731962703",332,425,757,1932,1183,3115,732,466,1198
7601,"ROBBERY","38.8729417478","-76.9719394937",332,425,757,1932,1183,3115,732,466,1198
7601,"ROBBERY","38.870736023","-76.9781860796",332,425,757,1932,1183,3115,732,466,1198
7601,"BURGLARY","38.8675752799","-76.9860802701",332,425,757,1932,1183,3115,732,466,1198
7601,"ASSAULT W/DANGEROUS WEAPON","38.871896528","-76.9709373469",332,425,757,1932,1183,3115,732,466,1198
7601,"THEFT F/AUTO","38.869475068","-76.9794079308",332,425,757,1932,1183,3115,732,466,1198
7601,"BURGLARY","38.8694745522","-76.9766653945",332,425,757,1932,1183,3115,732,466,1198
7601,"ASSAULT W/DANGEROUS WEAPON","38.8669446926","-76.986091916",332,425,757,1932,1183,3115,732,466,1198
7601,"THEFT/OTHER","38.8689148373","-76.9713073026",332,425,757,1932,1183,3115,732,466,1198
7601,"THEFT F/AUTO","38.8734289027","-76.9750277076",332,425,757,1932,1183,3115,732,466,1198
7601,"THEFT F/AUTO","38.8667012987","-76.9847553169",332,425,757,1932,1183,3115,732,466,1198
7601,"THEFT F/AUTO","38.8710415667","-76.9745215083",332,425,757,1932,1183,3115,732,466,1198
7601,"THEFT/OTHER","38.8727793514","-76.9709369873",332,425,757,1932,1183,3115,732,466,1198
7601,"BURGLARY","38.8667012987","-76.9847553169",332,425,757,1932,1183,3115,732,466,1198
7601,"THEFT F/AUTO","38.8675749984","-76.9838909087",332,425,757,1932,1183,3115,732,466,1198
7601,"BURGLARY","38.8726277897","-76.9781970251",332,425,757,1932,1183,3115,732,466,1198
7601,"THEFT/OTHER","38.8691509991","-76.9807792863",332,425,757,1932,1183,3115,732,466,1198
7601,"ROBBERY","38.8730143486","-76.9742557558",332,425,757,1932,1183,3115,732,466,1198
7601,"HOMICIDE","38.8713754617","-76.9773561871",332,425,757,1932,1183,3115,732,466,1198
7601,"THEFT F/AUTO","38.8675752799","-76.9860802701",332,425,757,1932,1183,3115,732,466,1198
7601,"THEFT F/AUTO","38.8701055867","-76.9790159545",332,425,757,1932,1183,3115,732,466,1198
7601,"THEFT/OTHER","38.8700971117","-76.9822309751",332,425,757,1932,1183,3115,732,466,1198
7601,"ASSAULT W/DANGEROUS WEAPON","38.8741128729","-76.9720773214",332,425,757,1932,1183,3115,732,466,1198
7601,"THEFT/OTHER","38.8710508016","-76.9755816686",332,425,757,1932,1183,3115,732,466,1198
7601,"THEFT/OTHER","38.8694574022","-76.9815051691",332,425,757,1932,1183,3115,732,466,1198
7601,"THEFT/OTHER","38.8744733882","-76.9728377689",332,425,757,1932,1183,3115,732,466,1198
7601,"ROBBERY","38.8667012987","-76.9847553169",332,425,757,1932,1183,3115,732,466,1198
7601,"THEFT F/AUTO","38.8707365958","-76.9815048376",332,425,757,1932,1183,3115,732,466,1198
7601,"THEFT/OTHER","38.8715275766","-76.9725623239",332,425,757,1932,1183,3115,732,466,1198
7601,"THEFT F/AUTO","38.8675749984","-76.9838909087",332,425,757,1932,1183,3115,732,466,1198
7601,"THEFT F/AUTO","38.8669446926","-76.986091916",332,425,757,1932,1183,3115,732,466,1198
7601,"THEFT F/AUTO","38.8688451552","-76.9836832051",332,425,757,1932,1183,3115,732,466,1198
7601,"ROBBERY","38.8701057408","-76.9798917301",332,425,757,1932,1183,3115,732,466,1198
7601,"THEFT F/AUTO","38.872015138","-76.9777708364",332,425,757,1932,1183,3115,732,466,1198
7601,"ASSAULT W/DANGEROUS WEAPON","38.871131354","-76.9731962703",332,425,757,1932,1183,3115,732,466,1198
7601,"HOMICIDE","38.8744733882","-76.9728377689",332,425,757,1932,1183,3115,732,466,1198
7601,"THEFT F/AUTO","38.8732775569","-76.9772075018",332,425,757,1932,1183,3115,732,466,1198
7601,"BURGLARY","38.872015293","-76.9786005407",332,425,757,1932,1183,3115,732,466,1198
7601,"THEFT/OTHER","38.8729417478","-76.9719394937",332,425,757,1932,1183,3115,732,466,1198
7601,"THEFT/OTHER","38.8701057408","-76.9798917301",332,425,757,1932,1183,3115,732,466,1198
7601,"THEFT F/AUTO","38.8730143486","-76.9742557558",332,425,757,1932,1183,3115,732,466,1198
7601,"ROBBERY","38.8729867062","-76.9715937612",332,425,757,1932,1183,3115,732,466,1198
7601,"THEFT F/AUTO","38.8732775569","-76.9772075018",332,425,757,1932,1183,3115,732,466,1198
7601,"ASSAULT W/DANGEROUS WEAPON","38.8694752192","-76.9802836987",332,425,757,1932,1183,3115,732,466,1198
7601,"THEFT F/AUTO","38.8710415667","-76.9745215083",332,425,757,1932,1183,3115,732,466,1198
7601,"ROBBERY","38.870736023","-76.9781860796",332,425,757,1932,1183,3115,732,466,1198
7601,"THEFT F/AUTO","38.8669446926","-76.986091916",332,425,757,1932,1183,3115,732,466,1198
7601,"ASSAULT W/DANGEROUS WEAPON","38.8669894294","-76.9837297208",332,425,757,1932,1183,3115,732,466,1198
7601,"THEFT F/AUTO","38.8678187624","-76.9884193905",332,425,757,1932,1183,3115,732,466,1198
7601,"ROBBERY","38.8669446926","-76.986091916",332,425,757,1932,1183,3115,732,466,1198
7601,"ASSAULT W/DANGEROUS WEAPON","38.8713850836","-76.9807786846",332,425,757,1932,1183,3115,732,466,1198
7601,"THEFT/OTHER","38.8701057408","-76.9798917301",332,425,757,1932,1183,3115,732,466,1198
7601,"ASSAULT W/DANGEROUS WEAPON","38.8701057408","-76.9798917301",332,425,757,1932,1183,3115,732,466,1198
7601,"THEFT/OTHER","38.8701055867","-76.9790159545",332,425,757,1932,1183,3115,732,466,1198
7601,"THEFT F/AUTO","38.8726277897","-76.9781970251",332,425,757,1932,1183,3115,732,466,1198
7601,"THEFT/OTHER","38.8729417478","-76.9719394937",332,425,757,1932,1183,3115,732,466,1198
7601,"MOTOR VEHICLE THEFT","38.8741128729","-76.9720773214",332,425,757,1932,1183,3115,732,466,1198
7601,"THEFT/OTHER","38.8717891703","-76.9740948669",332,425,757,1932,1183,3115,732,466,1198
7601,"THEFT F/AUTO","38.8688986143","-76.9798920702",332,425,757,1932,1183,3115,732,466,1198
7601,"THEFT/OTHER","38.8729867062","-76.9715937612",332,425,757,1932,1183,3115,732,466,1198
7601,"THEFT/OTHER","38.8682229838","-76.9798922606",332,425,757,1932,1183,3115,732,466,1198
7601,"THEFT/OTHER","38.8729417478","-76.9719394937",332,425,757,1932,1183,3115,732,466,1198
7601,"ASSAULT W/DANGEROUS WEAPON","38.8717891703","-76.9740948669",332,425,757,1932,1183,3115,732,466,1198
7601,"THEFT/OTHER","38.8667012987","-76.9847553169",332,425,757,1932,1183,3115,732,466,1198
7601,"THEFT F/AUTO","38.8741128729","-76.9720773214",332,425,757,1932,1183,3115,732,466,1198
7601,"MOTOR VEHICLE THEFT","38.8716993752","-76.9754316396",332,425,757,1932,1183,3115,732,466,1198
7601,"THEFT F/AUTO","38.8701058902","-76.9807790291",332,425,757,1932,1183,3115,732,466,1198
7601,"THEFT/OTHER","38.8730143486","-76.9742557558",332,425,757,1932,1183,3115,732,466,1198
7601,"THEFT/OTHER","38.8729417478","-76.9719394937",332,425,757,1932,1183,3115,732,466,1198
7601,"THEFT/OTHER","38.8729417478","-76.9719394937",332,425,757,1932,1183,3115,732,466,1198
7601,"ASSAULT W/DANGEROUS WEAPON","38.8691512291","-76.9822312106",332,425,757,1932,1183,3115,732,466,1198
7601,"THEFT F/AUTO","38.8715275766","-76.9725623239",332,425,757,1932,1183,3115,732,466,1198
7601,"MOTOR VEHICLE THEFT","38.8715275766","-76.9725623239",332,425,757,1932,1183,3115,732,466,1198
7601,"ASSAULT W/DANGEROUS WEAPON","38.8713754617","-76.9773561871",332,425,757,1932,1183,3115,732,466,1198
7601,"THEFT F/AUTO","38.8737356292","-76.977182579",332,425,757,1932,1183,3115,732,466,1198
7601,"THEFT F/AUTO","38.8701047873","-76.9749597306",332,425,757,1932,1183,3115,732,466,1198
7601,"THEFT F/AUTO","38.8698171397","-76.9780480806",332,425,757,1932,1183,3115,732,466,1198
7601,"THEFT/OTHER","38.8744733882","-76.9728377689",332,425,757,1932,1183,3115,732,466,1198
7601,"THEFT/OTHER","38.8741128729","-76.9720773214",332,425,757,1932,1183,3115,732,466,1198
7601,"THEFT/OTHER","38.8698171397","-76.9780480806",332,425,757,1932,1183,3115,732,466,1198
7601,"THEFT F/AUTO","38.8688451552","-76.9836832051",332,425,757,1932,1183,3115,732,466,1198
7601,"THEFT F/AUTO","38.8669894294","-76.9837297208",332,425,757,1932,1183,3115,732,466,1198
7601,"THEFT/OTHER","38.8744733882","-76.9728377689",332,425,757,1932,1183,3115,732,466,1198
7601,"MOTOR VEHICLE THEFT","38.8737980946","-76.9743246168",332,425,757,1932,1183,3115,732,466,1198
7601,"ROBBERY","38.8710508016","-76.9755816686",332,425,757,1932,1183,3115,732,466,1198
7601,"ROBBERY","38.8669446926","-76.986091916",332,425,757,1932,1183,3115,732,466,1198
7601,"MOTOR VEHICLE THEFT","38.8690795661","-76.9851235512",332,425,757,1932,1183,3115,732,466,1198
7601,"THEFT F/AUTO","38.8741128729","-76.9720773214",332,425,757,1932,1183,3115,732,466,1198
7601,"THEFT/OTHER","38.8717891703","-76.9740948669",332,425,757,1932,1183,3115,732,466,1198
7601,"HOMICIDE","38.86981701","-76.9773682049",332,425,757,1932,1183,3115,732,466,1198
7601,"THEFT F/AUTO","38.8704475983","-76.977368005",332,425,757,1932,1183,3115,732,466,1198
7601,"ASSAULT W/DANGEROUS WEAPON","38.8694752192","-76.9802836987",332,425,757,1932,1183,3115,732,466,1198
7601,"ASSAULT W/DANGEROUS WEAPON","38.8717891703","-76.9740948669",332,425,757,1932,1183,3115,732,466,1198
7601,"MOTOR VEHICLE THEFT","38.8694752192","-76.9802836987",332,425,757,1932,1183,3115,732,466,1198
7601,"THEFT/OTHER","38.8744733882","-76.9728377689",332,425,757,1932,1183,3115,732,466,1198
7601,"THEFT F/AUTO","38.8724657884","-76.9790152605",332,425,757,1932,1183,3115,732,466,1198
7601,"BURGLARY","38.8704475983","-76.977368005",332,425,757,1932,1183,3115,732,466,1198
7601,"THEFT/OTHER","38.8704474829","-76.9767803106",332,425,757,1932,1183,3115,732,466,1198
7601,"MOTOR VEHICLE THEFT","38.8729246589","-76.9761111231",332,425,757,1932,1183,3115,732,466,1198
7601,"ASSAULT W/DANGEROUS WEAPON","38.8701057408","-76.9798917301",332,425,757,1932,1183,3115,732,466,1198
7601,"THEFT F/AUTO","38.8675752799","-76.9860802701",332,425,757,1932,1183,3115,732,466,1198
7601,"THEFT F/AUTO","38.8725464156","-76.9766528663",332,425,757,1932,1183,3115,732,466,1198
7601,"THEFT/OTHER","38.8725464156","-76.9766528663",332,425,757,1932,1183,3115,732,466,1198
7601,"ROBBERY","38.8744733882","-76.9728377689",332,425,757,1932,1183,3115,732,466,1198
7601,"BURGLARY","38.8678187624","-76.9884193905",332,425,757,1932,1183,3115,732,466,1198
7601,"THEFT/OTHER","38.8737356292","-76.977182579",332,425,757,1932,1183,3115,732,466,1198
7601,"THEFT F/AUTO","38.8675752799","-76.9860802701",332,425,757,1932,1183,3115,732,466,1198
7601,"THEFT F/AUTO","38.868223575","-76.9836833472",332,425,757,1932,1183,3115,732,466,1198
7601,"ROBBERY","38.8729417478","-76.9719394937",332,425,757,1932,1183,3115,732,466,1198
7601,"THEFT/OTHER","38.871131354","-76.9731962703",332,425,757,1932,1183,3115,732,466,1198
7601,"THEFT F/AUTO","38.868231686","-76.978186845",332,425,757,1932,1183,3115,732,466,1198
7601,"THEFT F/AUTO","38.8688986143","-76.9798920702",332,425,757,1932,1183,3115,732,466,1198
7601,"THEFT F/AUTO","38.8729246589","-76.9761111231",332,425,757,1932,1183,3115,732,466,1198
7601,"THEFT F/AUTO","38.8729867062","-76.9715937612",332,425,757,1932,1183,3115,732,466,1198
7601,"THEFT/OTHER","38.8669446926","-76.986091916",332,425,757,1932,1183,3115,732,466,1198
7601,"ASSAULT W/DANGEROUS WEAPON","38.8701038586","-76.9709496003",332,425,757,1932,1183,3115,732,466,1198
7601,"THEFT F/AUTO","38.8713850836","-76.9807786846",332,425,757,1932,1183,3115,732,466,1198
7601,"ASSAULT W/DANGEROUS WEAPON","38.870736023","-76.9781860796",332,425,757,1932,1183,3115,732,466,1198
7601,"THEFT F/AUTO","38.8744733882","-76.9728377689",332,425,757,1932,1183,3115,732,466,1198
7601,"THEFT F/AUTO","38.8741128729","-76.9720773214",332,425,757,1932,1183,3115,732,466,1198
7601,"MOTOR VEHICLE THEFT","38.8729246589","-76.9761111231",332,425,757,1932,1183,3115,732,466,1198
7601,"ROBBERY","38.8701057408","-76.9798917301",332,425,757,1932,1183,3115,732,466,1198
7601,"THEFT/OTHER","38.8682403003","-76.9761703064",332,425,757,1932,1183,3115,732,466,1198
7601,"THEFT/OTHER","38.8691512291","-76.9822312106",332,425,757,1932,1183,3115,732,466,1198
7601,"THEFT F/AUTO","38.8694734149","-76.9715375433",332,425,757,1932,1183,3115,732,466,1198
7601,"THEFT/OTHER","38.8744733882","-76.9728377689",332,425,757,1932,1183,3115,732,466,1198
7601,"THEFT F/AUTO","38.8675752799","-76.9860802701",332,425,757,1932,1183,3115,732,466,1198
7601,"THEFT F/AUTO","38.8739149289","-76.973103033",332,425,757,1932,1183,3115,732,466,1198
7601,"ROBBERY","38.8688986143","-76.9798920702",332,425,757,1932,1183,3115,732,466,1198
7601,"THEFT F/AUTO","38.8741128729","-76.9720773214",332,425,757,1932,1183,3115,732,466,1198
7601,"THEFT F/AUTO","38.8744733882","-76.9728377689",332,425,757,1932,1183,3115,732,466,1198
7601,"ROBBERY","38.8678994647","-76.9851237972",332,425,757,1932,1183,3115,732,466,1198
7601,"MOTOR VEHICLE THEFT","38.8688358221","-76.9815053302",332,425,757,1932,1183,3115,732,466,1198
7601,"ROBBERY","38.870104998","-76.9759622632",332,425,757,1932,1183,3115,732,466,1198
7601,"ROBBERY","38.8707364076","-76.980352491",332,425,757,1932,1183,3115,732,466,1198
7601,"THEFT/OTHER","38.8741128729","-76.9720773214",332,425,757,1932,1183,3115,732,466,1198
7601,"ASSAULT W/DANGEROUS WEAPON","38.8717891703","-76.9740948669",332,425,757,1932,1183,3115,732,466,1198
7601,"THEFT/OTHER","38.8734289027","-76.9750277076",332,425,757,1932,1183,3115,732,466,1198
7601,"THEFT F/AUTO","38.8704474829","-76.9767803106",332,425,757,1932,1183,3115,732,466,1198
7601,"THEFT F/AUTO","38.8682398943","-76.9742574781",332,425,757,1932,1183,3115,732,466,1198
7601,"MOTOR VEHICLE THEFT","38.8734289027","-76.9750277076",332,425,757,1932,1183,3115,732,466,1198
7601,"THEFT F/AUTO","38.8741227","-76.9757419536",332,425,757,1932,1183,3115,732,466,1198
7601,"THEFT F/AUTO","38.8667012987","-76.9847553169",332,425,757,1932,1183,3115,732,466,1198
7601,"BURGLARY","38.8698171397","-76.9780480806",332,425,757,1932,1183,3115,732,466,1198
7601,"SEX ABUSE","38.8710249774","-76.9822307441",332,425,757,1932,1183,3115,732,466,1198
7601,"THEFT F/AUTO","38.8682238881","-76.9861031897",332,425,757,1932,1183,3115,732,466,1198
7601,"THEFT/OTHER","38.8688528697","-76.9761585787",332,425,757,1932,1183,3115,732,466,1198
7601,"THEFT F/AUTO","38.8701055867","-76.9790159545",332,425,757,1932,1183,3115,732,466,1198
7601,"THEFT/OTHER","38.8694752192","-76.9802836987",332,425,757,1932,1183,3115,732,466,1198
7601,"THEFT/OTHER","38.871131354","-76.9731962703",332,425,757,1932,1183,3115,732,466,1198
7601,"ROBBERY","38.8698160041","-76.9726666918",332,425,757,1932,1183,3115,732,466,1198
7601,"THEFT F/AUTO","38.8737980946","-76.9743246168",332,425,757,1932,1183,3115,732,466,1198
7601,"MOTOR VEHICLE THEFT","38.8675752799","-76.9860802701",332,425,757,1932,1183,3115,732,466,1198
7601,"THEFT/OTHER","38.8704474829","-76.9767803106",332,425,757,1932,1183,3115,732,466,1198
7601,"THEFT F/AUTO","38.8701047873","-76.9749597306",332,425,757,1932,1183,3115,732,466,1198
7601,"THEFT F/AUTO","38.8731512591","-76.9843160325",332,425,757,1932,1183,3115,732,466,1198
7601,"MOTOR VEHICLE THEFT","38.8710508016","-76.9755816686",332,425,757,1932,1183,3115,732,466,1198
7601,"THEFT F/AUTO","38.8734289027","-76.9750277076",332,425,757,1932,1183,3115,732,466,1198
7601,"MOTOR VEHICLE THEFT","38.8744733882","-76.9728377689",332,425,757,1932,1183,3115,732,466,1198
7601,"THEFT F/AUTO","38.8737980946","-76.9743246168",332,425,757,1932,1183,3115,732,466,1198
7601,"MOTOR VEHICLE THEFT","38.8688451552","-76.9836832051",332,425,757,1932,1183,3115,732,466,1198
7601,"THEFT F/AUTO","38.8730143486","-76.9742557558",332,425,757,1932,1183,3115,732,466,1198
7601,"THEFT F/AUTO","38.8694743066","-76.9754669754",332,425,757,1932,1183,3115,732,466,1198
7601,"ROBBERY","38.8682395786","-76.9728631876",332,425,757,1932,1183,3115,732,466,1198
7601,"MOTOR VEHICLE THEFT","38.8707365958","-76.9815048376",332,425,757,1932,1183,3115,732,466,1198
7601,"ROBBERY","38.868223575","-76.9836833472",332,425,757,1932,1183,3115,732,466,1198
7601,"THEFT F/AUTO","38.8688364584","-76.9860915473",332,425,757,1932,1183,3115,732,466,1198
7601,"ASSAULT W/DANGEROUS WEAPON","38.8730143486","-76.9742557558",332,425,757,1932,1183,3115,732,466,1198
7601,"BURGLARY","38.8701055867","-76.9790159545",332,425,757,1932,1183,3115,732,466,1198
7601,"ASSAULT W/DANGEROUS WEAPON","38.8669446926","-76.986091916",332,425,757,1932,1183,3115,732,466,1198
7601,"BURGLARY","38.8726277897","-76.9781970251",332,425,757,1932,1183,3115,732,466,1198
7601,"ASSAULT W/DANGEROUS WEAPON","38.8667012987","-76.9847553169",332,425,757,1932,1183,3115,732,466,1198
7601,"THEFT F/AUTO","38.8701055867","-76.9790159545",332,425,757,1932,1183,3115,732,466,1198
7601,"THEFT/OTHER","38.8737980946","-76.9743246168",332,425,757,1932,1183,3115,732,466,1198
7601,"ROBBERY","38.8717891703","-76.9740948669",332,425,757,1932,1183,3115,732,466,1198
7601,"BURGLARY","38.8675752799","-76.9860802701",332,425,757,1932,1183,3115,732,466,1198
7601,"THEFT F/AUTO","38.8737356292","-76.977182579",332,425,757,1932,1183,3115,732,466,1198
7601,"BURGLARY","38.8678187624","-76.9884193905",332,425,757,1932,1183,3115,732,466,1198
7601,"SEX ABUSE","38.8721490113","-76.9719513291",332,425,757,1932,1183,3115,732,466,1198
7601,"THEFT F/AUTO","38.868223575","-76.9836833472",332,425,757,1932,1183,3115,732,466,1198
7601,"THEFT/OTHER","38.8729246589","-76.9761111231",332,425,757,1932,1183,3115,732,466,1198
7601,"THEFT F/AUTO","38.8688523037","-76.973531298",332,425,757,1932,1183,3115,732,466,1198
7601,"THEFT/OTHER","38.8725464156","-76.9766528663",332,425,757,1932,1183,3115,732,466,1198
7601,"BURGLARY","38.8678187624","-76.9884193905",332,425,757,1932,1183,3115,732,466,1198
7601,"THEFT F/AUTO","38.8688523037","-76.973531298",332,425,757,1932,1183,3115,732,466,1198
7601,"THEFT/OTHER","38.8707365958","-76.9815048376",332,425,757,1932,1183,3115,732,466,1198
7601,"MOTOR VEHICLE THEFT","38.8744733882","-76.9728377689",332,425,757,1932,1183,3115,732,466,1198
7601,"THEFT F/AUTO","38.8729246589","-76.9761111231",332,425,757,1932,1183,3115,732,466,1198
7601,"THEFT F/AUTO","38.8698171397","-76.9780480806",332,425,757,1932,1183,3115,732,466,1198
7601,"ROBBERY","38.8727793514","-76.9709369873",332,425,757,1932,1183,3115,732,466,1198
7601,"ASSAULT W/DANGEROUS WEAPON","38.8688986143","-76.9798920702",332,425,757,1932,1183,3115,732,466,1198
7601,"ROBBERY","38.8716734716","-76.9815161184",332,425,757,1932,1183,3115,732,466,1198
7601,"THEFT/OTHER","38.8717891703","-76.9740948669",332,425,757,1932,1183,3115,732,466,1198
7601,"THEFT/OTHER","38.869475068","-76.9794079308",332,425,757,1932,1183,3115,732,466,1198
7601,"THEFT F/AUTO","38.8694745522","-76.9766653945",332,425,757,1932,1183,3115,732,466,1198
7601,"ROBBERY","38.8713754617","-76.9773561871",332,425,757,1932,1183,3115,732,466,1198
7601,"ROBBERY","38.8675749984","-76.9838909087",332,425,757,1932,1183,3115,732,466,1198
7601,"THEFT/OTHER","38.8741128729","-76.9720773214",332,425,757,1932,1183,3115,732,466,1198
7601,"THEFT F/AUTO","38.8691589072","-76.9749715857",332,425,757,1932,1183,3115,732,466,1198
7601,"THEFT/OTHER","38.8744733882","-76.9728377689",332,425,757,1932,1183,3115,732,466,1198
7601,"ASSAULT W/DANGEROUS WEAPON","38.8741128729","-76.9720773214",332,425,757,1932,1183,3115,732,466,1198
7601,"ROBBERY","38.8725464156","-76.9766528663",332,425,757,1932,1183,3115,732,466,1198
7601,"THEFT/OTHER","38.8675749984","-76.9838909087",332,425,757,1932,1183,3115,732,466,1198
7601,"SEX ABUSE","38.8694745522","-76.9766653945",332,425,757,1932,1183,3115,732,466,1198
7601,"THEFT F/AUTO","38.8688986143","-76.9798920702",332,425,757,1932,1183,3115,732,466,1198
7601,"THEFT F/AUTO","38.8701055867","-76.9790159545",332,425,757,1932,1183,3115,732,466,1198
7601,"THEFT F/AUTO","38.8701055867","-76.9790159545",332,425,757,1932,1183,3115,732,466,1198
7601,"ROBBERY","38.8744733882","-76.9728377689",332,425,757,1932,1183,3115,732,466,1198
7601,"THEFT/OTHER","38.8694752192","-76.9802836987",332,425,757,1932,1183,3115,732,466,1198
7601,"ASSAULT W/DANGEROUS WEAPON","38.867178792","-76.9851239475",332,425,757,1932,1183,3115,732,466,1198
7601,"MOTOR VEHICLE THEFT","38.8707347196","-76.9720671197",332,425,757,1932,1183,3115,732,466,1198
7601,"THEFT/OTHER","38.8675749984","-76.9838909087",332,425,757,1932,1183,3115,732,466,1198
7601,"THEFT F/AUTO","38.8715275766","-76.9725623239",332,425,757,1932,1183,3115,732,466,1198
7601,"THEFT F/AUTO","38.8707347196","-76.9720671197",332,425,757,1932,1183,3115,732,466,1198
7601,"THEFT/OTHER","38.8717891703","-76.9740948669",332,425,757,1932,1183,3115,732,466,1198
7601,"HOMICIDE","38.870736023","-76.9781860796",332,425,757,1932,1183,3115,732,466,1198
7601,"THEFT F/AUTO","38.8688364584","-76.9860915473",332,425,757,1932,1183,3115,732,466,1198
7601,"THEFT F/AUTO","38.8688451552","-76.9836832051",332,425,757,1932,1183,3115,732,466,1198
7601,"THEFT/OTHER","38.8744733882","-76.9728377689",332,425,757,1932,1183,3115,732,466,1198
7601,"BURGLARY","38.8701058902","-76.9807790291",332,425,757,1932,1183,3115,732,466,1198
7601,"ASSAULT W/DANGEROUS WEAPON","38.8729417478","-76.9719394937",332,425,757,1932,1183,3115,732,466,1198
7601,"MOTOR VEHICLE THEFT","38.8675749984","-76.9838909087",332,425,757,1932,1183,3115,732,466,1198
7601,"THEFT/OTHER","38.8688364584","-76.9860915473",332,425,757,1932,1183,3115,732,466,1198
7601,"MOTOR VEHICLE THEFT","38.8741128729","-76.9720773214",332,425,757,1932,1183,3115,732,466,1198
7601,"THEFT/OTHER","38.8727793514","-76.9709369873",332,425,757,1932,1183,3115,732,466,1198
7601,"ASSAULT W/DANGEROUS WEAPON","38.8701057408","-76.9798917301",332,425,757,1932,1183,3115,732,466,1198
7601,"ROBBERY","38.8688986143","-76.9798920702",332,425,757,1932,1183,3115,732,466,1198
7601,"THEFT F/AUTO","38.8707357519","-76.9767802168",332,425,757,1932,1183,3115,732,466,1198
7601,"ASSAULT W/DANGEROUS WEAPON","38.8667012987","-76.9847553169",332,425,757,1932,1183,3115,732,466,1198
7601,"THEFT F/AUTO","38.870736023","-76.9781860796",332,425,757,1932,1183,3115,732,466,1198
7601,"ASSAULT W/DANGEROUS WEAPON","38.8713754617","-76.9773561871",332,425,757,1932,1183,3115,732,466,1198
7601,"MOTOR VEHICLE THEFT","38.8688364584","-76.9860915473",332,425,757,1932,1183,3115,732,466,1198
7601,"THEFT/OTHER","38.8698171397","-76.9780480806",332,425,757,1932,1183,3115,732,466,1198
7601,"THEFT F/AUTO","38.8725464156","-76.9766528663",332,425,757,1932,1183,3115,732,466,1198
7603,"ROBBERY","38.854291662","-76.9624536765",206,156,362,1867,856,2723,1064,498,1562
7603,"THEFT F/AUTO","38.864035588","-76.9535878366",206,156,362,1867,856,2723,1064,498,1562
7603,"THEFT F/AUTO","38.8603103295","-76.9658379147",206,156,362,1867,856,2723,1064,498,1562
7603,"MOTOR VEHICLE THEFT","38.8561481959","-76.9650219078",206,156,362,1867,856,2723,1064,498,1562
7603,"THEFT F/AUTO","38.8545535933","-76.9646540219",206,156,362,1867,856,2723,1064,498,1562
7603,"ROBBERY","38.8628897269","-76.9492792788",206,156,362,1867,856,2723,1064,498,1562
7603,"MOTOR VEHICLE THEFT","38.8647737248","-76.9522161785",206,156,362,1867,856,2723,1064,498,1562
7603,"THEFT F/AUTO","38.8628897269","-76.9492792788",206,156,362,1867,856,2723,1064,498,1562
7603,"ASSAULT W/DANGEROUS WEAPON","38.854291662","-76.9624536765",206,156,362,1867,856,2723,1064,498,1562
7603,"THEFT/OTHER","38.8646467398","-76.9501422164",206,156,362,1867,856,2723,1064,498,1562
7603,"THEFT/OTHER","38.8564701241","-76.9578325441",206,156,362,1867,856,2723,1064,498,1562
7603,"THEFT/OTHER","38.8603103295","-76.9658379147",206,156,362,1867,856,2723,1064,498,1562
7603,"ASSAULT W/DANGEROUS WEAPON","38.8573017201","-76.9665421538",206,156,362,1867,856,2723,1064,498,1562
7603,"THEFT F/AUTO","38.8594730617","-76.9676472142",206,156,362,1867,856,2723,1064,498,1562
7603,"ROBBERY","38.8545535933","-76.9646540219",206,156,362,1867,856,2723,1064,498,1562
7603,"THEFT F/AUTO","38.8578664423","-76.9578662833",206,156,362,1867,856,2723,1064,498,1562
7603,"THEFT/OTHER","38.8603103295","-76.9658379147",206,156,362,1867,856,2723,1064,498,1562
7603,"THEFT F/AUTO","38.8603103295","-76.9658379147",206,156,362,1867,856,2723,1064,498,1562
7603,"ASSAULT W/DANGEROUS WEAPON","38.854291662","-76.9624536765",206,156,362,1867,856,2723,1064,498,1562
7603,"THEFT F/AUTO","38.8646467398","-76.9501422164",206,156,362,1867,856,2723,1064,498,1562
7603,"THEFT/OTHER","38.8632492274","-76.9473893729",206,156,362,1867,856,2723,1064,498,1562
7603,"ASSAULT W/DANGEROUS WEAPON","38.8630437429","-76.9513301254",206,156,362,1867,856,2723,1064,498,1562
7603,"THEFT F/AUTO","38.864981227","-76.9529765271",206,156,362,1867,856,2723,1064,498,1562
7603,"THEFT/OTHER","38.864035588","-76.9535878366",206,156,362,1867,856,2723,1064,498,1562
7603,"THEFT F/AUTO","38.8630437429","-76.9513301254",206,156,362,1867,856,2723,1064,498,1562
7603,"THEFT/OTHER","38.858661316","-76.9642602561",206,156,362,1867,856,2723,1064,498,1562
7603,"THEFT/OTHER","38.8572382533","-76.9651481078",206,156,362,1867,856,2723,1064,498,1562
7603,"THEFT F/AUTO","38.8628897269","-76.9492792788",206,156,362,1867,856,2723,1064,498,1562
7603,"THEFT/OTHER","38.8603103295","-76.9658379147",206,156,362,1867,856,2723,1064,498,1562
7603,"THEFT F/AUTO","38.8636656947","-76.9522284427",206,156,362,1867,856,2723,1064,498,1562
7603,"THEFT F/AUTO","38.8636656947","-76.9522284427",206,156,362,1867,856,2723,1064,498,1562
7603,"THEFT/OTHER","38.8645290167","-76.9487250354",206,156,362,1867,856,2723,1064,498,1562
7603,"MOTOR VEHICLE THEFT","38.8623308927","-76.9485653051",206,156,362,1867,856,2723,1064,498,1562
7603,"THEFT F/AUTO","38.855860372","-76.9665428294",206,156,362,1867,856,2723,1064,498,1562
7603,"THEFT F/AUTO","38.8628897269","-76.9492792788",206,156,362,1867,856,2723,1064,498,1562
7603,"ROBBERY","38.8603103295","-76.9658379147",206,156,362,1867,856,2723,1064,498,1562
7603,"THEFT F/AUTO","38.8645290167","-76.9487250354",206,156,362,1867,856,2723,1064,498,1562
7603,"THEFT F/AUTO","38.8603238436","-76.952898943",206,156,362,1867,856,2723,1064,498,1562
7603,"ROBBERY","38.8603103295","-76.9658379147",206,156,362,1867,856,2723,1064,498,1562
7603,"THEFT F/AUTO","38.8603103295","-76.9658379147",206,156,362,1867,856,2723,1064,498,1562
7603,"THEFT F/AUTO","38.8623308927","-76.9485653051",206,156,362,1867,856,2723,1064,498,1562
7603,"THEFT/OTHER","38.8628897269","-76.9492792788",206,156,362,1867,856,2723,1064,498,1562
7603,"THEFT/OTHER","38.8603238436","-76.952898943",206,156,362,1867,856,2723,1064,498,1562
7603,"ASSAULT W/DANGEROUS WEAPON","38.8568673239","-76.9601941611",206,156,362,1867,856,2723,1064,498,1562
7603,"THEFT F/AUTO","38.8615926199","-76.9495221624",206,156,362,1867,856,2723,1064,498,1562
7603,"MOTOR VEHICLE THEFT","38.854291662","-76.9624536765",206,156,362,1867,856,2723,1064,498,1562
7603,"THEFT F/AUTO","38.8545535933","-76.9646540219",206,156,362,1867,856,2723,1064,498,1562
7603,"THEFT F/AUTO","38.8615498112","-76.954983613",206,156,362,1867,856,2723,1064,498,1562
7603,"THEFT/OTHER","38.85855978","-76.957013283",206,156,362,1867,856,2723,1064,498,1562
7603,"THEFT/OTHER","38.8637189861","-76.9504078782",206,156,362,1867,856,2723,1064,498,1562
7603,"ROBBERY","38.8594730617","-76.9676472142",206,156,362,1867,856,2723,1064,498,1562
7603,"THEFT F/AUTO","38.8615498112","-76.954983613",206,156,362,1867,856,2723,1064,498,1562
7603,"ROBBERY","38.8603103295","-76.9658379147",206,156,362,1867,856,2723,1064,498,1562
7603,"MOTOR VEHICLE THEFT","38.8603103295","-76.9658379147",206,156,362,1867,856,2723,1064,498,1562
7603,"BURGLARY","38.8583467137","-76.9665992713",206,156,362,1867,856,2723,1064,498,1562
7603,"THEFT/OTHER","38.8645290167","-76.9487250354",206,156,362,1867,856,2723,1064,498,1562
7603,"THEFT/OTHER","38.8554992526","-76.9639162092",206,156,362,1867,856,2723,1064,498,1562
7603,"THEFT/OTHER","38.8646467398","-76.9501422164",206,156,362,1867,856,2723,1064,498,1562
7603,"THEFT F/AUTO","38.8603103295","-76.9658379147",206,156,362,1867,856,2723,1064,498,1562
7603,"THEFT F/AUTO","38.8628897269","-76.9492792788",206,156,362,1867,856,2723,1064,498,1562
7603,"MOTOR VEHICLE THEFT","38.855860372","-76.9665428294",206,156,362,1867,856,2723,1064,498,1562
7603,"THEFT F/AUTO","38.8636845956","-76.9544407171",206,156,362,1867,856,2723,1064,498,1562
7603,"THEFT F/AUTO","38.8554992526","-76.9639162092",206,156,362,1867,856,2723,1064,498,1562
7603,"BURGLARY","38.8599468289","-76.9563441876",206,156,362,1867,856,2723,1064,498,1562
7603,"THEFT F/AUTO","38.8578136488","-76.9615070707",206,156,362,1867,856,2723,1064,498,1562
7603,"MOTOR VEHICLE THEFT","38.8636656947","-76.9522284427",206,156,362,1867,856,2723,1064,498,1562
7603,"SEX ABUSE","38.8573017201","-76.9665421538",206,156,362,1867,856,2723,1064,498,1562
7603,"BURGLARY","38.8610304349","-76.9639479785",206,156,362,1867,856,2723,1064,498,1562
7603,"THEFT F/AUTO","38.8628897269","-76.9492792788",206,156,362,1867,856,2723,1064,498,1562
7603,"THEFT F/AUTO","38.8603103295","-76.9658379147",206,156,362,1867,856,2723,1064,498,1562
7603,"ROBBERY","38.864035588","-76.9535878366",206,156,362,1867,856,2723,1064,498,1562
7603,"THEFT F/AUTO","38.854291662","-76.9624536765",206,156,362,1867,856,2723,1064,498,1562
7603,"THEFT/OTHER","38.8628897269","-76.9492792788",206,156,362,1867,856,2723,1064,498,1562
7603,"THEFT F/AUTO","38.8603238436","-76.952898943",206,156,362,1867,856,2723,1064,498,1562
7603,"THEFT F/AUTO","38.8572738159","-76.9636042372",206,156,362,1867,856,2723,1064,498,1562
7603,"THEFT F/AUTO","38.8615926199","-76.9495221624",206,156,362,1867,856,2723,1064,498,1562
7603,"THEFT/OTHER","38.854291662","-76.9624536765",206,156,362,1867,856,2723,1064,498,1562
7603,"MOTOR VEHICLE THEFT","38.8585951779","-76.9553196002",206,156,362,1867,856,2723,1064,498,1562
7603,"THEFT/OTHER","38.8653045546","-76.9506141831",206,156,362,1867,856,2723,1064,498,1562
7603,"THEFT F/AUTO","38.8554992526","-76.9639162092",206,156,362,1867,856,2723,1064,498,1562
7603,"BURGLARY","38.8653045546","-76.9506141831",206,156,362,1867,856,2723,1064,498,1562
7603,"THEFT F/AUTO","38.8605677777","-76.9546846649",206,156,362,1867,856,2723,1064,498,1562
7603,"THEFT F/AUTO","38.857803761","-76.9589262872",206,156,362,1867,856,2723,1064,498,1562
7603,"THEFT/OTHER","38.8630437429","-76.9513301254",206,156,362,1867,856,2723,1064,498,1562
7603,"MOTOR VEHICLE THEFT","38.8573017201","-76.9665421538",206,156,362,1867,856,2723,1064,498,1562
7603,"MOTOR VEHICLE THEFT","38.8603103295","-76.9658379147",206,156,362,1867,856,2723,1064,498,1562
7603,"MOTOR VEHICLE THEFT","38.8596118361","-76.9520583309",206,156,362,1867,856,2723,1064,498,1562
7603,"THEFT/OTHER","38.8603103295","-76.9658379147",206,156,362,1867,856,2723,1064,498,1562
7603,"THEFT F/AUTO","38.8568587597","-76.9615191069",206,156,362,1867,856,2723,1064,498,1562
7603,"THEFT F/AUTO","38.8594730617","-76.9676472142",206,156,362,1867,856,2723,1064,498,1562
7603,"ROBBERY","38.8645290167","-76.9487250354",206,156,362,1867,856,2723,1064,498,1562
7603,"THEFT/OTHER","38.8603103295","-76.9658379147",206,156,362,1867,856,2723,1064,498,1562
7603,"MOTOR VEHICLE THEFT","38.8647737248","-76.9522161785",206,156,362,1867,856,2723,1064,498,1562
7603,"THEFT/OTHER","38.8603103295","-76.9658379147",206,156,362,1867,856,2723,1064,498,1562
7603,"THEFT F/AUTO","38.864981227","-76.9529765271",206,156,362,1867,856,2723,1064,498,1562
7603,"MOTOR VEHICLE THEFT","38.8632492274","-76.9473893729",206,156,362,1867,856,2723,1064,498,1562
7603,"ASSAULT W/DANGEROUS WEAPON","38.8603103295","-76.9658379147",206,156,362,1867,856,2723,1064,498,1562
7603,"THEFT/OTHER","38.8637189861","-76.9504078782",206,156,362,1867,856,2723,1064,498,1562
7603,"THEFT F/AUTO","38.8617103866","-76.9510660284",206,156,362,1867,856,2723,1064,498,1562
7603,"THEFT F/AUTO","38.8642868848","-76.951283188",206,156,362,1867,856,2723,1064,498,1562
7603,"THEFT F/AUTO","38.8554992526","-76.9639162092",206,156,362,1867,856,2723,1064,498,1562
7603,"ASSAULT W/DANGEROUS WEAPON","38.8565145032","-76.9560352152",206,156,362,1867,856,2723,1064,498,1562
7603,"THEFT F/AUTO","38.8603103295","-76.9658379147",206,156,362,1867,856,2723,1064,498,1562
7603,"ROBBERY","38.8653045546","-76.9506141831",206,156,362,1867,856,2723,1064,498,1562
7603,"ROBBERY","38.8603238436","-76.952898943",206,156,362,1867,856,2723,1064,498,1562
7603,"THEFT F/AUTO","38.8573017201","-76.9665421538",206,156,362,1867,856,2723,1064,498,1562
7603,"THEFT/OTHER","38.8615498112","-76.954983613",206,156,362,1867,856,2723,1064,498,1562
7603,"ROBBERY","38.8583467137","-76.9665992713",206,156,362,1867,856,2723,1064,498,1562
7603,"THEFT/OTHER","38.8614804649","-76.9627033782",206,156,362,1867,856,2723,1064,498,1562
7603,"MOTOR VEHICLE THEFT","38.8561481959","-76.9650219078",206,156,362,1867,856,2723,1064,498,1562
7603,"THEFT F/AUTO","38.8605752243","-76.9508248483",206,156,362,1867,856,2723,1064,498,1562
7603,"THEFT/OTHER","38.8645290167","-76.9487250354",206,156,362,1867,856,2723,1064,498,1562
7603,"THEFT/OTHER","38.8603103295","-76.9658379147",206,156,362,1867,856,2723,1064,498,1562
7603,"BURGLARY","38.8603103295","-76.9658379147",206,156,362,1867,856,2723,1064,498,1562
7603,"THEFT F/AUTO","38.8615498112","-76.954983613",206,156,362,1867,856,2723,1064,498,1562
7603,"BURGLARY","38.8653045546","-76.9506141831",206,156,362,1867,856,2723,1064,498,1562
7603,"THEFT F/AUTO","38.864035588","-76.9535878366",206,156,362,1867,856,2723,1064,498,1562
7603,"ROBBERY","38.854291662","-76.9624536765",206,156,362,1867,856,2723,1064,498,1562
7603,"THEFT/OTHER","38.8647737248","-76.9522161785",206,156,362,1867,856,2723,1064,498,1562
7603,"THEFT F/AUTO","38.8564701241","-76.9578325441",206,156,362,1867,856,2723,1064,498,1562
7603,"THEFT F/AUTO","38.8642868848","-76.951283188",206,156,362,1867,856,2723,1064,498,1562
7603,"ROBBERY","38.8561481959","-76.9650219078",206,156,362,1867,856,2723,1064,498,1562
7603,"THEFT F/AUTO","38.8630437429","-76.9513301254",206,156,362,1867,856,2723,1064,498,1562
7603,"THEFT/OTHER","38.8603103295","-76.9658379147",206,156,362,1867,856,2723,1064,498,1562
7603,"THEFT F/AUTO","38.864035588","-76.9535878366",206,156,362,1867,856,2723,1064,498,1562
7603,"THEFT F/AUTO","38.854291662","-76.9624536765",206,156,362,1867,856,2723,1064,498,1562
7603,"THEFT/OTHER","38.8603103295","-76.9658379147",206,156,362,1867,856,2723,1064,498,1562
7603,"THEFT F/AUTO","38.8564531584","-76.9608510982",206,156,362,1867,856,2723,1064,498,1562
7603,"THEFT F/AUTO","38.8585951779","-76.9553196002",206,156,362,1867,856,2723,1064,498,1562
7603,"MOTOR VEHICLE THEFT","38.8628897269","-76.9492792788",206,156,362,1867,856,2723,1064,498,1562
7603,"THEFT F/AUTO","38.8578664423","-76.9578662833",206,156,362,1867,856,2723,1064,498,1562
7603,"THEFT F/AUTO","38.864981227","-76.9529765271",206,156,362,1867,856,2723,1064,498,1562
7603,"THEFT/OTHER","38.8653045546","-76.9506141831",206,156,362,1867,856,2723,1064,498,1562
7603,"MOTOR VEHICLE THEFT","38.855912875","-76.9615196168",206,156,362,1867,856,2723,1064,498,1562
7603,"MOTOR VEHICLE THEFT","38.8623308927","-76.9485653051",206,156,362,1867,856,2723,1064,498,1562
7603,"THEFT/OTHER","38.8630437429","-76.9513301254",206,156,362,1867,856,2723,1064,498,1562
7603,"THEFT F/AUTO","38.8642868848","-76.951283188",206,156,362,1867,856,2723,1064,498,1562
7603,"MOTOR VEHICLE THEFT","38.8585951779","-76.9553196002",206,156,362,1867,856,2723,1064,498,1562
7603,"THEFT F/AUTO","38.8603238436","-76.952898943",206,156,362,1867,856,2723,1064,498,1562
7603,"MOTOR VEHICLE THEFT","38.8628897269","-76.9492792788",206,156,362,1867,856,2723,1064,498,1562
7603,"THEFT F/AUTO","38.8545535933","-76.9646540219",206,156,362,1867,856,2723,1064,498,1562
7603,"THEFT F/AUTO","38.8645290167","-76.9487250354",206,156,362,1867,856,2723,1064,498,1562
7603,"THEFT/OTHER","38.859415076","-76.9556647361",206,156,362,1867,856,2723,1064,498,1562
7603,"THEFT/OTHER","38.8583467137","-76.9665992713",206,156,362,1867,856,2723,1064,498,1562
7603,"ROBBERY","38.8630437429","-76.9513301254",206,156,362,1867,856,2723,1064,498,1562
7603,"THEFT F/AUTO","38.855860372","-76.9665428294",206,156,362,1867,856,2723,1064,498,1562
7603,"ROBBERY","38.8603238436","-76.952898943",206,156,362,1867,856,2723,1064,498,1562
7603,"THEFT/OTHER","38.8573017201","-76.9665421538",206,156,362,1867,856,2723,1064,498,1562
7603,"THEFT/OTHER","38.8603103295","-76.9658379147",206,156,362,1867,856,2723,1064,498,1562
7603,"THEFT/OTHER","38.8588762023","-76.9601930408",206,156,362,1867,856,2723,1064,498,1562
7603,"MOTOR VEHICLE THEFT","38.8554992526","-76.9639162092",206,156,362,1867,856,2723,1064,498,1562
7603,"THEFT F/AUTO","38.8561481959","-76.9650219078",206,156,362,1867,856,2723,1064,498,1562
7603,"THEFT F/AUTO","38.8636656947","-76.9522284427",206,156,362,1867,856,2723,1064,498,1562
7603,"MOTOR VEHICLE THEFT","38.864035588","-76.9535878366",206,156,362,1867,856,2723,1064,498,1562
7603,"BURGLARY","38.8588762023","-76.9601930408",206,156,362,1867,856,2723,1064,498,1562
7603,"THEFT/OTHER","38.8603103295","-76.9658379147",206,156,362,1867,856,2723,1064,498,1562
7603,"THEFT F/AUTO","38.8645290167","-76.9487250354",206,156,362,1867,856,2723,1064,498,1562
7603,"THEFT F/AUTO","38.856950161","-76.965747353",206,156,362,1867,856,2723,1064,498,1562
7603,"MOTOR VEHICLE THEFT","38.8636656947","-76.9522284427",206,156,362,1867,856,2723,1064,498,1562
7603,"THEFT F/AUTO","38.8610188308","-76.9563435319",206,156,362,1867,856,2723,1064,498,1562
7603,"THEFT/OTHER","38.8603103295","-76.9658379147",206,156,362,1867,856,2723,1064,498,1562
7603,"THEFT F/AUTO","38.8588555268","-76.9530381705",206,156,362,1867,856,2723,1064,498,1562
7603,"THEFT F/AUTO","38.857803761","-76.9589262872",206,156,362,1867,856,2723,1064,498,1562
7603,"ROBBERY","38.8647737248","-76.9522161785",206,156,362,1867,856,2723,1064,498,1562
7603,"ROBBERY","38.8603103295","-76.9658379147",206,156,362,1867,856,2723,1064,498,1562
7603,"THEFT/OTHER","38.8645290167","-76.9487250354",206,156,362,1867,856,2723,1064,498,1562
7603,"THEFT/OTHER","38.8623308927","-76.9485653051",206,156,362,1867,856,2723,1064,498,1562
7603,"THEFT F/AUTO","38.8645290167","-76.9487250354",206,156,362,1867,856,2723,1064,498,1562
7603,"ROBBERY","38.8594730617","-76.9676472142",206,156,362,1867,856,2723,1064,498,1562
7603,"THEFT F/AUTO","38.8644593237","-76.954451745",206,156,362,1867,856,2723,1064,498,1562
7603,"MOTOR VEHICLE THEFT","38.854291662","-76.9624536765",206,156,362,1867,856,2723,1064,498,1562
7603,"THEFT F/AUTO","38.8596118361","-76.9520583309",206,156,362,1867,856,2723,1064,498,1562
7603,"MOTOR VEHICLE THEFT","38.8637189861","-76.9504078782",206,156,362,1867,856,2723,1064,498,1562
7603,"THEFT/OTHER","38.8603103295","-76.9658379147",206,156,362,1867,856,2723,1064,498,1562
7603,"THEFT F/AUTO","38.85855978","-76.957013283",206,156,362,1867,856,2723,1064,498,1562
7603,"THEFT F/AUTO","38.8545535933","-76.9646540219",206,156,362,1867,856,2723,1064,498,1562
7603,"THEFT F/AUTO","38.8570997708","-76.9552974937",206,156,362,1867,856,2723,1064,498,1562
7603,"THEFT/OTHER","38.8599472833","-76.9575770119",206,156,362,1867,856,2723,1064,498,1562
7603,"THEFT/OTHER","38.8645290167","-76.9487250354",206,156,362,1867,856,2723,1064,498,1562
7603,"THEFT/OTHER","38.8554992526","-76.9639162092",206,156,362,1867,856,2723,1064,498,1562
7603,"THEFT/OTHER","38.8653045546","-76.9506141831",206,156,362,1867,856,2723,1064,498,1562
7603,"THEFT/OTHER","38.864035588","-76.9535878366",206,156,362,1867,856,2723,1064,498,1562
7603,"THEFT/OTHER","38.8603103295","-76.9658379147",206,156,362,1867,856,2723,1064,498,1562
7603,"THEFT F/AUTO","38.8573017201","-76.9665421538",206,156,362,1867,856,2723,1064,498,1562
7603,"ROBBERY","38.8594730617","-76.9676472142",206,156,362,1867,856,2723,1064,498,1562
7603,"MOTOR VEHICLE THEFT","38.8535532635","-76.9633757203",206,156,362,1867,856,2723,1064,498,1562
7603,"MOTOR VEHICLE THEFT","38.8558951842","-76.9625219595",206,156,362,1867,856,2723,1064,498,1562
7603,"THEFT F/AUTO","38.8620717581","-76.9536006357",206,156,362,1867,856,2723,1064,498,1562
7603,"MOTOR VEHICLE THEFT","38.8583467137","-76.9665992713",206,156,362,1867,856,2723,1064,498,1562
7603,"THEFT F/AUTO","38.8613706093","-76.9575646439",206,156,362,1867,856,2723,1064,498,1562
7603,"THEFT F/AUTO","38.864035588","-76.9535878366",206,156,362,1867,856,2723,1064,498,1562
7603,"MOTOR VEHICLE THEFT","38.8647737248","-76.9522161785",206,156,362,1867,856,2723,1064,498,1562
7603,"THEFT F/AUTO","38.8653045546","-76.9506141831",206,156,362,1867,856,2723,1064,498,1562
7603,"ROBBERY","38.8642868848","-76.951283188",206,156,362,1867,856,2723,1064,498,1562
7603,"ROBBERY","38.8617103866","-76.9510660284",206,156,362,1867,856,2723,1064,498,1562
7603,"MOTOR VEHICLE THEFT","38.864035588","-76.9535878366",206,156,362,1867,856,2723,1064,498,1562
7603,"THEFT F/AUTO","38.85855978","-76.957013283",206,156,362,1867,856,2723,1064,498,1562
7603,"THEFT F/AUTO","38.8615926199","-76.9495221624",206,156,362,1867,856,2723,1064,498,1562
7603,"MOTOR VEHICLE THEFT","38.8553806599","-76.959400042",206,156,362,1867,856,2723,1064,498,1562
7603,"THEFT/OTHER","38.8603103295","-76.9658379147",206,156,362,1867,856,2723,1064,498,1562
7603,"THEFT F/AUTO","38.864035588","-76.9535878366",206,156,362,1867,856,2723,1064,498,1562
7603,"MOTOR VEHICLE THEFT","38.8572738159","-76.9636042372",206,156,362,1867,856,2723,1064,498,1562
7603,"THEFT/OTHER","38.8637189861","-76.9504078782",206,156,362,1867,856,2723,1064,498,1562
7604,"THEFT/OTHER","38.8689113338","-76.9594845298",73,225,298,1730,1198,2928,567,307,874
7604,"ASSAULT W/DANGEROUS WEAPON","38.8685348513","-76.9652923915",73,225,298,1730,1198,2928,567,307,874
7604,"THEFT/OTHER","38.8701030272","-76.9677806755",73,225,298,1730,1198,2928,567,307,874
7604,"THEFT/OTHER","38.8603103295","-76.9658379147",73,225,298,1730,1198,2928,567,307,874
7604,"THEFT F/AUTO","38.8684552857","-76.9708119942",73,225,298,1730,1198,2928,567,307,874
7604,"THEFT F/AUTO","38.8680284939","-76.9594389389",73,225,298,1730,1198,2928,567,307,874
7604,"THEFT/OTHER","38.8603103295","-76.9658379147",73,225,298,1730,1198,2928,567,307,874
7604,"THEFT F/AUTO","38.869474327","-76.96944319",73,225,298,1730,1198,2928,567,307,874
7604,"THEFT/OTHER","38.8603103295","-76.9658379147",73,225,298,1730,1198,2928,567,307,874
7604,"ROBBERY","38.869474327","-76.96944319",73,225,298,1730,1198,2928,567,307,874
7604,"THEFT F/AUTO","38.8701030272","-76.9677806755",73,225,298,1730,1198,2928,567,307,874
7604,"THEFT/OTHER","38.8623981158","-76.959096475",73,225,298,1730,1198,2928,567,307,874
7604,"THEFT/OTHER","38.8603103295","-76.9658379147",73,225,298,1730,1198,2928,567,307,874
7604,"THEFT/OTHER","38.8698399613","-76.9617425737",73,225,298,1730,1198,2928,567,307,874
7604,"ROBBERY","38.8715173466","-76.967780037",73,225,298,1730,1198,2928,567,307,874
7604,"MOTOR VEHICLE THEFT","38.869474327","-76.96944319",73,225,298,1730,1198,2928,567,307,874
7604,"ASSAULT W/DANGEROUS WEAPON","38.8725444651","-76.9683672849",73,225,298,1730,1198,2928,567,307,874
7604,"THEFT F/AUTO","38.8685625898","-76.967781371",73,225,298,1730,1198,2928,567,307,874
7604,"THEFT/OTHER","38.8731935018","-76.9700033858",73,225,298,1730,1198,2928,567,307,874
7604,"ROBBERY","38.8731935018","-76.9700033858",73,225,298,1730,1198,2928,567,307,874
7604,"THEFT/OTHER","38.8603103295","-76.9658379147",73,225,298,1730,1198,2928,567,307,874
7604,"ASSAULT W/DANGEROUS WEAPON","38.8651014512","-76.961480095",73,225,298,1730,1198,2928,567,307,874
7604,"THEFT/OTHER","38.8603103295","-76.9658379147",73,225,298,1730,1198,2928,567,307,874
7604,"THEFT F/AUTO","38.8720666988","-76.9672036049",73,225,298,1730,1198,2928,567,307,874
7604,"THEFT F/AUTO","38.8698399613","-76.9617425737",73,225,298,1730,1198,2928,567,307,874
7604,"ASSAULT W/DANGEROUS WEAPON","38.8677705481","-76.9704204926",73,225,298,1730,1198,2928,567,307,874
7604,"THEFT F/AUTO","38.8652752737","-76.9706404559",73,225,298,1730,1198,2928,567,307,874
7604,"THEFT/OTHER","38.8731935018","-76.9700033858",73,225,298,1730,1198,2928,567,307,874
7604,"BURGLARY","38.8707343284","-76.9704768815",73,225,298,1730,1198,2928,567,307,874
7604,"THEFT/OTHER","38.8603103295","-76.9658379147",73,225,298,1730,1198,2928,567,307,874
7604,"THEFT F/AUTO","38.8714536971","-76.9657058209",73,225,298,1730,1198,2928,567,307,874
7604,"THEFT/OTHER","38.8689113338","-76.9594845298",73,225,298,1730,1198,2928,567,307,874
7604,"ASSAULT W/DANGEROUS WEAPON","38.8731935018","-76.9700033858",73,225,298,1730,1198,2928,567,307,874
7604,"THEFT/OTHER","38.8628762123","-76.9609973636",73,225,298,1730,1198,2928,567,307,874
7604,"THEFT/OTHER","38.8603103295","-76.9658379147",73,225,298,1730,1198,2928,567,307,874
7604,"THEFT/OTHER","38.8713008575","-76.9667545381",73,225,298,1730,1198,2928,567,307,874
7604,"THEFT/OTHER","38.8690034414","-76.9658107071",73,225,298,1730,1198,2928,567,307,874
7604,"THEFT/OTHER","38.8689113338","-76.9594845298",73,225,298,1730,1198,2928,567,307,874
7604,"THEFT F/AUTO","38.8641574992","-76.9678640164",73,225,298,1730,1198,2928,567,307,874
7604,"THEFT F/AUTO","38.8689113338","-76.9594845298",73,225,298,1730,1198,2928,567,307,874
7604,"MOTOR VEHICLE THEFT","38.8700911875","-76.9700026155",73,225,298,1730,1198,2928,567,307,874
7604,"THEFT F/AUTO","38.8720666988","-76.9672036049",73,225,298,1730,1198,2928,567,307,874
7604,"THEFT/OTHER","38.8603103295","-76.9658379147",73,225,298,1730,1198,2928,567,307,874
7604,"THEFT/OTHER","38.8594730617","-76.9676472142",73,225,298,1730,1198,2928,567,307,874
7604,"THEFT/OTHER","38.8685625898","-76.967781371",73,225,298,1730,1198,2928,567,307,874
7604,"ROBBERY","38.863265161","-76.9660784678",73,225,298,1730,1198,2928,567,307,874
7604,"THEFT/OTHER","38.8641574992","-76.9678640164",73,225,298,1730,1198,2928,567,307,874
7604,"THEFT F/AUTO","38.8628762123","-76.9609973636",73,225,298,1730,1198,2928,567,307,874
7604,"MOTOR VEHICLE THEFT","38.8677705481","-76.9704204926",73,225,298,1730,1198,2928,567,307,874
7604,"THEFT/OTHER","38.8594730617","-76.9676472142",73,225,298,1730,1198,2928,567,307,874
7604,"THEFT F/AUTO","38.8680284939","-76.9594389389",73,225,298,1730,1198,2928,567,307,874
7604,"THEFT/OTHER","38.8603103295","-76.9658379147",73,225,298,1730,1198,2928,567,307,874
7604,"ROBBERY","38.8603103295","-76.9658379147",73,225,298,1730,1198,2928,567,307,874
7604,"THEFT/OTHER","38.8603103295","-76.9658379147",73,225,298,1730,1198,2928,567,307,874
7604,"ASSAULT W/DANGEROUS WEAPON","38.870742201","-76.9662823362",73,225,298,1730,1198,2928,567,307,874
7604,"ASSAULT W/DANGEROUS WEAPON","38.8640993607","-76.9554198559",73,225,298,1730,1198,2928,567,307,874
7604,"HOMICIDE","38.8690034414","-76.9658107071",73,225,298,1730,1198,2928,567,307,874
7604,"ASSAULT W/DANGEROUS WEAPON","38.8725444651","-76.9683672849",73,225,298,1730,1198,2928,567,307,874
7604,"THEFT F/AUTO","38.8701030272","-76.9677806755",73,225,298,1730,1198,2928,567,307,874
7604,"BURGLARY","38.8603103295","-76.9658379147",73,225,298,1730,1198,2928,567,307,874
7604,"ROBBERY","38.8689113338","-76.9594845298",73,225,298,1730,1198,2928,567,307,874
7604,"THEFT/OTHER","38.8603103295","-76.9658379147",73,225,298,1730,1198,2928,567,307,874
7604,"ASSAULT W/DANGEROUS WEAPON","38.8594730617","-76.9676472142",73,225,298,1730,1198,2928,567,307,874
7604,"THEFT/OTHER","38.8603103295","-76.9658379147",73,225,298,1730,1198,2928,567,307,874
7604,"THEFT F/AUTO","38.8667040562","-76.9588635508",73,225,298,1730,1198,2928,567,307,874
7604,"ROBBERY","38.8594730617","-76.9676472142",73,225,298,1730,1198,2928,567,307,874
7604,"BURGLARY","38.863265161","-76.9660784678",73,225,298,1730,1198,2928,567,307,874
7604,"THEFT/OTHER","38.8707337793","-76.968379611",73,225,298,1730,1198,2928,567,307,874
7604,"ASSAULT W/DANGEROUS WEAPON","38.8594730617","-76.9676472142",73,225,298,1730,1198,2928,567,307,874
7604,"ASSAULT W/DANGEROUS WEAPON","38.8638570365","-76.9578512245",73,225,298,1730,1198,2928,567,307,874
7604,"MOTOR VEHICLE THEFT","38.8687160572","-76.9689797083",73,225,298,1730,1198,2928,567,307,874
7604,"MOTOR VEHICLE THEFT","38.8694722979","-76.9672739367",73,225,298,1730,1198,2928,567,307,874
7604,"THEFT F/AUTO","38.8701033517","-76.9689791052",73,225,298,1730,1198,2928,567,307,874
7604,"ASSAULT W/DANGEROUS WEAPON","38.8603103295","-76.9658379147",73,225,298,1730,1198,2928,567,307,874
7604,"THEFT F/AUTO","38.8640993607","-76.9554198559",73,225,298,1730,1198,2928,567,307,874
7604,"THEFT/OTHER","38.8603103295","-76.9658379147",73,225,298,1730,1198,2928,567,307,874
7604,"THEFT/OTHER","38.8603103295","-76.9658379147",73,225,298,1730,1198,2928,567,307,874
7604,"THEFT F/AUTO","38.8701033517","-76.9689791052",73,225,298,1730,1198,2928,567,307,874
7604,"THEFT F/AUTO","38.8652752737","-76.9706404559",73,225,298,1730,1198,2928,567,307,874
7604,"THEFT/OTHER","38.8603103295","-76.9658379147",73,225,298,1730,1198,2928,567,307,874
7604,"ROBBERY","38.8610304349","-76.9639479785",73,225,298,1730,1198,2928,567,307,874
7604,"THEFT/OTHER","38.8603103295","-76.9658379147",73,225,298,1730,1198,2928,567,307,874
7604,"THEFT/OTHER","38.8603103295","-76.9658379147",73,225,298,1730,1198,2928,567,307,874
7604,"THEFT F/AUTO","38.8652752737","-76.9706404559",73,225,298,1730,1198,2928,567,307,874
7604,"THEFT F/AUTO","38.863265161","-76.9660784678",73,225,298,1730,1198,2928,567,307,874
7604,"THEFT F/AUTO","38.8688309099","-76.961408943",73,225,298,1730,1198,2928,567,307,874
7604,"MOTOR VEHICLE THEFT","38.8715173466","-76.967780037",73,225,298,1730,1198,2928,567,307,874
7604,"THEFT/OTHER","38.8603103295","-76.9658379147",73,225,298,1730,1198,2928,567,307,874
7604,"ASSAULT W/DANGEROUS WEAPON","38.8690034414","-76.9658107071",73,225,298,1730,1198,2928,567,307,874
7604,"THEFT/OTHER","38.8603103295","-76.9658379147",73,225,298,1730,1198,2928,567,307,874
7604,"THEFT F/AUTO","38.8642543293","-76.960489624",73,225,298,1730,1198,2928,567,307,874
7604,"MOTOR VEHICLE THEFT","38.8685351416","-76.9662833789",73,225,298,1730,1198,2928,567,307,874
7604,"THEFT F/AUTO","38.8651014512","-76.961480095",73,225,298,1730,1198,2928,567,307,874
7604,"THEFT/OTHER","38.8603103295","-76.9658379147",73,225,298,1730,1198,2928,567,307,874
7604,"THEFT/OTHER","38.8603103295","-76.9658379147",73,225,298,1730,1198,2928,567,307,874
7604,"THEFT/OTHER","38.8603103295","-76.9658379147",73,225,298,1730,1198,2928,567,307,874
7604,"BURGLARY","38.8675963087","-76.9600729473",73,225,298,1730,1198,2928,567,307,874
7604,"THEFT/OTHER","38.8630410496","-76.9700998305",73,225,298,1730,1198,2928,567,307,874
7604,"THEFT/OTHER","38.8603103295","-76.9658379147",73,225,298,1730,1198,2928,567,307,874
7604,"THEFT F/AUTO","38.8681208903","-76.9667560195",73,225,298,1730,1198,2928,567,307,874
7604,"MOTOR VEHICLE THEFT","38.8701030272","-76.9677806755",73,225,298,1730,1198,2928,567,307,874
7604,"THEFT/OTHER","38.8603103295","-76.9658379147",73,225,298,1730,1198,2928,567,307,874
7604,"THEFT/OTHER","38.8677705481","-76.9704204926",73,225,298,1730,1198,2928,567,307,874
7604,"THEFT F/AUTO","38.8642543293","-76.960489624",73,225,298,1730,1198,2928,567,307,874
7604,"THEFT F/AUTO","38.8644593237","-76.954451745",73,225,298,1730,1198,2928,567,307,874
7604,"MOTOR VEHICLE THEFT","38.8627152656","-76.964788246",73,225,298,1730,1198,2928,567,307,874
7604,"ASSAULT W/DANGEROUS WEAPON","38.8594730617","-76.9676472142",73,225,298,1730,1198,2928,567,307,874
7604,"BURGLARY","38.8651019868","-76.9631393429",73,225,298,1730,1198,2928,567,307,874
7604,"ROBBERY","38.8628765129","-76.9619076171",73,225,298,1730,1198,2928,567,307,874
7604,"THEFT F/AUTO","38.8652752737","-76.9706404559",73,225,298,1730,1198,2928,567,307,874
7604,"BURGLARY","38.8614804649","-76.9627033782",73,225,298,1730,1198,2928,567,307,874
7604,"ROBBERY","38.8720666988","-76.9672036049",73,225,298,1730,1198,2928,567,307,874
7604,"ROBBERY","38.8680665637","-76.9657996328",73,225,298,1730,1198,2928,567,307,874
7604,"THEFT F/AUTO","38.8690034414","-76.9658107071",73,225,298,1730,1198,2928,567,307,874
7604,"THEFT F/AUTO","38.8715173466","-76.967780037",73,225,298,1730,1198,2928,567,307,874
7604,"MOTOR VEHICLE THEFT","38.8630410496","-76.9700998305",73,225,298,1730,1198,2928,567,307,874
7604,"MOTOR VEHICLE THEFT","38.8707424829","-76.9672733543",73,225,298,1730,1198,2928,567,307,874
7604,"ROBBERY","38.8731935018","-76.9700033858",73,225,298,1730,1198,2928,567,307,874
7604,"THEFT F/AUTO","38.863265161","-76.9660784678",73,225,298,1730,1198,2928,567,307,874
7604,"ROBBERY","38.8715179272","-76.9699579957",73,225,298,1730,1198,2928,567,307,874
7604,"ROBBERY","38.8594730617","-76.9676472142",73,225,298,1730,1198,2928,567,307,874
7604,"BURGLARY","38.8603103295","-76.9658379147",73,225,298,1730,1198,2928,567,307,874
7604,"THEFT F/AUTO","38.8623355369","-76.9604906862",73,225,298,1730,1198,2928,567,307,874
7604,"THEFT F/AUTO","38.8698399613","-76.9617425737",73,225,298,1730,1198,2928,567,307,874
7604,"THEFT/OTHER","38.8621021884","-76.9631524142",73,225,298,1730,1198,2928,567,307,874
7604,"THEFT F/AUTO","38.8689113338","-76.9594845298",73,225,298,1730,1198,2928,567,307,874
7604,"THEFT/OTHER","38.8603103295","-76.9658379147",73,225,298,1730,1198,2928,567,307,874
7604,"THEFT F/AUTO","38.8690037143","-76.9667556082",73,225,298,1730,1198,2928,567,307,874
7604,"THEFT/OTHER","38.8603103295","-76.9658379147",73,225,298,1730,1198,2928,567,307,874
7604,"THEFT/OTHER","38.8603103295","-76.9658379147",73,225,298,1730,1198,2928,567,307,874
7604,"THEFT/OTHER","38.8694726026","-76.9683801698",73,225,298,1730,1198,2928,567,307,874
7604,"THEFT/OTHER","38.8603103295","-76.9658379147",73,225,298,1730,1198,2928,567,307,874
7604,"MOTOR VEHICLE THEFT","38.8638570365","-76.9578512245",73,225,298,1730,1198,2928,567,307,874
7604,"THEFT/OTHER","38.8654701853","-76.9596708452",73,225,298,1730,1198,2928,567,307,874
7604,"THEFT/OTHER","38.870742201","-76.9662823362",73,225,298,1730,1198,2928,567,307,874
7604,"THEFT/OTHER","38.8701030272","-76.9677806755",73,225,298,1730,1198,2928,567,307,874
7604,"THEFT/OTHER","38.8630410496","-76.9700998305",73,225,298,1730,1198,2928,567,307,874
7604,"THEFT F/AUTO","38.8701021621","-76.9647846013",73,225,298,1730,1198,2928,567,307,874
7604,"ROBBERY","38.8594730617","-76.9676472142",73,225,298,1730,1198,2928,567,307,874
7604,"THEFT/OTHER","38.8680665637","-76.9657996328",73,225,298,1730,1198,2928,567,307,874
7604,"THEFT F/AUTO","38.8685625898","-76.967781371",73,225,298,1730,1198,2928,567,307,874
7604,"MOTOR VEHICLE THEFT","38.8652752737","-76.9706404559",73,225,298,1730,1198,2928,567,307,874
7604,"ASSAULT W/DANGEROUS WEAPON","38.8652752737","-76.9706404559",73,225,298,1730,1198,2928,567,307,874
7604,"THEFT F/AUTO","38.8715173466","-76.967780037",73,225,298,1730,1198,2928,567,307,874
7604,"ASSAULT W/DANGEROUS WEAPON","38.8594730617","-76.9676472142",73,225,298,1730,1198,2928,567,307,874
7604,"THEFT/OTHER","38.8714536971","-76.9657058209",73,225,298,1730,1198,2928,567,307,874
7604,"THEFT F/AUTO","38.8701021621","-76.9647846013",73,225,298,1730,1198,2928,567,307,874
7604,"THEFT F/AUTO","38.8623355369","-76.9604906862",73,225,298,1730,1198,2928,567,307,874
7604,"ASSAULT W/DANGEROUS WEAPON","38.8618758001","-76.9595922219",73,225,298,1730,1198,2928,567,307,874
7604,"ASSAULT W/DANGEROUS WEAPON","38.8594730617","-76.9676472142",73,225,298,1730,1198,2928,567,307,874
7604,"THEFT/OTHER","38.8689113338","-76.9594845298",73,225,298,1730,1198,2928,567,307,874
7604,"THEFT/OTHER","38.8621026967","-76.9648000703",73,225,298,1730,1198,2928,567,307,874
7604,"THEFT/OTHER","38.8652752737","-76.9706404559",73,225,298,1730,1198,2928,567,307,874
7604,"MOTOR VEHICLE THEFT","38.8594730617","-76.9676472142",73,225,298,1730,1198,2928,567,307,874
7604,"THEFT/OTHER","38.8603103295","-76.9658379147",73,225,298,1730,1198,2928,567,307,874
7604,"THEFT/OTHER","38.8603103295","-76.9658379147",73,225,298,1730,1198,2928,567,307,874
7604,"ROBBERY","38.8689113338","-76.9594845298",73,225,298,1730,1198,2928,567,307,874
7604,"THEFT/OTHER","38.870742201","-76.9662823362",73,225,298,1730,1198,2928,567,307,874
7604,"THEFT/OTHER","38.8681208903","-76.9667560195",73,225,298,1730,1198,2928,567,307,874
7604,"THEFT F/AUTO","38.8676435815","-76.9672402064",73,225,298,1730,1198,2928,567,307,874
7604,"THEFT/OTHER","38.870742201","-76.9662823362",73,225,298,1730,1198,2928,567,307,874
7604,"THEFT/OTHER","38.8603103295","-76.9658379147",73,225,298,1730,1198,2928,567,307,874
7604,"BURGLARY","38.8622460583","-76.962322749",73,225,298,1730,1198,2928,567,307,874
7604,"THEFT F/AUTO","38.864119538","-76.9614921473",73,225,298,1730,1198,2928,567,307,874
7604,"THEFT F/AUTO","38.8680284939","-76.9594389389",73,225,298,1730,1198,2928,567,307,874
7604,"ROBBERY","38.8731935018","-76.9700033858",73,225,298,1730,1198,2928,567,307,874
7605,"THEFT F/AUTO","38.8635284338","-76.9739826422",156,163,319,1864,1137,3001,551,194,745
7605,"MOTOR VEHICLE THEFT","38.8635284338","-76.9739826422",156,163,319,1864,1137,3001,551,194,745
7605,"THEFT/OTHER","38.8658718361","-76.9801694673",156,163,319,1864,1137,3001,551,194,745
7605,"THEFT F/AUTO","38.8635284338","-76.9739826422",156,163,319,1864,1137,3001,551,194,745
7605,"THEFT/OTHER","38.8658718361","-76.9801694673",156,163,319,1864,1137,3001,551,194,745
7605,"THEFT F/AUTO","38.8635284338","-76.9739826422",156,163,319,1864,1137,3001,551,194,745
7605,"ROBBERY","38.8666196363","-76.980779968",156,163,319,1864,1137,3001,551,194,745
7605,"THEFT F/AUTO","38.8643936474","-76.9758720073",156,163,319,1864,1137,3001,551,194,745
7605,"THEFT F/AUTO","38.8665209985","-76.9837759187",156,163,319,1864,1137,3001,551,194,745
7605,"THEFT F/AUTO","38.8654300532","-76.9780955204",156,163,319,1864,1137,3001,551,194,745
7605,"SEX ABUSE","38.8635284338","-76.9739826422",156,163,319,1864,1137,3001,551,194,745
7605,"THEFT/OTHER","38.8654300532","-76.9780955204",156,163,319,1864,1137,3001,551,194,745
7605,"THEFT F/AUTO","38.8635284338","-76.9739826422",156,163,319,1864,1137,3001,551,194,745
7605,"ROBBERY","38.8643936474","-76.9758720073",156,163,319,1864,1137,3001,551,194,745
7605,"THEFT F/AUTO","38.8660882335","-76.9813562469",156,163,319,1864,1137,3001,551,194,745
7605,"THEFT F/AUTO","38.8630410496","-76.9700998305",156,163,319,1864,1137,3001,551,194,745
7605,"THEFT F/AUTO","38.8643936474","-76.9758720073",156,163,319,1864,1137,3001,551,194,745
7605,"THEFT F/AUTO","38.8635284338","-76.9739826422",156,163,319,1864,1137,3001,551,194,745
7605,"ASSAULT W/DANGEROUS WEAPON","38.8682392716","-76.9715726047",156,163,319,1864,1137,3001,551,194,745
7605,"THEFT/OTHER","38.867745384","-76.9790166484",156,163,319,1864,1137,3001,551,194,745
7605,"THEFT F/AUTO","38.8635284338","-76.9739826422",156,163,319,1864,1137,3001,551,194,745
7605,"ASSAULT W/DANGEROUS WEAPON","38.8672593507","-76.9815057387",156,163,319,1864,1137,3001,551,194,745
7605,"ASSAULT W/DANGEROUS WEAPON","38.8635284338","-76.9739826422",156,163,319,1864,1137,3001,551,194,745
7605,"MOTOR VEHICLE THEFT","38.8635284338","-76.9739826422",156,163,319,1864,1137,3001,551,194,745
7605,"THEFT F/AUTO","38.8674747656","-76.9770693513",156,163,319,1864,1137,3001,551,194,745
7605,"THEFT F/AUTO","38.8635284338","-76.9739826422",156,163,319,1864,1137,3001,551,194,745
7605,"THEFT F/AUTO","38.8660875533","-76.9774961375",156,163,319,1864,1137,3001,551,194,745
7605,"THEFT F/AUTO","38.8635284338","-76.9739826422",156,163,319,1864,1137,3001,551,194,745
7605,"MOTOR VEHICLE THEFT","38.8677705481","-76.9704204926",156,163,319,1864,1137,3001,551,194,745
7605,"THEFT/OTHER","38.8682229838","-76.9798922606",156,163,319,1864,1137,3001,551,194,745
7605,"ASSAULT W/DANGEROUS WEAPON","38.8638883203","-76.9720352321",156,163,319,1864,1137,3001,551,194,745
7605,"BURGLARY","38.8635284338","-76.9739826422",156,163,319,1864,1137,3001,551,194,745
7605,"BURGLARY","38.8660875533","-76.9774961375",156,163,319,1864,1137,3001,551,194,745
7605,"THEFT/OTHER","38.8672593507","-76.9815057387",156,163,319,1864,1137,3001,551,194,745
7605,"THEFT F/AUTO","38.8660875533","-76.9774961375",156,163,319,1864,1137,3001,551,194,745
7605,"THEFT F/AUTO","38.867259084","-76.9798925322",156,163,319,1864,1137,3001,551,194,745
7605,"THEFT/OTHER","38.8658718361","-76.9801694673",156,163,319,1864,1137,3001,551,194,745
7605,"THEFT/OTHER","38.8635284338","-76.9739826422",156,163,319,1864,1137,3001,551,194,745
7605,"ASSAULT W/DANGEROUS WEAPON","38.8673028601","-76.9735433956",156,163,319,1864,1137,3001,551,194,745
7605,"SEX ABUSE","38.8635284338","-76.9739826422",156,163,319,1864,1137,3001,551,194,745
7605,"THEFT F/AUTO","38.8635284338","-76.9739826422",156,163,319,1864,1137,3001,551,194,745
7605,"THEFT F/AUTO","38.8643936474","-76.9758720073",156,163,319,1864,1137,3001,551,194,745
7605,"MOTOR VEHICLE THEFT","38.8672851583","-76.9749722428",156,163,319,1864,1137,3001,551,194,745
7605,"THEFT/OTHER","38.8654300532","-76.9780955204",156,163,319,1864,1137,3001,551,194,745
7605,"THEFT F/AUTO","38.8660875533","-76.9774961375",156,163,319,1864,1137,3001,551,194,745
7605,"THEFT F/AUTO","38.8635284338","-76.9739826422",156,163,319,1864,1137,3001,551,194,745
7605,"ASSAULT W/DANGEROUS WEAPON","38.8635284338","-76.9739826422",156,163,319,1864,1137,3001,551,194,745
7605,"MOTOR VEHICLE THEFT","38.867259084","-76.9798925322",156,163,319,1864,1137,3001,551,194,745
7605,"ASSAULT W/DANGEROUS WEAPON","38.8672595275","-76.9826580291",156,163,319,1864,1137,3001,551,194,745
7605,"THEFT/OTHER","38.8677619758","-76.972195036",156,163,319,1864,1137,3001,551,194,745
7605,"THEFT F/AUTO","38.8638883203","-76.9720352321",156,163,319,1864,1137,3001,551,194,745
7605,"HOMICIDE","38.8660878366","-76.9790171358",156,163,319,1864,1137,3001,551,194,745
7605,"ROBBERY","38.8635284338","-76.9739826422",156,163,319,1864,1137,3001,551,194,745
7605,"MOTOR VEHICLE THEFT","38.8682229838","-76.9798922606",156,163,319,1864,1137,3001,551,194,745
7605,"THEFT/OTHER","38.8654300532","-76.9780955204",156,163,319,1864,1137,3001,551,194,745
7605,"THEFT F/AUTO","38.8679800597","-76.9817360124",156,163,319,1864,1137,3001,551,194,745
7605,"THEFT F/AUTO","38.8635284338","-76.9739826422",156,163,319,1864,1137,3001,551,194,745
7605,"THEFT F/AUTO","38.8674747656","-76.9770693513",156,163,319,1864,1137,3001,551,194,745
7605,"ASSAULT W/DANGEROUS WEAPON","38.8667549924","-76.9822318072",156,163,319,1864,1137,3001,551,194,745
7605,"THEFT F/AUTO","38.8643936474","-76.9758720073",156,163,319,1864,1137,3001,551,194,745
7605,"THEFT/OTHER","38.8635284338","-76.9739826422",156,163,319,1864,1137,3001,551,194,745
7605,"MOTOR VEHICLE THEFT","38.8677705481","-76.9704204926",156,163,319,1864,1137,3001,551,194,745
7605,"BURGLARY","38.8635284338","-76.9739826422",156,163,319,1864,1137,3001,551,194,745
7605,"THEFT/OTHER","38.8635284338","-76.9739826422",156,163,319,1864,1137,3001,551,194,745
7605,"THEFT F/AUTO","38.8630410496","-76.9700998305",156,163,319,1864,1137,3001,551,194,745
7605,"ROBBERY","38.8662764553","-76.9761133484",156,163,319,1864,1137,3001,551,194,745
7605,"ASSAULT W/DANGEROUS WEAPON","38.8635284338","-76.9739826422",156,163,319,1864,1137,3001,551,194,745
7605,"ASSAULT W/DANGEROUS WEAPON","38.8630410496","-76.9700998305",156,163,319,1864,1137,3001,551,194,745
7605,"THEFT/OTHER","38.8674747656","-76.9770693513",156,163,319,1864,1137,3001,551,194,745
7605,"THEFT F/AUTO","38.8673028601","-76.9735433956",156,163,319,1864,1137,3001,551,194,745
7605,"BURGLARY","38.8635284338","-76.9739826422",156,163,319,1864,1137,3001,551,194,745
7605,"MOTOR VEHICLE THEFT","38.8635284338","-76.9739826422",156,163,319,1864,1137,3001,551,194,745
7605,"THEFT F/AUTO","38.8635284338","-76.9739826422",156,163,319,1864,1137,3001,551,194,745
7605,"THEFT F/AUTO","38.8662764553","-76.9761133484",156,163,319,1864,1137,3001,551,194,745
7605,"THEFT/OTHER","38.8677705481","-76.9704204926",156,163,319,1864,1137,3001,551,194,745
7605,"HOMICIDE","38.8667549924","-76.9822318072",156,163,319,1864,1137,3001,551,194,745
7605,"THEFT F/AUTO","38.8635284338","-76.9739826422",156,163,319,1864,1137,3001,551,194,745
7605,"THEFT/OTHER","38.8658718361","-76.9801694673",156,163,319,1864,1137,3001,551,194,745
7605,"ROBBERY","38.8635284338","-76.9739826422",156,163,319,1864,1137,3001,551,194,745
7605,"ASSAULT W/DANGEROUS WEAPON","38.8662764553","-76.9761133484",156,163,319,1864,1137,3001,551,194,745
7605,"THEFT F/AUTO","38.8635284338","-76.9739826422",156,163,319,1864,1137,3001,551,194,745
7605,"THEFT F/AUTO","38.867745384","-76.9790166484",156,163,319,1864,1137,3001,551,194,745
7605,"MOTOR VEHICLE THEFT","38.8630410496","-76.9700998305",156,163,319,1864,1137,3001,551,194,745
7605,"SEX ABUSE","38.8635284338","-76.9739826422",156,163,319,1864,1137,3001,551,194,745
7605,"THEFT F/AUTO","38.8635284338","-76.9739826422",156,163,319,1864,1137,3001,551,194,745
7605,"THEFT F/AUTO","38.8643936474","-76.9758720073",156,163,319,1864,1137,3001,551,194,745
7605,"THEFT/OTHER","38.8666196363","-76.980779968",156,163,319,1864,1137,3001,551,194,745
7605,"MOTOR VEHICLE THEFT","38.8660882335","-76.9813562469",156,163,319,1864,1137,3001,551,194,745
7605,"THEFT F/AUTO","38.862870438","-76.9723236858",156,163,319,1864,1137,3001,551,194,745
7605,"THEFT/OTHER","38.8635284338","-76.9739826422",156,163,319,1864,1137,3001,551,194,745
7605,"THEFT F/AUTO","38.8635284338","-76.9739826422",156,163,319,1864,1137,3001,551,194,745
7605,"ASSAULT W/DANGEROUS WEAPON","38.8643936474","-76.9758720073",156,163,319,1864,1137,3001,551,194,745
7605,"MOTOR VEHICLE THEFT","38.8673028601","-76.9735433956",156,163,319,1864,1137,3001,551,194,745
7605,"THEFT/OTHER","38.8635284338","-76.9739826422",156,163,319,1864,1137,3001,551,194,745
7605,"THEFT/OTHER","38.8658718361","-76.9801694673",156,163,319,1864,1137,3001,551,194,745
7605,"THEFT/OTHER","38.867259084","-76.9798925322",156,163,319,1864,1137,3001,551,194,745
7605,"ASSAULT W/DANGEROUS WEAPON","38.8682229838","-76.9798922606",156,163,319,1864,1137,3001,551,194,745
7605,"THEFT/OTHER","38.8666196363","-76.980779968",156,163,319,1864,1137,3001,551,194,745
7605,"THEFT F/AUTO","38.8635284338","-76.9739826422",156,163,319,1864,1137,3001,551,194,745
7605,"ASSAULT W/DANGEROUS WEAPON","38.8635284338","-76.9739826422",156,163,319,1864,1137,3001,551,194,745
7605,"MOTOR VEHICLE THEFT","38.8643936474","-76.9758720073",156,163,319,1864,1137,3001,551,194,745
7605,"ASSAULT W/DANGEROUS WEAPON","38.8682229838","-76.9798922606",156,163,319,1864,1137,3001,551,194,745
7605,"THEFT F/AUTO","38.8630410496","-76.9700998305",156,163,319,1864,1137,3001,551,194,745
7605,"THEFT/OTHER","38.8638883203","-76.9720352321",156,163,319,1864,1137,3001,551,194,745
7605,"MOTOR VEHICLE THEFT","38.8630410496","-76.9700998305",156,163,319,1864,1137,3001,551,194,745
7605,"ROBBERY","38.862870438","-76.9723236858",156,163,319,1864,1137,3001,551,194,745
7605,"MOTOR VEHICLE THEFT","38.8674747656","-76.9770693513",156,163,319,1864,1137,3001,551,194,745
7605,"BURGLARY","38.8635284338","-76.9739826422",156,163,319,1864,1137,3001,551,194,745
7605,"THEFT F/AUTO","38.8635284338","-76.9739826422",156,163,319,1864,1137,3001,551,194,745
7605,"THEFT F/AUTO","38.8660875533","-76.9774961375",156,163,319,1864,1137,3001,551,194,745
7605,"THEFT/OTHER","38.8654300532","-76.9780955204",156,163,319,1864,1137,3001,551,194,745
7605,"THEFT F/AUTO","38.8635284338","-76.9739826422",156,163,319,1864,1137,3001,551,194,745
7605,"THEFT F/AUTO","38.8635284338","-76.9739826422",156,163,319,1864,1137,3001,551,194,745
7605,"BURGLARY","38.8672593507","-76.9815057387",156,163,319,1864,1137,3001,551,194,745
7605,"THEFT/OTHER","38.8635284338","-76.9739826422",156,163,319,1864,1137,3001,551,194,745
7605,"BURGLARY","38.8635284338","-76.9739826422",156,163,319,1864,1137,3001,551,194,745
7605,"THEFT/OTHER","38.8666196363","-76.980779968",156,163,319,1864,1137,3001,551,194,745
7605,"THEFT F/AUTO","38.8682398943","-76.9742574781",156,163,319,1864,1137,3001,551,194,745
7605,"THEFT F/AUTO","38.8638883203","-76.9720352321",156,163,319,1864,1137,3001,551,194,745
7605,"THEFT F/AUTO","38.8673028601","-76.9735433956",156,163,319,1864,1137,3001,551,194,745
7605,"ROBBERY","38.8660882335","-76.9813562469",156,163,319,1864,1137,3001,551,194,745
7605,"MOTOR VEHICLE THEFT","38.8672593507","-76.9815057387",156,163,319,1864,1137,3001,551,194,745
7605,"MOTOR VEHICLE THEFT","38.8630410496","-76.9700998305",156,163,319,1864,1137,3001,551,194,745
7605,"THEFT F/AUTO","38.8682395786","-76.9728631876",156,163,319,1864,1137,3001,551,194,745
7605,"THEFT/OTHER","38.8658718361","-76.9801694673",156,163,319,1864,1137,3001,551,194,745
7605,"THEFT/OTHER","38.8635284338","-76.9739826422",156,163,319,1864,1137,3001,551,194,745
7605,"ASSAULT W/DANGEROUS WEAPON","38.8673028601","-76.9735433956",156,163,319,1864,1137,3001,551,194,745
7605,"THEFT F/AUTO","38.8630410496","-76.9700998305",156,163,319,1864,1137,3001,551,194,745
7605,"MOTOR VEHICLE THEFT","38.8638883203","-76.9720352321",156,163,319,1864,1137,3001,551,194,745
7605,"THEFT F/AUTO","38.8630410496","-76.9700998305",156,163,319,1864,1137,3001,551,194,745
7605,"THEFT F/AUTO","38.8682395786","-76.9728631876",156,163,319,1864,1137,3001,551,194,745
7605,"ROBBERY","38.8674747656","-76.9770693513",156,163,319,1864,1137,3001,551,194,745
7605,"THEFT F/AUTO","38.8635284338","-76.9739826422",156,163,319,1864,1137,3001,551,194,745
7605,"THEFT F/AUTO","38.8660875533","-76.9774961375",156,163,319,1864,1137,3001,551,194,745
7605,"ROBBERY","38.8658718361","-76.9801694673",156,163,319,1864,1137,3001,551,194,745
7605,"THEFT F/AUTO","38.8682403003","-76.9761703064",156,163,319,1864,1137,3001,551,194,745
7605,"THEFT F/AUTO","38.8674747656","-76.9770693513",156,163,319,1864,1137,3001,551,194,745
7605,"THEFT F/AUTO","38.8635284338","-76.9739826422",156,163,319,1864,1137,3001,551,194,745
7605,"THEFT F/AUTO","38.8673028601","-76.9735433956",156,163,319,1864,1137,3001,551,194,745
7605,"THEFT/OTHER","38.8658718361","-76.9801694673",156,163,319,1864,1137,3001,551,194,745
7605,"ROBBERY","38.8672593507","-76.9815057387",156,163,319,1864,1137,3001,551,194,745
7605,"THEFT F/AUTO","38.8643936474","-76.9758720073",156,163,319,1864,1137,3001,551,194,745
7605,"THEFT F/AUTO","38.8673028601","-76.9735433956",156,163,319,1864,1137,3001,551,194,745
7605,"THEFT F/AUTO","38.8654300532","-76.9780955204",156,163,319,1864,1137,3001,551,194,745
7605,"THEFT F/AUTO","38.8643936474","-76.9758720073",156,163,319,1864,1137,3001,551,194,745
7605,"THEFT F/AUTO","38.8672752758","-76.9711812098",156,163,319,1864,1137,3001,551,194,745
7605,"THEFT F/AUTO","38.8673028601","-76.9735433956",156,163,319,1864,1137,3001,551,194,745
7605,"THEFT F/AUTO","38.8635284338","-76.9739826422",156,163,319,1864,1137,3001,551,194,745
7605,"THEFT F/AUTO","38.8635284338","-76.9739826422",156,163,319,1864,1137,3001,551,194,745
7605,"THEFT/OTHER","38.8654300532","-76.9780955204",156,163,319,1864,1137,3001,551,194,745
7605,"ASSAULT W/DANGEROUS WEAPON","38.8667549924","-76.9822318072",156,163,319,1864,1137,3001,551,194,745
7605,"THEFT F/AUTO","38.8630410496","-76.9700998305",156,163,319,1864,1137,3001,551,194,745
7605,"ASSAULT W/DANGEROUS WEAPON","38.8667549924","-76.9822318072",156,163,319,1864,1137,3001,551,194,745
7605,"THEFT F/AUTO","38.8635284338","-76.9739826422",156,163,319,1864,1137,3001,551,194,745
7605,"MOTOR VEHICLE THEFT","38.8660875533","-76.9774961375",156,163,319,1864,1137,3001,551,194,745
7605,"THEFT F/AUTO","38.8643936474","-76.9758720073",156,163,319,1864,1137,3001,551,194,745
7605,"THEFT F/AUTO","38.8668895851","-76.9790169001",156,163,319,1864,1137,3001,551,194,745
7605,"MOTOR VEHICLE THEFT","38.8635284338","-76.9739826422",156,163,319,1864,1137,3001,551,194,745
7605,"THEFT/OTHER","38.8638883203","-76.9720352321",156,163,319,1864,1137,3001,551,194,745
7605,"THEFT F/AUTO","38.8635284338","-76.9739826422",156,163,319,1864,1137,3001,551,194,745
7605,"MOTOR VEHICLE THEFT","38.8674747656","-76.9770693513",156,163,319,1864,1137,3001,551,194,745
7605,"THEFT F/AUTO","38.8643936474","-76.9758720073",156,163,319,1864,1137,3001,551,194,745
7605,"BURGLARY","38.862870438","-76.9723236858",156,163,319,1864,1137,3001,551,194,745
7605,"THEFT/OTHER","38.8635284338","-76.9739826422",156,163,319,1864,1137,3001,551,194,745
7605,"THEFT F/AUTO","38.8672593507","-76.9815057387",156,163,319,1864,1137,3001,551,194,745
7605,"THEFT/OTHER","38.867259084","-76.9798925322",156,163,319,1864,1137,3001,551,194,745
7703,"MOTOR VEHICLE THEFT","38.8865067559","-76.9427963955",318,207,525,2269,2450,4719,286,103,389
7703,"THEFT F/AUTO","38.8848848612","-76.9420139446",318,207,525,2269,2450,4719,286,103,389
7703,"THEFT/OTHER","38.8839426437","-76.9499327979",318,207,525,2269,2450,4719,286,103,389
7703,"THEFT F/AUTO","38.8865067559","-76.9427963955",318,207,525,2269,2450,4719,286,103,389
7703,"ASSAULT W/DANGEROUS WEAPON","38.8848853659","-76.9430397362",318,207,525,2269,2450,4719,286,103,389
7703,"THEFT/OTHER","38.8867713245","-76.9500460735",318,207,525,2269,2450,4719,286,103,389
7703,"MOTOR VEHICLE THEFT","38.8839995936","-76.9572284685",318,207,525,2269,2450,4719,286,103,389
7703,"THEFT/OTHER","38.8836782596","-76.9430752765",318,207,525,2269,2450,4719,286,103,389
7703,"THEFT F/AUTO","38.8854669231","-76.9544844375",318,207,525,2269,2450,4719,286,103,389
7703,"MOTOR VEHICLE THEFT","38.8897761049","-76.9413990624",318,207,525,2269,2450,4719,286,103,389
7703,"THEFT/OTHER","38.8866279266","-76.951798131",318,207,525,2269,2450,4719,286,103,389
7703,"THEFT F/AUTO","38.8841641735","-76.9419799534",318,207,525,2269,2450,4719,286,103,389
7703,"THEFT/OTHER","38.8850788855","-76.9527788691",318,207,525,2269,2450,4719,286,103,389
7703,"BURGLARY","38.8850788855","-76.9527788691",318,207,525,2269,2450,4719,286,103,389
7703,"MOTOR VEHICLE THEFT","38.8856614136","-76.9458283792",318,207,525,2269,2450,4719,286,103,389
7703,"ASSAULT W/DANGEROUS WEAPON","38.888258885","-76.9528805011",318,207,525,2269,2450,4719,286,103,389
7703,"THEFT/OTHER","38.8856951423","-76.9410681636",318,207,525,2269,2450,4719,286,103,389
7703,"ROBBERY","38.8839995936","-76.9572284685",318,207,525,2269,2450,4719,286,103,389
7703,"THEFT/OTHER","38.8854669231","-76.9544844375",318,207,525,2269,2450,4719,286,103,389
7703,"THEFT F/AUTO","38.8878792363","-76.9497686681",318,207,525,2269,2450,4719,286,103,389
7703,"ASSAULT W/DANGEROUS WEAPON","38.8854669231","-76.9544844375",318,207,525,2269,2450,4719,286,103,389
7703,"MOTOR VEHICLE THEFT","38.8863951858","-76.955521185",318,207,525,2269,2450,4719,286,103,389
7703,"ROBBERY","38.8856960639","-76.9429238302",318,207,525,2269,2450,4719,286,103,389
7703,"ASSAULT W/DANGEROUS WEAPON","38.8866279266","-76.951798131",318,207,525,2269,2450,4719,286,103,389
7703,"ROBBERY","38.8854669231","-76.9544844375",318,207,525,2269,2450,4719,286,103,389
7703,"ASSAULT W/DANGEROUS WEAPON","38.8897761049","-76.9413990624",318,207,525,2269,2450,4719,286,103,389
7703,"MOTOR VEHICLE THEFT","38.883619956","-76.9538517106",318,207,525,2269,2450,4719,286,103,389
7703,"ASSAULT W/DANGEROUS WEAPON","38.8854669231","-76.9544844375",318,207,525,2269,2450,4719,286,103,389
7703,"ROBBERY","38.8832222089","-76.9504865266",318,207,525,2269,2450,4719,286,103,389
7703,"MOTOR VEHICLE THEFT","38.8841367332","-76.9411501302",318,207,525,2269,2450,4719,286,103,389
7703,"THEFT/OTHER","38.8841641735","-76.9419799534",318,207,525,2269,2450,4719,286,103,389
7703,"MOTOR VEHICLE THEFT","38.8866279266","-76.951798131",318,207,525,2269,2450,4719,286,103,389
7703,"THEFT F/AUTO","38.8837608315","-76.9462332172",318,207,525,2269,2450,4719,286,103,389
7703,"THEFT/OTHER","38.8897761049","-76.9413990624",318,207,525,2269,2450,4719,286,103,389
7703,"THEFT F/AUTO","38.8841367332","-76.9411501302",318,207,525,2269,2450,4719,286,103,389
7703,"ASSAULT W/DANGEROUS WEAPON","38.8875739059","-76.9520395418",318,207,525,2269,2450,4719,286,103,389
7703,"THEFT/OTHER","38.8863951858","-76.955521185",318,207,525,2269,2450,4719,286,103,389
7703,"THEFT F/AUTO","38.8854669231","-76.9544844375",318,207,525,2269,2450,4719,286,103,389
7703,"ROBBERY","38.8866279266","-76.951798131",318,207,525,2269,2450,4719,286,103,389
7703,"ASSAULT W/DANGEROUS WEAPON","38.8850788855","-76.9527788691",318,207,525,2269,2450,4719,286,103,389
7703,"THEFT/OTHER","38.8867713245","-76.9500460735",318,207,525,2269,2450,4719,286,103,389
7703,"ASSAULT W/DANGEROUS WEAPON","38.8841641735","-76.9419799534",318,207,525,2269,2450,4719,286,103,389
7703,"THEFT F/AUTO","38.8851883889","-76.9563863724",318,207,525,2269,2450,4719,286,103,389
7703,"MOTOR VEHICLE THEFT","38.8854669231","-76.9544844375",318,207,525,2269,2450,4719,286,103,389
7703,"MOTOR VEHICLE THEFT","38.8881693465","-76.9542521879",318,207,525,2269,2450,4719,286,103,389
7703,"THEFT F/AUTO","38.8832222089","-76.9504865266",318,207,525,2269,2450,4719,286,103,389
7703,"ASSAULT W/DANGEROUS WEAPON","38.8850788855","-76.9527788691",318,207,525,2269,2450,4719,286,103,389
7703,"ROBBERY","38.8854669231","-76.9544844375",318,207,525,2269,2450,4719,286,103,389
7703,"THEFT F/AUTO","38.8836782596","-76.9430752765",318,207,525,2269,2450,4719,286,103,389
7703,"THEFT F/AUTO","38.8863951858","-76.955521185",318,207,525,2269,2450,4719,286,103,389
7703,"THEFT F/AUTO","38.8897761049","-76.9413990624",318,207,525,2269,2450,4719,286,103,389
7703,"SEX ABUSE","38.8875739059","-76.9520395418",318,207,525,2269,2450,4719,286,103,389
7703,"THEFT/OTHER","38.8897761049","-76.9413990624",318,207,525,2269,2450,4719,286,103,389
7703,"THEFT F/AUTO","38.8841367332","-76.9411501302",318,207,525,2269,2450,4719,286,103,389
7703,"THEFT/OTHER","38.8836782596","-76.9430752765",318,207,525,2269,2450,4719,286,103,389
7703,"MOTOR VEHICLE THEFT","38.883619956","-76.9538517106",318,207,525,2269,2450,4719,286,103,389
7703,"THEFT F/AUTO","38.8878792363","-76.9497686681",318,207,525,2269,2450,4719,286,103,389
7703,"THEFT F/AUTO","38.8854669231","-76.9544844375",318,207,525,2269,2450,4719,286,103,389
7703,"THEFT/OTHER","38.8852715618","-76.9406996874",318,207,525,2269,2450,4719,286,103,389
7703,"MOTOR VEHICLE THEFT","38.883619956","-76.9538517106",318,207,525,2269,2450,4719,286,103,389
7703,"THEFT/OTHER","38.8875739059","-76.9520395418",318,207,525,2269,2450,4719,286,103,389
7703,"THEFT F/AUTO","38.8841641735","-76.9419799534",318,207,525,2269,2450,4719,286,103,389
7703,"ROBBERY","38.8848343149","-76.9495633484",318,207,525,2269,2450,4719,286,103,389
7703,"ROBBERY","38.8828490125","-76.9421078025",318,207,525,2269,2450,4719,286,103,389
7703,"THEFT F/AUTO","38.8852715618","-76.9406996874",318,207,525,2269,2450,4719,286,103,389
7703,"ASSAULT W/DANGEROUS WEAPON","38.8832222089","-76.9504865266",318,207,525,2269,2450,4719,286,103,389
7703,"THEFT F/AUTO","38.8841641735","-76.9419799534",318,207,525,2269,2450,4719,286,103,389
7703,"ROBBERY","38.8850788855","-76.9527788691",318,207,525,2269,2450,4719,286,103,389
7703,"ASSAULT W/DANGEROUS WEAPON","38.8856718037","-76.9488942553",318,207,525,2269,2450,4719,286,103,389
7703,"ROBBERY","38.8866538978","-76.9493084892",318,207,525,2269,2450,4719,286,103,389
7703,"THEFT F/AUTO","38.8839995936","-76.9572284685",318,207,525,2269,2450,4719,286,103,389
7703,"MOTOR VEHICLE THEFT","38.8863951858","-76.955521185",318,207,525,2269,2450,4719,286,103,389
7703,"ASSAULT W/DANGEROUS WEAPON","38.8875739059","-76.9520395418",318,207,525,2269,2450,4719,286,103,389
7703,"THEFT/OTHER","38.8848343149","-76.9495633484",318,207,525,2269,2450,4719,286,103,389
7703,"THEFT F/AUTO","38.888258885","-76.9528805011",318,207,525,2269,2450,4719,286,103,389
7703,"THEFT/OTHER","38.8854669231","-76.9544844375",318,207,525,2269,2450,4719,286,103,389
7703,"ASSAULT W/DANGEROUS WEAPON","38.8849250216","-76.9510270556",318,207,525,2269,2450,4719,286,103,389
7703,"THEFT/OTHER","38.8854669231","-76.9544844375",318,207,525,2269,2450,4719,286,103,389
7703,"THEFT F/AUTO","38.8836782596","-76.9430752765",318,207,525,2269,2450,4719,286,103,389
7703,"THEFT F/AUTO","38.8860752642","-76.9446869964",318,207,525,2269,2450,4719,286,103,389
7703,"THEFT F/AUTO","38.8828698513","-76.9481125332",318,207,525,2269,2450,4719,286,103,389
7703,"ASSAULT W/DANGEROUS WEAPON","38.8854669231","-76.9544844375",318,207,525,2269,2450,4719,286,103,389
7703,"ASSAULT W/DANGEROUS WEAPON","38.8891232755","-76.9518656037",318,207,525,2269,2450,4719,286,103,389
7703,"THEFT F/AUTO","38.8854669231","-76.9544844375",318,207,525,2269,2450,4719,286,103,389
7703,"THEFT F/AUTO","38.8837608315","-76.9462332172",318,207,525,2269,2450,4719,286,103,389
7703,"ROBBERY","38.8854669231","-76.9544844375",318,207,525,2269,2450,4719,286,103,389
7703,"ROBBERY","38.8863951858","-76.955521185",318,207,525,2269,2450,4719,286,103,389
7703,"MOTOR VEHICLE THEFT","38.8856718037","-76.9488942553",318,207,525,2269,2450,4719,286,103,389
7703,"THEFT F/AUTO","38.8848343149","-76.9495633484",318,207,525,2269,2450,4719,286,103,389
7703,"MOTOR VEHICLE THEFT","38.8843290346","-76.9477195995",318,207,525,2269,2450,4719,286,103,389
7703,"THEFT/OTHER","38.8849250216","-76.9510270556",318,207,525,2269,2450,4719,286,103,389
7703,"THEFT F/AUTO","38.8874018913","-76.9499995273",318,207,525,2269,2450,4719,286,103,389
7703,"MOTOR VEHICLE THEFT","38.8863951858","-76.955521185",318,207,525,2269,2450,4719,286,103,389
7703,"THEFT F/AUTO","38.8897761049","-76.9413990624",318,207,525,2269,2450,4719,286,103,389
7703,"MOTOR VEHICLE THEFT","38.8850788855","-76.9527788691",318,207,525,2269,2450,4719,286,103,389
7703,"MOTOR VEHICLE THEFT","38.8854669231","-76.9544844375",318,207,525,2269,2450,4719,286,103,389
7703,"THEFT F/AUTO","38.8897761049","-76.9413990624",318,207,525,2269,2450,4719,286,103,389
7703,"THEFT/OTHER","38.8881693465","-76.9542521879",318,207,525,2269,2450,4719,286,103,389
7703,"THEFT/OTHER","38.8854669231","-76.9544844375",318,207,525,2269,2450,4719,286,103,389
7703,"THEFT/OTHER","38.8819217145","-76.9432610823",318,207,525,2269,2450,4719,286,103,389
7703,"THEFT/OTHER","38.8839426437","-76.9499327979",318,207,525,2269,2450,4719,286,103,389
7703,"MOTOR VEHICLE THEFT","38.8867713245","-76.9500460735",318,207,525,2269,2450,4719,286,103,389
7703,"THEFT/OTHER","38.8892857325","-76.9526147142",318,207,525,2269,2450,4719,286,103,389
7703,"THEFT/OTHER","38.8854669231","-76.9544844375",318,207,525,2269,2450,4719,286,103,389
7703,"MOTOR VEHICLE THEFT","38.8837608315","-76.9462332172",318,207,525,2269,2450,4719,286,103,389
7703,"ASSAULT W/DANGEROUS WEAPON","38.8875739059","-76.9520395418",318,207,525,2269,2450,4719,286,103,389
7703,"THEFT/OTHER","38.8866279266","-76.951798131",318,207,525,2269,2450,4719,286,103,389
7703,"THEFT/OTHER","38.8863951858","-76.955521185",318,207,525,2269,2450,4719,286,103,389
7703,"THEFT F/AUTO","38.8897761049","-76.9413990624",318,207,525,2269,2450,4719,286,103,389
7703,"ASSAULT W/DANGEROUS WEAPON","38.8877452066","-76.9523852131",318,207,525,2269,2450,4719,286,103,389
7703,"ROBBERY","38.8841641735","-76.9419799534",318,207,525,2269,2450,4719,286,103,389
7703,"THEFT/OTHER","38.8897761049","-76.9413990624",318,207,525,2269,2450,4719,286,103,389
7703,"THEFT/OTHER","38.8850788855","-76.9527788691",318,207,525,2269,2450,4719,286,103,389
7703,"MOTOR VEHICLE THEFT","38.8856718037","-76.9488942553",318,207,525,2269,2450,4719,286,103,389
7703,"ASSAULT W/DANGEROUS WEAPON","38.8854669231","-76.9544844375",318,207,525,2269,2450,4719,286,103,389
7703,"THEFT F/AUTO","38.8856960639","-76.9429238302",318,207,525,2269,2450,4719,286,103,389
7703,"MOTOR VEHICLE THEFT","38.8843290346","-76.9477195995",318,207,525,2269,2450,4719,286,103,389
7703,"THEFT/OTHER","38.8828490125","-76.9421078025",318,207,525,2269,2450,4719,286,103,389
7703,"ASSAULT W/DANGEROUS WEAPON","38.8850788855","-76.9527788691",318,207,525,2269,2450,4719,286,103,389
7703,"THEFT/OTHER","38.8881693465","-76.9542521879",318,207,525,2269,2450,4719,286,103,389
7703,"ASSAULT W/DANGEROUS WEAPON","38.8856718037","-76.9488942553",318,207,525,2269,2450,4719,286,103,389
7703,"THEFT/OTHER","38.8837608315","-76.9462332172",318,207,525,2269,2450,4719,286,103,389
7703,"THEFT/OTHER","38.8848871011","-76.9467164501",318,207,525,2269,2450,4719,286,103,389
7703,"BURGLARY","38.8881693465","-76.9542521879",318,207,525,2269,2450,4719,286,103,389
7703,"MOTOR VEHICLE THEFT","38.88907214","-76.9388407733",318,207,525,2269,2450,4719,286,103,389
7703,"THEFT F/AUTO","38.8849250216","-76.9510270556",318,207,525,2269,2450,4719,286,103,389
7703,"SEX ABUSE","38.8892857325","-76.9526147142",318,207,525,2269,2450,4719,286,103,389
7703,"THEFT F/AUTO","38.8897761049","-76.9413990624",318,207,525,2269,2450,4719,286,103,389
7703,"THEFT F/AUTO","38.8841641735","-76.9419799534",318,207,525,2269,2450,4719,286,103,389
7703,"THEFT F/AUTO","38.8839995936","-76.9572284685",318,207,525,2269,2450,4719,286,103,389
7703,"ROBBERY","38.8851883889","-76.9563863724",318,207,525,2269,2450,4719,286,103,389
7703,"THEFT F/AUTO","38.8877452066","-76.9523852131",318,207,525,2269,2450,4719,286,103,389
7703,"THEFT/OTHER","38.883619956","-76.9538517106",318,207,525,2269,2450,4719,286,103,389
7703,"THEFT F/AUTO","38.8841641735","-76.9419799534",318,207,525,2269,2450,4719,286,103,389
7703,"THEFT/OTHER","38.8897761049","-76.9413990624",318,207,525,2269,2450,4719,286,103,389
7703,"THEFT F/AUTO","38.8841641735","-76.9419799534",318,207,525,2269,2450,4719,286,103,389
7703,"ROBBERY","38.8850788855","-76.9527788691",318,207,525,2269,2450,4719,286,103,389
7703,"THEFT/OTHER","38.8849250216","-76.9510270556",318,207,525,2269,2450,4719,286,103,389
7703,"THEFT/OTHER","38.8819217145","-76.9432610823",318,207,525,2269,2450,4719,286,103,389
7703,"MOTOR VEHICLE THEFT","38.8854669231","-76.9544844375",318,207,525,2269,2450,4719,286,103,389
7703,"THEFT/OTHER","38.8856960639","-76.9429238302",318,207,525,2269,2450,4719,286,103,389
7703,"ASSAULT W/DANGEROUS WEAPON","38.8850788855","-76.9527788691",318,207,525,2269,2450,4719,286,103,389
7703,"THEFT F/AUTO","38.8841367332","-76.9411501302",318,207,525,2269,2450,4719,286,103,389
7703,"ROBBERY","38.8854669231","-76.9544844375",318,207,525,2269,2450,4719,286,103,389
7703,"ROBBERY","38.8863951858","-76.955521185",318,207,525,2269,2450,4719,286,103,389
7703,"MOTOR VEHICLE THEFT","38.8860045055","-76.9475224309",318,207,525,2269,2450,4719,286,103,389
7703,"BURGLARY","38.8850788855","-76.9527788691",318,207,525,2269,2450,4719,286,103,389
7703,"ROBBERY","38.8850788855","-76.9527788691",318,207,525,2269,2450,4719,286,103,389
7703,"ASSAULT W/DANGEROUS WEAPON","38.8854669231","-76.9544844375",318,207,525,2269,2450,4719,286,103,389
7703,"THEFT/OTHER","38.8848343149","-76.9495633484",318,207,525,2269,2450,4719,286,103,389
7703,"MOTOR VEHICLE THEFT","38.8837608315","-76.9462332172",318,207,525,2269,2450,4719,286,103,389
7703,"HOMICIDE","38.8850788855","-76.9527788691",318,207,525,2269,2450,4719,286,103,389
7703,"MOTOR VEHICLE THEFT","38.8841641735","-76.9419799534",318,207,525,2269,2450,4719,286,103,389
7703,"THEFT F/AUTO","38.8841641735","-76.9419799534",318,207,525,2269,2450,4719,286,103,389
7703,"THEFT/OTHER","38.8828490125","-76.9421078025",318,207,525,2269,2450,4719,286,103,389
7703,"THEFT F/AUTO","38.8856614136","-76.9458283792",318,207,525,2269,2450,4719,286,103,389
7703,"THEFT F/AUTO","38.8856960639","-76.9429238302",318,207,525,2269,2450,4719,286,103,389
7703,"THEFT F/AUTO","38.8897761049","-76.9413990624",318,207,525,2269,2450,4719,286,103,389
7703,"THEFT/OTHER","38.8843290346","-76.9477195995",318,207,525,2269,2450,4719,286,103,389
7703,"THEFT F/AUTO","38.8860752642","-76.9446869964",318,207,525,2269,2450,4719,286,103,389
7703,"THEFT F/AUTO","38.8860752642","-76.9446869964",318,207,525,2269,2450,4719,286,103,389
7703,"ASSAULT W/DANGEROUS WEAPON","38.8854669231","-76.9544844375",318,207,525,2269,2450,4719,286,103,389
7703,"THEFT F/AUTO","38.8875734221","-76.9508753973",318,207,525,2269,2450,4719,286,103,389
7703,"THEFT/OTHER","38.8875747122","-76.9540450978",318,207,525,2269,2450,4719,286,103,389
7703,"THEFT F/AUTO","38.8860045055","-76.9475224309",318,207,525,2269,2450,4719,286,103,389
7703,"ASSAULT W/DANGEROUS WEAPON","38.8856718037","-76.9488942553",318,207,525,2269,2450,4719,286,103,389
7703,"THEFT F/AUTO","38.8897761049","-76.9413990624",318,207,525,2269,2450,4719,286,103,389
7703,"THEFT/OTHER","38.8849250216","-76.9510270556",318,207,525,2269,2450,4719,286,103,389
7703,"THEFT F/AUTO","38.8854669231","-76.9544844375",318,207,525,2269,2450,4719,286,103,389
7703,"MOTOR VEHICLE THEFT","38.8877452066","-76.9523852131",318,207,525,2269,2450,4719,286,103,389
7703,"THEFT F/AUTO","38.8839995936","-76.9572284685",318,207,525,2269,2450,4719,286,103,389
7703,"MOTOR VEHICLE THEFT","38.8849250216","-76.9510270556",318,207,525,2269,2450,4719,286,103,389
7703,"THEFT/OTHER","38.8836782596","-76.9430752765",318,207,525,2269,2450,4719,286,103,389
7707,"THEFT/OTHER","38.8764749952","-76.9326283966",0,0,0,0,0,0,0,0,0
7707,"HOMICIDE","38.8776986326","-76.9300687816",0,0,0,0,0,0,0,0,0
7707,"THEFT/OTHER","38.8795368857","-76.9309774463",0,0,0,0,0,0,0,0,0
7707,"ASSAULT W/DANGEROUS WEAPON","38.8776986326","-76.9300687816",0,0,0,0,0,0,0,0,0
7707,"THEFT F/AUTO","38.8792281449","-76.9431364509",0,0,0,0,0,0,0,0,0
7707,"THEFT/OTHER","38.8776986326","-76.9300687816",0,0,0,0,0,0,0,0,0
7707,"ASSAULT W/DANGEROUS WEAPON","38.8776986326","-76.9300687816",0,0,0,0,0,0,0,0,0
7707,"ROBBERY","38.8743317151","-76.9338865414",0,0,0,0,0,0,0,0,0
7707,"THEFT/OTHER","38.877582235","-76.9312674514",0,0,0,0,0,0,0,0,0
7707,"THEFT F/AUTO","38.8810251322","-76.9342030432",0,0,0,0,0,0,0,0,0
7707,"THEFT F/AUTO","38.8808053583","-76.9281410459",0,0,0,0,0,0,0,0,0
7707,"THEFT/OTHER","38.8764749952","-76.9326283966",0,0,0,0,0,0,0,0,0
7707,"THEFT/OTHER","38.877582235","-76.9312674514",0,0,0,0,0,0,0,0,0
7707,"MOTOR VEHICLE THEFT","38.8805968414","-76.9260206446",0,0,0,0,0,0,0,0,0
7707,"THEFT F/AUTO","38.8786592781","-76.940451638",0,0,0,0,0,0,0,0,0
7707,"THEFT/OTHER","38.8766963401","-76.9422280384",0,0,0,0,0,0,0,0,0
7707,"THEFT/OTHER","38.877582235","-76.9312674514",0,0,0,0,0,0,0,0,0
7707,"THEFT F/AUTO","38.8742331924","-76.9349007476",0,0,0,0,0,0,0,0,0
7707,"BURGLARY","38.8734767176","-76.9353162985",0,0,0,0,0,0,0,0,0
7707,"ROBBERY","38.877584743","-76.9356698365",0,0,0,0,0,0,0,0,0
7707,"BURGLARY","38.8786470214","-76.934389632",0,0,0,0,0,0,0,0,0
7707,"ASSAULT W/DANGEROUS WEAPON","38.8798550724","-76.9360596377",0,0,0,0,0,0,0,0,0
7707,"MOTOR VEHICLE THEFT","38.8732780897","-76.9345213309",0,0,0,0,0,0,0,0,0
7707,"THEFT F/AUTO","38.8794664793","-76.9338472092",0,0,0,0,0,0,0,0,0
7707,"ROBBERY","38.8776021386","-76.9345519368",0,0,0,0,0,0,0,0,0
7707,"ASSAULT W/DANGEROUS WEAPON","38.8758345932","-76.9312460861",0,0,0,0,0,0,0,0,0
7707,"ROBBERY","38.8744054214","-76.9368481568",0,0,0,0,0,0,0,0,0
7707,"THEFT/OTHER","38.8764851109","-76.9345760101",0,0,0,0,0,0,0,0,0
7707,"THEFT F/AUTO","38.8757026428","-76.9368700573",0,0,0,0,0,0,0,0,0
7707,"MOTOR VEHICLE THEFT","38.8775808838","-76.9290086361",0,0,0,0,0,0,0,0,0
7707,"BURGLARY","38.8799212527","-76.9420410282",0,0,0,0,0,0,0,0,0
7707,"THEFT/OTHER","38.8794338523","-76.9401628698",0,0,0,0,0,0,0,0,0
7707,"THEFT F/AUTO","38.877582235","-76.9312674514",0,0,0,0,0,0,0,0,0
7707,"BURGLARY","38.8775763013","-76.9367070557",0,0,0,0,0,0,0,0,0
7707,"THEFT F/AUTO","38.8734767176","-76.9353162985",0,0,0,0,0,0,0,0,0
7707,"ASSAULT W/DANGEROUS WEAPON","38.8789957717","-76.9299522623",0,0,0,0,0,0,0,0,0
7707,"MOTOR VEHICLE THEFT","38.8732780897","-76.9345213309",0,0,0,0,0,0,0,0,0
7707,"ASSAULT W/DANGEROUS WEAPON","38.8737283996","-76.9343250105",0,0,0,0,0,0,0,0,0
7707,"THEFT/OTHER","38.877582235","-76.9312674514",0,0,0,0,0,0,0,0,0
7707,"ROBBERY","38.8764376985","-76.9304733709",0,0,0,0,0,0,0,0,0
7707,"ASSAULT W/DANGEROUS WEAPON","38.8806177899","-76.9308035248",0,0,0,0,0,0,0,0,0
7707,"MOTOR VEHICLE THEFT","38.8732780897","-76.9345213309",0,0,0,0,0,0,0,0,0
7707,"THEFT/OTHER","38.8799212527","-76.9420410282",0,0,0,0,0,0,0,0,0
7707,"ROBBERY","38.8784547047","-76.9290192915",0,0,0,0,0,0,0,0,0
7707,"THEFT F/AUTO","38.8792723266","-76.9413961639",0,0,0,0,0,0,0,0,0
7707,"THEFT F/AUTO","38.878065381","-76.9417544193",0,0,0,0,0,0,0,0,0
7707,"ASSAULT W/DANGEROUS WEAPON","38.8734767176","-76.9353162985",0,0,0,0,0,0,0,0,0
7707,"ASSAULT W/DANGEROUS WEAPON","38.877582235","-76.9312674514",0,0,0,0,0,0,0,0,0
7707,"THEFT/OTHER","38.87917919","-76.93559925",0,0,0,0,0,0,0,0,0
7707,"THEFT F/AUTO","38.8775685374","-76.9390465506",0,0,0,0,0,0,0,0,0
7707,"BURGLARY","38.8756925461","-76.934887892",0,0,0,0,0,0,0,0,0
7707,"ROBBERY","38.8790300848","-76.9271401754",0,0,0,0,0,0,0,0,0
7707,"THEFT F/AUTO","38.8752685621","-76.9338395766",0,0,0,0,0,0,0,0,0
7707,"THEFT/OTHER","38.8786462826","-76.9330873364",0,0,0,0,0,0,0,0,0
7707,"ASSAULT W/DANGEROUS WEAPON","38.8743313084","-76.9331720507",0,0,0,0,0,0,0,0,0
7707,"THEFT/OTHER","38.877582235","-76.9312674514",0,0,0,0,0,0,0,0,0
7707,"ASSAULT W/DANGEROUS WEAPON","38.8764749952","-76.9326283966",0,0,0,0,0,0,0,0,0
7707,"THEFT/OTHER","38.877582235","-76.9312674514",0,0,0,0,0,0,0,0,0
7707,"HOMICIDE","38.8766963401","-76.9422280384",0,0,0,0,0,0,0,0,0
7707,"BURGLARY","38.8743317151","-76.9338865414",0,0,0,0,0,0,0,0,0
7707,"THEFT F/AUTO","38.8792915992","-76.9439546646",0,0,0,0,0,0,0,0,0
7707,"MOTOR VEHICLE THEFT","38.8754779768","-76.9378843886",0,0,0,0,0,0,0,0,0
7707,"BURGLARY","38.877582235","-76.9312674514",0,0,0,0,0,0,0,0,0
7707,"MOTOR VEHICLE THEFT","38.8786462826","-76.9330873364",0,0,0,0,0,0,0,0,0
7707,"ASSAULT W/DANGEROUS WEAPON","38.8805968414","-76.9260206446",0,0,0,0,0,0,0,0,0
7707,"ROBBERY","38.8757127542","-76.9389444173",0,0,0,0,0,0,0,0,0
7707,"THEFT/OTHER","38.8758345932","-76.9312460861",0,0,0,0,0,0,0,0,0
7707,"THEFT F/AUTO","38.8786462826","-76.9330873364",0,0,0,0,0,0,0,0,0
7707,"BURGLARY","38.8785999109","-76.9308054816",0,0,0,0,0,0,0,0,0
7707,"THEFT/OTHER","38.8764749952","-76.9326283966",0,0,0,0,0,0,0,0,0
7707,"MOTOR VEHICLE THEFT","38.8786462826","-76.9330873364",0,0,0,0,0,0,0,0,0
7707,"ASSAULT W/DANGEROUS WEAPON","38.8785999109","-76.9308054816",0,0,0,0,0,0,0,0,0
7707,"THEFT F/AUTO","38.8786592781","-76.940451638",0,0,0,0,0,0,0,0,0
7707,"THEFT F/AUTO","38.8786470214","-76.934389632",0,0,0,0,0,0,0,0,0
7707,"THEFT F/AUTO","38.8752685621","-76.9338395766",0,0,0,0,0,0,0,0,0
7707,"THEFT F/AUTO","38.8808053583","-76.9281410459",0,0,0,0,0,0,0,0,0
7707,"HOMICIDE","38.8795368857","-76.9309774463",0,0,0,0,0,0,0,0,0
7707,"THEFT/OTHER","38.8806177899","-76.9308035248",0,0,0,0,0,0,0,0,0
7707,"MOTOR VEHICLE THEFT","38.877582235","-76.9312674514",0,0,0,0,0,0,0,0,0
7707,"THEFT F/AUTO","38.8792915992","-76.9439546646",0,0,0,0,0,0,0,0,0
7707,"MOTOR VEHICLE THEFT","38.8805968414","-76.9260206446",0,0,0,0,0,0,0,0,0
7707,"BURGLARY","38.8734767176","-76.9353162985",0,0,0,0,0,0,0,0,0
7707,"ROBBERY","38.8790367966","-76.9388378498",0,0,0,0,0,0,0,0,0
7707,"THEFT/OTHER","38.877582235","-76.9312674514",0,0,0,0,0,0,0,0,0
7707,"BURGLARY","38.8785999109","-76.9308054816",0,0,0,0,0,0,0,0,0
7707,"THEFT F/AUTO","38.8742331924","-76.9349007476",0,0,0,0,0,0,0,0,0
7707,"THEFT/OTHER","38.8764749952","-76.9326283966",0,0,0,0,0,0,0,0,0
7707,"BURGLARY","38.8775808838","-76.9290086361",0,0,0,0,0,0,0,0,0
7707,"ASSAULT W/DANGEROUS WEAPON","38.8798528882","-76.9321872595",0,0,0,0,0,0,0,0,0
7707,"THEFT/OTHER","38.8808053583","-76.9281410459",0,0,0,0,0,0,0,0,0
7707,"BURGLARY","38.8766963401","-76.9422280384",0,0,0,0,0,0,0,0,0
7707,"THEFT/OTHER","38.877582235","-76.9312674514",0,0,0,0,0,0,0,0,0
7707,"ROBBERY","38.879141004","-76.9318076168",0,0,0,0,0,0,0,0,0
7707,"THEFT/OTHER","38.877582235","-76.9312674514",0,0,0,0,0,0,0,0,0
7707,"MOTOR VEHICLE THEFT","38.8776986326","-76.9300687816",0,0,0,0,0,0,0,0,0
7707,"ASSAULT W/DANGEROUS WEAPON","38.8795368857","-76.9309774463",0,0,0,0,0,0,0,0,0
7707,"ASSAULT W/DANGEROUS WEAPON","38.8810115038","-76.9264581695",0,0,0,0,0,0,0,0,0
7707,"THEFT/OTHER","38.877582235","-76.9312674514",0,0,0,0,0,0,0,0,0
7707,"THEFT/OTHER","38.877582235","-76.9312674514",0,0,0,0,0,0,0,0,0
7707,"THEFT F/AUTO","38.8786462826","-76.9330873364",0,0,0,0,0,0,0,0,0
7707,"MOTOR VEHICLE THEFT","38.8798528882","-76.9321872595",0,0,0,0,0,0,0,0,0
7707,"THEFT F/AUTO","38.8798904629","-76.9348955863",0,0,0,0,0,0,0,0,0
7707,"THEFT F/AUTO","38.877582235","-76.9312674514",0,0,0,0,0,0,0,0,0
7707,"THEFT F/AUTO","38.8775679118","-76.9378595202",0,0,0,0,0,0,0,0,0
7707,"THEFT/OTHER","38.8776986326","-76.9300687816",0,0,0,0,0,0,0,0,0
7707,"THEFT/OTHER","38.879141004","-76.9318076168",0,0,0,0,0,0,0,0,0
7707,"THEFT/OTHER","38.8764749952","-76.9326283966",0,0,0,0,0,0,0,0,0
7707,"THEFT F/AUTO","38.8798528882","-76.9321872595",0,0,0,0,0,0,0,0,0
7707,"THEFT F/AUTO","38.8764376985","-76.9304733709",0,0,0,0,0,0,0,0,0
7707,"THEFT F/AUTO","38.8776021386","-76.9345519368",0,0,0,0,0,0,0,0,0
7707,"THEFT/OTHER","38.877582235","-76.9312674514",0,0,0,0,0,0,0,0,0
7707,"THEFT/OTHER","38.877582235","-76.9312674514",0,0,0,0,0,0,0,0,0
7707,"BURGLARY","38.878065381","-76.9417544193",0,0,0,0,0,0,0,0,0
7707,"THEFT F/AUTO","38.8775679118","-76.9378595202",0,0,0,0,0,0,0,0,0
7707,"THEFT/OTHER","38.8732780897","-76.9345213309",0,0,0,0,0,0,0,0,0
7707,"ROBBERY","38.8806177899","-76.9308035248",0,0,0,0,0,0,0,0,0
7707,"THEFT F/AUTO","38.8766963401","-76.9422280384",0,0,0,0,0,0,0,0,0
7707,"THEFT/OTHER","38.877582235","-76.9312674514",0,0,0,0,0,0,0,0,0
7707,"ROBBERY","38.877582235","-76.9312674514",0,0,0,0,0,0,0,0,0
7707,"MOTOR VEHICLE THEFT","38.8764376985","-76.9304733709",0,0,0,0,0,0,0,0,0
7707,"THEFT/OTHER","38.877582235","-76.9312674514",0,0,0,0,0,0,0,0,0
7707,"THEFT/OTHER","38.877582235","-76.9312674514",0,0,0,0,0,0,0,0,0
7707,"THEFT F/AUTO","38.8784252882","-76.940901297",0,0,0,0,0,0,0,0,0
7707,"ASSAULT W/DANGEROUS WEAPON","38.8805968414","-76.9260206446",0,0,0,0,0,0,0,0,0
7707,"ASSAULT W/DANGEROUS WEAPON","38.8808053583","-76.9281410459",0,0,0,0,0,0,0,0,0
7707,"MOTOR VEHICLE THEFT","38.8786462826","-76.9330873364",0,0,0,0,0,0,0,0,0
7707,"ROBBERY","38.877582235","-76.9312674514",0,0,0,0,0,0,0,0,0
7707,"THEFT/OTHER","38.8732780897","-76.9345213309",0,0,0,0,0,0,0,0,0
7707,"BURGLARY","38.8776021386","-76.9345519368",0,0,0,0,0,0,0,0,0
7707,"THEFT F/AUTO","38.8808053583","-76.9281410459",0,0,0,0,0,0,0,0,0
7707,"THEFT/OTHER","38.8737283996","-76.9343250105",0,0,0,0,0,0,0,0,0
7707,"THEFT F/AUTO","38.8798528882","-76.9321872595",0,0,0,0,0,0,0,0,0
7707,"ASSAULT W/DANGEROUS WEAPON","38.877584743","-76.9356698365",0,0,0,0,0,0,0,0,0
7707,"ROBBERY","38.8756552646","-76.9326867918",0,0,0,0,0,0,0,0,0
7707,"THEFT F/AUTO","38.8775763013","-76.9367070557",0,0,0,0,0,0,0,0,0
7707,"ROBBERY","38.8764376985","-76.9304733709",0,0,0,0,0,0,0,0,0
7707,"ASSAULT W/DANGEROUS WEAPON","38.8764749952","-76.9326283966",0,0,0,0,0,0,0,0,0
7707,"MOTOR VEHICLE THEFT","38.8790300848","-76.9271401754",0,0,0,0,0,0,0,0,0
7707,"THEFT/OTHER","38.8775679118","-76.9378595202",0,0,0,0,0,0,0,0,0
7707,"ROBBERY","38.8789957717","-76.9299522623",0,0,0,0,0,0,0,0,0
7707,"ROBBERY","38.8799212527","-76.9420410282",0,0,0,0,0,0,0,0,0
7707,"BURGLARY","38.8764749952","-76.9326283966",0,0,0,0,0,0,0,0,0
7707,"THEFT F/AUTO","38.8732780897","-76.9345213309",0,0,0,0,0,0,0,0,0
7707,"THEFT F/AUTO","38.8762309151","-76.9311650338",0,0,0,0,0,0,0,0,0
7707,"THEFT F/AUTO","38.877584743","-76.9356698365",0,0,0,0,0,0,0,0,0
7707,"THEFT/OTHER","38.877582235","-76.9312674514",0,0,0,0,0,0,0,0,0
7707,"ASSAULT W/DANGEROUS WEAPON","38.8790300848","-76.9271401754",0,0,0,0,0,0,0,0,0
7707,"ASSAULT W/DANGEROUS WEAPON","38.8764749952","-76.9326283966",0,0,0,0,0,0,0,0,0
7707,"THEFT F/AUTO","38.8790300848","-76.9271401754",0,0,0,0,0,0,0,0,0
7707,"THEFT F/AUTO","38.8799212527","-76.9420410282",0,0,0,0,0,0,0,0,0
7707,"SEX ABUSE","38.879141004","-76.9318076168",0,0,0,0,0,0,0,0,0
7707,"ASSAULT W/DANGEROUS WEAPON","38.8736935893","-76.9365376402",0,0,0,0,0,0,0,0,0
7707,"ROBBERY","38.879687466","-76.9429171115",0,0,0,0,0,0,0,0,0
7707,"SEX ABUSE","38.8762309151","-76.9311650338",0,0,0,0,0,0,0,0,0
7707,"THEFT F/AUTO","38.8776986326","-76.9300687816",0,0,0,0,0,0,0,0,0
7707,"ASSAULT W/DANGEROUS WEAPON","38.8805968414","-76.9260206446",0,0,0,0,0,0,0,0,0
7707,"MOTOR VEHICLE THEFT","38.8764749952","-76.9326283966",0,0,0,0,0,0,0,0,0
7707,"SEX ABUSE","38.8810115038","-76.9264581695",0,0,0,0,0,0,0,0,0
7707,"MOTOR VEHICLE THEFT","38.8775808838","-76.9290086361",0,0,0,0,0,0,0,0,0
7707,"ASSAULT W/DANGEROUS WEAPON","38.8764749952","-76.9326283966",0,0,0,0,0,0,0,0,0
7707,"THEFT F/AUTO","38.877584743","-76.9356698365",0,0,0,0,0,0,0,0,0
7707,"THEFT/OTHER","38.8773399535","-76.9328926442",0,0,0,0,0,0,0,0,0
7707,"ROBBERY","38.8808053583","-76.9281410459",0,0,0,0,0,0,0,0,0
7707,"THEFT F/AUTO","38.8808053583","-76.9281410459",0,0,0,0,0,0,0,0,0
7707,"HOMICIDE","38.8773399535","-76.9328926442",0,0,0,0,0,0,0,0,0
7707,"THEFT F/AUTO","38.8775685374","-76.9390465506",0,0,0,0,0,0,0,0,0
7707,"ASSAULT W/DANGEROUS WEAPON","38.877582235","-76.9312674514",0,0,0,0,0,0,0,0,0
7707,"THEFT/OTHER","38.8789957717","-76.9299522623",0,0,0,0,0,0,0,0,0
7707,"THEFT F/AUTO","38.8786573893","-76.9368559184",0,0,0,0,0,0,0,0,0
7707,"MOTOR VEHICLE THEFT","38.8732780897","-76.9345213309",0,0,0,0,0,0,0,0,0
7707,"MOTOR VEHICLE THEFT","38.8799212527","-76.9420410282",0,0,0,0,0,0,0,0,0
7707,"MOTOR VEHICLE THEFT","38.879687466","-76.9429171115",0,0,0,0,0,0,0,0,0
7707,"THEFT F/AUTO","38.8786462826","-76.9330873364",0,0,0,0,0,0,0,0,0
7707,"BURGLARY","38.8786470214","-76.934389632",0,0,0,0,0,0,0,0,0
7707,"BURGLARY","38.8732780897","-76.9345213309",0,0,0,0,0,0,0,0,0
7707,"THEFT/OTHER","38.8785999109","-76.9308054816",0,0,0,0,0,0,0,0,0
7707,"ASSAULT W/DANGEROUS WEAPON","38.8732780897","-76.9345213309",0,0,0,0,0,0,0,0,0
7707,"ASSAULT W/DANGEROUS WEAPON","38.8776986326","-76.9300687816",0,0,0,0,0,0,0,0,0
7707,"ROBBERY","38.8786470214","-76.934389632",0,0,0,0,0,0,0,0,0
7707,"ASSAULT W/DANGEROUS WEAPON","38.8776986326","-76.9300687816",0,0,0,0,0,0,0,0,0
7707,"MOTOR VEHICLE THEFT","38.8810115038","-76.9264581695",0,0,0,0,0,0,0,0,0
7708,"HOMICIDE","38.8892870842","-76.9560726523",116,167,283,972,588,1560,62,56,118
7708,"BURGLARY","38.8881705827","-76.9575256514",116,167,283,972,588,1560,62,56,118
7708,"ROBBERY","38.8881705827","-76.9575256514",116,167,283,972,588,1560,62,56,118
7708,"THEFT/OTHER","38.8852077954","-76.9602820823",116,167,283,972,588,1560,62,56,118
7708,"MOTOR VEHICLE THEFT","38.8856039985","-76.9597977753",116,167,283,972,588,1560,62,56,118
7708,"MOTOR VEHICLE THEFT","38.8875847719","-76.9567998503",116,167,283,972,588,1560,62,56,118
7708,"THEFT F/AUTO","38.8875847719","-76.9567998503",116,167,283,972,588,1560,62,56,118
7708,"THEFT F/AUTO","38.883226345","-76.9614587846",116,167,283,972,588,1560,62,56,118
7708,"ASSAULT W/DANGEROUS WEAPON","38.8887828817","-76.9567875984",116,167,283,972,588,1560,62,56,118
7708,"ASSAULT W/DANGEROUS WEAPON","38.8887828817","-76.9567875984",116,167,283,972,588,1560,62,56,118
7708,"THEFT/OTHER","38.8844241793","-76.9606167631",116,167,283,972,588,1560,62,56,118
7708,"THEFT/OTHER","38.8892590457","-76.9534561635",116,167,283,972,588,1560,62,56,118
7708,"HOMICIDE","38.8852072355","-76.95866847",116,167,283,972,588,1560,62,56,118
7708,"ROBBERY","38.8887821893","-76.9549549042",116,167,283,972,588,1560,62,56,118
7708,"HOMICIDE","38.8832347979","-76.9598106356",116,167,283,972,588,1560,62,56,118
7708,"ASSAULT W/DANGEROUS WEAPON","38.8851883889","-76.9563863724",116,167,283,972,588,1560,62,56,118
7708,"THEFT F/AUTO","38.8840275357","-76.9598101891",116,167,283,972,588,1560,62,56,118
7708,"THEFT/OTHER","38.8863951858","-76.955521185",116,167,283,972,588,1560,62,56,118
7708,"ROBBERY","38.8859992461","-76.9566624991",116,167,283,972,588,1560,62,56,118
7708,"THEFT/OTHER","38.8859992461","-76.9566624991",116,167,283,972,588,1560,62,56,118
7708,"MOTOR VEHICLE THEFT","38.88282912","-76.9589464577",116,167,283,972,588,1560,62,56,118
7708,"BURGLARY","38.8852077954","-76.9602820823",116,167,283,972,588,1560,62,56,118
7708,"THEFT F/AUTO","38.8856039985","-76.9597977753",116,167,283,972,588,1560,62,56,118
7708,"BURGLARY","38.8867925957","-76.958344822",116,167,283,972,588,1560,62,56,118
7708,"ROBBERY","38.8828297032","-76.960640694",116,167,283,972,588,1560,62,56,118
7708,"MOTOR VEHICLE THEFT","38.888179054","-76.9560733345",116,167,283,972,588,1560,62,56,118
7708,"ASSAULT W/DANGEROUS WEAPON","38.8844241793","-76.9606167631",116,167,283,972,588,1560,62,56,118
7708,"ROBBERY","38.8867920347","-76.9568003303",116,167,283,972,588,1560,62,56,118
7708,"THEFT/OTHER","38.8828297032","-76.960640694",116,167,283,972,588,1560,62,56,118
7708,"THEFT/OTHER","38.888179054","-76.9560733345",116,167,283,972,588,1560,62,56,118
7708,"THEFT/OTHER","38.8887828817","-76.9567875984",116,167,283,972,588,1560,62,56,118
7708,"THEFT F/AUTO","38.8887828817","-76.9567875984",116,167,283,972,588,1560,62,56,118
7708,"THEFT/OTHER","38.8863951858","-76.955521185",116,167,283,972,588,1560,62,56,118
7708,"MOTOR VEHICLE THEFT","38.8881693465","-76.9542521879",116,167,283,972,588,1560,62,56,118
7708,"THEFT F/AUTO","38.8836314455","-76.9606287262",116,167,283,972,588,1560,62,56,118
7708,"THEFT F/AUTO","38.8828297032","-76.960640694",116,167,283,972,588,1560,62,56,118
7708,"THEFT F/AUTO","38.8887821893","-76.9549549042",116,167,283,972,588,1560,62,56,118
7708,"THEFT F/AUTO","38.8844235063","-76.958668924",116,167,283,972,588,1560,62,56,118
7708,"MOTOR VEHICLE THEFT","38.8828297032","-76.960640694",116,167,283,972,588,1560,62,56,118
7708,"ASSAULT W/DANGEROUS WEAPON","38.888179054","-76.9560733345",116,167,283,972,588,1560,62,56,118
7708,"ROBBERY","38.8852072355","-76.95866847",116,167,283,972,588,1560,62,56,118
7708,"ASSAULT W/DANGEROUS WEAPON","38.8844235063","-76.958668924",116,167,283,972,588,1560,62,56,118
7708,"THEFT F/AUTO","38.8875852671","-76.9581599402",116,167,283,972,588,1560,62,56,118
7708,"MOTOR VEHICLE THEFT","38.8828297032","-76.960640694",116,167,283,972,588,1560,62,56,118
7708,"ROBBERY","38.8887821893","-76.9549549042",116,167,283,972,588,1560,62,56,118
7708,"THEFT/OTHER","38.8856031949","-76.9575271797",116,167,283,972,588,1560,62,56,118
7708,"THEFT F/AUTO","38.8892870842","-76.9560726523",116,167,283,972,588,1560,62,56,118
7708,"THEFT/OTHER","38.888179054","-76.9560733345",116,167,283,972,588,1560,62,56,118
7708,"MOTOR VEHICLE THEFT","38.8859999689","-76.9586564849",116,167,283,972,588,1560,62,56,118
7708,"ASSAULT W/DANGEROUS WEAPON","38.8892870842","-76.9560726523",116,167,283,972,588,1560,62,56,118
7708,"THEFT/OTHER","38.884001066","-76.9614583661",116,167,283,972,588,1560,62,56,118
7708,"THEFT F/AUTO","38.888179054","-76.9560733345",116,167,283,972,588,1560,62,56,118
7708,"THEFT F/AUTO","38.8851883889","-76.9563863724",116,167,283,972,588,1560,62,56,118
7708,"ROBBERY","38.8867920347","-76.9568003303",116,167,283,972,588,1560,62,56,118
7708,"THEFT/OTHER","38.8875852671","-76.9581599402",116,167,283,972,588,1560,62,56,118
7708,"ROBBERY","38.8887821893","-76.9549549042",116,167,283,972,588,1560,62,56,118
7708,"ASSAULT W/DANGEROUS WEAPON","38.8892590457","-76.9534561635",116,167,283,972,588,1560,62,56,118
7708,"THEFT F/AUTO","38.8863951858","-76.955521185",116,167,283,972,588,1560,62,56,118
7708,"MOTOR VEHICLE THEFT","38.8844235063","-76.958668924",116,167,283,972,588,1560,62,56,118
7708,"ASSAULT W/DANGEROUS WEAPON","38.8867920347","-76.9568003303",116,167,283,972,588,1560,62,56,118
7708,"ROBBERY","38.8863951858","-76.955521185",116,167,283,972,588,1560,62,56,118
7708,"MOTOR VEHICLE THEFT","38.8887821893","-76.9549549042",116,167,283,972,588,1560,62,56,118
7708,"THEFT/OTHER","38.8852077954","-76.9602820823",116,167,283,972,588,1560,62,56,118
7708,"THEFT F/AUTO","38.884001066","-76.9614583661",116,167,283,972,588,1560,62,56,118
7708,"ROBBERY","38.8859999689","-76.9586564849",116,167,283,972,588,1560,62,56,118
7708,"ROBBERY","38.8875847719","-76.9567998503",116,167,283,972,588,1560,62,56,118
7708,"BURGLARY","38.888179054","-76.9560733345",116,167,283,972,588,1560,62,56,118
7708,"THEFT/OTHER","38.8887821893","-76.9549549042",116,167,283,972,588,1560,62,56,118
7708,"ASSAULT W/DANGEROUS WEAPON","38.8887821893","-76.9549549042",116,167,283,972,588,1560,62,56,118
7708,"MOTOR VEHICLE THEFT","38.887584239","-76.9553821295",116,167,283,972,588,1560,62,56,118
7708,"THEFT F/AUTO","38.8897870573","-76.9580556016",116,167,283,972,588,1560,62,56,118
7708,"MOTOR VEHICLE THEFT","38.888179054","-76.9560733345",116,167,283,972,588,1560,62,56,118
7708,"THEFT/OTHER","38.8863951858","-76.955521185",116,167,283,972,588,1560,62,56,118
7708,"MOTOR VEHICLE THEFT","38.8863959323","-76.9575267078",116,167,283,972,588,1560,62,56,118
7708,"HOMICIDE","38.8887821893","-76.9549549042",116,167,283,972,588,1560,62,56,118
7708,"THEFT/OTHER","38.8852077954","-76.9602820823",116,167,283,972,588,1560,62,56,118
7708,"MOTOR VEHICLE THEFT","38.8851883889","-76.9563863724",116,167,283,972,588,1560,62,56,118
7708,"MOTOR VEHICLE THEFT","38.8892870842","-76.9560726523",116,167,283,972,588,1560,62,56,118
7708,"ROBBERY","38.8887828817","-76.9567875984",116,167,283,972,588,1560,62,56,118
7708,"THEFT F/AUTO","38.8881693465","-76.9542521879",116,167,283,972,588,1560,62,56,118
7708,"ROBBERY","38.8824150388","-76.9598226227",116,167,283,972,588,1560,62,56,118
7708,"THEFT F/AUTO","38.8881705827","-76.9575256514",116,167,283,972,588,1560,62,56,118
7708,"MOTOR VEHICLE THEFT","38.8897870573","-76.9580556016",116,167,283,972,588,1560,62,56,118
7708,"THEFT/OTHER","38.8836307645","-76.9586578577",116,167,283,972,588,1560,62,56,118
7708,"THEFT F/AUTO","38.8856039985","-76.9597977753",116,167,283,972,588,1560,62,56,118
7708,"THEFT F/AUTO","38.8852072355","-76.95866847",116,167,283,972,588,1560,62,56,118
7708,"MOTOR VEHICLE THEFT","38.888179054","-76.9560733345",116,167,283,972,588,1560,62,56,118
7708,"ROBBERY","38.8887821893","-76.9549549042",116,167,283,972,588,1560,62,56,118
7708,"MOTOR VEHICLE THEFT","38.8875847719","-76.9567998503",116,167,283,972,588,1560,62,56,118
7708,"THEFT/OTHER","38.8881705827","-76.9575256514",116,167,283,972,588,1560,62,56,118
7708,"ASSAULT W/DANGEROUS WEAPON","38.8871886654","-76.9575147098",116,167,283,972,588,1560,62,56,118
7708,"ASSAULT W/DANGEROUS WEAPON","38.8892590457","-76.9534561635",116,167,283,972,588,1560,62,56,118
7708,"THEFT F/AUTO","38.8892590457","-76.9534561635",116,167,283,972,588,1560,62,56,118
7708,"ROBBERY","38.8844241793","-76.9606167631",116,167,283,972,588,1560,62,56,118
7708,"MOTOR VEHICLE THEFT","38.8844241793","-76.9606167631",116,167,283,972,588,1560,62,56,118
7708,"ASSAULT W/DANGEROUS WEAPON","38.8892590457","-76.9534561635",116,167,283,972,588,1560,62,56,118
7708,"THEFT/OTHER","38.8844241793","-76.9606167631",116,167,283,972,588,1560,62,56,118
7709,"MOTOR VEHICLE THEFT","38.8777054981","-76.9656106196",152,91,243,715,548,1263,157,131,288
7709,"THEFT/OTHER","38.8737694469","-76.9677790201",152,91,243,715,548,1263,157,131,288
7709,"THEFT F/AUTO","38.8748858704","-76.9656119784",152,91,243,715,548,1263,157,131,288
7709,"MOTOR VEHICLE THEFT","38.873625637","-76.9689775741",152,91,243,715,548,1263,157,131,288
7709,"MOTOR VEHICLE THEFT","38.8758056232","-76.9688037621",152,91,243,715,548,1263,157,131,288
7709,"ROBBERY","38.8783716187","-76.9639507418",152,91,243,715,548,1263,157,131,288
7709,"MOTOR VEHICLE THEFT","38.8738048592","-76.9656009754",152,91,243,715,548,1263,157,131,288
7709,"MOTOR VEHICLE THEFT","38.873625637","-76.9689775741",152,91,243,715,548,1263,157,131,288
7709,"ROBBERY","38.8751119613","-76.9687464445",152,91,243,715,548,1263,157,131,288
7709,"MOTOR VEHICLE THEFT","38.8761559725","-76.9653347821",152,91,243,715,548,1263,157,131,288
7709,"ASSAULT W/DANGEROUS WEAPON","38.8748858704","-76.9656119784",152,91,243,715,548,1263,157,131,288
7709,"ASSAULT W/DANGEROUS WEAPON","38.8741128729","-76.9720773214",152,91,243,715,548,1263,157,131,288
7709,"MOTOR VEHICLE THEFT","38.8761559725","-76.9653347821",152,91,243,715,548,1263,157,131,288
7709,"ASSAULT W/DANGEROUS WEAPON","38.874743411","-76.9718696406",152,91,243,715,548,1263,157,131,288
7709,"THEFT/OTHER","38.8741128729","-76.9720773214",152,91,243,715,548,1263,157,131,288
7709,"THEFT/OTHER","38.8802362232","-76.9635233748",152,91,243,715,548,1263,157,131,288
7709,"ROBBERY","38.8741128729","-76.9720773214",152,91,243,715,548,1263,157,131,288
7709,"MOTOR VEHICLE THEFT","38.872462849","-76.9664313319",152,91,243,715,548,1263,157,131,288
7709,"THEFT/OTHER","38.8784989809","-76.9682378733",152,91,243,715,548,1263,157,131,288
7709,"THEFT/OTHER","38.8761559725","-76.9653347821",152,91,243,715,548,1263,157,131,288
7709,"ASSAULT W/DANGEROUS WEAPON","38.8748858704","-76.9656119784",152,91,243,715,548,1263,157,131,288
7709,"MOTOR VEHICLE THEFT","38.8738048592","-76.9656009754",152,91,243,715,548,1263,157,131,288
7709,"ROBBERY","38.8793794557","-76.9605388734",152,91,243,715,548,1263,157,131,288
7709,"THEFT F/AUTO","38.878381039","-76.9653106518",152,91,243,715,548,1263,157,131,288
7709,"MOTOR VEHICLE THEFT","38.8789931156","-76.9636853575",152,91,243,715,548,1263,157,131,288
7709,"THEFT F/AUTO","38.8758683173","-76.9674669165",152,91,243,715,548,1263,157,131,288
7709,"THEFT F/AUTO","38.8741128729","-76.9720773214",152,91,243,715,548,1263,157,131,288
7709,"BURGLARY","38.8763635712","-76.9667291307",152,91,243,715,548,1263,157,131,288
7709,"THEFT/OTHER","38.8783801957","-76.9625792981",152,91,243,715,548,1263,157,131,288
7709,"THEFT/OTHER","38.8761559725","-76.9653347821",152,91,243,715,548,1263,157,131,288
7709,"THEFT/OTHER","38.8738048592","-76.9656009754",152,91,243,715,548,1263,157,131,288
7709,"THEFT F/AUTO","38.874743411","-76.9718696406",152,91,243,715,548,1263,157,131,288
7709,"THEFT/OTHER","38.8761559725","-76.9653347821",152,91,243,715,548,1263,157,131,288
7709,"HOMICIDE","38.8802353071","-76.9606997501",152,91,243,715,548,1263,157,131,288
7709,"ROBBERY","38.8758683173","-76.9674669165",152,91,243,715,548,1263,157,131,288
7709,"THEFT/OTHER","38.8761559725","-76.9653347821",152,91,243,715,548,1263,157,131,288
7709,"ROBBERY","38.8742292547","-76.9691847442",152,91,243,715,548,1263,157,131,288
7709,"ASSAULT W/DANGEROUS WEAPON","38.8741128729","-76.9720773214",152,91,243,715,548,1263,157,131,288
7709,"ASSAULT W/DANGEROUS WEAPON","38.8763635712","-76.9667291307",152,91,243,715,548,1263,157,131,288
7709,"BURGLARY","38.8737694469","-76.9677790201",152,91,243,715,548,1263,157,131,288
7709,"THEFT F/AUTO","38.874743411","-76.9718696406",152,91,243,715,548,1263,157,131,288
7709,"ROBBERY","38.8757238262","-76.9662108367",152,91,243,715,548,1263,157,131,288
7709,"ROBBERY","38.8761559725","-76.9653347821",152,91,243,715,548,1263,157,131,288
7709,"BURGLARY","38.8761559725","-76.9653347821",152,91,243,715,548,1263,157,131,288
7709,"THEFT/OTHER","38.8763635712","-76.9667291307",152,91,243,715,548,1263,157,131,288
7709,"ASSAULT W/DANGEROUS WEAPON","38.8763635712","-76.9667291307",152,91,243,715,548,1263,157,131,288
7709,"MOTOR VEHICLE THEFT","38.87886733","-76.9647687508",152,91,243,715,548,1263,157,131,288
7709,"THEFT F/AUTO","38.8751119613","-76.9687464445",152,91,243,715,548,1263,157,131,288
7709,"THEFT F/AUTO","38.8796958486","-76.9639385479",152,91,243,715,548,1263,157,131,288
7709,"THEFT/OTHER","38.8761559725","-76.9653347821",152,91,243,715,548,1263,157,131,288
7709,"ROBBERY","38.8796958486","-76.9639385479",152,91,243,715,548,1263,157,131,288
7709,"THEFT F/AUTO","38.8757145406","-76.965265851",152,91,243,715,548,1263,157,131,288
7709,"ROBBERY","38.8768588205","-76.9659913346",152,91,243,715,548,1263,157,131,288
7709,"THEFT/OTHER","38.8737694469","-76.9677790201",152,91,243,715,548,1263,157,131,288
7709,"MOTOR VEHICLE THEFT","38.8793794557","-76.9605388734",152,91,243,715,548,1263,157,131,288
7709,"ROBBERY","38.8742292547","-76.9691847442",152,91,243,715,548,1263,157,131,288
7709,"THEFT F/AUTO","38.8761559725","-76.9653347821",152,91,243,715,548,1263,157,131,288
7709,"THEFT/OTHER","38.8763635712","-76.9667291307",152,91,243,715,548,1263,157,131,288
7709,"THEFT F/AUTO","38.873625637","-76.9689775741",152,91,243,715,548,1263,157,131,288
7709,"MOTOR VEHICLE THEFT","38.8758683173","-76.9674669165",152,91,243,715,548,1263,157,131,288
7709,"THEFT/OTHER","38.8714536971","-76.9657058209",152,91,243,715,548,1263,157,131,288
7709,"ROBBERY","38.8746070384","-76.9670987206",152,91,243,715,548,1263,157,131,288
7709,"THEFT F/AUTO","38.8773717333","-76.964101066",152,91,243,715,548,1263,157,131,288
7709,"ASSAULT W/DANGEROUS WEAPON","38.8761559725","-76.9653347821",152,91,243,715,548,1263,157,131,288
7709,"MOTOR VEHICLE THEFT","38.8761559725","-76.9653347821",152,91,243,715,548,1263,157,131,288
7709,"THEFT F/AUTO","38.8758056232","-76.9688037621",152,91,243,715,548,1263,157,131,288
7709,"ROBBERY","38.8758056232","-76.9688037621",152,91,243,715,548,1263,157,131,288
7709,"ROBBERY","38.8748858704","-76.9656119784",152,91,243,715,548,1263,157,131,288
7709,"ASSAULT W/DANGEROUS WEAPON","38.8731935018","-76.9700033858",152,91,243,715,548,1263,157,131,288
7709,"BURGLARY","38.8768588205","-76.9659913346",152,91,243,715,548,1263,157,131,288
7709,"THEFT/OTHER","38.8802353071","-76.9606997501",152,91,243,715,548,1263,157,131,288
7709,"THEFT/OTHER","38.8761559725","-76.9653347821",152,91,243,715,548,1263,157,131,288
7709,"THEFT/OTHER","38.8737694469","-76.9677790201",152,91,243,715,548,1263,157,131,288
7709,"THEFT/OTHER","38.8742104786","-76.9664305098",152,91,243,715,548,1263,157,131,288
7709,"THEFT/OTHER","38.8758683173","-76.9674669165",152,91,243,715,548,1263,157,131,288
7709,"SEX ABUSE","38.8720666988","-76.9672036049",152,91,243,715,548,1263,157,131,288
7709,"THEFT/OTHER","38.8758683173","-76.9674669165",152,91,243,715,548,1263,157,131,288
7709,"MOTOR VEHICLE THEFT","38.877948474","-76.9647692044",152,91,243,715,548,1263,157,131,288
7709,"THEFT F/AUTO","38.8783716187","-76.9639507418",152,91,243,715,548,1263,157,131,288
7709,"THEFT F/AUTO","38.8746070384","-76.9670987206",152,91,243,715,548,1263,157,131,288
7709,"THEFT F/AUTO","38.8761559725","-76.9653347821",152,91,243,715,548,1263,157,131,288
7709,"ROBBERY","38.8777054981","-76.9656106196",152,91,243,715,548,1263,157,131,288
7709,"BURGLARY","38.8720031791","-76.9656018438",152,91,243,715,548,1263,157,131,288
7709,"THEFT/OTHER","38.8783716187","-76.9639507418",152,91,243,715,548,1263,157,131,288
7709,"THEFT/OTHER","38.8742104786","-76.9664305098",152,91,243,715,548,1263,157,131,288
7709,"ASSAULT W/DANGEROUS WEAPON","38.8784989809","-76.9682378733",152,91,243,715,548,1263,157,131,288
7709,"MOTOR VEHICLE THEFT","38.8746066067","-76.9656005889",152,91,243,715,548,1263,157,131,288
7709,"ASSAULT W/DANGEROUS WEAPON","38.8761559725","-76.9653347821",152,91,243,715,548,1263,157,131,288
7709,"THEFT F/AUTO","38.8761559725","-76.9653347821",152,91,243,715,548,1263,157,131,288
7709,"ROBBERY","38.8741128729","-76.9720773214",152,91,243,715,548,1263,157,131,288
7709,"MOTOR VEHICLE THEFT","38.873625637","-76.9689775741",152,91,243,715,548,1263,157,131,288
7709,"THEFT F/AUTO","38.8731935018","-76.9700033858",152,91,243,715,548,1263,157,131,288
7709,"THEFT F/AUTO","38.8729318264","-76.9683671132",152,91,243,715,548,1263,157,131,288
7709,"THEFT/OTHER","38.8748858704","-76.9656119784",152,91,243,715,548,1263,157,131,288
7709,"THEFT/OTHER","38.8793794557","-76.9605388734",152,91,243,715,548,1263,157,131,288
7709,"THEFT F/AUTO","38.8742837196","-76.9707980862",152,91,243,715,548,1263,157,131,288
7709,"THEFT/OTHER","38.8761559725","-76.9653347821",152,91,243,715,548,1263,157,131,288
7709,"THEFT/OTHER","38.8763635712","-76.9667291307",152,91,243,715,548,1263,157,131,288
7709,"THEFT F/AUTO","38.8786505358","-76.9628557502",152,91,243,715,548,1263,157,131,288
7709,"THEFT/OTHER","38.8741128729","-76.9720773214",152,91,243,715,548,1263,157,131,288
7709,"ASSAULT W/DANGEROUS WEAPON","38.8763635712","-76.9667291307",152,91,243,715,548,1263,157,131,288
7709,"HOMICIDE","38.8746066067","-76.9656005889",152,91,243,715,548,1263,157,131,288
7709,"THEFT F/AUTO","38.8757238262","-76.9662108367",152,91,243,715,548,1263,157,131,288
7709,"ASSAULT W/DANGEROUS WEAPON","38.879415801","-76.9614723676",152,91,243,715,548,1263,157,131,288
7709,"MOTOR VEHICLE THEFT","38.8761559725","-76.9653347821",152,91,243,715,548,1263,157,131,288
7709,"THEFT/OTHER","38.8758683173","-76.9674669165",152,91,243,715,548,1263,157,131,288
7709,"THEFT F/AUTO","38.8758056232","-76.9688037621",152,91,243,715,548,1263,157,131,288
7709,"THEFT F/AUTO","38.879415801","-76.9614723676",152,91,243,715,548,1263,157,131,288
7709,"MOTOR VEHICLE THEFT","38.8763635712","-76.9667291307",152,91,243,715,548,1263,157,131,288
7709,"ROBBERY","38.8758056232","-76.9688037621",152,91,243,715,548,1263,157,131,288
7709,"THEFT F/AUTO","38.8758683173","-76.9674669165",152,91,243,715,548,1263,157,131,288
7709,"ROBBERY","38.8802353071","-76.9606997501",152,91,243,715,548,1263,157,131,288
7709,"MOTOR VEHICLE THEFT","38.8802364512","-76.9642609747",152,91,243,715,548,1263,157,131,288
7709,"SEX ABUSE","38.8720666988","-76.9672036049",152,91,243,715,548,1263,157,131,288
7709,"THEFT/OTHER","38.8741128729","-76.9720773214",152,91,243,715,548,1263,157,131,288
7803,"THEFT/OTHER","38.892604935","-76.9418001838",271,233,504,1402,1068,2470,285,281,566
7803,"ASSAULT W/DANGEROUS WEAPON","38.8966524619","-76.94765293",271,233,504,1402,1068,2470,285,281,566
7803,"THEFT/OTHER","38.8932318701","-76.9348834113",271,233,504,1402,1068,2470,285,281,566
7803,"MOTOR VEHICLE THEFT","38.8967753625","-76.9409091506",271,233,504,1402,1068,2470,285,281,566
7803,"THEFT F/AUTO","38.9001436073","-76.9391886559",271,233,504,1402,1068,2470,285,281,566
7803,"BURGLARY","38.89837165","-76.9445967665",271,233,504,1402,1068,2470,285,281,566
7803,"THEFT F/AUTO","38.8967753625","-76.9409091506",271,233,504,1402,1068,2470,285,281,566
7803,"THEFT F/AUTO","38.8924396695","-76.9358524002",271,233,504,1402,1068,2470,285,281,566
7803,"BURGLARY","38.8966524619","-76.94765293",271,233,504,1402,1068,2470,285,281,566
7803,"ROBBERY","38.8957197498","-76.9377630164",271,233,504,1402,1068,2470,285,281,566
7803,"THEFT F/AUTO","38.9005138255","-76.9408945255",271,233,504,1402,1068,2470,285,281,566
7803,"THEFT/OTHER","38.8966524619","-76.94765293",271,233,504,1402,1068,2470,285,281,566
7803,"THEFT F/AUTO","38.8950367484","-76.9409105906",271,233,504,1402,1068,2470,285,281,566
7803,"THEFT F/AUTO","38.8990561812","-76.9443772021",271,233,504,1402,1068,2470,285,281,566
7803,"THEFT F/AUTO","38.8901788271","-76.9363270239",271,233,504,1402,1068,2470,285,281,566
7803,"THEFT F/AUTO","38.8983592732","-76.9378990487",271,233,504,1402,1068,2470,285,281,566
7803,"THEFT/OTHER","38.8897737195","-76.9368230268",271,233,504,1402,1068,2470,285,281,566
7803,"THEFT F/AUTO","38.8918915787","-76.9384925497",271,233,504,1402,1068,2470,285,281,566
7803,"ROBBERY","38.8966524619","-76.94765293",271,233,504,1402,1068,2470,285,281,566
7803,"ASSAULT W/DANGEROUS WEAPON","38.890107253","-76.937237689",271,233,504,1402,1068,2470,285,281,566
7803,"THEFT/OTHER","38.8975140423","-76.9408970109",271,233,504,1402,1068,2470,285,281,566
7803,"ROBBERY","38.892604935","-76.9418001838",271,233,504,1402,1068,2470,285,281,566
7803,"MOTOR VEHICLE THEFT","38.8911169135","-76.9385969585",271,233,504,1402,1068,2470,285,281,566
7803,"THEFT F/AUTO","38.8938546291","-76.9370384298",271,233,504,1402,1068,2470,285,281,566
7803,"MOTOR VEHICLE THEFT","38.8966524619","-76.94765293",271,233,504,1402,1068,2470,285,281,566
7803,"BURGLARY","38.8950367484","-76.9409105906",271,233,504,1402,1068,2470,285,281,566
7803,"MOTOR VEHICLE THEFT","38.8950367484","-76.9409105906",271,233,504,1402,1068,2470,285,281,566
7803,"ROBBERY","38.8897737195","-76.9368230268",271,233,504,1402,1068,2470,285,281,566
7803,"ROBBERY","38.8902413603","-76.9353702588",271,233,504,1402,1068,2470,285,281,566
7803,"THEFT F/AUTO","38.8966524619","-76.94765293",271,233,504,1402,1068,2470,285,281,566
7803,"THEFT F/AUTO","38.8911169135","-76.9385969585",271,233,504,1402,1068,2470,285,281,566
7803,"THEFT/OTHER","38.8966524619","-76.94765293",271,233,504,1402,1068,2470,285,281,566
7803,"MOTOR VEHICLE THEFT","38.8966524619","-76.94765293",271,233,504,1402,1068,2470,285,281,566
7803,"THEFT/OTHER","38.8936494601","-76.9409117397",271,233,504,1402,1068,2470,285,281,566
7803,"THEFT/OTHER","38.8966524619","-76.94765293",271,233,504,1402,1068,2470,285,281,566
7803,"ASSAULT W/DANGEROUS WEAPON","38.8911169135","-76.9385969585",271,233,504,1402,1068,2470,285,281,566
7803,"THEFT/OTHER","38.9012525106","-76.9408939134",271,233,504,1402,1068,2470,285,281,566
7803,"THEFT F/AUTO","38.8966524619","-76.94765293",271,233,504,1402,1068,2470,285,281,566
7803,"THEFT/OTHER","38.8910433722","-76.9358536557",271,233,504,1402,1068,2470,285,281,566
7803,"ASSAULT W/DANGEROUS WEAPON","38.8990544717","-76.9408957346",271,233,504,1402,1068,2470,285,281,566
7803,"ROBBERY","38.8922605372","-76.9377660341",271,233,504,1402,1068,2470,285,281,566
7803,"ASSAULT W/DANGEROUS WEAPON","38.8921178855","-76.9406133082",271,233,504,1402,1068,2470,285,281,566
7803,"ROBBERY","38.8897737195","-76.9368230268",271,233,504,1402,1068,2470,285,281,566
7803,"THEFT/OTHER","38.89837165","-76.9445967665",271,233,504,1402,1068,2470,285,281,566
7803,"THEFT/OTHER","38.8975140423","-76.9408970109",271,233,504,1402,1068,2470,285,281,566
7803,"THEFT F/AUTO","38.89837165","-76.9445967665",271,233,504,1402,1068,2470,285,281,566
7803,"ROBBERY","38.8954588858","-76.9384779466",271,233,504,1402,1068,2470,285,281,566
7803,"THEFT F/AUTO","38.8964223959","-76.9377508758",271,233,504,1402,1068,2470,285,281,566
7803,"ASSAULT W/DANGEROUS WEAPON","38.9005138255","-76.9408945255",271,233,504,1402,1068,2470,285,281,566
7803,"MOTOR VEHICLE THEFT","38.8967753625","-76.9409091506",271,233,504,1402,1068,2470,285,281,566
7803,"ROBBERY","38.89576642","-76.9408984588",271,233,504,1402,1068,2470,285,281,566
7803,"ROBBERY","38.9012537774","-76.9434532166",271,233,504,1402,1068,2470,285,281,566
7803,"THEFT F/AUTO","38.8967753625","-76.9409091506",271,233,504,1402,1068,2470,285,281,566
7803,"THEFT F/AUTO","38.8910433722","-76.9358536557",271,233,504,1402,1068,2470,285,281,566
7803,"ROBBERY","38.8966524619","-76.94765293",271,233,504,1402,1068,2470,285,281,566
7803,"THEFT F/AUTO","38.8963798394","-76.9426040369",271,233,504,1402,1068,2470,285,281,566
7803,"BURGLARY","38.8966524619","-76.94765293",271,233,504,1402,1068,2470,285,281,566
7803,"THEFT/OTHER","38.9012525106","-76.9408939134",271,233,504,1402,1068,2470,285,281,566
7803,"MOTOR VEHICLE THEFT","38.8936494601","-76.9409117397",271,233,504,1402,1068,2470,285,281,566
7803,"MOTOR VEHICLE THEFT","38.8966524619","-76.94765293",271,233,504,1402,1068,2470,285,281,566
7803,"THEFT F/AUTO","38.8997316042","-76.9439501338",271,233,504,1402,1068,2470,285,281,566
7803,"ROBBERY","38.8912155664","-76.9377669457",271,233,504,1402,1068,2470,285,281,566
7803,"MOTOR VEHICLE THEFT","38.89837165","-76.9445967665",271,233,504,1402,1068,2470,285,281,566
7803,"ASSAULT W/DANGEROUS WEAPON","38.8966524619","-76.94765293",271,233,504,1402,1068,2470,285,281,566
7803,"THEFT F/AUTO","38.8966524619","-76.94765293",271,233,504,1402,1068,2470,285,281,566
7803,"MOTOR VEHICLE THEFT","38.8902413603","-76.9353702588",271,233,504,1402,1068,2470,285,281,566
7803,"ROBBERY","38.8987688727","-76.9464294094",271,233,504,1402,1068,2470,285,281,566
7803,"MOTOR VEHICLE THEFT","38.8966524619","-76.94765293",271,233,504,1402,1068,2470,285,281,566
7803,"THEFT/OTHER","38.8918915787","-76.9384925497",271,233,504,1402,1068,2470,285,281,566
7803,"THEFT F/AUTO","38.892604935","-76.9418001838",271,233,504,1402,1068,2470,285,281,566
7803,"THEFT F/AUTO","38.8966524619","-76.94765293",271,233,504,1402,1068,2470,285,281,566
7803,"ROBBERY","38.8930614992","-76.936312924",271,233,504,1402,1068,2470,285,281,566
7803,"THEFT F/AUTO","38.9005150923","-76.9434538022",271,233,504,1402,1068,2470,285,281,566
7803,"THEFT F/AUTO","38.892604935","-76.9418001838",271,233,504,1402,1068,2470,285,281,566
7803,"THEFT F/AUTO","38.8926764512","-76.9407050594",271,233,504,1402,1068,2470,285,281,566
7803,"MOTOR VEHICLE THEFT","38.8966524619","-76.94765293",271,233,504,1402,1068,2470,285,281,566
7803,"ASSAULT W/DANGEROUS WEAPON","38.8966524619","-76.94765293",271,233,504,1402,1068,2470,285,281,566
7803,"MOTOR VEHICLE THEFT","38.8971340626","-76.9377617825",271,233,504,1402,1068,2470,285,281,566
7803,"THEFT F/AUTO","38.8967741068","-76.9384768124",271,233,504,1402,1068,2470,285,281,566
7803,"THEFT F/AUTO","38.9012537774","-76.9434532166",271,233,504,1402,1068,2470,285,281,566
7803,"ROBBERY","38.89576642","-76.9408984588",271,233,504,1402,1068,2470,285,281,566
7803,"THEFT F/AUTO","38.8936494601","-76.9409117397",271,233,504,1402,1068,2470,285,281,566
7803,"HOMICIDE","38.8938546291","-76.9370384298",271,233,504,1402,1068,2470,285,281,566
7803,"THEFT F/AUTO","38.8948602173","-76.9485994889",271,233,504,1402,1068,2470,285,281,566
7803,"THEFT F/AUTO","38.891007854","-76.9367988805",271,233,504,1402,1068,2470,285,281,566
7803,"BURGLARY","38.89576642","-76.9408984588",271,233,504,1402,1068,2470,285,281,566
7803,"ROBBERY","38.895636374","-76.9519764841",271,233,504,1402,1068,2470,285,281,566
7803,"BURGLARY","38.8966524619","-76.94765293",271,233,504,1402,1068,2470,285,281,566
7803,"THEFT F/AUTO","38.89837165","-76.9445967665",271,233,504,1402,1068,2470,285,281,566
7803,"MOTOR VEHICLE THEFT","38.8966524619","-76.94765293",271,233,504,1402,1068,2470,285,281,566
7803,"THEFT/OTHER","38.89837165","-76.9445967665",271,233,504,1402,1068,2470,285,281,566
7803,"THEFT F/AUTO","38.892604935","-76.9418001838",271,233,504,1402,1068,2470,285,281,566
7803,"THEFT F/AUTO","38.8938546291","-76.9370384298",271,233,504,1402,1068,2470,285,281,566
7803,"BURGLARY","38.892604935","-76.9418001838",271,233,504,1402,1068,2470,285,281,566
7803,"THEFT/OTHER","38.8944487939","-76.9363232129",271,233,504,1402,1068,2470,285,281,566
7803,"SEX ABUSE","38.8966524619","-76.94765293",271,233,504,1402,1068,2470,285,281,566
7803,"ROBBERY","38.8966524619","-76.94765293",271,233,504,1402,1068,2470,285,281,566
7803,"ROBBERY","38.8966524619","-76.94765293",271,233,504,1402,1068,2470,285,281,566
7803,"THEFT F/AUTO","38.8983698364","-76.9408963018",271,233,504,1402,1068,2470,285,281,566
7803,"MOTOR VEHICLE THEFT","38.8936494601","-76.9409117397",271,233,504,1402,1068,2470,285,281,566
7803,"MOTOR VEHICLE THEFT","38.8966524619","-76.94765293",271,233,504,1402,1068,2470,285,281,566
7803,"THEFT/OTHER","38.8983698364","-76.9408963018",271,233,504,1402,1068,2470,285,281,566
7803,"MOTOR VEHICLE THEFT","38.8923760752","-76.9348841924",271,233,504,1402,1068,2470,285,281,566
7803,"BURGLARY","38.8951874798","-76.9363225535",271,233,504,1402,1068,2470,285,281,566
7803,"THEFT/OTHER","38.8987688727","-76.9464294094",271,233,504,1402,1068,2470,285,281,566
7803,"MOTOR VEHICLE THEFT","38.8943431043","-76.9409111652",271,233,504,1402,1068,2470,285,281,566
7803,"MOTOR VEHICLE THEFT","38.8966524619","-76.94765293",271,233,504,1402,1068,2470,285,281,566
7803,"THEFT/OTHER","38.9012525106","-76.9408939134",271,233,504,1402,1068,2470,285,281,566
7803,"ROBBERY","38.8943431043","-76.9409111652",271,233,504,1402,1068,2470,285,281,566
7803,"THEFT/OTHER","38.8967753625","-76.9409091506",271,233,504,1402,1068,2470,285,281,566
7803,"THEFT/OTHER","38.8966524619","-76.94765293",271,233,504,1402,1068,2470,285,281,566
7803,"MOTOR VEHICLE THEFT","38.8911169135","-76.9385969585",271,233,504,1402,1068,2470,285,281,566
7803,"THEFT/OTHER","38.8912155664","-76.9377669457",271,233,504,1402,1068,2470,285,281,566
7803,"BURGLARY","38.8983698364","-76.9408963018",271,233,504,1402,1068,2470,285,281,566
7803,"MOTOR VEHICLE THEFT","38.8911169135","-76.9385969585",271,233,504,1402,1068,2470,285,281,566
7803,"ASSAULT W/DANGEROUS WEAPON","38.8961619184","-76.9392035776",271,233,504,1402,1068,2470,285,281,566
7803,"SEX ABUSE","38.8975127924","-76.9384761753",271,233,504,1402,1068,2470,285,281,566
7803,"THEFT F/AUTO","38.8983592732","-76.9378990487",271,233,504,1402,1068,2470,285,281,566
7803,"BURGLARY","38.8966524619","-76.94765293",271,233,504,1402,1068,2470,285,281,566
7803,"MOTOR VEHICLE THEFT","38.8918915787","-76.9384925497",271,233,504,1402,1068,2470,285,281,566
7803,"ROBBERY","38.89837165","-76.9445967665",271,233,504,1402,1068,2470,285,281,566
7803,"ROBBERY","38.8912155664","-76.9377669457",271,233,504,1402,1068,2470,285,281,566
7803,"THEFT F/AUTO","38.9012537774","-76.9434532166",271,233,504,1402,1068,2470,285,281,566
7803,"MOTOR VEHICLE THEFT","38.9005150923","-76.9434538022",271,233,504,1402,1068,2470,285,281,566
7803,"THEFT/OTHER","38.8967753625","-76.9409091506",271,233,504,1402,1068,2470,285,281,566
7803,"THEFT F/AUTO","38.8918915787","-76.9384925497",271,233,504,1402,1068,2470,285,281,566
7803,"THEFT F/AUTO","38.8918915787","-76.9384925497",271,233,504,1402,1068,2470,285,281,566
7803,"ROBBERY","38.8990544717","-76.9408957346",271,233,504,1402,1068,2470,285,281,566
7803,"ASSAULT W/DANGEROUS WEAPON","38.8966524619","-76.94765293",271,233,504,1402,1068,2470,285,281,566
7803,"THEFT F/AUTO","38.8966524619","-76.94765293",271,233,504,1402,1068,2470,285,281,566
7803,"ROBBERY","38.9001734144","-76.9447913469",271,233,504,1402,1068,2470,285,281,566
7803,"BURGLARY","38.89576642","-76.9408984588",271,233,504,1402,1068,2470,285,281,566
7803,"ROBBERY","38.9012525106","-76.9408939134",271,233,504,1402,1068,2470,285,281,566
7803,"ASSAULT W/DANGEROUS WEAPON","38.9012525106","-76.9408939134",271,233,504,1402,1068,2470,285,281,566
7803,"THEFT/OTHER","38.8966524619","-76.94765293",271,233,504,1402,1068,2470,285,281,566
7803,"MOTOR VEHICLE THEFT","38.8923760752","-76.9348841924",271,233,504,1402,1068,2470,285,281,566
7803,"THEFT F/AUTO","38.8951874798","-76.9363225535",271,233,504,1402,1068,2470,285,281,566
7803,"ASSAULT W/DANGEROUS WEAPON","38.9001436073","-76.9391886559",271,233,504,1402,1068,2470,285,281,566
7803,"MOTOR VEHICLE THEFT","38.8910433722","-76.9358536557",271,233,504,1402,1068,2470,285,281,566
7803,"ASSAULT W/DANGEROUS WEAPON","38.8987688727","-76.9464294094",271,233,504,1402,1068,2470,285,281,566
7803,"ROBBERY","38.9005138255","-76.9408945255",271,233,504,1402,1068,2470,285,281,566
7803,"THEFT F/AUTO","38.8943431043","-76.9409111652",271,233,504,1402,1068,2470,285,281,566
7803,"MOTOR VEHICLE THEFT","38.89837165","-76.9445967665",271,233,504,1402,1068,2470,285,281,566
7803,"THEFT/OTHER","38.892604935","-76.9418001838",271,233,504,1402,1068,2470,285,281,566
7803,"THEFT F/AUTO","38.8910433722","-76.9358536557",271,233,504,1402,1068,2470,285,281,566
7803,"THEFT/OTHER","38.8936607581","-76.9456263431",271,233,504,1402,1068,2470,285,281,566
7803,"ASSAULT W/DANGEROUS WEAPON","38.8966524619","-76.94765293",271,233,504,1402,1068,2470,285,281,566
7803,"MOTOR VEHICLE THEFT","38.8938546291","-76.9370384298",271,233,504,1402,1068,2470,285,281,566
7803,"THEFT/OTHER","38.8966524619","-76.94765293",271,233,504,1402,1068,2470,285,281,566
7803,"SEX ABUSE","38.8936494601","-76.9409117397",271,233,504,1402,1068,2470,285,281,566
7803,"THEFT F/AUTO","38.8926764512","-76.9407050594",271,233,504,1402,1068,2470,285,281,566
7803,"ASSAULT W/DANGEROUS WEAPON","38.8967753625","-76.9409091506",271,233,504,1402,1068,2470,285,281,566
7803,"THEFT/OTHER","38.9005150923","-76.9434538022",271,233,504,1402,1068,2470,285,281,566
7803,"THEFT F/AUTO","38.8990561812","-76.9443772021",271,233,504,1402,1068,2470,285,281,566
7803,"THEFT F/AUTO","38.9005150923","-76.9434538022",271,233,504,1402,1068,2470,285,281,566
7803,"ROBBERY","38.89576642","-76.9408984588",271,233,504,1402,1068,2470,285,281,566
7803,"MOTOR VEHICLE THEFT","38.9005150923","-76.9434538022",271,233,504,1402,1068,2470,285,281,566
7803,"THEFT F/AUTO","38.9012525106","-76.9408939134",271,233,504,1402,1068,2470,285,281,566
7803,"BURGLARY","38.8966524619","-76.94765293",271,233,504,1402,1068,2470,285,281,566
7803,"THEFT/OTHER","38.8975140423","-76.9408970109",271,233,504,1402,1068,2470,285,281,566
7803,"ROBBERY","38.8975127924","-76.9384761753",271,233,504,1402,1068,2470,285,281,566
7803,"THEFT F/AUTO","38.8936607581","-76.9456263431",271,233,504,1402,1068,2470,285,281,566
7803,"BURGLARY","38.8897737195","-76.9368230268",271,233,504,1402,1068,2470,285,281,566
7803,"HOMICIDE","38.89837165","-76.9445967665",271,233,504,1402,1068,2470,285,281,566
7803,"THEFT/OTHER","38.8997316042","-76.9439501338",271,233,504,1402,1068,2470,285,281,566
7803,"THEFT F/AUTO","38.8997306532","-76.9420018769",271,233,504,1402,1068,2470,285,281,566
7803,"THEFT/OTHER","38.8926764512","-76.9407050594",271,233,504,1402,1068,2470,285,281,566
7803,"THEFT/OTHER","38.9005150923","-76.9434538022",271,233,504,1402,1068,2470,285,281,566
7803,"ASSAULT W/DANGEROUS WEAPON","38.8987688727","-76.9464294094",271,233,504,1402,1068,2470,285,281,566
7803,"THEFT/OTHER","38.8967753625","-76.9409091506",271,233,504,1402,1068,2470,285,281,566
7803,"MOTOR VEHICLE THEFT","38.8911169135","-76.9385969585",271,233,504,1402,1068,2470,285,281,566
7803,"ROBBERY","38.8967731896","-76.9367591897",271,233,504,1402,1068,2470,285,281,566
7803,"THEFT/OTHER","38.892604935","-76.9418001838",271,233,504,1402,1068,2470,285,281,566
7803,"THEFT/OTHER","38.8950367484","-76.9409105906",271,233,504,1402,1068,2470,285,281,566
7803,"MOTOR VEHICLE THEFT","38.8975140423","-76.9408970109",271,233,504,1402,1068,2470,285,281,566
7803,"THEFT F/AUTO","38.8975127924","-76.9384761753",271,233,504,1402,1068,2470,285,281,566
7803,"MOTOR VEHICLE THEFT","38.9012525106","-76.9408939134",271,233,504,1402,1068,2470,285,281,566
7803,"THEFT/OTHER","38.8990561812","-76.9443772021",271,233,504,1402,1068,2470,285,281,566
7803,"THEFT F/AUTO","38.892604935","-76.9418001838",271,233,504,1402,1068,2470,285,281,566
7803,"ASSAULT W/DANGEROUS WEAPON","38.8948602173","-76.9485994889",271,233,504,1402,1068,2470,285,281,566
7803,"THEFT F/AUTO","38.8929348565","-76.9353562916",271,233,504,1402,1068,2470,285,281,566
7803,"ROBBERY","38.8957197498","-76.9377630164",271,233,504,1402,1068,2470,285,281,566
7803,"ASSAULT W/DANGEROUS WEAPON","38.9012525106","-76.9408939134",271,233,504,1402,1068,2470,285,281,566
7803,"MOTOR VEHICLE THEFT","38.8997316042","-76.9439501338",271,233,504,1402,1068,2470,285,281,566
7803,"ROBBERY","38.9001734144","-76.9447913469",271,233,504,1402,1068,2470,285,281,566
7803,"THEFT/OTHER","38.9005138255","-76.9408945255",271,233,504,1402,1068,2470,285,281,566
7803,"THEFT F/AUTO","38.8990544717","-76.9408957346",271,233,504,1402,1068,2470,285,281,566
7803,"THEFT/OTHER","38.8966524619","-76.94765293",271,233,504,1402,1068,2470,285,281,566
7803,"ASSAULT W/DANGEROUS WEAPON","38.8950367484","-76.9409105906",271,233,504,1402,1068,2470,285,281,566
7803,"THEFT/OTHER","38.8966524619","-76.94765293",271,233,504,1402,1068,2470,285,281,566
7803,"ASSAULT W/DANGEROUS WEAPON","38.8944487939","-76.9363232129",271,233,504,1402,1068,2470,285,281,566
7803,"THEFT/OTHER","38.8938546291","-76.9370384298",271,233,504,1402,1068,2470,285,281,566
7803,"THEFT F/AUTO","38.8911169135","-76.9385969585",271,233,504,1402,1068,2470,285,281,566
7803,"MOTOR VEHICLE THEFT","38.9005138255","-76.9408945255",271,233,504,1402,1068,2470,285,281,566
7803,"THEFT F/AUTO","38.89837165","-76.9445967665",271,233,504,1402,1068,2470,285,281,566
7803,"MOTOR VEHICLE THEFT","38.89837165","-76.9445967665",271,233,504,1402,1068,2470,285,281,566
7803,"MOTOR VEHICLE THEFT","38.8966524619","-76.94765293",271,233,504,1402,1068,2470,285,281,566
7803,"THEFT F/AUTO","38.8950367484","-76.9409105906",271,233,504,1402,1068,2470,285,281,566
7803,"THEFT F/AUTO","38.8997306532","-76.9420018769",271,233,504,1402,1068,2470,285,281,566
7803,"MOTOR VEHICLE THEFT","38.8897737195","-76.9368230268",271,233,504,1402,1068,2470,285,281,566
7803,"ASSAULT W/DANGEROUS WEAPON","38.890107253","-76.937237689",271,233,504,1402,1068,2470,285,281,566
7803,"THEFT F/AUTO","38.89837165","-76.9445967665",271,233,504,1402,1068,2470,285,281,566
7803,"THEFT/OTHER","38.8961619184","-76.9392035776",271,233,504,1402,1068,2470,285,281,566
7803,"THEFT F/AUTO","38.8922703044","-76.9392068939",271,233,504,1402,1068,2470,285,281,566
7803,"ASSAULT W/DANGEROUS WEAPON","38.8936494601","-76.9409117397",271,233,504,1402,1068,2470,285,281,566
7803,"MOTOR VEHICLE THEFT","38.8966524619","-76.94765293",271,233,504,1402,1068,2470,285,281,566
7803,"ROBBERY","38.8967753625","-76.9409091506",271,233,504,1402,1068,2470,285,281,566
7803,"THEFT F/AUTO","38.9012525106","-76.9408939134",271,233,504,1402,1068,2470,285,281,566
7803,"THEFT/OTHER","38.9005150923","-76.9434538022",271,233,504,1402,1068,2470,285,281,566
7803,"THEFT F/AUTO","38.8967741068","-76.9384768124",271,233,504,1402,1068,2470,285,281,566
7803,"MOTOR VEHICLE THEFT","38.8975140423","-76.9408970109",271,233,504,1402,1068,2470,285,281,566
7803,"THEFT F/AUTO","38.8946281668","-76.9348821368",271,233,504,1402,1068,2470,285,281,566
7803,"THEFT F/AUTO","38.8944487939","-76.9363232129",271,233,504,1402,1068,2470,285,281,566
7803,"THEFT/OTHER","38.8951874798","-76.9363225535",271,233,504,1402,1068,2470,285,281,566
7803,"THEFT F/AUTO","38.890107253","-76.937237689",271,233,504,1402,1068,2470,285,281,566
7803,"ASSAULT W/DANGEROUS WEAPON","38.8926764512","-76.9407050594",271,233,504,1402,1068,2470,285,281,566
7803,"THEFT F/AUTO","38.8918819268","-76.9372822353",271,233,504,1402,1068,2470,285,281,566
7803,"THEFT F/AUTO","38.892604935","-76.9418001838",271,233,504,1402,1068,2470,285,281,566
7803,"MOTOR VEHICLE THEFT","38.8917570961","-76.9397260401",271,233,504,1402,1068,2470,285,281,566
7803,"THEFT F/AUTO","38.8966524619","-76.94765293",271,233,504,1402,1068,2470,285,281,566
7803,"THEFT F/AUTO","38.8944487939","-76.9363232129",271,233,504,1402,1068,2470,285,281,566
7803,"THEFT/OTHER","38.892604935","-76.9418001838",271,233,504,1402,1068,2470,285,281,566
7803,"THEFT/OTHER","38.8966524619","-76.94765293",271,233,504,1402,1068,2470,285,281,566
7803,"THEFT/OTHER","38.9012525106","-76.9408939134",271,233,504,1402,1068,2470,285,281,566
7803,"ROBBERY","38.8987688727","-76.9464294094",271,233,504,1402,1068,2470,285,281,566
7803,"THEFT F/AUTO","38.8918915787","-76.9384925497",271,233,504,1402,1068,2470,285,281,566
7803,"BURGLARY","38.8966524619","-76.94765293",271,233,504,1402,1068,2470,285,281,566
7803,"MOTOR VEHICLE THEFT","38.8990544717","-76.9408957346",271,233,504,1402,1068,2470,285,281,566
7803,"THEFT F/AUTO","38.8938546291","-76.9370384298",271,233,504,1402,1068,2470,285,281,566
7803,"THEFT F/AUTO","38.8918915787","-76.9384925497",271,233,504,1402,1068,2470,285,281,566
7803,"ROBBERY","38.8975121053","-76.937185063",271,233,504,1402,1068,2470,285,281,566
7803,"ASSAULT W/DANGEROUS WEAPON","38.8979365595","-76.9391905373",271,233,504,1402,1068,2470,285,281,566
7803,"THEFT F/AUTO","38.89837165","-76.9445967665",271,233,504,1402,1068,2470,285,281,566
7803,"THEFT F/AUTO","38.8943431043","-76.9409111652",271,233,504,1402,1068,2470,285,281,566
7803,"THEFT F/AUTO","38.8931791257","-76.9372695678",271,233,504,1402,1068,2470,285,281,566
7803,"THEFT/OTHER","38.8990561812","-76.9443772021",271,233,504,1402,1068,2470,285,281,566
7803,"ASSAULT W/DANGEROUS WEAPON","38.8990561812","-76.9443772021",271,233,504,1402,1068,2470,285,281,566
7803,"BURGLARY","38.8966524619","-76.94765293",271,233,504,1402,1068,2470,285,281,566
7803,"THEFT/OTHER","38.8966524619","-76.94765293",271,233,504,1402,1068,2470,285,281,566
7803,"THEFT F/AUTO","38.8966524619","-76.94765293",271,233,504,1402,1068,2470,285,281,566
7803,"MOTOR VEHICLE THEFT","38.8966524619","-76.94765293",271,233,504,1402,1068,2470,285,281,566
7803,"BURGLARY","38.8997316042","-76.9439501338",271,233,504,1402,1068,2470,285,281,566
7803,"THEFT F/AUTO","38.89837165","-76.9445967665",271,233,504,1402,1068,2470,285,281,566
7803,"ASSAULT W/DANGEROUS WEAPON","38.8911169135","-76.9385969585",271,233,504,1402,1068,2470,285,281,566
7803,"THEFT F/AUTO","38.8943431043","-76.9409111652",271,233,504,1402,1068,2470,285,281,566
7803,"MOTOR VEHICLE THEFT","38.8936607581","-76.9456263431",271,233,504,1402,1068,2470,285,281,566
7803,"MOTOR VEHICLE THEFT","38.8951874798","-76.9363225535",271,233,504,1402,1068,2470,285,281,566
7803,"MOTOR VEHICLE THEFT","38.8958991342","-76.9363103908",271,233,504,1402,1068,2470,285,281,566
7803,"THEFT F/AUTO","38.8966524619","-76.94765293",271,233,504,1402,1068,2470,285,281,566
7803,"ASSAULT W/DANGEROUS WEAPON","38.9005150923","-76.9434538022",271,233,504,1402,1068,2470,285,281,566
7803,"MOTOR VEHICLE THEFT","38.9012525106","-76.9408939134",271,233,504,1402,1068,2470,285,281,566
7803,"THEFT/OTHER","38.9005150923","-76.9434538022",271,233,504,1402,1068,2470,285,281,566
7803,"THEFT F/AUTO","38.8966524619","-76.94765293",271,233,504,1402,1068,2470,285,281,566
7803,"MOTOR VEHICLE THEFT","38.8918915787","-76.9384925497",271,233,504,1402,1068,2470,285,281,566
7803,"THEFT F/AUTO","38.8990544717","-76.9408957346",271,233,504,1402,1068,2470,285,281,566
7803,"ASSAULT W/DANGEROUS WEAPON","38.8897737195","-76.9368230268",271,233,504,1402,1068,2470,285,281,566
7803,"THEFT/OTHER","38.8966524619","-76.94765293",271,233,504,1402,1068,2470,285,281,566
7803,"ROBBERY","38.890107253","-76.937237689",271,233,504,1402,1068,2470,285,281,566
7803,"THEFT F/AUTO","38.8966524619","-76.94765293",271,233,504,1402,1068,2470,285,281,566
7803,"THEFT F/AUTO","38.8983698364","-76.9408963018",271,233,504,1402,1068,2470,285,281,566
7803,"THEFT F/AUTO","38.8912155664","-76.9377669457",271,233,504,1402,1068,2470,285,281,566
7803,"ROBBERY","38.8929348565","-76.9353562916",271,233,504,1402,1068,2470,285,281,566
7803,"MOTOR VEHICLE THEFT","38.8910433722","-76.9358536557",271,233,504,1402,1068,2470,285,281,566
7803,"ASSAULT W/DANGEROUS WEAPON","38.8971340626","-76.9377617825",271,233,504,1402,1068,2470,285,281,566
7803,"MOTOR VEHICLE THEFT","38.8933980763","-76.9426179629",271,233,504,1402,1068,2470,285,281,566
7803,"THEFT/OTHER","38.8942178377","-76.9426173035",271,233,504,1402,1068,2470,285,281,566
7803,"MOTOR VEHICLE THEFT","38.89837165","-76.9445967665",271,233,504,1402,1068,2470,285,281,566
7803,"THEFT F/AUTO","38.89576642","-76.9408984588",271,233,504,1402,1068,2470,285,281,566
7803,"THEFT/OTHER","38.8918915787","-76.9384925497",271,233,504,1402,1068,2470,285,281,566
7803,"ROBBERY","38.9005150923","-76.9434538022",271,233,504,1402,1068,2470,285,281,566
7803,"MOTOR VEHICLE THEFT","38.8911169135","-76.9385969585",271,233,504,1402,1068,2470,285,281,566
7803,"ASSAULT W/DANGEROUS WEAPON","38.9012525106","-76.9408939134",271,233,504,1402,1068,2470,285,281,566
7803,"ROBBERY","38.8925032433","-76.9367975557",271,233,504,1402,1068,2470,285,281,566
7803,"THEFT F/AUTO","38.8901788271","-76.9363270239",271,233,504,1402,1068,2470,285,281,566
7803,"THEFT/OTHER","38.8966524619","-76.94765293",271,233,504,1402,1068,2470,285,281,566
7803,"MOTOR VEHICLE THEFT","38.8975140423","-76.9408970109",271,233,504,1402,1068,2470,285,281,566
7803,"MOTOR VEHICLE THEFT","38.9005150923","-76.9434538022",271,233,504,1402,1068,2470,285,281,566
7803,"ROBBERY","38.8975140423","-76.9408970109",271,233,504,1402,1068,2470,285,281,566
7804,"THEFT/OTHER","38.8985176509","-76.9311665844",123,253,376,1305,742,2047,298,355,653
7804,"THEFT/OTHER","38.8911233615","-76.9339055611",123,253,376,1305,742,2047,298,355,653
7804,"THEFT F/AUTO","38.8953668527","-76.9348814625",123,253,376,1305,742,2047,298,355,653
7804,"ASSAULT W/DANGEROUS WEAPON","38.8958040384","-76.9276994197",123,253,376,1305,742,2047,298,355,653
7804,"MOTOR VEHICLE THEFT","38.8996559767","-76.9369641406",123,253,376,1305,742,2047,298,355,653
7804,"ASSAULT W/DANGEROUS WEAPON","38.8963087698","-76.9281254294",123,253,376,1305,742,2047,298,355,653
7804,"THEFT/OTHER","38.8987888082","-76.9327226028",123,253,376,1305,742,2047,298,355,653
7804,"BURGLARY","38.8987888082","-76.9327226028",123,253,376,1305,742,2047,298,355,653
7804,"THEFT/OTHER","38.8987888082","-76.9327226028",123,253,376,1305,742,2047,298,355,653
7804,"ASSAULT W/DANGEROUS WEAPON","38.8945798398","-76.929233794",123,253,376,1305,742,2047,298,355,653
7804,"MOTOR VEHICLE THEFT","38.8928957476","-76.9300193038",123,253,376,1305,742,2047,298,355,653
7804,"THEFT/OTHER","38.8987888082","-76.9327226028",123,253,376,1305,742,2047,298,355,653
7804,"THEFT F/AUTO","38.8897538929","-76.9335610335",123,253,376,1305,742,2047,298,355,653
7804,"THEFT/OTHER","38.8987888082","-76.9327226028",123,253,376,1305,742,2047,298,355,653
7804,"ROBBERY","38.8987888082","-76.9327226028",123,253,376,1305,742,2047,298,355,653
7804,"THEFT F/AUTO","38.89107887","-76.9348853764",123,253,376,1305,742,2047,298,355,653
7804,"THEFT F/AUTO","38.8958040384","-76.9276994197",123,253,376,1305,742,2047,298,355,653
7804,"MOTOR VEHICLE THEFT","38.8945787938","-76.9275277517",123,253,376,1305,742,2047,298,355,653
7804,"THEFT/OTHER","38.8907801593","-76.9323613004",123,253,376,1305,742,2047,298,355,653
7804,"SEX ABUSE","38.8928951845","-76.9290856135",123,253,376,1305,742,2047,298,355,653
7804,"THEFT/OTHER","38.8990764668","-76.9316732793",123,253,376,1305,742,2047,298,355,653
7804,"MOTOR VEHICLE THEFT","38.8987888082","-76.9327226028",123,253,376,1305,742,2047,298,355,653
7804,"BURGLARY","38.8945798398","-76.929233794",123,253,376,1305,742,2047,298,355,653
7804,"ROBBERY","38.898821696","-76.9274658012",123,253,376,1305,742,2047,298,355,653
7804,"THEFT/OTHER","38.8987888082","-76.9327226028",123,253,376,1305,742,2047,298,355,653
7804,"ROBBERY","38.8945798398","-76.929233794",123,253,376,1305,742,2047,298,355,653
7804,"ASSAULT W/DANGEROUS WEAPON","38.89107887","-76.9348853764",123,253,376,1305,742,2047,298,355,653
7804,"ASSAULT W/DANGEROUS WEAPON","38.8990529168","-76.9378984449",123,253,376,1305,742,2047,298,355,653
7804,"ROBBERY","38.8940741175","-76.9271939744",123,253,376,1305,742,2047,298,355,653
7804,"MOTOR VEHICLE THEFT","38.8906003109","-76.9329147514",123,253,376,1305,742,2047,298,355,653
7804,"THEFT F/AUTO","38.8987888082","-76.9327226028",123,253,376,1305,742,2047,298,355,653
7804,"THEFT F/AUTO","38.8958040384","-76.9276994197",123,253,376,1305,742,2047,298,355,653
7804,"THEFT F/AUTO","38.8996559767","-76.9369641406",123,253,376,1305,742,2047,298,355,653
7804,"ROBBERY","38.8987888082","-76.9327226028",123,253,376,1305,742,2047,298,355,653
7804,"THEFT F/AUTO","38.8987888082","-76.9327226028",123,253,376,1305,742,2047,298,355,653
7804,"ROBBERY","38.8928957476","-76.9300193038",123,253,376,1305,742,2047,298,355,653
7804,"THEFT F/AUTO","38.8973113443","-76.9325626075",123,253,376,1305,742,2047,298,355,653
7804,"MOTOR VEHICLE THEFT","38.8929785204","-76.9329125151",123,253,376,1305,742,2047,298,355,653
7804,"BURGLARY","38.8997395644","-76.9258970388",123,253,376,1305,742,2047,298,355,653
7804,"THEFT F/AUTO","38.8990516239","-76.9355121413",123,253,376,1305,742,2047,298,355,653
7804,"ARSON","38.8970310058","-76.9307184379",123,253,376,1305,742,2047,298,355,653
7804,"THEFT/OTHER","38.8922488426","-76.9329132012",123,253,376,1305,742,2047,298,355,653
7804,"THEFT/OTHER","38.8987888082","-76.9327226028",123,253,376,1305,742,2047,298,355,653
7804,"MOTOR VEHICLE THEFT","38.9001791631","-76.9382778958",123,253,376,1305,742,2047,298,355,653
7804,"THEFT/OTHER","38.8997395644","-76.9258970388",123,253,376,1305,742,2047,298,355,653
7804,"THEFT F/AUTO","38.8968888133","-76.9340731348",123,253,376,1305,742,2047,298,355,653
7804,"ROBBERY","38.8990529168","-76.9378984449",123,253,376,1305,742,2047,298,355,653
7804,"SEX ABUSE","38.8904648863","-76.9323961792",123,253,376,1305,742,2047,298,355,653
7804,"THEFT F/AUTO","38.8987888082","-76.9327226028",123,253,376,1305,742,2047,298,355,653
7804,"THEFT F/AUTO","38.8897538929","-76.9335610335",123,253,376,1305,742,2047,298,355,653
7804,"BURGLARY","38.8997395644","-76.9258970388",123,253,376,1305,742,2047,298,355,653
7804,"ROBBERY","38.8966341496","-76.92990036",123,253,376,1305,742,2047,298,355,653
7804,"THEFT/OTHER","38.8997197308","-76.9382667652",123,253,376,1305,742,2047,298,355,653
7804,"THEFT/OTHER","38.8990238075","-76.9340942177",123,253,376,1305,742,2047,298,355,653
7804,"MOTOR VEHICLE THEFT","38.8932545426","-76.9274945156",123,253,376,1305,742,2047,298,355,653
7804,"HOMICIDE","38.898821696","-76.9274658012",123,253,376,1305,742,2047,298,355,653
7804,"ROBBERY","38.8997197308","-76.9382667652",123,253,376,1305,742,2047,298,355,653
7804,"THEFT F/AUTO","38.896203389","-76.9326904583",123,253,376,1305,742,2047,298,355,653
7804,"THEFT/OTHER","38.8983639411","-76.9302099144",123,253,376,1305,742,2047,298,355,653
7804,"ROBBERY","38.8945798398","-76.929233794",123,253,376,1305,742,2047,298,355,653
7804,"THEFT/OTHER","38.8987888082","-76.9327226028",123,253,376,1305,742,2047,298,355,653
7804,"THEFT/OTHER","38.8987888082","-76.9327226028",123,253,376,1305,742,2047,298,355,653
7804,"THEFT F/AUTO","38.8899145329","-76.9309558799",123,253,376,1305,742,2047,298,355,653
7804,"THEFT/OTHER","38.8966341496","-76.92990036",123,253,376,1305,742,2047,298,355,653
7804,"MOTOR VEHICLE THEFT","38.8997197308","-76.9382667652",123,253,376,1305,742,2047,298,355,653
7804,"MOTOR VEHICLE THEFT","38.896274474","-76.9310073625",123,253,376,1305,742,2047,298,355,653
7804,"THEFT F/AUTO","38.8903920922","-76.9311513707",123,253,376,1305,742,2047,298,355,653
7804,"ASSAULT W/DANGEROUS WEAPON","38.8945798398","-76.929233794",123,253,376,1305,742,2047,298,355,653
7804,"THEFT/OTHER","38.8987888082","-76.9327226028",123,253,376,1305,742,2047,298,355,653
7804,"THEFT F/AUTO","38.8955511575","-76.926662203",123,253,376,1305,742,2047,298,355,653
7804,"ASSAULT W/DANGEROUS WEAPON","38.8997395644","-76.9258970388",123,253,376,1305,742,2047,298,355,653
7804,"MOTOR VEHICLE THEFT","38.8976616593","-76.9308331036",123,253,376,1305,742,2047,298,355,653
7804,"THEFT/OTHER","38.8987888082","-76.9327226028",123,253,376,1305,742,2047,298,355,653
7804,"THEFT F/AUTO","38.8973764048","-76.9361246275",123,253,376,1305,742,2047,298,355,653
7804,"ROBBERY","38.8932545426","-76.9274945156",123,253,376,1305,742,2047,298,355,653
7804,"ROBBERY","38.8934475141","-76.9338918807",123,253,376,1305,742,2047,298,355,653
7804,"THEFT F/AUTO","38.896274474","-76.9310073625",123,253,376,1305,742,2047,298,355,653
7804,"THEFT F/AUTO","38.8897538929","-76.9335610335",123,253,376,1305,742,2047,298,355,653
7804,"THEFT/OTHER","38.8987888082","-76.9327226028",123,253,376,1305,742,2047,298,355,653
7804,"THEFT/OTHER","38.8987888082","-76.9327226028",123,253,376,1305,742,2047,298,355,653
7804,"THEFT/OTHER","38.8987888082","-76.9327226028",123,253,376,1305,742,2047,298,355,653
7804,"ROBBERY","38.8965380233","-76.9350302528",123,253,376,1305,742,2047,298,355,653
7804,"ASSAULT W/DANGEROUS WEAPON","38.8996559767","-76.9369641406",123,253,376,1305,742,2047,298,355,653
7804,"THEFT/OTHER","38.8987888082","-76.9327226028",123,253,376,1305,742,2047,298,355,653
7804,"MOTOR VEHICLE THEFT","38.8958040384","-76.9276994197",123,253,376,1305,742,2047,298,355,653
7804,"ROBBERY","38.8940741175","-76.9271939744",123,253,376,1305,742,2047,298,355,653
7804,"ASSAULT W/DANGEROUS WEAPON","38.8907801593","-76.9323613004",123,253,376,1305,742,2047,298,355,653
7804,"THEFT/OTHER","38.8941411583","-76.9338912379",123,253,376,1305,742,2047,298,355,653
7804,"MOTOR VEHICLE THEFT","38.8911233615","-76.9339055611",123,253,376,1305,742,2047,298,355,653
7804,"THEFT F/AUTO","38.8987888082","-76.9327226028",123,253,376,1305,742,2047,298,355,653
7804,"ASSAULT W/DANGEROUS WEAPON","38.8945798398","-76.929233794",123,253,376,1305,742,2047,298,355,653
7804,"THEFT F/AUTO","38.8897538929","-76.9335610335",123,253,376,1305,742,2047,298,355,653
7804,"ASSAULT W/DANGEROUS WEAPON","38.8928951845","-76.9290856135",123,253,376,1305,742,2047,298,355,653
7804,"ASSAULT W/DANGEROUS WEAPON","38.8918781527","-76.9306081731",123,253,376,1305,742,2047,298,355,653
7804,"THEFT/OTHER","38.8987888082","-76.9327226028",123,253,376,1305,742,2047,298,355,653
7804,"THEFT F/AUTO","38.8987888082","-76.9327226028",123,253,376,1305,742,2047,298,355,653
7804,"MOTOR VEHICLE THEFT","38.8987888082","-76.9327226028",123,253,376,1305,742,2047,298,355,653
7804,"MOTOR VEHICLE THEFT","38.8958040384","-76.9276994197",123,253,376,1305,742,2047,298,355,653
7804,"ROBBERY","38.8945798398","-76.929233794",123,253,376,1305,742,2047,298,355,653
7804,"THEFT F/AUTO","38.8927538698","-76.9338925234",123,253,376,1305,742,2047,298,355,653
7804,"ASSAULT W/DANGEROUS WEAPON","38.8945798398","-76.929233794",123,253,376,1305,742,2047,298,355,653
7804,"ROBBERY","38.8958040384","-76.9276994197",123,253,376,1305,742,2047,298,355,653
7804,"THEFT F/AUTO","38.8948165632","-76.9334986819",123,253,376,1305,742,2047,298,355,653
7804,"ASSAULT W/DANGEROUS WEAPON","38.8993479193","-76.9337596037",123,253,376,1305,742,2047,298,355,653
7804,"THEFT/OTHER","38.8983436913","-76.9265671087",123,253,376,1305,742,2047,298,355,653
7804,"MOTOR VEHICLE THEFT","38.8907781758","-76.9290185575",123,253,376,1305,742,2047,298,355,653
7804,"THEFT/OTHER","38.8997197308","-76.9382667652",123,253,376,1305,742,2047,298,355,653
7804,"THEFT/OTHER","38.8987888082","-76.9327226028",123,253,376,1305,742,2047,298,355,653
7804,"ASSAULT W/DANGEROUS WEAPON","38.8958040384","-76.9276994197",123,253,376,1305,742,2047,298,355,653
7804,"ROBBERY","38.8987888082","-76.9327226028",123,253,376,1305,742,2047,298,355,653
7804,"MOTOR VEHICLE THEFT","38.898821696","-76.9274658012",123,253,376,1305,742,2047,298,355,653
7804,"THEFT/OTHER","38.8997395644","-76.9258970388",123,253,376,1305,742,2047,298,355,653
7804,"MOTOR VEHICLE THEFT","38.8945798398","-76.929233794",123,253,376,1305,742,2047,298,355,653
7804,"ROBBERY","38.8940297318","-76.928254525",123,253,376,1305,742,2047,298,355,653
7804,"MOTOR VEHICLE THEFT","38.8923629142","-76.9278181767",123,253,376,1305,742,2047,298,355,653
7804,"THEFT/OTHER","38.8987888082","-76.9327226028",123,253,376,1305,742,2047,298,355,653
7804,"THEFT F/AUTO","38.8928951845","-76.9290856135",123,253,376,1305,742,2047,298,355,653
7804,"MOTOR VEHICLE THEFT","38.8903218895","-76.9343904221",123,253,376,1305,742,2047,298,355,653
7804,"ASSAULT W/DANGEROUS WEAPON","38.8997395644","-76.9258970388",123,253,376,1305,742,2047,298,355,653
7804,"ASSAULT W/DANGEROUS WEAPON","38.8997395644","-76.9258970388",123,253,376,1305,742,2047,298,355,653
7804,"THEFT/OTHER","38.8987888082","-76.9327226028",123,253,376,1305,742,2047,298,355,653
7804,"MOTOR VEHICLE THEFT","38.8958040384","-76.9276994197",123,253,376,1305,742,2047,298,355,653
7804,"MOTOR VEHICLE THEFT","38.8987888082","-76.9327226028",123,253,376,1305,742,2047,298,355,653
7804,"ROBBERY","38.8983449067","-76.9285268554",123,253,376,1305,742,2047,298,355,653
7804,"ASSAULT W/DANGEROUS WEAPON","38.8990764668","-76.9316732793",123,253,376,1305,742,2047,298,355,653
7804,"THEFT F/AUTO","38.8990578592","-76.9306703573",123,253,376,1305,742,2047,298,355,653
7804,"MOTOR VEHICLE THEFT","38.8970310058","-76.9307184379",123,253,376,1305,742,2047,298,355,653
7804,"ROBBERY","38.8990529168","-76.9378984449",123,253,376,1305,742,2047,298,355,653
7804,"ROBBERY","38.8945798398","-76.929233794",123,253,376,1305,742,2047,298,355,653
7804,"THEFT/OTHER","38.8985176509","-76.9311665844",123,253,376,1305,742,2047,298,355,653
7804,"THEFT F/AUTO","38.8962012263","-76.9290362168",123,253,376,1305,742,2047,298,355,653
7804,"ROBBERY","38.8983449067","-76.9285268554",123,253,376,1305,742,2047,298,355,653
7804,"MOTOR VEHICLE THEFT","38.898821696","-76.9274658012",123,253,376,1305,742,2047,298,355,653
7804,"ASSAULT W/DANGEROUS WEAPON","38.8987888082","-76.9327226028",123,253,376,1305,742,2047,298,355,653
7804,"THEFT F/AUTO","38.8897538929","-76.9335610335",123,253,376,1305,742,2047,298,355,653
7804,"THEFT/OTHER","38.8902653245","-76.9300564638",123,253,376,1305,742,2047,298,355,653
7804,"MOTOR VEHICLE THEFT","38.8990764668","-76.9316732793",123,253,376,1305,742,2047,298,355,653
7804,"ASSAULT W/DANGEROUS WEAPON","38.8904648863","-76.9323961792",123,253,376,1305,742,2047,298,355,653
7804,"THEFT F/AUTO","38.8983436913","-76.9265671087",123,253,376,1305,742,2047,298,355,653
7804,"THEFT F/AUTO","38.8902640566","-76.9279701463",123,253,376,1305,742,2047,298,355,653
7804,"THEFT F/AUTO","38.8996559767","-76.9369641406",123,253,376,1305,742,2047,298,355,653
7804,"THEFT/OTHER","38.8987888082","-76.9327226028",123,253,376,1305,742,2047,298,355,653
7804,"ASSAULT W/DANGEROUS WEAPON","38.8904648863","-76.9323961792",123,253,376,1305,742,2047,298,355,653
7804,"MOTOR VEHICLE THEFT","38.8945798398","-76.929233794",123,253,376,1305,742,2047,298,355,653
7804,"ROBBERY","38.8913292808","-76.9316922257",123,253,376,1305,742,2047,298,355,653
7804,"THEFT F/AUTO","38.8973113443","-76.9325626075",123,253,376,1305,742,2047,298,355,653
7804,"THEFT/OTHER","38.8906003109","-76.9329147514",123,253,376,1305,742,2047,298,355,653
7804,"ROBBERY","38.8996559767","-76.9369641406",123,253,376,1305,742,2047,298,355,653
7804,"MOTOR VEHICLE THEFT","38.9001791631","-76.9382778958",123,253,376,1305,742,2047,298,355,653
7804,"ROBBERY","38.8987888082","-76.9327226028",123,253,376,1305,742,2047,298,355,653
7804,"ROBBERY","38.8945798398","-76.929233794",123,253,376,1305,742,2047,298,355,653
7804,"SEX ABUSE","38.8987888082","-76.9327226028",123,253,376,1305,742,2047,298,355,653
7804,"THEFT/OTHER","38.898821696","-76.9274658012",123,253,376,1305,742,2047,298,355,653
7804,"THEFT F/AUTO","38.8970310058","-76.9307184379",123,253,376,1305,742,2047,298,355,653
7804,"THEFT/OTHER","38.8983436913","-76.9265671087",123,253,376,1305,742,2047,298,355,653
7804,"ASSAULT W/DANGEROUS WEAPON","38.8918803375","-76.9343889889",123,253,376,1305,742,2047,298,355,653
7804,"THEFT/OTHER","38.8990238075","-76.9340942177",123,253,376,1305,742,2047,298,355,653
7804,"THEFT F/AUTO","38.8959057661","-76.9320913073",123,253,376,1305,742,2047,298,355,653
7804,"MOTOR VEHICLE THEFT","38.8996559767","-76.9369641406",123,253,376,1305,742,2047,298,355,653
7804,"THEFT F/AUTO","38.892048103","-76.9286023252",123,253,376,1305,742,2047,298,355,653
7804,"MOTOR VEHICLE THEFT","38.8958040384","-76.9276994197",123,253,376,1305,742,2047,298,355,653
7804,"THEFT/OTHER","38.89107887","-76.9348853764",123,253,376,1305,742,2047,298,355,653
7804,"MOTOR VEHICLE THEFT","38.8960035297","-76.929843342",123,253,376,1305,742,2047,298,355,653
7804,"THEFT/OTHER","38.8907781758","-76.9290185575",123,253,376,1305,742,2047,298,355,653
7804,"MOTOR VEHICLE THEFT","38.8929785204","-76.9329125151",123,253,376,1305,742,2047,298,355,653
7804,"HOMICIDE","38.8945798398","-76.929233794",123,253,376,1305,742,2047,298,355,653
7804,"ROBBERY","38.8990516239","-76.9355121413",123,253,376,1305,742,2047,298,355,653
7804,"THEFT/OTHER","38.8983639411","-76.9302099144",123,253,376,1305,742,2047,298,355,653
7804,"MOTOR VEHICLE THEFT","38.8932545426","-76.9274945156",123,253,376,1305,742,2047,298,355,653
7804,"THEFT F/AUTO","38.8997395644","-76.9258970388",123,253,376,1305,742,2047,298,355,653
7804,"THEFT F/AUTO","38.8948165632","-76.9334986819",123,253,376,1305,742,2047,298,355,653
7804,"ROBBERY","38.8918776082","-76.9296975498",123,253,376,1305,742,2047,298,355,653
7804,"ASSAULT W/DANGEROUS WEAPON","38.8904648863","-76.9323961792",123,253,376,1305,742,2047,298,355,653
7804,"THEFT/OTHER","38.8897538929","-76.9335610335",123,253,376,1305,742,2047,298,355,653
7804,"ROBBERY","38.8928951845","-76.9290856135",123,253,376,1305,742,2047,298,355,653
7804,"THEFT/OTHER","38.8958040384","-76.9276994197",123,253,376,1305,742,2047,298,355,653
7804,"THEFT F/AUTO","38.8911233615","-76.9339055611",123,253,376,1305,742,2047,298,355,653
7804,"THEFT/OTHER","38.8955465674","-76.9340743752",123,253,376,1305,742,2047,298,355,653
7804,"THEFT/OTHER","38.8997395644","-76.9258970388",123,253,376,1305,742,2047,298,355,653
7804,"THEFT/OTHER","38.8945798398","-76.929233794",123,253,376,1305,742,2047,298,355,653
7804,"THEFT/OTHER","38.8941411583","-76.9338912379",123,253,376,1305,742,2047,298,355,653
7804,"ASSAULT W/DANGEROUS WEAPON","38.8928951845","-76.9290856135",123,253,376,1305,742,2047,298,355,653
7804,"THEFT F/AUTO","38.8918781527","-76.9306081731",123,253,376,1305,742,2047,298,355,653
7804,"THEFT F/AUTO","38.8955465674","-76.9340743752",123,253,376,1305,742,2047,298,355,653
7804,"THEFT/OTHER","38.8990516239","-76.9355121413",123,253,376,1305,742,2047,298,355,653
7804,"THEFT F/AUTO","38.896274474","-76.9310073625",123,253,376,1305,742,2047,298,355,653
7804,"MOTOR VEHICLE THEFT","38.8913299889","-76.9329140653",123,253,376,1305,742,2047,298,355,653
7804,"THEFT/OTHER","38.8987888082","-76.9327226028",123,253,376,1305,742,2047,298,355,653
7804,"THEFT F/AUTO","38.8970310058","-76.9307184379",123,253,376,1305,742,2047,298,355,653
7804,"THEFT/OTHER","38.8927538698","-76.9338925234",123,253,376,1305,742,2047,298,355,653
7804,"THEFT F/AUTO","38.8918803375","-76.9343889889",123,253,376,1305,742,2047,298,355,653
7804,"THEFT/OTHER","38.8958040384","-76.9276994197",123,253,376,1305,742,2047,298,355,653
7804,"MOTOR VEHICLE THEFT","38.8928951845","-76.9290856135",123,253,376,1305,742,2047,298,355,653
7804,"THEFT F/AUTO","38.8932545426","-76.9274945156",123,253,376,1305,742,2047,298,355,653
7804,"THEFT/OTHER","38.8918781527","-76.9306081731",123,253,376,1305,742,2047,298,355,653
7804,"THEFT F/AUTO","38.8913270443","-76.9279690731",123,253,376,1305,742,2047,298,355,653
7804,"MOTOR VEHICLE THEFT","38.8929785204","-76.9329125151",123,253,376,1305,742,2047,298,355,653
7804,"THEFT F/AUTO","38.9001791631","-76.9382778958",123,253,376,1305,742,2047,298,355,653
7804,"MOTOR VEHICLE THEFT","38.8996559767","-76.9369641406",123,253,376,1305,742,2047,298,355,653
7804,"ASSAULT W/DANGEROUS WEAPON","38.8953668527","-76.9348814625",123,253,376,1305,742,2047,298,355,653
7806,"BURGLARY","38.9053649057","-76.9327164003",117,47,164,659,884,1543,103,122,225
7806,"BURGLARY","38.9053649057","-76.9327164003",117,47,128,659,884,2061,103,122,554
7806,"BURGLARY","38.9053649057","-76.9327164003",117,48,164,659,1084,1543,103,120,225
7806,"BURGLARY","38.9053649057","-76.9327164003",117,48,128,659,1084,2061,103,120,554
7806,"BURGLARY","38.9053649057","-76.9327164003",80,47,164,977,884,1543,434,122,225
7806,"BURGLARY","38.9053649057","-76.9327164003",80,47,128,977,884,2061,434,122,554
7806,"BURGLARY","38.9053649057","-76.9327164003",80,48,164,977,1084,1543,434,120,225
7806,"BURGLARY","38.9053649057","-76.9327164003",80,48,128,977,1084,2061,434,120,554
7806,"THEFT F/AUTO","38.9060550359","-76.9268704576",117,47,164,659,884,1543,103,122,225
7806,"THEFT F/AUTO","38.9060550359","-76.9268704576",117,47,128,659,884,2061,103,122,554
7806,"THEFT F/AUTO","38.9060550359","-76.9268704576",117,48,164,659,1084,1543,103,120,225
7806,"THEFT F/AUTO","38.9060550359","-76.9268704576",117,48,128,659,1084,2061,103,120,554
7806,"THEFT F/AUTO","38.9060550359","-76.9268704576",80,47,164,977,884,1543,434,122,225
7806,"THEFT F/AUTO","38.9060550359","-76.9268704576",80,47,128,977,884,2061,434,122,554
7806,"THEFT F/AUTO","38.9060550359","-76.9268704576",80,48,164,977,1084,1543,434,120,225
7806,"THEFT F/AUTO","38.9060550359","-76.9268704576",80,48,128,977,1084,2061,434,120,554
7806,"ROBBERY","38.9028704594","-76.9342405362",117,47,164,659,884,1543,103,122,225
7806,"ROBBERY","38.9028704594","-76.9342405362",117,47,128,659,884,2061,103,122,554
7806,"ROBBERY","38.9028704594","-76.9342405362",117,48,164,659,1084,1543,103,120,225
7806,"ROBBERY","38.9028704594","-76.9342405362",117,48,128,659,1084,2061,103,120,554
7806,"ROBBERY","38.9028704594","-76.9342405362",80,47,164,977,884,1543,434,122,225
7806,"ROBBERY","38.9028704594","-76.9342405362",80,47,128,977,884,2061,434,122,554
7806,"ROBBERY","38.9028704594","-76.9342405362",80,48,164,977,1084,1543,434,120,225
7806,"ROBBERY","38.9028704594","-76.9342405362",80,48,128,977,1084,2061,434,120,554
7806,"THEFT F/AUTO","38.9078596084","-76.9316648655",117,47,164,659,884,1543,103,122,225
7806,"THEFT F/AUTO","38.9078596084","-76.9316648655",117,47,128,659,884,2061,103,122,554
7806,"THEFT F/AUTO","38.9078596084","-76.9316648655",117,48,164,659,1084,1543,103,120,225
7806,"THEFT F/AUTO","38.9078596084","-76.9316648655",117,48,128,659,1084,2061,103,120,554
7806,"THEFT F/AUTO","38.9078596084","-76.9316648655",80,47,164,977,884,1543,434,122,225
7806,"THEFT F/AUTO","38.9078596084","-76.9316648655",80,47,128,977,884,2061,434,122,554
7806,"THEFT F/AUTO","38.9078596084","-76.9316648655",80,48,164,977,1084,1543,434,120,225
7806,"THEFT F/AUTO","38.9078596084","-76.9316648655",80,48,128,977,1084,2061,434,120,554
7806,"THEFT F/AUTO","38.9082544154","-76.9290472839",117,47,164,659,884,1543,103,122,225
7806,"THEFT F/AUTO","38.9082544154","-76.9290472839",117,47,128,659,884,2061,103,122,554
7806,"THEFT F/AUTO","38.9082544154","-76.9290472839",117,48,164,659,1084,1543,103,120,225
7806,"THEFT F/AUTO","38.9082544154","-76.9290472839",117,48,128,659,1084,2061,103,120,554
7806,"THEFT F/AUTO","38.9082544154","-76.9290472839",80,47,164,977,884,1543,434,122,225
7806,"THEFT F/AUTO","38.9082544154","-76.9290472839",80,47,128,977,884,2061,434,122,554
7806,"THEFT F/AUTO","38.9082544154","-76.9290472839",80,48,164,977,1084,1543,434,120,225
7806,"THEFT F/AUTO","38.9082544154","-76.9290472839",80,48,128,977,1084,2061,434,120,554
7806,"ROBBERY","38.9028704594","-76.9342405362",117,47,164,659,884,1543,103,122,225
7806,"ROBBERY","38.9028704594","-76.9342405362",117,47,128,659,884,2061,103,122,554
7806,"ROBBERY","38.9028704594","-76.9342405362",117,48,164,659,1084,1543,103,120,225
7806,"ROBBERY","38.9028704594","-76.9342405362",117,48,128,659,1084,2061,103,120,554
7806,"ROBBERY","38.9028704594","-76.9342405362",80,47,164,977,884,1543,434,122,225
7806,"ROBBERY","38.9028704594","-76.9342405362",80,47,128,977,884,2061,434,122,554
7806,"ROBBERY","38.9028704594","-76.9342405362",80,48,164,977,1084,1543,434,120,225
7806,"ROBBERY","38.9028704594","-76.9342405362",80,48,128,977,1084,2061,434,120,554
7806,"THEFT F/AUTO","38.9085255868","-76.9305804475",117,47,164,659,884,1543,103,122,225
7806,"THEFT F/AUTO","38.9085255868","-76.9305804475",117,47,128,659,884,2061,103,122,554
7806,"THEFT F/AUTO","38.9085255868","-76.9305804475",117,48,164,659,1084,1543,103,120,225
7806,"THEFT F/AUTO","38.9085255868","-76.9305804475",117,48,128,659,1084,2061,103,120,554
7806,"THEFT F/AUTO","38.9085255868","-76.9305804475",80,47,164,977,884,1543,434,122,225
7806,"THEFT F/AUTO","38.9085255868","-76.9305804475",80,47,128,977,884,2061,434,122,554
7806,"THEFT F/AUTO","38.9085255868","-76.9305804475",80,48,164,977,1084,1543,434,120,225
7806,"THEFT F/AUTO","38.9085255868","-76.9305804475",80,48,128,977,1084,2061,434,120,554
7806,"THEFT/OTHER","38.9038064614","-76.9327178703",117,47,164,659,884,1543,103,122,225
7806,"THEFT/OTHER","38.9038064614","-76.9327178703",117,47,128,659,884,2061,103,122,554
7806,"THEFT/OTHER","38.9038064614","-76.9327178703",117,48,164,659,1084,1543,103,120,225
7806,"THEFT/OTHER","38.9038064614","-76.9327178703",117,48,128,659,1084,2061,103,120,554
7806,"THEFT/OTHER","38.9038064614","-76.9327178703",80,47,164,977,884,1543,434,122,225
7806,"THEFT/OTHER","38.9038064614","-76.9327178703",80,47,128,977,884,2061,434,122,554
7806,"THEFT/OTHER","38.9038064614","-76.9327178703",80,48,164,977,1084,1543,434,120,225
7806,"THEFT/OTHER","38.9038064614","-76.9327178703",80,48,128,977,1084,2061,434,120,554
7806,"THEFT F/AUTO","38.9053617669","-76.9274706797",117,47,164,659,884,1543,103,122,225
7806,"THEFT F/AUTO","38.9053617669","-76.9274706797",117,47,128,659,884,2061,103,122,554
7806,"THEFT F/AUTO","38.9053617669","-76.9274706797",117,48,164,659,1084,1543,103,120,225
7806,"THEFT F/AUTO","38.9053617669","-76.9274706797",117,48,128,659,1084,2061,103,120,554
7806,"THEFT F/AUTO","38.9053617669","-76.9274706797",80,47,164,977,884,1543,434,122,225
7806,"THEFT F/AUTO","38.9053617669","-76.9274706797",80,47,128,977,884,2061,434,122,554
7806,"THEFT F/AUTO","38.9053617669","-76.9274706797",80,48,164,977,1084,1543,434,120,225
7806,"THEFT F/AUTO","38.9053617669","-76.9274706797",80,48,128,977,1084,2061,434,120,554
7806,"THEFT/OTHER","38.9078596084","-76.9316648655",117,47,164,659,884,1543,103,122,225
7806,"THEFT/OTHER","38.9078596084","-76.9316648655",117,47,128,659,884,2061,103,122,554
7806,"THEFT/OTHER","38.9078596084","-76.9316648655",117,48,164,659,1084,1543,103,120,225
7806,"THEFT/OTHER","38.9078596084","-76.9316648655",117,48,128,659,1084,2061,103,120,554
7806,"THEFT/OTHER","38.9078596084","-76.9316648655",80,47,164,977,884,1543,434,122,225
7806,"THEFT/OTHER","38.9078596084","-76.9316648655",80,47,128,977,884,2061,434,122,554
7806,"THEFT/OTHER","38.9078596084","-76.9316648655",80,48,164,977,1084,1543,434,120,225
7806,"THEFT/OTHER","38.9078596084","-76.9316648655",80,48,128,977,1084,2061,434,120,554
7806,"MOTOR VEHICLE THEFT","38.9066998731","-76.9357934584",117,47,164,659,884,1543,103,122,225
7806,"MOTOR VEHICLE THEFT","38.9066998731","-76.9357934584",117,47,128,659,884,2061,103,122,554
7806,"MOTOR VEHICLE THEFT","38.9066998731","-76.9357934584",117,48,164,659,1084,1543,103,120,225
7806,"MOTOR VEHICLE THEFT","38.9066998731","-76.9357934584",117,48,128,659,1084,2061,103,120,554
7806,"MOTOR VEHICLE THEFT","38.9066998731","-76.9357934584",80,47,164,977,884,1543,434,122,225
7806,"MOTOR VEHICLE THEFT","38.9066998731","-76.9357934584",80,47,128,977,884,2061,434,122,554
7806,"MOTOR VEHICLE THEFT","38.9066998731","-76.9357934584",80,48,164,977,1084,1543,434,120,225
7806,"MOTOR VEHICLE THEFT","38.9066998731","-76.9357934584",80,48,128,977,1084,2061,434,120,554
7806,"MOTOR VEHICLE THEFT","38.9066326326","-76.9285877264",117,47,164,659,884,1543,103,122,225
7806,"MOTOR VEHICLE THEFT","38.9066326326","-76.9285877264",117,47,128,659,884,2061,103,122,554
7806,"MOTOR VEHICLE THEFT","38.9066326326","-76.9285877264",117,48,164,659,1084,1543,103,120,225
7806,"MOTOR VEHICLE THEFT","38.9066326326","-76.9285877264",117,48,128,659,1084,2061,103,120,554
7806,"MOTOR VEHICLE THEFT","38.9066326326","-76.9285877264",80,47,164,977,884,1543,434,122,225
7806,"MOTOR VEHICLE THEFT","38.9066326326","-76.9285877264",80,47,128,977,884,2061,434,122,554
7806,"MOTOR VEHICLE THEFT","38.9066326326","-76.9285877264",80,48,164,977,1084,1543,434,120,225
7806,"MOTOR VEHICLE THEFT","38.9066326326","-76.9285877264",80,48,128,977,1084,2061,434,120,554
7806,"MOTOR VEHICLE THEFT","38.9045580351","-76.9243356271",117,47,164,659,884,1543,103,122,225
7806,"MOTOR VEHICLE THEFT","38.9045580351","-76.9243356271",117,47,128,659,884,2061,103,122,554
7806,"MOTOR VEHICLE THEFT","38.9045580351","-76.9243356271",117,48,164,659,1084,1543,103,120,225
7806,"MOTOR VEHICLE THEFT","38.9045580351","-76.9243356271",117,48,128,659,1084,2061,103,120,554
7806,"MOTOR VEHICLE THEFT","38.9045580351","-76.9243356271",80,47,164,977,884,1543,434,122,225
7806,"MOTOR VEHICLE THEFT","38.9045580351","-76.9243356271",80,47,128,977,884,2061,434,122,554
7806,"MOTOR VEHICLE THEFT","38.9045580351","-76.9243356271",80,48,164,977,1084,1543,434,120,225
7806,"MOTOR VEHICLE THEFT","38.9045580351","-76.9243356271",80,48,128,977,1084,2061,434,120,554
7806,"THEFT F/AUTO","38.9066344736","-76.9316660393",117,47,164,659,884,1543,103,122,225
7806,"THEFT F/AUTO","38.9066344736","-76.9316660393",117,47,128,659,884,2061,103,122,554
7806,"THEFT F/AUTO","38.9066344736","-76.9316660393",117,48,164,659,1084,1543,103,120,225
7806,"THEFT F/AUTO","38.9066344736","-76.9316660393",117,48,128,659,1084,2061,103,120,554
7806,"THEFT F/AUTO","38.9066344736","-76.9316660393",80,47,164,977,884,1543,434,122,225
7806,"THEFT F/AUTO","38.9066344736","-76.9316660393",80,47,128,977,884,2061,434,122,554
7806,"THEFT F/AUTO","38.9066344736","-76.9316660393",80,48,164,977,1084,1543,434,120,225
7806,"THEFT F/AUTO","38.9066344736","-76.9316660393",80,48,128,977,1084,2061,434,120,554
7806,"MOTOR VEHICLE THEFT","38.9082544154","-76.9290472839",117,47,164,659,884,1543,103,122,225
7806,"MOTOR VEHICLE THEFT","38.9082544154","-76.9290472839",117,47,128,659,884,2061,103,122,554
7806,"MOTOR VEHICLE THEFT","38.9082544154","-76.9290472839",117,48,164,659,1084,1543,103,120,225
7806,"MOTOR VEHICLE THEFT","38.9082544154","-76.9290472839",117,48,128,659,1084,2061,103,120,554
7806,"MOTOR VEHICLE THEFT","38.9082544154","-76.9290472839",80,47,164,977,884,1543,434,122,225
7806,"MOTOR VEHICLE THEFT","38.9082544154","-76.9290472839",80,47,128,977,884,2061,434,122,554
7806,"MOTOR VEHICLE THEFT","38.9082544154","-76.9290472839",80,48,164,977,1084,1543,434,120,225
7806,"MOTOR VEHICLE THEFT","38.9082544154","-76.9290472839",80,48,128,977,1084,2061,434,120,554
7806,"THEFT/OTHER","38.9028704594","-76.9342405362",117,47,164,659,884,1543,103,122,225
7806,"THEFT/OTHER","38.9028704594","-76.9342405362",117,47,128,659,884,2061,103,122,554
7806,"THEFT/OTHER","38.9028704594","-76.9342405362",117,48,164,659,1084,1543,103,120,225
7806,"THEFT/OTHER","38.9028704594","-76.9342405362",117,48,128,659,1084,2061,103,120,554
7806,"THEFT/OTHER","38.9028704594","-76.9342405362",80,47,164,977,884,1543,434,122,225
7806,"THEFT/OTHER","38.9028704594","-76.9342405362",80,47,128,977,884,2061,434,122,554
7806,"THEFT/OTHER","38.9028704594","-76.9342405362",80,48,164,977,1084,1543,434,120,225
7806,"THEFT/OTHER","38.9028704594","-76.9342405362",80,48,128,977,1084,2061,434,120,554
7806,"THEFT/OTHER","38.9053649057","-76.9327164003",117,47,164,659,884,1543,103,122,225
7806,"THEFT/OTHER","38.9053649057","-76.9327164003",117,47,128,659,884,2061,103,122,554
7806,"THEFT/OTHER","38.9053649057","-76.9327164003",117,48,164,659,1084,1543,103,120,225
7806,"THEFT/OTHER","38.9053649057","-76.9327164003",117,48,128,659,1084,2061,103,120,554
7806,"THEFT/OTHER","38.9053649057","-76.9327164003",80,47,164,977,884,1543,434,122,225
7806,"THEFT/OTHER","38.9053649057","-76.9327164003",80,47,128,977,884,2061,434,122,554
7806,"THEFT/OTHER","38.9053649057","-76.9327164003",80,48,164,977,1084,1543,434,120,225
7806,"THEFT/OTHER","38.9053649057","-76.9327164003",80,48,128,977,1084,2061,434,120,554
7806,"THEFT F/AUTO","38.9066362463","-76.9347674108",117,47,164,659,884,1543,103,122,225
7806,"THEFT F/AUTO","38.9066362463","-76.9347674108",117,47,128,659,884,2061,103,122,554
7806,"THEFT F/AUTO","38.9066362463","-76.9347674108",117,48,164,659,1084,1543,103,120,225
7806,"THEFT F/AUTO","38.9066362463","-76.9347674108",117,48,128,659,1084,2061,103,120,554
7806,"THEFT F/AUTO","38.9066362463","-76.9347674108",80,47,164,977,884,1543,434,122,225
7806,"THEFT F/AUTO","38.9066362463","-76.9347674108",80,47,128,977,884,2061,434,122,554
7806,"THEFT F/AUTO","38.9066362463","-76.9347674108",80,48,164,977,1084,1543,434,120,225
7806,"THEFT F/AUTO","38.9066362463","-76.9347674108",80,48,128,977,1084,2061,434,120,554
7806,"MOTOR VEHICLE THEFT","38.9072034877","-76.9342596002",117,47,164,659,884,1543,103,122,225
7806,"MOTOR VEHICLE THEFT","38.9072034877","-76.9342596002",117,47,128,659,884,2061,103,122,554
7806,"MOTOR VEHICLE THEFT","38.9072034877","-76.9342596002",117,48,164,659,1084,1543,103,120,225
7806,"MOTOR VEHICLE THEFT","38.9072034877","-76.9342596002",117,48,128,659,1084,2061,103,120,554
7806,"MOTOR VEHICLE THEFT","38.9072034877","-76.9342596002",80,47,164,977,884,1543,434,122,225
7806,"MOTOR VEHICLE THEFT","38.9072034877","-76.9342596002",80,47,128,977,884,2061,434,122,554
7806,"MOTOR VEHICLE THEFT","38.9072034877","-76.9342596002",80,48,164,977,1084,1543,434,120,225
7806,"MOTOR VEHICLE THEFT","38.9072034877","-76.9342596002",80,48,128,977,1084,2061,434,120,554
7806,"THEFT/OTHER","38.9036400127","-76.9256278248",117,47,164,659,884,1543,103,122,225
7806,"THEFT/OTHER","38.9036400127","-76.9256278248",117,47,128,659,884,2061,103,122,554
7806,"THEFT/OTHER","38.9036400127","-76.9256278248",117,48,164,659,1084,1543,103,120,225
7806,"THEFT/OTHER","38.9036400127","-76.9256278248",117,48,128,659,1084,2061,103,120,554
7806,"THEFT/OTHER","38.9036400127","-76.9256278248",80,47,164,977,884,1543,434,122,225
7806,"THEFT/OTHER","38.9036400127","-76.9256278248",80,47,128,977,884,2061,434,122,554
7806,"THEFT/OTHER","38.9036400127","-76.9256278248",80,48,164,977,1084,1543,434,120,225
7806,"THEFT/OTHER","38.9036400127","-76.9256278248",80,48,128,977,1084,2061,434,120,554
7806,"MOTOR VEHICLE THEFT","38.9096704734","-76.9319859638",117,47,164,659,884,1543,103,122,225
7806,"MOTOR VEHICLE THEFT","38.9096704734","-76.9319859638",117,47,128,659,884,2061,103,122,554
7806,"MOTOR VEHICLE THEFT","38.9096704734","-76.9319859638",117,48,164,659,1084,1543,103,120,225
7806,"MOTOR VEHICLE THEFT","38.9096704734","-76.9319859638",117,48,128,659,1084,2061,103,120,554
7806,"MOTOR VEHICLE THEFT","38.9096704734","-76.9319859638",80,47,164,977,884,1543,434,122,225
7806,"MOTOR VEHICLE THEFT","38.9096704734","-76.9319859638",80,47,128,977,884,2061,434,122,554
7806,"MOTOR VEHICLE THEFT","38.9096704734","-76.9319859638",80,48,164,977,1084,1543,434,120,225
7806,"MOTOR VEHICLE THEFT","38.9096704734","-76.9319859638",80,48,128,977,1084,2061,434,120,554
7806,"THEFT F/AUTO","38.9041403698","-76.9337666821",117,47,164,659,884,1543,103,122,225
7806,"THEFT F/AUTO","38.9041403698","-76.9337666821",117,47,128,659,884,2061,103,122,554
7806,"THEFT F/AUTO","38.9041403698","-76.9337666821",117,48,164,659,1084,1543,103,120,225
7806,"THEFT F/AUTO","38.9041403698","-76.9337666821",117,48,128,659,1084,2061,103,120,554
7806,"THEFT F/AUTO","38.9041403698","-76.9337666821",80,47,164,977,884,1543,434,122,225
7806,"THEFT F/AUTO","38.9041403698","-76.9337666821",80,47,128,977,884,2061,434,122,554
7806,"THEFT F/AUTO","38.9041403698","-76.9337666821",80,48,164,977,1084,1543,434,120,225
7806,"THEFT F/AUTO","38.9041403698","-76.9337666821",80,48,128,977,1084,2061,434,120,554
7806,"MOTOR VEHICLE THEFT","38.9066998731","-76.9357934584",117,47,164,659,884,1543,103,122,225
7806,"MOTOR VEHICLE THEFT","38.9066998731","-76.9357934584",117,47,128,659,884,2061,103,122,554
7806,"MOTOR VEHICLE THEFT","38.9066998731","-76.9357934584",117,48,164,659,1084,1543,103,120,225
7806,"MOTOR VEHICLE THEFT","38.9066998731","-76.9357934584",117,48,128,659,1084,2061,103,120,554
7806,"MOTOR VEHICLE THEFT","38.9066998731","-76.9357934584",80,47,164,977,884,1543,434,122,225
7806,"MOTOR VEHICLE THEFT","38.9066998731","-76.9357934584",80,47,128,977,884,2061,434,122,554
7806,"MOTOR VEHICLE THEFT","38.9066998731","-76.9357934584",80,48,164,977,1084,1543,434,120,225
7806,"MOTOR VEHICLE THEFT","38.9066998731","-76.9357934584",80,48,128,977,1084,2061,434,120,554
7806,"BURGLARY","38.905070619","-76.938123786",117,47,164,659,884,1543,103,122,225
7806,"BURGLARY","38.905070619","-76.938123786",117,47,128,659,884,2061,103,122,554
7806,"BURGLARY","38.905070619","-76.938123786",117,48,164,659,1084,1543,103,120,225
7806,"BURGLARY","38.905070619","-76.938123786",117,48,128,659,1084,2061,103,120,554
7806,"BURGLARY","38.905070619","-76.938123786",80,47,164,977,884,1543,434,122,225
7806,"BURGLARY","38.905070619","-76.938123786",80,47,128,977,884,2061,434,122,554
7806,"BURGLARY","38.905070619","-76.938123786",80,48,164,977,1084,1543,434,120,225
7806,"BURGLARY","38.905070619","-76.938123786",80,48,128,977,1084,2061,434,120,554
7806,"THEFT F/AUTO","38.9038361685","-76.9375484161",117,47,164,659,884,1543,103,122,225
7806,"THEFT F/AUTO","38.9038361685","-76.9375484161",117,47,128,659,884,2061,103,122,554
7806,"THEFT F/AUTO","38.9038361685","-76.9375484161",117,48,164,659,1084,1543,103,120,225
7806,"THEFT F/AUTO","38.9038361685","-76.9375484161",117,48,128,659,1084,2061,103,120,554
7806,"THEFT F/AUTO","38.9038361685","-76.9375484161",80,47,164,977,884,1543,434,122,225
7806,"THEFT F/AUTO","38.9038361685","-76.9375484161",80,47,128,977,884,2061,434,122,554
7806,"THEFT F/AUTO","38.9038361685","-76.9375484161",80,48,164,977,1084,1543,434,120,225
7806,"THEFT F/AUTO","38.9038361685","-76.9375484161",80,48,128,977,1084,2061,434,120,554
7806,"ROBBERY","38.905070619","-76.938123786",117,47,164,659,884,1543,103,122,225
7806,"ROBBERY","38.905070619","-76.938123786",117,47,128,659,884,2061,103,122,554
7806,"ROBBERY","38.905070619","-76.938123786",117,48,164,659,1084,1543,103,120,225
7806,"ROBBERY","38.905070619","-76.938123786",117,48,128,659,1084,2061,103,120,554
7806,"ROBBERY","38.905070619","-76.938123786",80,47,164,977,884,1543,434,122,225
7806,"ROBBERY","38.905070619","-76.938123786",80,47,128,977,884,2061,434,122,554
7806,"ROBBERY","38.905070619","-76.938123786",80,48,164,977,1084,1543,434,120,225
7806,"ROBBERY","38.905070619","-76.938123786",80,48,128,977,1084,2061,434,120,554
7806,"ROBBERY","38.9053655051","-76.9337655444",117,47,164,659,884,1543,103,122,225
7806,"ROBBERY","38.9053655051","-76.9337655444",117,47,128,659,884,2061,103,122,554
7806,"ROBBERY","38.9053655051","-76.9337655444",117,48,164,659,1084,1543,103,120,225
7806,"ROBBERY","38.9053655051","-76.9337655444",117,48,128,659,1084,2061,103,120,554
7806,"ROBBERY","38.9053655051","-76.9337655444",80,47,164,977,884,1543,434,122,225
7806,"ROBBERY","38.9053655051","-76.9337655444",80,47,128,977,884,2061,434,122,554
7806,"ROBBERY","38.9053655051","-76.9337655444",80,48,164,977,1084,1543,434,120,225
7806,"ROBBERY","38.9053655051","-76.9337655444",80,48,128,977,1084,2061,434,120,554
7806,"THEFT F/AUTO","38.90420641","-76.923874845",117,47,164,659,884,1543,103,122,225
7806,"THEFT F/AUTO","38.90420641","-76.923874845",117,47,128,659,884,2061,103,122,554
7806,"THEFT F/AUTO","38.90420641","-76.923874845",117,48,164,659,1084,1543,103,120,225
7806,"THEFT F/AUTO","38.90420641","-76.923874845",117,48,128,659,1084,2061,103,120,554
7806,"THEFT F/AUTO","38.90420641","-76.923874845",80,47,164,977,884,1543,434,122,225
7806,"THEFT F/AUTO","38.90420641","-76.923874845",80,47,128,977,884,2061,434,122,554
7806,"THEFT F/AUTO","38.90420641","-76.923874845",80,48,164,977,1084,1543,434,120,225
7806,"THEFT F/AUTO","38.90420641","-76.923874845",80,48,128,977,1084,2061,434,120,554
7806,"THEFT F/AUTO","38.9046594651","-76.9280363123",117,47,164,659,884,1543,103,122,225
7806,"THEFT F/AUTO","38.9046594651","-76.9280363123",117,47,128,659,884,2061,103,122,554
7806,"THEFT F/AUTO","38.9046594651","-76.9280363123",117,48,164,659,1084,1543,103,120,225
7806,"THEFT F/AUTO","38.9046594651","-76.9280363123",117,48,128,659,1084,2061,103,120,554
7806,"THEFT F/AUTO","38.9046594651","-76.9280363123",80,47,164,977,884,1543,434,122,225
7806,"THEFT F/AUTO","38.9046594651","-76.9280363123",80,47,128,977,884,2061,434,122,554
7806,"THEFT F/AUTO","38.9046594651","-76.9280363123",80,48,164,977,1084,1543,434,120,225
7806,"THEFT F/AUTO","38.9046594651","-76.9280363123",80,48,128,977,1084,2061,434,120,554
7806,"THEFT F/AUTO","38.9039539782","-76.9388741289",117,47,164,659,884,1543,103,122,225
7806,"THEFT F/AUTO","38.9039539782","-76.9388741289",117,47,128,659,884,2061,103,122,554
7806,"THEFT F/AUTO","38.9039539782","-76.9388741289",117,48,164,659,1084,1543,103,120,225
7806,"THEFT F/AUTO","38.9039539782","-76.9388741289",117,48,128,659,1084,2061,103,120,554
7806,"THEFT F/AUTO","38.9039539782","-76.9388741289",80,47,164,977,884,1543,434,122,225
7806,"THEFT F/AUTO","38.9039539782","-76.9388741289",80,47,128,977,884,2061,434,122,554
7806,"THEFT F/AUTO","38.9039539782","-76.9388741289",80,48,164,977,1084,1543,434,120,225
7806,"THEFT F/AUTO","38.9039539782","-76.9388741289",80,48,128,977,1084,2061,434,120,554
7806,"HOMICIDE","38.9072017083","-76.9311697334",117,47,164,659,884,1543,103,122,225
7806,"HOMICIDE","38.9072017083","-76.9311697334",117,47,128,659,884,2061,103,122,554
7806,"HOMICIDE","38.9072017083","-76.9311697334",117,48,164,659,1084,1543,103,120,225
7806,"HOMICIDE","38.9072017083","-76.9311697334",117,48,128,659,1084,2061,103,120,554
7806,"HOMICIDE","38.9072017083","-76.9311697334",80,47,164,977,884,1543,434,122,225
7806,"HOMICIDE","38.9072017083","-76.9311697334",80,47,128,977,884,2061,434,122,554
7806,"HOMICIDE","38.9072017083","-76.9311697334",80,48,164,977,1084,1543,434,120,225
7806,"HOMICIDE","38.9072017083","-76.9311697334",80,48,128,977,1084,2061,434,120,554
7806,"THEFT F/AUTO","38.9066406504","-76.9269851499",117,47,164,659,884,1543,103,122,225
7806,"THEFT F/AUTO","38.9066406504","-76.9269851499",117,47,128,659,884,2061,103,122,554
7806,"THEFT F/AUTO","38.9066406504","-76.9269851499",117,48,164,659,1084,1543,103,120,225
7806,"THEFT F/AUTO","38.9066406504","-76.9269851499",117,48,128,659,1084,2061,103,120,554
7806,"THEFT F/AUTO","38.9066406504","-76.9269851499",80,47,164,977,884,1543,434,122,225
7806,"THEFT F/AUTO","38.9066406504","-76.9269851499",80,47,128,977,884,2061,434,122,554
7806,"THEFT F/AUTO","38.9066406504","-76.9269851499",80,48,164,977,1084,1543,434,120,225
7806,"THEFT F/AUTO","38.9066406504","-76.9269851499",80,48,128,977,1084,2061,434,120,554
7806,"THEFT F/AUTO","38.9027468048","-76.9387714056",117,47,164,659,884,1543,103,122,225
7806,"THEFT F/AUTO","38.9027468048","-76.9387714056",117,47,128,659,884,2061,103,122,554
7806,"THEFT F/AUTO","38.9027468048","-76.9387714056",117,48,164,659,1084,1543,103,120,225
7806,"THEFT F/AUTO","38.9027468048","-76.9387714056",117,48,128,659,1084,2061,103,120,554
7806,"THEFT F/AUTO","38.9027468048","-76.9387714056",80,47,164,977,884,1543,434,122,225
7806,"THEFT F/AUTO","38.9027468048","-76.9387714056",80,47,128,977,884,2061,434,122,554
7806,"THEFT F/AUTO","38.9027468048","-76.9387714056",80,48,164,977,1084,1543,434,120,225
7806,"THEFT F/AUTO","38.9027468048","-76.9387714056",80,48,128,977,1084,2061,434,120,554
7806,"MOTOR VEHICLE THEFT","38.9053649057","-76.9327164003",117,47,164,659,884,1543,103,122,225
7806,"MOTOR VEHICLE THEFT","38.9053649057","-76.9327164003",117,47,128,659,884,2061,103,122,554
7806,"MOTOR VEHICLE THEFT","38.9053649057","-76.9327164003",117,48,164,659,1084,1543,103,120,225
7806,"MOTOR VEHICLE THEFT","38.9053649057","-76.9327164003",117,48,128,659,1084,2061,103,120,554
7806,"MOTOR VEHICLE THEFT","38.9053649057","-76.9327164003",80,47,164,977,884,1543,434,122,225
7806,"MOTOR VEHICLE THEFT","38.9053649057","-76.9327164003",80,47,128,977,884,2061,434,122,554
7806,"MOTOR VEHICLE THEFT","38.9053649057","-76.9327164003",80,48,164,977,1084,1543,434,120,225
7806,"MOTOR VEHICLE THEFT","38.9053649057","-76.9327164003",80,48,128,977,1084,2061,434,120,554
7806,"THEFT F/AUTO","38.9032575515","-76.9337675018",117,47,164,659,884,1543,103,122,225
7806,"THEFT F/AUTO","38.9032575515","-76.9337675018",117,47,128,659,884,2061,103,122,554
7806,"THEFT F/AUTO","38.9032575515","-76.9337675018",117,48,164,659,1084,1543,103,120,225
7806,"THEFT F/AUTO","38.9032575515","-76.9337675018",117,48,128,659,1084,2061,103,120,554
7806,"THEFT F/AUTO","38.9032575515","-76.9337675018",80,47,164,977,884,1543,434,122,225
7806,"THEFT F/AUTO","38.9032575515","-76.9337675018",80,47,128,977,884,2061,434,122,554
7806,"THEFT F/AUTO","38.9032575515","-76.9337675018",80,48,164,977,1084,1543,434,120,225
7806,"THEFT F/AUTO","38.9032575515","-76.9337675018",80,48,128,977,1084,2061,434,120,554
7806,"ROBBERY","38.9056309016","-76.9256949236",117,47,164,659,884,1543,103,122,225
7806,"ROBBERY","38.9056309016","-76.9256949236",117,47,128,659,884,2061,103,122,554
7806,"ROBBERY","38.9056309016","-76.9256949236",117,48,164,659,1084,1543,103,120,225
7806,"ROBBERY","38.9056309016","-76.9256949236",117,48,128,659,1084,2061,103,120,554
7806,"ROBBERY","38.9056309016","-76.9256949236",80,47,164,977,884,1543,434,122,225
7806,"ROBBERY","38.9056309016","-76.9256949236",80,47,128,977,884,2061,434,122,554
7806,"ROBBERY","38.9056309016","-76.9256949236",80,48,164,977,1084,1543,434,120,225
7806,"ROBBERY","38.9056309016","-76.9256949236",80,48,128,977,1084,2061,434,120,554
7806,"THEFT F/AUTO","38.9054027851","-76.9360021492",117,47,164,659,884,1543,103,122,225
7806,"THEFT F/AUTO","38.9054027851","-76.9360021492",117,47,128,659,884,2061,103,122,554
7806,"THEFT F/AUTO","38.9054027851","-76.9360021492",117,48,164,659,1084,1543,103,120,225
7806,"THEFT F/AUTO","38.9054027851","-76.9360021492",117,48,128,659,1084,2061,103,120,554
7806,"THEFT F/AUTO","38.9054027851","-76.9360021492",80,47,164,977,884,1543,434,122,225
7806,"THEFT F/AUTO","38.9054027851","-76.9360021492",80,47,128,977,884,2061,434,122,554
7806,"THEFT F/AUTO","38.9054027851","-76.9360021492",80,48,164,977,1084,1543,434,120,225
7806,"THEFT F/AUTO","38.9054027851","-76.9360021492",80,48,128,977,1084,2061,434,120,554
7806,"ROBBERY","38.9054934696","-76.9371088599",117,47,164,659,884,1543,103,122,225
7806,"ROBBERY","38.9054934696","-76.9371088599",117,47,128,659,884,2061,103,122,554
7806,"ROBBERY","38.9054934696","-76.9371088599",117,48,164,659,1084,1543,103,120,225
7806,"ROBBERY","38.9054934696","-76.9371088599",117,48,128,659,1084,2061,103,120,554
7806,"ROBBERY","38.9054934696","-76.9371088599",80,47,164,977,884,1543,434,122,225
7806,"ROBBERY","38.9054934696","-76.9371088599",80,47,128,977,884,2061,434,122,554
7806,"ROBBERY","38.9054934696","-76.9371088599",80,48,164,977,1084,1543,434,120,225
7806,"ROBBERY","38.9054934696","-76.9371088599",80,48,128,977,1084,2061,434,120,554
7806,"MOTOR VEHICLE THEFT","38.9054027851","-76.9360021492",117,47,164,659,884,1543,103,122,225
7806,"MOTOR VEHICLE THEFT","38.9054027851","-76.9360021492",117,47,128,659,884,2061,103,122,554
7806,"MOTOR VEHICLE THEFT","38.9054027851","-76.9360021492",117,48,164,659,1084,1543,103,120,225
7806,"MOTOR VEHICLE THEFT","38.9054027851","-76.9360021492",117,48,128,659,1084,2061,103,120,554
7806,"MOTOR VEHICLE THEFT","38.9054027851","-76.9360021492",80,47,164,977,884,1543,434,122,225
7806,"MOTOR VEHICLE THEFT","38.9054027851","-76.9360021492",80,47,128,977,884,2061,434,122,554
7806,"MOTOR VEHICLE THEFT","38.9054027851","-76.9360021492",80,48,164,977,1084,1543,434,120,225
7806,"MOTOR VEHICLE THEFT","38.9054027851","-76.9360021492",80,48,128,977,1084,2061,434,120,554
7806,"THEFT F/AUTO","38.9066406504","-76.9269851499",117,47,164,659,884,1543,103,122,225
7806,"THEFT F/AUTO","38.9066406504","-76.9269851499",117,47,128,659,884,2061,103,122,554
7806,"THEFT F/AUTO","38.9066406504","-76.9269851499",117,48,164,659,1084,1543,103,120,225
7806,"THEFT F/AUTO","38.9066406504","-76.9269851499",117,48,128,659,1084,2061,103,120,554
7806,"THEFT F/AUTO","38.9066406504","-76.9269851499",80,47,164,977,884,1543,434,122,225
7806,"THEFT F/AUTO","38.9066406504","-76.9269851499",80,47,128,977,884,2061,434,122,554
7806,"THEFT F/AUTO","38.9066406504","-76.9269851499",80,48,164,977,1084,1543,434,120,225
7806,"THEFT F/AUTO","38.9066406504","-76.9269851499",80,48,128,977,1084,2061,434,120,554
7806,"MOTOR VEHICLE THEFT","38.9053655051","-76.9337655444",117,47,164,659,884,1543,103,122,225
7806,"MOTOR VEHICLE THEFT","38.9053655051","-76.9337655444",117,47,128,659,884,2061,103,122,554
7806,"MOTOR VEHICLE THEFT","38.9053655051","-76.9337655444",117,48,164,659,1084,1543,103,120,225
7806,"MOTOR VEHICLE THEFT","38.9053655051","-76.9337655444",117,48,128,659,1084,2061,103,120,554
7806,"MOTOR VEHICLE THEFT","38.9053655051","-76.9337655444",80,47,164,977,884,1543,434,122,225
7806,"MOTOR VEHICLE THEFT","38.9053655051","-76.9337655444",80,47,128,977,884,2061,434,122,554
7806,"MOTOR VEHICLE THEFT","38.9053655051","-76.9337655444",80,48,164,977,1084,1543,434,120,225
7806,"MOTOR VEHICLE THEFT","38.9053655051","-76.9337655444",80,48,128,977,1084,2061,434,120,554
7806,"MOTOR VEHICLE THEFT","38.9053655051","-76.9337655444",117,47,164,659,884,1543,103,122,225
7806,"MOTOR VEHICLE THEFT","38.9053655051","-76.9337655444",117,47,128,659,884,2061,103,122,554
7806,"MOTOR VEHICLE THEFT","38.9053655051","-76.9337655444",117,48,164,659,1084,1543,103,120,225
7806,"MOTOR VEHICLE THEFT","38.9053655051","-76.9337655444",117,48,128,659,1084,2061,103,120,554
7806,"MOTOR VEHICLE THEFT","38.9053655051","-76.9337655444",80,47,164,977,884,1543,434,122,225
7806,"MOTOR VEHICLE THEFT","38.9053655051","-76.9337655444",80,47,128,977,884,2061,434,122,554
7806,"MOTOR VEHICLE THEFT","38.9053655051","-76.9337655444",80,48,164,977,1084,1543,434,120,225
7806,"MOTOR VEHICLE THEFT","38.9053655051","-76.9337655444",80,48,128,977,1084,2061,434,120,554
7806,"ROBBERY","38.9053655051","-76.9337655444",117,47,164,659,884,1543,103,122,225
7806,"ROBBERY","38.9053655051","-76.9337655444",117,47,128,659,884,2061,103,122,554
7806,"ROBBERY","38.9053655051","-76.9337655444",117,48,164,659,1084,1543,103,120,225
7806,"ROBBERY","38.9053655051","-76.9337655444",117,48,128,659,1084,2061,103,120,554
7806,"ROBBERY","38.9053655051","-76.9337655444",80,47,164,977,884,1543,434,122,225
7806,"ROBBERY","38.9053655051","-76.9337655444",80,47,128,977,884,2061,434,122,554
7806,"ROBBERY","38.9053655051","-76.9337655444",80,48,164,977,1084,1543,434,120,225
7806,"ROBBERY","38.9053655051","-76.9337655444",80,48,128,977,1084,2061,434,120,554
7806,"THEFT F/AUTO","38.9066406504","-76.9269851499",117,47,164,659,884,1543,103,122,225
7806,"THEFT F/AUTO","38.9066406504","-76.9269851499",117,47,128,659,884,2061,103,122,554
7806,"THEFT F/AUTO","38.9066406504","-76.9269851499",117,48,164,659,1084,1543,103,120,225
7806,"THEFT F/AUTO","38.9066406504","-76.9269851499",117,48,128,659,1084,2061,103,120,554
7806,"THEFT F/AUTO","38.9066406504","-76.9269851499",80,47,164,977,884,1543,434,122,225
7806,"THEFT F/AUTO","38.9066406504","-76.9269851499",80,47,128,977,884,2061,434,122,554
7806,"THEFT F/AUTO","38.9066406504","-76.9269851499",80,48,164,977,1084,1543,434,120,225
7806,"THEFT F/AUTO","38.9066406504","-76.9269851499",80,48,128,977,1084,2061,434,120,554
7806,"THEFT/OTHER","38.9036400127","-76.9256278248",117,47,164,659,884,1543,103,122,225
7806,"THEFT/OTHER","38.9036400127","-76.9256278248",117,47,128,659,884,2061,103,122,554
7806,"THEFT/OTHER","38.9036400127","-76.9256278248",117,48,164,659,1084,1543,103,120,225
7806,"THEFT/OTHER","38.9036400127","-76.9256278248",117,48,128,659,1084,2061,103,120,554
7806,"THEFT/OTHER","38.9036400127","-76.9256278248",80,47,164,977,884,1543,434,122,225
7806,"THEFT/OTHER","38.9036400127","-76.9256278248",80,47,128,977,884,2061,434,122,554
7806,"THEFT/OTHER","38.9036400127","-76.9256278248",80,48,164,977,1084,1543,434,120,225
7806,"THEFT/OTHER","38.9036400127","-76.9256278248",80,48,128,977,1084,2061,434,120,554
7806,"ASSAULT W/DANGEROUS WEAPON","38.9066406504","-76.9269851499",117,47,164,659,884,1543,103,122,225
7806,"ASSAULT W/DANGEROUS WEAPON","38.9066406504","-76.9269851499",117,47,128,659,884,2061,103,122,554
7806,"ASSAULT W/DANGEROUS WEAPON","38.9066406504","-76.9269851499",117,48,164,659,1084,1543,103,120,225
7806,"ASSAULT W/DANGEROUS WEAPON","38.9066406504","-76.9269851499",117,48,128,659,1084,2061,103,120,554
7806,"ASSAULT W/DANGEROUS WEAPON","38.9066406504","-76.9269851499",80,47,164,977,884,1543,434,122,225
7806,"ASSAULT W/DANGEROUS WEAPON","38.9066406504","-76.9269851499",80,47,128,977,884,2061,434,122,554
7806,"ASSAULT W/DANGEROUS WEAPON","38.9066406504","-76.9269851499",80,48,164,977,1084,1543,434,120,225
7806,"ASSAULT W/DANGEROUS WEAPON","38.9066406504","-76.9269851499",80,48,128,977,1084,2061,434,120,554
7806,"BURGLARY","38.9066406504","-76.9269851499",117,47,164,659,884,1543,103,122,225
7806,"BURGLARY","38.9066406504","-76.9269851499",117,47,128,659,884,2061,103,122,554
7806,"BURGLARY","38.9066406504","-76.9269851499",117,48,164,659,1084,1543,103,120,225
7806,"BURGLARY","38.9066406504","-76.9269851499",117,48,128,659,1084,2061,103,120,554
7806,"BURGLARY","38.9066406504","-76.9269851499",80,47,164,977,884,1543,434,122,225
7806,"BURGLARY","38.9066406504","-76.9269851499",80,47,128,977,884,2061,434,122,554
7806,"BURGLARY","38.9066406504","-76.9269851499",80,48,164,977,1084,1543,434,120,225
7806,"BURGLARY","38.9066406504","-76.9269851499",80,48,128,977,1084,2061,434,120,554
7806,"THEFT F/AUTO","38.9039539782","-76.9388741289",117,47,164,659,884,1543,103,122,225
7806,"THEFT F/AUTO","38.9039539782","-76.9388741289",117,47,128,659,884,2061,103,122,554
7806,"THEFT F/AUTO","38.9039539782","-76.9388741289",117,48,164,659,1084,1543,103,120,225
7806,"THEFT F/AUTO","38.9039539782","-76.9388741289",117,48,128,659,1084,2061,103,120,554
7806,"THEFT F/AUTO","38.9039539782","-76.9388741289",80,47,164,977,884,1543,434,122,225
7806,"THEFT F/AUTO","38.9039539782","-76.9388741289",80,47,128,977,884,2061,434,122,554
7806,"THEFT F/AUTO","38.9039539782","-76.9388741289",80,48,164,977,1084,1543,434,120,225
7806,"THEFT F/AUTO","38.9039539782","-76.9388741289",80,48,128,977,1084,2061,434,120,554
7806,"ASSAULT W/DANGEROUS WEAPON","38.9066406504","-76.9269851499",117,47,164,659,884,1543,103,122,225
7806,"ASSAULT W/DANGEROUS WEAPON","38.9066406504","-76.9269851499",117,47,128,659,884,2061,103,122,554
7806,"ASSAULT W/DANGEROUS WEAPON","38.9066406504","-76.9269851499",117,48,164,659,1084,1543,103,120,225
7806,"ASSAULT W/DANGEROUS WEAPON","38.9066406504","-76.9269851499",117,48,128,659,1084,2061,103,120,554
7806,"ASSAULT W/DANGEROUS WEAPON","38.9066406504","-76.9269851499",80,47,164,977,884,1543,434,122,225
7806,"ASSAULT W/DANGEROUS WEAPON","38.9066406504","-76.9269851499",80,47,128,977,884,2061,434,122,554
7806,"ASSAULT W/DANGEROUS WEAPON","38.9066406504","-76.9269851499",80,48,164,977,1084,1543,434,120,225
7806,"ASSAULT W/DANGEROUS WEAPON","38.9066406504","-76.9269851499",80,48,128,977,1084,2061,434,120,554
7806,"MOTOR VEHICLE THEFT","38.9045580351","-76.9243356271",117,47,164,659,884,1543,103,122,225
7806,"MOTOR VEHICLE THEFT","38.9045580351","-76.9243356271",117,47,128,659,884,2061,103,122,554
7806,"MOTOR VEHICLE THEFT","38.9045580351","-76.9243356271",117,48,164,659,1084,1543,103,120,225
7806,"MOTOR VEHICLE THEFT","38.9045580351","-76.9243356271",117,48,128,659,1084,2061,103,120,554
7806,"MOTOR VEHICLE THEFT","38.9045580351","-76.9243356271",80,47,164,977,884,1543,434,122,225
7806,"MOTOR VEHICLE THEFT","38.9045580351","-76.9243356271",80,47,128,977,884,2061,434,122,554
7806,"MOTOR VEHICLE THEFT","38.9045580351","-76.9243356271",80,48,164,977,1084,1543,434,120,225
7806,"MOTOR VEHICLE THEFT","38.9045580351","-76.9243356271",80,48,128,977,1084,2061,434,120,554
7806,"THEFT F/AUTO","38.9066332691","-76.9296368892",117,47,164,659,884,1543,103,122,225
7806,"THEFT F/AUTO","38.9066332691","-76.9296368892",117,47,128,659,884,2061,103,122,554
7806,"THEFT F/AUTO","38.9066332691","-76.9296368892",117,48,164,659,1084,1543,103,120,225
7806,"THEFT F/AUTO","38.9066332691","-76.9296368892",117,48,128,659,1084,2061,103,120,554
7806,"THEFT F/AUTO","38.9066332691","-76.9296368892",80,47,164,977,884,1543,434,122,225
7806,"THEFT F/AUTO","38.9066332691","-76.9296368892",80,47,128,977,884,2061,434,122,554
7806,"THEFT F/AUTO","38.9066332691","-76.9296368892",80,48,164,977,1084,1543,434,120,225
7806,"THEFT F/AUTO","38.9066332691","-76.9296368892",80,48,128,977,1084,2061,434,120,554
7806,"THEFT F/AUTO","38.9041403698","-76.9337666821",117,47,164,659,884,1543,103,122,225
7806,"THEFT F/AUTO","38.9041403698","-76.9337666821",117,47,128,659,884,2061,103,122,554
7806,"THEFT F/AUTO","38.9041403698","-76.9337666821",117,48,164,659,1084,1543,103,120,225
7806,"THEFT F/AUTO","38.9041403698","-76.9337666821",117,48,128,659,1084,2061,103,120,554
7806,"THEFT F/AUTO","38.9041403698","-76.9337666821",80,47,164,977,884,1543,434,122,225
7806,"THEFT F/AUTO","38.9041403698","-76.9337666821",80,47,128,977,884,2061,434,122,554
7806,"THEFT F/AUTO","38.9041403698","-76.9337666821",80,48,164,977,1084,1543,434,120,225
7806,"THEFT F/AUTO","38.9041403698","-76.9337666821",80,48,128,977,1084,2061,434,120,554
7806,"MOTOR VEHICLE THEFT","38.9053655051","-76.9337655444",117,47,164,659,884,1543,103,122,225
7806,"MOTOR VEHICLE THEFT","38.9053655051","-76.9337655444",117,47,128,659,884,2061,103,122,554
7806,"MOTOR VEHICLE THEFT","38.9053655051","-76.9337655444",117,48,164,659,1084,1543,103,120,225
7806,"MOTOR VEHICLE THEFT","38.9053655051","-76.9337655444",117,48,128,659,1084,2061,103,120,554
7806,"MOTOR VEHICLE THEFT","38.9053655051","-76.9337655444",80,47,164,977,884,1543,434,122,225
7806,"MOTOR VEHICLE THEFT","38.9053655051","-76.9337655444",80,47,128,977,884,2061,434,122,554
7806,"MOTOR VEHICLE THEFT","38.9053655051","-76.9337655444",80,48,164,977,1084,1543,434,120,225
7806,"MOTOR VEHICLE THEFT","38.9053655051","-76.9337655444",80,48,128,977,1084,2061,434,120,554
7806,"THEFT F/AUTO","38.9072011062","-76.9301551503",117,47,164,659,884,1543,103,122,225
7806,"THEFT F/AUTO","38.9072011062","-76.9301551503",117,47,128,659,884,2061,103,122,554
7806,"THEFT F/AUTO","38.9072011062","-76.9301551503",117,48,164,659,1084,1543,103,120,225
7806,"THEFT F/AUTO","38.9072011062","-76.9301551503",117,48,128,659,1084,2061,103,120,554
7806,"THEFT F/AUTO","38.9072011062","-76.9301551503",80,47,164,977,884,1543,434,122,225
7806,"THEFT F/AUTO","38.9072011062","-76.9301551503",80,47,128,977,884,2061,434,122,554
7806,"THEFT F/AUTO","38.9072011062","-76.9301551503",80,48,164,977,1084,1543,434,120,225
7806,"THEFT F/AUTO","38.9072011062","-76.9301551503",80,48,128,977,1084,2061,434,120,554
7806,"ROBBERY","38.9053649057","-76.9327164003",117,47,164,659,884,1543,103,122,225
7806,"ROBBERY","38.9053649057","-76.9327164003",117,47,128,659,884,2061,103,122,554
7806,"ROBBERY","38.9053649057","-76.9327164003",117,48,164,659,1084,1543,103,120,225
7806,"ROBBERY","38.9053649057","-76.9327164003",117,48,128,659,1084,2061,103,120,554
7806,"ROBBERY","38.9053649057","-76.9327164003",80,47,164,977,884,1543,434,122,225
7806,"ROBBERY","38.9053649057","-76.9327164003",80,47,128,977,884,2061,434,122,554
7806,"ROBBERY","38.9053649057","-76.9327164003",80,48,164,977,1084,1543,434,120,225
7806,"ROBBERY","38.9053649057","-76.9327164003",80,48,128,977,1084,2061,434,120,554
7806,"ROBBERY","38.9038361685","-76.9375484161",117,47,164,659,884,1543,103,122,225
7806,"ROBBERY","38.9038361685","-76.9375484161",117,47,128,659,884,2061,103,122,554
7806,"ROBBERY","38.9038361685","-76.9375484161",117,48,164,659,1084,1543,103,120,225
7806,"ROBBERY","38.9038361685","-76.9375484161",117,48,128,659,1084,2061,103,120,554
7806,"ROBBERY","38.9038361685","-76.9375484161",80,47,164,977,884,1543,434,122,225
7806,"ROBBERY","38.9038361685","-76.9375484161",80,47,128,977,884,2061,434,122,554
7806,"ROBBERY","38.9038361685","-76.9375484161",80,48,164,977,1084,1543,434,120,225
7806,"ROBBERY","38.9038361685","-76.9375484161",80,48,128,977,1084,2061,434,120,554
7806,"ROBBERY","38.9060678543","-76.9332345501",117,47,164,659,884,1543,103,122,225
7806,"ROBBERY","38.9060678543","-76.9332345501",117,47,128,659,884,2061,103,122,554
7806,"ROBBERY","38.9060678543","-76.9332345501",117,48,164,659,1084,1543,103,120,225
7806,"ROBBERY","38.9060678543","-76.9332345501",117,48,128,659,1084,2061,103,120,554
7806,"ROBBERY","38.9060678543","-76.9332345501",80,47,164,977,884,1543,434,122,225
7806,"ROBBERY","38.9060678543","-76.9332345501",80,47,128,977,884,2061,434,122,554
7806,"ROBBERY","38.9060678543","-76.9332345501",80,48,164,977,1084,1543,434,120,225
7806,"ROBBERY","38.9060678543","-76.9332345501",80,48,128,977,1084,2061,434,120,554
7806,"THEFT F/AUTO","38.9046594651","-76.9280363123",117,47,164,659,884,1543,103,122,225
7806,"THEFT F/AUTO","38.9046594651","-76.9280363123",117,47,128,659,884,2061,103,122,554
7806,"THEFT F/AUTO","38.9046594651","-76.9280363123",117,48,164,659,1084,1543,103,120,225
7806,"THEFT F/AUTO","38.9046594651","-76.9280363123",117,48,128,659,1084,2061,103,120,554
7806,"THEFT F/AUTO","38.9046594651","-76.9280363123",80,47,164,977,884,1543,434,122,225
7806,"THEFT F/AUTO","38.9046594651","-76.9280363123",80,47,128,977,884,2061,434,122,554
7806,"THEFT F/AUTO","38.9046594651","-76.9280363123",80,48,164,977,1084,1543,434,120,225
7806,"THEFT F/AUTO","38.9046594651","-76.9280363123",80,48,128,977,1084,2061,434,120,554
7806,"THEFT/OTHER","38.9082544154","-76.9290472839",117,47,164,659,884,1543,103,122,225
7806,"THEFT/OTHER","38.9082544154","-76.9290472839",117,47,128,659,884,2061,103,122,554
7806,"THEFT/OTHER","38.9082544154","-76.9290472839",117,48,164,659,1084,1543,103,120,225
7806,"THEFT/OTHER","38.9082544154","-76.9290472839",117,48,128,659,1084,2061,103,120,554
7806,"THEFT/OTHER","38.9082544154","-76.9290472839",80,47,164,977,884,1543,434,122,225
7806,"THEFT/OTHER","38.9082544154","-76.9290472839",80,47,128,977,884,2061,434,122,554
7806,"THEFT/OTHER","38.9082544154","-76.9290472839",80,48,164,977,1084,1543,434,120,225
7806,"THEFT/OTHER","38.9082544154","-76.9290472839",80,48,128,977,1084,2061,434,120,554
7806,"ASSAULT W/DANGEROUS WEAPON","38.9049366909","-76.9248079142",117,47,164,659,884,1543,103,122,225
7806,"ASSAULT W/DANGEROUS WEAPON","38.9049366909","-76.9248079142",117,47,128,659,884,2061,103,122,554
7806,"ASSAULT W/DANGEROUS WEAPON","38.9049366909","-76.9248079142",117,48,164,659,1084,1543,103,120,225
7806,"ASSAULT W/DANGEROUS WEAPON","38.9049366909","-76.9248079142",117,48,128,659,1084,2061,103,120,554
7806,"ASSAULT W/DANGEROUS WEAPON","38.9049366909","-76.9248079142",80,47,164,977,884,1543,434,122,225
7806,"ASSAULT W/DANGEROUS WEAPON","38.9049366909","-76.9248079142",80,47,128,977,884,2061,434,122,554
7806,"ASSAULT W/DANGEROUS WEAPON","38.9049366909","-76.9248079142",80,48,164,977,1084,1543,434,120,225
7806,"ASSAULT W/DANGEROUS WEAPON","38.9049366909","-76.9248079142",80,48,128,977,1084,2061,434,120,554
7806,"BURGLARY","38.9032703116","-76.9407538967",117,47,164,659,884,1543,103,122,225
7806,"BURGLARY","38.9032703116","-76.9407538967",117,47,128,659,884,2061,103,122,554
7806,"BURGLARY","38.9032703116","-76.9407538967",117,48,164,659,1084,1543,103,120,225
7806,"BURGLARY","38.9032703116","-76.9407538967",117,48,128,659,1084,2061,103,120,554
7806,"BURGLARY","38.9032703116","-76.9407538967",80,47,164,977,884,1543,434,122,225
7806,"BURGLARY","38.9032703116","-76.9407538967",80,47,128,977,884,2061,434,122,554
7806,"BURGLARY","38.9032703116","-76.9407538967",80,48,164,977,1084,1543,434,120,225
7806,"BURGLARY","38.9032703116","-76.9407538967",80,48,128,977,1084,2061,434,120,554
7806,"THEFT/OTHER","38.904669136","-76.9291200239",117,47,164,659,884,1543,103,122,225
7806,"THEFT/OTHER","38.904669136","-76.9291200239",117,47,128,659,884,2061,103,122,554
7806,"THEFT/OTHER","38.904669136","-76.9291200239",117,48,164,659,1084,1543,103,120,225
7806,"THEFT/OTHER","38.904669136","-76.9291200239",117,48,128,659,1084,2061,103,120,554
7806,"THEFT/OTHER","38.904669136","-76.9291200239",80,47,164,977,884,1543,434,122,225
7806,"THEFT/OTHER","38.904669136","-76.9291200239",80,47,128,977,884,2061,434,122,554
7806,"THEFT/OTHER","38.904669136","-76.9291200239",80,48,164,977,1084,1543,434,120,225
7806,"THEFT/OTHER","38.904669136","-76.9291200239",80,48,128,977,1084,2061,434,120,554
7806,"MOTOR VEHICLE THEFT","38.9066326326","-76.9285877264",117,47,164,659,884,1543,103,122,225
7806,"MOTOR VEHICLE THEFT","38.9066326326","-76.9285877264",117,47,128,659,884,2061,103,122,554
7806,"MOTOR VEHICLE THEFT","38.9066326326","-76.9285877264",117,48,164,659,1084,1543,103,120,225
7806,"MOTOR VEHICLE THEFT","38.9066326326","-76.9285877264",117,48,128,659,1084,2061,103,120,554
7806,"MOTOR VEHICLE THEFT","38.9066326326","-76.9285877264",80,47,164,977,884,1543,434,122,225
7806,"MOTOR VEHICLE THEFT","38.9066326326","-76.9285877264",80,47,128,977,884,2061,434,122,554
7806,"MOTOR VEHICLE THEFT","38.9066326326","-76.9285877264",80,48,164,977,1084,1543,434,120,225
7806,"MOTOR VEHICLE THEFT","38.9066326326","-76.9285877264",80,48,128,977,1084,2061,434,120,554
7806,"THEFT/OTHER","38.905366063","-76.9347570434",117,47,164,659,884,1543,103,122,225
7806,"THEFT/OTHER","38.905366063","-76.9347570434",117,47,128,659,884,2061,103,122,554
7806,"THEFT/OTHER","38.905366063","-76.9347570434",117,48,164,659,1084,1543,103,120,225
7806,"THEFT/OTHER","38.905366063","-76.9347570434",117,48,128,659,1084,2061,103,120,554
7806,"THEFT/OTHER","38.905366063","-76.9347570434",80,47,164,977,884,1543,434,122,225
7806,"THEFT/OTHER","38.905366063","-76.9347570434",80,47,128,977,884,2061,434,122,554
7806,"THEFT/OTHER","38.905366063","-76.9347570434",80,48,164,977,1084,1543,434,120,225
7806,"THEFT/OTHER","38.905366063","-76.9347570434",80,48,128,977,1084,2061,434,120,554
7806,"THEFT F/AUTO","38.9053624558","-76.9285889981",117,47,164,659,884,1543,103,122,225
7806,"THEFT F/AUTO","38.9053624558","-76.9285889981",117,47,128,659,884,2061,103,122,554
7806,"THEFT F/AUTO","38.9053624558","-76.9285889981",117,48,164,659,1084,1543,103,120,225
7806,"THEFT F/AUTO","38.9053624558","-76.9285889981",117,48,128,659,1084,2061,103,120,554
7806,"THEFT F/AUTO","38.9053624558","-76.9285889981",80,47,164,977,884,1543,434,122,225
7806,"THEFT F/AUTO","38.9053624558","-76.9285889981",80,47,128,977,884,2061,434,122,554
7806,"THEFT F/AUTO","38.9053624558","-76.9285889981",80,48,164,977,1084,1543,434,120,225
7806,"THEFT F/AUTO","38.9053624558","-76.9285889981",80,48,128,977,1084,2061,434,120,554
7806,"MOTOR VEHICLE THEFT","38.9072011062","-76.9301551503",117,47,164,659,884,1543,103,122,225
7806,"MOTOR VEHICLE THEFT","38.9072011062","-76.9301551503",117,47,128,659,884,2061,103,122,554
7806,"MOTOR VEHICLE THEFT","38.9072011062","-76.9301551503",117,48,164,659,1084,1543,103,120,225
7806,"MOTOR VEHICLE THEFT","38.9072011062","-76.9301551503",117,48,128,659,1084,2061,103,120,554
7806,"MOTOR VEHICLE THEFT","38.9072011062","-76.9301551503",80,47,164,977,884,1543,434,122,225
7806,"MOTOR VEHICLE THEFT","38.9072011062","-76.9301551503",80,47,128,977,884,2061,434,122,554
7806,"MOTOR VEHICLE THEFT","38.9072011062","-76.9301551503",80,48,164,977,1084,1543,434,120,225
7806,"MOTOR VEHICLE THEFT","38.9072011062","-76.9301551503",80,48,128,977,1084,2061,434,120,554
7806,"THEFT/OTHER","38.9032703116","-76.9407538967",117,47,164,659,884,1543,103,122,225
7806,"THEFT/OTHER","38.9032703116","-76.9407538967",117,47,128,659,884,2061,103,122,554
7806,"THEFT/OTHER","38.9032703116","-76.9407538967",117,48,164,659,1084,1543,103,120,225
7806,"THEFT/OTHER","38.9032703116","-76.9407538967",117,48,128,659,1084,2061,103,120,554
7806,"THEFT/OTHER","38.9032703116","-76.9407538967",80,47,164,977,884,1543,434,122,225
7806,"THEFT/OTHER","38.9032703116","-76.9407538967",80,47,128,977,884,2061,434,122,554
7806,"THEFT/OTHER","38.9032703116","-76.9407538967",80,48,164,977,1084,1543,434,120,225
7806,"THEFT/OTHER","38.9032703116","-76.9407538967",80,48,128,977,1084,2061,434,120,554
7806,"ASSAULT W/DANGEROUS WEAPON","38.9053655051","-76.9337655444",117,47,164,659,884,1543,103,122,225
7806,"ASSAULT W/DANGEROUS WEAPON","38.9053655051","-76.9337655444",117,47,128,659,884,2061,103,122,554
7806,"ASSAULT W/DANGEROUS WEAPON","38.9053655051","-76.9337655444",117,48,164,659,1084,1543,103,120,225
7806,"ASSAULT W/DANGEROUS WEAPON","38.9053655051","-76.9337655444",117,48,128,659,1084,2061,103,120,554
7806,"ASSAULT W/DANGEROUS WEAPON","38.9053655051","-76.9337655444",80,47,164,977,884,1543,434,122,225
7806,"ASSAULT W/DANGEROUS WEAPON","38.9053655051","-76.9337655444",80,47,128,977,884,2061,434,122,554
7806,"ASSAULT W/DANGEROUS WEAPON","38.9053655051","-76.9337655444",80,48,164,977,1084,1543,434,120,225
7806,"ASSAULT W/DANGEROUS WEAPON","38.9053655051","-76.9337655444",80,48,128,977,1084,2061,434,120,554
7806,"ASSAULT W/DANGEROUS WEAPON","38.9077621022","-76.9344320271",117,47,164,659,884,1543,103,122,225
7806,"ASSAULT W/DANGEROUS WEAPON","38.9077621022","-76.9344320271",117,47,128,659,884,2061,103,122,554
7806,"ASSAULT W/DANGEROUS WEAPON","38.9077621022","-76.9344320271",117,48,164,659,1084,1543,103,120,225
7806,"ASSAULT W/DANGEROUS WEAPON","38.9077621022","-76.9344320271",117,48,128,659,1084,2061,103,120,554
7806,"ASSAULT W/DANGEROUS WEAPON","38.9077621022","-76.9344320271",80,47,164,977,884,1543,434,122,225
7806,"ASSAULT W/DANGEROUS WEAPON","38.9077621022","-76.9344320271",80,47,128,977,884,2061,434,122,554
7806,"ASSAULT W/DANGEROUS WEAPON","38.9077621022","-76.9344320271",80,48,164,977,1084,1543,434,120,225
7806,"ASSAULT W/DANGEROUS WEAPON","38.9077621022","-76.9344320271",80,48,128,977,1084,2061,434,120,554
7806,"THEFT F/AUTO","38.9028704594","-76.9342405362",117,47,164,659,884,1543,103,122,225
7806,"THEFT F/AUTO","38.9028704594","-76.9342405362",117,47,128,659,884,2061,103,122,554
7806,"THEFT F/AUTO","38.9028704594","-76.9342405362",117,48,164,659,1084,1543,103,120,225
7806,"THEFT F/AUTO","38.9028704594","-76.9342405362",117,48,128,659,1084,2061,103,120,554
7806,"THEFT F/AUTO","38.9028704594","-76.9342405362",80,47,164,977,884,1543,434,122,225
7806,"THEFT F/AUTO","38.9028704594","-76.9342405362",80,47,128,977,884,2061,434,122,554
7806,"THEFT F/AUTO","38.9028704594","-76.9342405362",80,48,164,977,1084,1543,434,120,225
7806,"THEFT F/AUTO","38.9028704594","-76.9342405362",80,48,128,977,1084,2061,434,120,554
7806,"THEFT F/AUTO","38.9060666568","-76.9311708287",117,47,164,659,884,1543,103,122,225
7806,"THEFT F/AUTO","38.9060666568","-76.9311708287",117,47,128,659,884,2061,103,122,554
7806,"THEFT F/AUTO","38.9060666568","-76.9311708287",117,48,164,659,1084,1543,103,120,225
7806,"THEFT F/AUTO","38.9060666568","-76.9311708287",117,48,128,659,1084,2061,103,120,554
7806,"THEFT F/AUTO","38.9060666568","-76.9311708287",80,47,164,977,884,1543,434,122,225
7806,"THEFT F/AUTO","38.9060666568","-76.9311708287",80,47,128,977,884,2061,434,122,554
7806,"THEFT F/AUTO","38.9060666568","-76.9311708287",80,48,164,977,1084,1543,434,120,225
7806,"THEFT F/AUTO","38.9060666568","-76.9311708287",80,48,128,977,1084,2061,434,120,554
7806,"THEFT F/AUTO","38.9053649057","-76.9327164003",117,47,164,659,884,1543,103,122,225
7806,"THEFT F/AUTO","38.9053649057","-76.9327164003",117,47,128,659,884,2061,103,122,554
7806,"THEFT F/AUTO","38.9053649057","-76.9327164003",117,48,164,659,1084,1543,103,120,225
7806,"THEFT F/AUTO","38.9053649057","-76.9327164003",117,48,128,659,1084,2061,103,120,554
7806,"THEFT F/AUTO","38.9053649057","-76.9327164003",80,47,164,977,884,1543,434,122,225
7806,"THEFT F/AUTO","38.9053649057","-76.9327164003",80,47,128,977,884,2061,434,122,554
7806,"THEFT F/AUTO","38.9053649057","-76.9327164003",80,48,164,977,1084,1543,434,120,225
7806,"THEFT F/AUTO","38.9053649057","-76.9327164003",80,48,128,977,1084,2061,434,120,554
7806,"THEFT F/AUTO","38.9060604953","-76.9361860259",117,47,164,659,884,1543,103,122,225
7806,"THEFT F/AUTO","38.9060604953","-76.9361860259",117,47,128,659,884,2061,103,122,554
7806,"THEFT F/AUTO","38.9060604953","-76.9361860259",117,48,164,659,1084,1543,103,120,225
7806,"THEFT F/AUTO","38.9060604953","-76.9361860259",117,48,128,659,1084,2061,103,120,554
7806,"THEFT F/AUTO","38.9060604953","-76.9361860259",80,47,164,977,884,1543,434,122,225
7806,"THEFT F/AUTO","38.9060604953","-76.9361860259",80,47,128,977,884,2061,434,122,554
7806,"THEFT F/AUTO","38.9060604953","-76.9361860259",80,48,164,977,1084,1543,434,120,225
7806,"THEFT F/AUTO","38.9060604953","-76.9361860259",80,48,128,977,1084,2061,434,120,554
7806,"THEFT/OTHER","38.905366063","-76.9347570434",117,47,164,659,884,1543,103,122,225
7806,"THEFT/OTHER","38.905366063","-76.9347570434",117,47,128,659,884,2061,103,122,554
7806,"THEFT/OTHER","38.905366063","-76.9347570434",117,48,164,659,1084,1543,103,120,225
7806,"THEFT/OTHER","38.905366063","-76.9347570434",117,48,128,659,1084,2061,103,120,554
7806,"THEFT/OTHER","38.905366063","-76.9347570434",80,47,164,977,884,1543,434,122,225
7806,"THEFT/OTHER","38.905366063","-76.9347570434",80,47,128,977,884,2061,434,122,554
7806,"THEFT/OTHER","38.905366063","-76.9347570434",80,48,164,977,1084,1543,434,120,225
7806,"THEFT/OTHER","38.905366063","-76.9347570434",80,48,128,977,1084,2061,434,120,554
7806,"THEFT/OTHER","38.9045580351","-76.9243356271",117,47,164,659,884,1543,103,122,225
7806,"THEFT/OTHER","38.9045580351","-76.9243356271",117,47,128,659,884,2061,103,122,554
7806,"THEFT/OTHER","38.9045580351","-76.9243356271",117,48,164,659,1084,1543,103,120,225
7806,"THEFT/OTHER","38.9045580351","-76.9243356271",117,48,128,659,1084,2061,103,120,554
7806,"THEFT/OTHER","38.9045580351","-76.9243356271",80,47,164,977,884,1543,434,122,225
7806,"THEFT/OTHER","38.9045580351","-76.9243356271",80,47,128,977,884,2061,434,122,554
7806,"THEFT/OTHER","38.9045580351","-76.9243356271",80,48,164,977,1084,1543,434,120,225
7806,"THEFT/OTHER","38.9045580351","-76.9243356271",80,48,128,977,1084,2061,434,120,554
7806,"THEFT/OTHER","38.90420641","-76.923874845",117,47,164,659,884,1543,103,122,225
7806,"THEFT/OTHER","38.90420641","-76.923874845",117,47,128,659,884,2061,103,122,554
7806,"THEFT/OTHER","38.90420641","-76.923874845",117,48,164,659,1084,1543,103,120,225
7806,"THEFT/OTHER","38.90420641","-76.923874845",117,48,128,659,1084,2061,103,120,554
7806,"THEFT/OTHER","38.90420641","-76.923874845",80,47,164,977,884,1543,434,122,225
7806,"THEFT/OTHER","38.90420641","-76.923874845",80,47,128,977,884,2061,434,122,554
7806,"THEFT/OTHER","38.90420641","-76.923874845",80,48,164,977,1084,1543,434,120,225
7806,"THEFT/OTHER","38.90420641","-76.923874845",80,48,128,977,1084,2061,434,120,554
7806,"THEFT F/AUTO","38.9046639931","-76.9358068199",117,47,164,659,884,1543,103,122,225
7806,"THEFT F/AUTO","38.9046639931","-76.9358068199",117,47,128,659,884,2061,103,122,554
7806,"THEFT F/AUTO","38.9046639931","-76.9358068199",117,48,164,659,1084,1543,103,120,225
7806,"THEFT F/AUTO","38.9046639931","-76.9358068199",117,48,128,659,1084,2061,103,120,554
7806,"THEFT F/AUTO","38.9046639931","-76.9358068199",80,47,164,977,884,1543,434,122,225
7806,"THEFT F/AUTO","38.9046639931","-76.9358068199",80,47,128,977,884,2061,434,122,554
7806,"THEFT F/AUTO","38.9046639931","-76.9358068199",80,48,164,977,1084,1543,434,120,225
7806,"THEFT F/AUTO","38.9046639931","-76.9358068199",80,48,128,977,1084,2061,434,120,554
7806,"THEFT/OTHER","38.9045580351","-76.9243356271",117,47,164,659,884,1543,103,122,225
7806,"THEFT/OTHER","38.9045580351","-76.9243356271",117,47,128,659,884,2061,103,122,554
7806,"THEFT/OTHER","38.9045580351","-76.9243356271",117,48,164,659,1084,1543,103,120,225
7806,"THEFT/OTHER","38.9045580351","-76.9243356271",117,48,128,659,1084,2061,103,120,554
7806,"THEFT/OTHER","38.9045580351","-76.9243356271",80,47,164,977,884,1543,434,122,225
7806,"THEFT/OTHER","38.9045580351","-76.9243356271",80,47,128,977,884,2061,434,122,554
7806,"THEFT/OTHER","38.9045580351","-76.9243356271",80,48,164,977,1084,1543,434,120,225
7806,"THEFT/OTHER","38.9045580351","-76.9243356271",80,48,128,977,1084,2061,434,120,554
7806,"MOTOR VEHICLE THEFT","38.9041403698","-76.9337666821",117,47,164,659,884,1543,103,122,225
7806,"MOTOR VEHICLE THEFT","38.9041403698","-76.9337666821",117,47,128,659,884,2061,103,122,554
7806,"MOTOR VEHICLE THEFT","38.9041403698","-76.9337666821",117,48,164,659,1084,1543,103,120,225
7806,"MOTOR VEHICLE THEFT","38.9041403698","-76.9337666821",117,48,128,659,1084,2061,103,120,554
7806,"MOTOR VEHICLE THEFT","38.9041403698","-76.9337666821",80,47,164,977,884,1543,434,122,225
7806,"MOTOR VEHICLE THEFT","38.9041403698","-76.9337666821",80,47,128,977,884,2061,434,122,554
7806,"MOTOR VEHICLE THEFT","38.9041403698","-76.9337666821",80,48,164,977,1084,1543,434,120,225
7806,"MOTOR VEHICLE THEFT","38.9041403698","-76.9337666821",80,48,128,977,1084,2061,434,120,554
7806,"THEFT F/AUTO","38.9078596084","-76.9316648655",117,47,164,659,884,1543,103,122,225
7806,"THEFT F/AUTO","38.9078596084","-76.9316648655",117,47,128,659,884,2061,103,122,554
7806,"THEFT F/AUTO","38.9078596084","-76.9316648655",117,48,164,659,1084,1543,103,120,225
7806,"THEFT F/AUTO","38.9078596084","-76.9316648655",117,48,128,659,1084,2061,103,120,554
7806,"THEFT F/AUTO","38.9078596084","-76.9316648655",80,47,164,977,884,1543,434,122,225
7806,"THEFT F/AUTO","38.9078596084","-76.9316648655",80,47,128,977,884,2061,434,122,554
7806,"THEFT F/AUTO","38.9078596084","-76.9316648655",80,48,164,977,1084,1543,434,120,225
7806,"THEFT F/AUTO","38.9078596084","-76.9316648655",80,48,128,977,1084,2061,434,120,554
7806,"THEFT/OTHER","38.9077621022","-76.9344320271",117,47,164,659,884,1543,103,122,225
7806,"THEFT/OTHER","38.9077621022","-76.9344320271",117,47,128,659,884,2061,103,122,554
7806,"THEFT/OTHER","38.9077621022","-76.9344320271",117,48,164,659,1084,1543,103,120,225
7806,"THEFT/OTHER","38.9077621022","-76.9344320271",117,48,128,659,1084,2061,103,120,554
7806,"THEFT/OTHER","38.9077621022","-76.9344320271",80,47,164,977,884,1543,434,122,225
7806,"THEFT/OTHER","38.9077621022","-76.9344320271",80,47,128,977,884,2061,434,122,554
7806,"THEFT/OTHER","38.9077621022","-76.9344320271",80,48,164,977,1084,1543,434,120,225
7806,"THEFT/OTHER","38.9077621022","-76.9344320271",80,48,128,977,1084,2061,434,120,554
7806,"ASSAULT W/DANGEROUS WEAPON","38.9027814185","-76.9361197875",117,47,164,659,884,1543,103,122,225
7806,"ASSAULT W/DANGEROUS WEAPON","38.9027814185","-76.9361197875",117,47,128,659,884,2061,103,122,554
7806,"ASSAULT W/DANGEROUS WEAPON","38.9027814185","-76.9361197875",117,48,164,659,1084,1543,103,120,225
7806,"ASSAULT W/DANGEROUS WEAPON","38.9027814185","-76.9361197875",117,48,128,659,1084,2061,103,120,554
7806,"ASSAULT W/DANGEROUS WEAPON","38.9027814185","-76.9361197875",80,47,164,977,884,1543,434,122,225
7806,"ASSAULT W/DANGEROUS WEAPON","38.9027814185","-76.9361197875",80,47,128,977,884,2061,434,122,554
7806,"ASSAULT W/DANGEROUS WEAPON","38.9027814185","-76.9361197875",80,48,164,977,1084,1543,434,120,225
7806,"ASSAULT W/DANGEROUS WEAPON","38.9027814185","-76.9361197875",80,48,128,977,1084,2061,434,120,554
7806,"MOTOR VEHICLE THEFT","38.9053630924","-76.9296381422",117,47,164,659,884,1543,103,122,225
7806,"MOTOR VEHICLE THEFT","38.9053630924","-76.9296381422",117,47,128,659,884,2061,103,122,554
7806,"MOTOR VEHICLE THEFT","38.9053630924","-76.9296381422",117,48,164,659,1084,1543,103,120,225
7806,"MOTOR VEHICLE THEFT","38.9053630924","-76.9296381422",117,48,128,659,1084,2061,103,120,554
7806,"MOTOR VEHICLE THEFT","38.9053630924","-76.9296381422",80,47,164,977,884,1543,434,122,225
7806,"MOTOR VEHICLE THEFT","38.9053630924","-76.9296381422",80,47,128,977,884,2061,434,122,554
7806,"MOTOR VEHICLE THEFT","38.9053630924","-76.9296381422",80,48,164,977,1084,1543,434,120,225
7806,"MOTOR VEHICLE THEFT","38.9053630924","-76.9296381422",80,48,128,977,1084,2061,434,120,554
7806,"ROBBERY","38.905370032","-76.9262831776",117,47,164,659,884,1543,103,122,225
7806,"ROBBERY","38.905370032","-76.9262831776",117,47,128,659,884,2061,103,122,554
7806,"ROBBERY","38.905370032","-76.9262831776",117,48,164,659,1084,1543,103,120,225
7806,"ROBBERY","38.905370032","-76.9262831776",117,48,128,659,1084,2061,103,120,554
7806,"ROBBERY","38.905370032","-76.9262831776",80,47,164,977,884,1543,434,122,225
7806,"ROBBERY","38.905370032","-76.9262831776",80,47,128,977,884,2061,434,122,554
7806,"ROBBERY","38.905370032","-76.9262831776",80,48,164,977,1084,1543,434,120,225
7806,"ROBBERY","38.905370032","-76.9262831776",80,48,128,977,1084,2061,434,120,554
7806,"THEFT F/AUTO","38.9054934696","-76.9371088599",117,47,164,659,884,1543,103,122,225
7806,"THEFT F/AUTO","38.9054934696","-76.9371088599",117,47,128,659,884,2061,103,122,554
7806,"THEFT F/AUTO","38.9054934696","-76.9371088599",117,48,164,659,1084,1543,103,120,225
7806,"THEFT F/AUTO","38.9054934696","-76.9371088599",117,48,128,659,1084,2061,103,120,554
7806,"THEFT F/AUTO","38.9054934696","-76.9371088599",80,47,164,977,884,1543,434,122,225
7806,"THEFT F/AUTO","38.9054934696","-76.9371088599",80,47,128,977,884,2061,434,122,554
7806,"THEFT F/AUTO","38.9054934696","-76.9371088599",80,48,164,977,1084,1543,434,120,225
7806,"THEFT F/AUTO","38.9054934696","-76.9371088599",80,48,128,977,1084,2061,434,120,554
7806,"ASSAULT W/DANGEROUS WEAPON","38.9066344736","-76.9316660393",117,47,164,659,884,1543,103,122,225
7806,"ASSAULT W/DANGEROUS WEAPON","38.9066344736","-76.9316660393",117,47,128,659,884,2061,103,122,554
7806,"ASSAULT W/DANGEROUS WEAPON","38.9066344736","-76.9316660393",117,48,164,659,1084,1543,103,120,225
7806,"ASSAULT W/DANGEROUS WEAPON","38.9066344736","-76.9316660393",117,48,128,659,1084,2061,103,120,554
7806,"ASSAULT W/DANGEROUS WEAPON","38.9066344736","-76.9316660393",80,47,164,977,884,1543,434,122,225
7806,"ASSAULT W/DANGEROUS WEAPON","38.9066344736","-76.9316660393",80,47,128,977,884,2061,434,122,554
7806,"ASSAULT W/DANGEROUS WEAPON","38.9066344736","-76.9316660393",80,48,164,977,1084,1543,434,120,225
7806,"ASSAULT W/DANGEROUS WEAPON","38.9066344736","-76.9316660393",80,48,128,977,1084,2061,434,120,554
7806,"ROBBERY","38.9032575515","-76.9337675018",117,47,164,659,884,1543,103,122,225
7806,"ROBBERY","38.9032575515","-76.9337675018",117,47,128,659,884,2061,103,122,554
7806,"ROBBERY","38.9032575515","-76.9337675018",117,48,164,659,1084,1543,103,120,225
7806,"ROBBERY","38.9032575515","-76.9337675018",117,48,128,659,1084,2061,103,120,554
7806,"ROBBERY","38.9032575515","-76.9337675018",80,47,164,977,884,1543,434,122,225
7806,"ROBBERY","38.9032575515","-76.9337675018",80,47,128,977,884,2061,434,122,554
7806,"ROBBERY","38.9032575515","-76.9337675018",80,48,164,977,1084,1543,434,120,225
7806,"ROBBERY","38.9032575515","-76.9337675018",80,48,128,977,1084,2061,434,120,554
7806,"THEFT F/AUTO","38.9066362463","-76.9347674108",117,47,164,659,884,1543,103,122,225
7806,"THEFT F/AUTO","38.9066362463","-76.9347674108",117,47,128,659,884,2061,103,122,554
7806,"THEFT F/AUTO","38.9066362463","-76.9347674108",117,48,164,659,1084,1543,103,120,225
7806,"THEFT F/AUTO","38.9066362463","-76.9347674108",117,48,128,659,1084,2061,103,120,554
7806,"THEFT F/AUTO","38.9066362463","-76.9347674108",80,47,164,977,884,1543,434,122,225
7806,"THEFT F/AUTO","38.9066362463","-76.9347674108",80,47,128,977,884,2061,434,122,554
7806,"THEFT F/AUTO","38.9066362463","-76.9347674108",80,48,164,977,1084,1543,434,120,225
7806,"THEFT F/AUTO","38.9066362463","-76.9347674108",80,48,128,977,1084,2061,434,120,554
7806,"SEX ABUSE","38.9066344736","-76.9316660393",117,47,164,659,884,1543,103,122,225
7806,"SEX ABUSE","38.9066344736","-76.9316660393",117,47,128,659,884,2061,103,122,554
7806,"SEX ABUSE","38.9066344736","-76.9316660393",117,48,164,659,1084,1543,103,120,225
7806,"SEX ABUSE","38.9066344736","-76.9316660393",117,48,128,659,1084,2061,103,120,554
7806,"SEX ABUSE","38.9066344736","-76.9316660393",80,47,164,977,884,1543,434,122,225
7806,"SEX ABUSE","38.9066344736","-76.9316660393",80,47,128,977,884,2061,434,122,554
7806,"SEX ABUSE","38.9066344736","-76.9316660393",80,48,164,977,1084,1543,434,120,225
7806,"SEX ABUSE","38.9066344736","-76.9316660393",80,48,128,977,1084,2061,434,120,554
7806,"ROBBERY","38.9038361685","-76.9375484161",117,47,164,659,884,1543,103,122,225
7806,"ROBBERY","38.9038361685","-76.9375484161",117,47,128,659,884,2061,103,122,554
7806,"ROBBERY","38.9038361685","-76.9375484161",117,48,164,659,1084,1543,103,120,225
7806,"ROBBERY","38.9038361685","-76.9375484161",117,48,128,659,1084,2061,103,120,554
7806,"ROBBERY","38.9038361685","-76.9375484161",80,47,164,977,884,1543,434,122,225
7806,"ROBBERY","38.9038361685","-76.9375484161",80,47,128,977,884,2061,434,122,554
7806,"ROBBERY","38.9038361685","-76.9375484161",80,48,164,977,1084,1543,434,120,225
7806,"ROBBERY","38.9038361685","-76.9375484161",80,48,128,977,1084,2061,434,120,554
7806,"ASSAULT W/DANGEROUS WEAPON","38.9066338826","-76.9306629935",117,47,164,659,884,1543,103,122,225
7806,"ASSAULT W/DANGEROUS WEAPON","38.9066338826","-76.9306629935",117,47,128,659,884,2061,103,122,554
7806,"ASSAULT W/DANGEROUS WEAPON","38.9066338826","-76.9306629935",117,48,164,659,1084,1543,103,120,225
7806,"ASSAULT W/DANGEROUS WEAPON","38.9066338826","-76.9306629935",117,48,128,659,1084,2061,103,120,554
7806,"ASSAULT W/DANGEROUS WEAPON","38.9066338826","-76.9306629935",80,47,164,977,884,1543,434,122,225
7806,"ASSAULT W/DANGEROUS WEAPON","38.9066338826","-76.9306629935",80,47,128,977,884,2061,434,122,554
7806,"ASSAULT W/DANGEROUS WEAPON","38.9066338826","-76.9306629935",80,48,164,977,1084,1543,434,120,225
7806,"ASSAULT W/DANGEROUS WEAPON","38.9066338826","-76.9306629935",80,48,128,977,1084,2061,434,120,554
7806,"BURGLARY","38.9046587493","-76.9268834181",117,47,164,659,884,1543,103,122,225
7806,"BURGLARY","38.9046587493","-76.9268834181",117,47,128,659,884,2061,103,122,554
7806,"BURGLARY","38.9046587493","-76.9268834181",117,48,164,659,1084,1543,103,120,225
7806,"BURGLARY","38.9046587493","-76.9268834181",117,48,128,659,1084,2061,103,120,554
7806,"BURGLARY","38.9046587493","-76.9268834181",80,47,164,977,884,1543,434,122,225
7806,"BURGLARY","38.9046587493","-76.9268834181",80,47,128,977,884,2061,434,122,554
7806,"BURGLARY","38.9046587493","-76.9268834181",80,48,164,977,1084,1543,434,120,225
7806,"BURGLARY","38.9046587493","-76.9268834181",80,48,128,977,1084,2061,434,120,554
7806,"ASSAULT W/DANGEROUS WEAPON","38.9049621813","-76.9374897852",117,47,164,659,884,1543,103,122,225
7806,"ASSAULT W/DANGEROUS WEAPON","38.9049621813","-76.9374897852",117,47,128,659,884,2061,103,122,554
7806,"ASSAULT W/DANGEROUS WEAPON","38.9049621813","-76.9374897852",117,48,164,659,1084,1543,103,120,225
7806,"ASSAULT W/DANGEROUS WEAPON","38.9049621813","-76.9374897852",117,48,128,659,1084,2061,103,120,554
7806,"ASSAULT W/DANGEROUS WEAPON","38.9049621813","-76.9374897852",80,47,164,977,884,1543,434,122,225
7806,"ASSAULT W/DANGEROUS WEAPON","38.9049621813","-76.9374897852",80,47,128,977,884,2061,434,122,554
7806,"ASSAULT W/DANGEROUS WEAPON","38.9049621813","-76.9374897852",80,48,164,977,1084,1543,434,120,225
7806,"ASSAULT W/DANGEROUS WEAPON","38.9049621813","-76.9374897852",80,48,128,977,1084,2061,434,120,554
7806,"THEFT/OTHER","38.9060678543","-76.9332345501",117,47,164,659,884,1543,103,122,225
7806,"THEFT/OTHER","38.9060678543","-76.9332345501",117,47,128,659,884,2061,103,122,554
7806,"THEFT/OTHER","38.9060678543","-76.9332345501",117,48,164,659,1084,1543,103,120,225
7806,"THEFT/OTHER","38.9060678543","-76.9332345501",117,48,128,659,1084,2061,103,120,554
7806,"THEFT/OTHER","38.9060678543","-76.9332345501",80,47,164,977,884,1543,434,122,225
7806,"THEFT/OTHER","38.9060678543","-76.9332345501",80,47,128,977,884,2061,434,122,554
7806,"THEFT/OTHER","38.9060678543","-76.9332345501",80,48,164,977,1084,1543,434,120,225
7806,"THEFT/OTHER","38.9060678543","-76.9332345501",80,48,128,977,1084,2061,434,120,554
7806,"BURGLARY","38.9038361685","-76.9375484161",117,47,164,659,884,1543,103,122,225
7806,"BURGLARY","38.9038361685","-76.9375484161",117,47,128,659,884,2061,103,122,554
7806,"BURGLARY","38.9038361685","-76.9375484161",117,48,164,659,1084,1543,103,120,225
7806,"BURGLARY","38.9038361685","-76.9375484161",117,48,128,659,1084,2061,103,120,554
7806,"BURGLARY","38.9038361685","-76.9375484161",80,47,164,977,884,1543,434,122,225
7806,"BURGLARY","38.9038361685","-76.9375484161",80,47,128,977,884,2061,434,122,554
7806,"BURGLARY","38.9038361685","-76.9375484161",80,48,164,977,1084,1543,434,120,225
7806,"BURGLARY","38.9038361685","-76.9375484161",80,48,128,977,1084,2061,434,120,554
7806,"THEFT F/AUTO","38.9078596084","-76.9316648655",117,47,164,659,884,1543,103,122,225
7806,"THEFT F/AUTO","38.9078596084","-76.9316648655",117,47,128,659,884,2061,103,122,554
7806,"THEFT F/AUTO","38.9078596084","-76.9316648655",117,48,164,659,1084,1543,103,120,225
7806,"THEFT F/AUTO","38.9078596084","-76.9316648655",117,48,128,659,1084,2061,103,120,554
7806,"THEFT F/AUTO","38.9078596084","-76.9316648655",80,47,164,977,884,1543,434,122,225
7806,"THEFT F/AUTO","38.9078596084","-76.9316648655",80,47,128,977,884,2061,434,122,554
7806,"THEFT F/AUTO","38.9078596084","-76.9316648655",80,48,164,977,1084,1543,434,120,225
7806,"THEFT F/AUTO","38.9078596084","-76.9316648655",80,48,128,977,1084,2061,434,120,554
7806,"ROBBERY","38.9032230727","-76.9365690119",117,47,164,659,884,1543,103,122,225
7806,"ROBBERY","38.9032230727","-76.9365690119",117,47,128,659,884,2061,103,122,554
7806,"ROBBERY","38.9032230727","-76.9365690119",117,48,164,659,1084,1543,103,120,225
7806,"ROBBERY","38.9032230727","-76.9365690119",117,48,128,659,1084,2061,103,120,554
7806,"ROBBERY","38.9032230727","-76.9365690119",80,47,164,977,884,1543,434,122,225
7806,"ROBBERY","38.9032230727","-76.9365690119",80,47,128,977,884,2061,434,122,554
7806,"ROBBERY","38.9032230727","-76.9365690119",80,48,164,977,1084,1543,434,120,225
7806,"ROBBERY","38.9032230727","-76.9365690119",80,48,128,977,1084,2061,434,120,554
7806,"THEFT/OTHER","38.9032703116","-76.9407538967",117,47,164,659,884,1543,103,122,225
7806,"THEFT/OTHER","38.9032703116","-76.9407538967",117,47,128,659,884,2061,103,122,554
7806,"THEFT/OTHER","38.9032703116","-76.9407538967",117,48,164,659,1084,1543,103,120,225
7806,"THEFT/OTHER","38.9032703116","-76.9407538967",117,48,128,659,1084,2061,103,120,554
7806,"THEFT/OTHER","38.9032703116","-76.9407538967",80,47,164,977,884,1543,434,122,225
7806,"THEFT/OTHER","38.9032703116","-76.9407538967",80,47,128,977,884,2061,434,122,554
7806,"THEFT/OTHER","38.9032703116","-76.9407538967",80,48,164,977,1084,1543,434,120,225
7806,"THEFT/OTHER","38.9032703116","-76.9407538967",80,48,128,977,1084,2061,434,120,554
7806,"THEFT F/AUTO","38.9085255868","-76.9305804475",117,47,164,659,884,1543,103,122,225
7806,"THEFT F/AUTO","38.9085255868","-76.9305804475",117,47,128,659,884,2061,103,122,554
7806,"THEFT F/AUTO","38.9085255868","-76.9305804475",117,48,164,659,1084,1543,103,120,225
7806,"THEFT F/AUTO","38.9085255868","-76.9305804475",117,48,128,659,1084,2061,103,120,554
7806,"THEFT F/AUTO","38.9085255868","-76.9305804475",80,47,164,977,884,1543,434,122,225
7806,"THEFT F/AUTO","38.9085255868","-76.9305804475",80,47,128,977,884,2061,434,122,554
7806,"THEFT F/AUTO","38.9085255868","-76.9305804475",80,48,164,977,1084,1543,434,120,225
7806,"THEFT F/AUTO","38.9085255868","-76.9305804475",80,48,128,977,1084,2061,434,120,554
7806,"MOTOR VEHICLE THEFT","38.9038508942","-76.9316687059",117,47,164,659,884,1543,103,122,225
7806,"MOTOR VEHICLE THEFT","38.9038508942","-76.9316687059",117,47,128,659,884,2061,103,122,554
7806,"MOTOR VEHICLE THEFT","38.9038508942","-76.9316687059",117,48,164,659,1084,1543,103,120,225
7806,"MOTOR VEHICLE THEFT","38.9038508942","-76.9316687059",117,48,128,659,1084,2061,103,120,554
7806,"MOTOR VEHICLE THEFT","38.9038508942","-76.9316687059",80,47,164,977,884,1543,434,122,225
7806,"MOTOR VEHICLE THEFT","38.9038508942","-76.9316687059",80,47,128,977,884,2061,434,122,554
7806,"MOTOR VEHICLE THEFT","38.9038508942","-76.9316687059",80,48,164,977,1084,1543,434,120,225
7806,"MOTOR VEHICLE THEFT","38.9038508942","-76.9316687059",80,48,128,977,1084,2061,434,120,554
7806,"THEFT F/AUTO","38.9028284013","-76.9397743283",117,47,164,659,884,1543,103,122,225
7806,"THEFT F/AUTO","38.9028284013","-76.9397743283",117,47,128,659,884,2061,103,122,554
7806,"THEFT F/AUTO","38.9028284013","-76.9397743283",117,48,164,659,1084,1543,103,120,225
7806,"THEFT F/AUTO","38.9028284013","-76.9397743283",117,48,128,659,1084,2061,103,120,554
7806,"THEFT F/AUTO","38.9028284013","-76.9397743283",80,47,164,977,884,1543,434,122,225
7806,"THEFT F/AUTO","38.9028284013","-76.9397743283",80,47,128,977,884,2061,434,122,554
7806,"THEFT F/AUTO","38.9028284013","-76.9397743283",80,48,164,977,1084,1543,434,120,225
7806,"THEFT F/AUTO","38.9028284013","-76.9397743283",80,48,128,977,1084,2061,434,120,554
7806,"THEFT F/AUTO","38.9097329095","-76.9309251655",117,47,164,659,884,1543,103,122,225
7806,"THEFT F/AUTO","38.9097329095","-76.9309251655",117,47,128,659,884,2061,103,122,554
7806,"THEFT F/AUTO","38.9097329095","-76.9309251655",117,48,164,659,1084,1543,103,120,225
7806,"THEFT F/AUTO","38.9097329095","-76.9309251655",117,48,128,659,1084,2061,103,120,554
7806,"THEFT F/AUTO","38.9097329095","-76.9309251655",80,47,164,977,884,1543,434,122,225
7806,"THEFT F/AUTO","38.9097329095","-76.9309251655",80,47,128,977,884,2061,434,122,554
7806,"THEFT F/AUTO","38.9097329095","-76.9309251655",80,48,164,977,1084,1543,434,120,225
7806,"THEFT F/AUTO","38.9097329095","-76.9309251655",80,48,128,977,1084,2061,434,120,554
7806,"THEFT F/AUTO","38.9053643035","-76.9316787852",117,47,164,659,884,1543,103,122,225
7806,"THEFT F/AUTO","38.9053643035","-76.9316787852",117,47,128,659,884,2061,103,122,554
7806,"THEFT F/AUTO","38.9053643035","-76.9316787852",117,48,164,659,1084,1543,103,120,225
7806,"THEFT F/AUTO","38.9053643035","-76.9316787852",117,48,128,659,1084,2061,103,120,554
7806,"THEFT F/AUTO","38.9053643035","-76.9316787852",80,47,164,977,884,1543,434,122,225
7806,"THEFT F/AUTO","38.9053643035","-76.9316787852",80,47,128,977,884,2061,434,122,554
7806,"THEFT F/AUTO","38.9053643035","-76.9316787852",80,48,164,977,1084,1543,434,120,225
7806,"THEFT F/AUTO","38.9053643035","-76.9316787852",80,48,128,977,1084,2061,434,120,554
7806,"HOMICIDE","38.9054934696","-76.9371088599",117,47,164,659,884,1543,103,122,225
7806,"HOMICIDE","38.9054934696","-76.9371088599",117,47,128,659,884,2061,103,122,554
7806,"HOMICIDE","38.9054934696","-76.9371088599",117,48,164,659,1084,1543,103,120,225
7806,"HOMICIDE","38.9054934696","-76.9371088599",117,48,128,659,1084,2061,103,120,554
7806,"HOMICIDE","38.9054934696","-76.9371088599",80,47,164,977,884,1543,434,122,225
7806,"HOMICIDE","38.9054934696","-76.9371088599",80,47,128,977,884,2061,434,122,554
7806,"HOMICIDE","38.9054934696","-76.9371088599",80,48,164,977,1084,1543,434,120,225
7806,"HOMICIDE","38.9054934696","-76.9371088599",80,48,128,977,1084,2061,434,120,554
7806,"MOTOR VEHICLE THEFT","38.9088868148","-76.9321020074",117,47,164,659,884,1543,103,122,225
7806,"MOTOR VEHICLE THEFT","38.9088868148","-76.9321020074",117,47,128,659,884,2061,103,122,554
7806,"MOTOR VEHICLE THEFT","38.9088868148","-76.9321020074",117,48,164,659,1084,1543,103,120,225
7806,"MOTOR VEHICLE THEFT","38.9088868148","-76.9321020074",117,48,128,659,1084,2061,103,120,554
7806,"MOTOR VEHICLE THEFT","38.9088868148","-76.9321020074",80,47,164,977,884,1543,434,122,225
7806,"MOTOR VEHICLE THEFT","38.9088868148","-76.9321020074",80,47,128,977,884,2061,434,122,554
7806,"MOTOR VEHICLE THEFT","38.9088868148","-76.9321020074",80,48,164,977,1084,1543,434,120,225
7806,"MOTOR VEHICLE THEFT","38.9088868148","-76.9321020074",80,48,128,977,1084,2061,434,120,554
7806,"ASSAULT W/DANGEROUS WEAPON","38.9029239472","-76.9332490215",117,47,164,659,884,1543,103,122,225
7806,"ASSAULT W/DANGEROUS WEAPON","38.9029239472","-76.9332490215",117,47,128,659,884,2061,103,122,554
7806,"ASSAULT W/DANGEROUS WEAPON","38.9029239472","-76.9332490215",117,48,164,659,1084,1543,103,120,225
7806,"ASSAULT W/DANGEROUS WEAPON","38.9029239472","-76.9332490215",117,48,128,659,1084,2061,103,120,554
7806,"ASSAULT W/DANGEROUS WEAPON","38.9029239472","-76.9332490215",80,47,164,977,884,1543,434,122,225
7806,"ASSAULT W/DANGEROUS WEAPON","38.9029239472","-76.9332490215",80,47,128,977,884,2061,434,122,554
7806,"ASSAULT W/DANGEROUS WEAPON","38.9029239472","-76.9332490215",80,48,164,977,1084,1543,434,120,225
7806,"ASSAULT W/DANGEROUS WEAPON","38.9029239472","-76.9332490215",80,48,128,977,1084,2061,434,120,554
7806,"ASSAULT W/DANGEROUS WEAPON","38.9041403698","-76.9337666821",117,47,164,659,884,1543,103,122,225
7806,"ASSAULT W/DANGEROUS WEAPON","38.9041403698","-76.9337666821",117,47,128,659,884,2061,103,122,554
7806,"ASSAULT W/DANGEROUS WEAPON","38.9041403698","-76.9337666821",117,48,164,659,1084,1543,103,120,225
7806,"ASSAULT W/DANGEROUS WEAPON","38.9041403698","-76.9337666821",117,48,128,659,1084,2061,103,120,554
7806,"ASSAULT W/DANGEROUS WEAPON","38.9041403698","-76.9337666821",80,47,164,977,884,1543,434,122,225
7806,"ASSAULT W/DANGEROUS WEAPON","38.9041403698","-76.9337666821",80,47,128,977,884,2061,434,122,554
7806,"ASSAULT W/DANGEROUS WEAPON","38.9041403698","-76.9337666821",80,48,164,977,1084,1543,434,120,225
7806,"ASSAULT W/DANGEROUS WEAPON","38.9041403698","-76.9337666821",80,48,128,977,1084,2061,434,120,554
7806,"THEFT F/AUTO","38.9088868148","-76.9321020074",117,47,164,659,884,1543,103,122,225
7806,"THEFT F/AUTO","38.9088868148","-76.9321020074",117,47,128,659,884,2061,103,122,554
7806,"THEFT F/AUTO","38.9088868148","-76.9321020074",117,48,164,659,1084,1543,103,120,225
7806,"THEFT F/AUTO","38.9088868148","-76.9321020074",117,48,128,659,1084,2061,103,120,554
7806,"THEFT F/AUTO","38.9088868148","-76.9321020074",80,47,164,977,884,1543,434,122,225
7806,"THEFT F/AUTO","38.9088868148","-76.9321020074",80,47,128,977,884,2061,434,122,554
7806,"THEFT F/AUTO","38.9088868148","-76.9321020074",80,48,164,977,1084,1543,434,120,225
7806,"THEFT F/AUTO","38.9088868148","-76.9321020074",80,48,128,977,1084,2061,434,120,554
7806,"THEFT F/AUTO","38.9046578091","-76.9253961846",117,47,164,659,884,1543,103,122,225
7806,"THEFT F/AUTO","38.9046578091","-76.9253961846",117,47,128,659,884,2061,103,122,554
7806,"THEFT F/AUTO","38.9046578091","-76.9253961846",117,48,164,659,1084,1543,103,120,225
7806,"THEFT F/AUTO","38.9046578091","-76.9253961846",117,48,128,659,1084,2061,103,120,554
7806,"THEFT F/AUTO","38.9046578091","-76.9253961846",80,47,164,977,884,1543,434,122,225
7806,"THEFT F/AUTO","38.9046578091","-76.9253961846",80,47,128,977,884,2061,434,122,554
7806,"THEFT F/AUTO","38.9046578091","-76.9253961846",80,48,164,977,1084,1543,434,120,225
7806,"THEFT F/AUTO","38.9046578091","-76.9253961846",80,48,128,977,1084,2061,434,120,554
7806,"MOTOR VEHICLE THEFT","38.9045580351","-76.9243356271",117,47,164,659,884,1543,103,122,225
7806,"MOTOR VEHICLE THEFT","38.9045580351","-76.9243356271",117,47,128,659,884,2061,103,122,554
7806,"MOTOR VEHICLE THEFT","38.9045580351","-76.9243356271",117,48,164,659,1084,1543,103,120,225
7806,"MOTOR VEHICLE THEFT","38.9045580351","-76.9243356271",117,48,128,659,1084,2061,103,120,554
7806,"MOTOR VEHICLE THEFT","38.9045580351","-76.9243356271",80,47,164,977,884,1543,434,122,225
7806,"MOTOR VEHICLE THEFT","38.9045580351","-76.9243356271",80,47,128,977,884,2061,434,122,554
7806,"MOTOR VEHICLE THEFT","38.9045580351","-76.9243356271",80,48,164,977,1084,1543,434,120,225
7806,"MOTOR VEHICLE THEFT","38.9045580351","-76.9243356271",80,48,128,977,1084,2061,434,120,554
7806,"ROBBERY","38.9046619546","-76.9321982606",117,47,164,659,884,1543,103,122,225
7806,"ROBBERY","38.9046619546","-76.9321982606",117,47,128,659,884,2061,103,122,554
7806,"ROBBERY","38.9046619546","-76.9321982606",117,48,164,659,1084,1543,103,120,225
7806,"ROBBERY","38.9046619546","-76.9321982606",117,48,128,659,1084,2061,103,120,554
7806,"ROBBERY","38.9046619546","-76.9321982606",80,47,164,977,884,1543,434,122,225
7806,"ROBBERY","38.9046619546","-76.9321982606",80,47,128,977,884,2061,434,122,554
7806,"ROBBERY","38.9046619546","-76.9321982606",80,48,164,977,1084,1543,434,120,225
7806,"ROBBERY","38.9046619546","-76.9321982606",80,48,128,977,1084,2061,434,120,554
7806,"MOTOR VEHICLE THEFT","38.9066998731","-76.9357934584",117,47,164,659,884,1543,103,122,225
7806,"MOTOR VEHICLE THEFT","38.9066998731","-76.9357934584",117,47,128,659,884,2061,103,122,554
7806,"MOTOR VEHICLE THEFT","38.9066998731","-76.9357934584",117,48,164,659,1084,1543,103,120,225
7806,"MOTOR VEHICLE THEFT","38.9066998731","-76.9357934584",117,48,128,659,1084,2061,103,120,554
7806,"MOTOR VEHICLE THEFT","38.9066998731","-76.9357934584",80,47,164,977,884,1543,434,122,225
7806,"MOTOR VEHICLE THEFT","38.9066998731","-76.9357934584",80,47,128,977,884,2061,434,122,554
7806,"MOTOR VEHICLE THEFT","38.9066998731","-76.9357934584",80,48,164,977,1084,1543,434,120,225
7806,"MOTOR VEHICLE THEFT","38.9066998731","-76.9357934584",80,48,128,977,1084,2061,434,120,554
7806,"THEFT/OTHER","38.9054934696","-76.9371088599",117,47,164,659,884,1543,103,122,225
7806,"THEFT/OTHER","38.9054934696","-76.9371088599",117,47,128,659,884,2061,103,122,554
7806,"THEFT/OTHER","38.9054934696","-76.9371088599",117,48,164,659,1084,1543,103,120,225
7806,"THEFT/OTHER","38.9054934696","-76.9371088599",117,48,128,659,1084,2061,103,120,554
7806,"THEFT/OTHER","38.9054934696","-76.9371088599",80,47,164,977,884,1543,434,122,225
7806,"THEFT/OTHER","38.9054934696","-76.9371088599",80,47,128,977,884,2061,434,122,554
7806,"THEFT/OTHER","38.9054934696","-76.9371088599",80,48,164,977,1084,1543,434,120,225
7806,"THEFT/OTHER","38.9054934696","-76.9371088599",80,48,128,977,1084,2061,434,120,554
7806,"MOTOR VEHICLE THEFT","38.9029239472","-76.9332490215",117,47,164,659,884,1543,103,122,225
7806,"MOTOR VEHICLE THEFT","38.9029239472","-76.9332490215",117,47,128,659,884,2061,103,122,554
7806,"MOTOR VEHICLE THEFT","38.9029239472","-76.9332490215",117,48,164,659,1084,1543,103,120,225
7806,"MOTOR VEHICLE THEFT","38.9029239472","-76.9332490215",117,48,128,659,1084,2061,103,120,554
7806,"MOTOR VEHICLE THEFT","38.9029239472","-76.9332490215",80,47,164,977,884,1543,434,122,225
7806,"MOTOR VEHICLE THEFT","38.9029239472","-76.9332490215",80,47,128,977,884,2061,434,122,554
7806,"MOTOR VEHICLE THEFT","38.9029239472","-76.9332490215",80,48,164,977,1084,1543,434,120,225
7806,"MOTOR VEHICLE THEFT","38.9029239472","-76.9332490215",80,48,128,977,1084,2061,434,120,554
7806,"THEFT F/AUTO","38.9036400127","-76.9256278248",117,47,164,659,884,1543,103,122,225
7806,"THEFT F/AUTO","38.9036400127","-76.9256278248",117,47,128,659,884,2061,103,122,554
7806,"THEFT F/AUTO","38.9036400127","-76.9256278248",117,48,164,659,1084,1543,103,120,225
7806,"THEFT F/AUTO","38.9036400127","-76.9256278248",117,48,128,659,1084,2061,103,120,554
7806,"THEFT F/AUTO","38.9036400127","-76.9256278248",80,47,164,977,884,1543,434,122,225
7806,"THEFT F/AUTO","38.9036400127","-76.9256278248",80,47,128,977,884,2061,434,122,554
7806,"THEFT F/AUTO","38.9036400127","-76.9256278248",80,48,164,977,1084,1543,434,120,225
7806,"THEFT F/AUTO","38.9036400127","-76.9256278248",80,48,128,977,1084,2061,434,120,554
7806,"THEFT/OTHER","38.9035250756","-76.9291211608",117,47,164,659,884,1543,103,122,225
7806,"THEFT/OTHER","38.9035250756","-76.9291211608",117,47,128,659,884,2061,103,122,554
7806,"THEFT/OTHER","38.9035250756","-76.9291211608",117,48,164,659,1084,1543,103,120,225
7806,"THEFT/OTHER","38.9035250756","-76.9291211608",117,48,128,659,1084,2061,103,120,554
7806,"THEFT/OTHER","38.9035250756","-76.9291211608",80,47,164,977,884,1543,434,122,225
7806,"THEFT/OTHER","38.9035250756","-76.9291211608",80,47,128,977,884,2061,434,122,554
7806,"THEFT/OTHER","38.9035250756","-76.9291211608",80,48,164,977,1084,1543,434,120,225
7806,"THEFT/OTHER","38.9035250756","-76.9291211608",80,48,128,977,1084,2061,434,120,554
7806,"THEFT F/AUTO","38.9046594651","-76.9280363123",117,47,164,659,884,1543,103,122,225
7806,"THEFT F/AUTO","38.9046594651","-76.9280363123",117,47,128,659,884,2061,103,122,554
7806,"THEFT F/AUTO","38.9046594651","-76.9280363123",117,48,164,659,1084,1543,103,120,225
7806,"THEFT F/AUTO","38.9046594651","-76.9280363123",117,48,128,659,1084,2061,103,120,554
7806,"THEFT F/AUTO","38.9046594651","-76.9280363123",80,47,164,977,884,1543,434,122,225
7806,"THEFT F/AUTO","38.9046594651","-76.9280363123",80,47,128,977,884,2061,434,122,554
7806,"THEFT F/AUTO","38.9046594651","-76.9280363123",80,48,164,977,1084,1543,434,120,225
7806,"THEFT F/AUTO","38.9046594651","-76.9280363123",80,48,128,977,1084,2061,434,120,554
7806,"MOTOR VEHICLE THEFT","38.9082544154","-76.9290472839",117,47,164,659,884,1543,103,122,225
7806,"MOTOR VEHICLE THEFT","38.9082544154","-76.9290472839",117,47,128,659,884,2061,103,122,554
7806,"MOTOR VEHICLE THEFT","38.9082544154","-76.9290472839",117,48,164,659,1084,1543,103,120,225
7806,"MOTOR VEHICLE THEFT","38.9082544154","-76.9290472839",117,48,128,659,1084,2061,103,120,554
7806,"MOTOR VEHICLE THEFT","38.9082544154","-76.9290472839",80,47,164,977,884,1543,434,122,225
7806,"MOTOR VEHICLE THEFT","38.9082544154","-76.9290472839",80,47,128,977,884,2061,434,122,554
7806,"MOTOR VEHICLE THEFT","38.9082544154","-76.9290472839",80,48,164,977,1084,1543,434,120,225
7806,"MOTOR VEHICLE THEFT","38.9082544154","-76.9290472839",80,48,128,977,1084,2061,434,120,554
7806,"ASSAULT W/DANGEROUS WEAPON","38.9088868148","-76.9321020074",117,47,164,659,884,1543,103,122,225
7806,"ASSAULT W/DANGEROUS WEAPON","38.9088868148","-76.9321020074",117,47,128,659,884,2061,103,122,554
7806,"ASSAULT W/DANGEROUS WEAPON","38.9088868148","-76.9321020074",117,48,164,659,1084,1543,103,120,225
7806,"ASSAULT W/DANGEROUS WEAPON","38.9088868148","-76.9321020074",117,48,128,659,1084,2061,103,120,554
7806,"ASSAULT W/DANGEROUS WEAPON","38.9088868148","-76.9321020074",80,47,164,977,884,1543,434,122,225
7806,"ASSAULT W/DANGEROUS WEAPON","38.9088868148","-76.9321020074",80,47,128,977,884,2061,434,122,554
7806,"ASSAULT W/DANGEROUS WEAPON","38.9088868148","-76.9321020074",80,48,164,977,1084,1543,434,120,225
7806,"ASSAULT W/DANGEROUS WEAPON","38.9088868148","-76.9321020074",80,48,128,977,1084,2061,434,120,554
7806,"THEFT F/AUTO","38.9066406504","-76.9269851499",117,47,164,659,884,1543,103,122,225
7806,"THEFT F/AUTO","38.9066406504","-76.9269851499",117,47,128,659,884,2061,103,122,554
7806,"THEFT F/AUTO","38.9066406504","-76.9269851499",117,48,164,659,1084,1543,103,120,225
7806,"THEFT F/AUTO","38.9066406504","-76.9269851499",117,48,128,659,1084,2061,103,120,554
7806,"THEFT F/AUTO","38.9066406504","-76.9269851499",80,47,164,977,884,1543,434,122,225
7806,"THEFT F/AUTO","38.9066406504","-76.9269851499",80,47,128,977,884,2061,434,122,554
7806,"THEFT F/AUTO","38.9066406504","-76.9269851499",80,48,164,977,1084,1543,434,120,225
7806,"THEFT F/AUTO","38.9066406504","-76.9269851499",80,48,128,977,1084,2061,434,120,554
7806,"THEFT F/AUTO","38.9097329095","-76.9309251655",117,47,164,659,884,1543,103,122,225
7806,"THEFT F/AUTO","38.9097329095","-76.9309251655",117,47,128,659,884,2061,103,122,554
7806,"THEFT F/AUTO","38.9097329095","-76.9309251655",117,48,164,659,1084,1543,103,120,225
7806,"THEFT F/AUTO","38.9097329095","-76.9309251655",117,48,128,659,1084,2061,103,120,554
7806,"THEFT F/AUTO","38.9097329095","-76.9309251655",80,47,164,977,884,1543,434,122,225
7806,"THEFT F/AUTO","38.9097329095","-76.9309251655",80,47,128,977,884,2061,434,122,554
7806,"THEFT F/AUTO","38.9097329095","-76.9309251655",80,48,164,977,1084,1543,434,120,225
7806,"THEFT F/AUTO","38.9097329095","-76.9309251655",80,48,128,977,1084,2061,434,120,554
7806,"THEFT F/AUTO","38.904669136","-76.9291200239",117,47,164,659,884,1543,103,122,225
7806,"THEFT F/AUTO","38.904669136","-76.9291200239",117,47,128,659,884,2061,103,122,554
7806,"THEFT F/AUTO","38.904669136","-76.9291200239",117,48,164,659,1084,1543,103,120,225
7806,"THEFT F/AUTO","38.904669136","-76.9291200239",117,48,128,659,1084,2061,103,120,554
7806,"THEFT F/AUTO","38.904669136","-76.9291200239",80,47,164,977,884,1543,434,122,225
7806,"THEFT F/AUTO","38.904669136","-76.9291200239",80,47,128,977,884,2061,434,122,554
7806,"THEFT F/AUTO","38.904669136","-76.9291200239",80,48,164,977,1084,1543,434,120,225
7806,"THEFT F/AUTO","38.904669136","-76.9291200239",80,48,128,977,1084,2061,434,120,554
7806,"ASSAULT W/DANGEROUS WEAPON","38.9097329095","-76.9309251655",117,47,164,659,884,1543,103,122,225
7806,"ASSAULT W/DANGEROUS WEAPON","38.9097329095","-76.9309251655",117,47,128,659,884,2061,103,122,554
7806,"ASSAULT W/DANGEROUS WEAPON","38.9097329095","-76.9309251655",117,48,164,659,1084,1543,103,120,225
7806,"ASSAULT W/DANGEROUS WEAPON","38.9097329095","-76.9309251655",117,48,128,659,1084,2061,103,120,554
7806,"ASSAULT W/DANGEROUS WEAPON","38.9097329095","-76.9309251655",80,47,164,977,884,1543,434,122,225
7806,"ASSAULT W/DANGEROUS WEAPON","38.9097329095","-76.9309251655",80,47,128,977,884,2061,434,122,554
7806,"ASSAULT W/DANGEROUS WEAPON","38.9097329095","-76.9309251655",80,48,164,977,1084,1543,434,120,225
7806,"ASSAULT W/DANGEROUS WEAPON","38.9097329095","-76.9309251655",80,48,128,977,1084,2061,434,120,554
7806,"THEFT F/AUTO","38.9096704734","-76.9319859638",117,47,164,659,884,1543,103,122,225
7806,"THEFT F/AUTO","38.9096704734","-76.9319859638",117,47,128,659,884,2061,103,122,554
7806,"THEFT F/AUTO","38.9096704734","-76.9319859638",117,48,164,659,1084,1543,103,120,225
7806,"THEFT F/AUTO","38.9096704734","-76.9319859638",117,48,128,659,1084,2061,103,120,554
7806,"THEFT F/AUTO","38.9096704734","-76.9319859638",80,47,164,977,884,1543,434,122,225
7806,"THEFT F/AUTO","38.9096704734","-76.9319859638",80,47,128,977,884,2061,434,122,554
7806,"THEFT F/AUTO","38.9096704734","-76.9319859638",80,48,164,977,1084,1543,434,120,225
7806,"THEFT F/AUTO","38.9096704734","-76.9319859638",80,48,128,977,1084,2061,434,120,554
7806,"THEFT F/AUTO","38.905366063","-76.9347570434",117,47,164,659,884,1543,103,122,225
7806,"THEFT F/AUTO","38.905366063","-76.9347570434",117,47,128,659,884,2061,103,122,554
7806,"THEFT F/AUTO","38.905366063","-76.9347570434",117,48,164,659,1084,1543,103,120,225
7806,"THEFT F/AUTO","38.905366063","-76.9347570434",117,48,128,659,1084,2061,103,120,554
7806,"THEFT F/AUTO","38.905366063","-76.9347570434",80,47,164,977,884,1543,434,122,225
7806,"THEFT F/AUTO","38.905366063","-76.9347570434",80,47,128,977,884,2061,434,122,554
7806,"THEFT F/AUTO","38.905366063","-76.9347570434",80,48,164,977,1084,1543,434,120,225
7806,"THEFT F/AUTO","38.905366063","-76.9347570434",80,48,128,977,1084,2061,434,120,554
7806,"MOTOR VEHICLE THEFT","38.9054934696","-76.9371088599",117,47,164,659,884,1543,103,122,225
7806,"MOTOR VEHICLE THEFT","38.9054934696","-76.9371088599",117,47,128,659,884,2061,103,122,554
7806,"MOTOR VEHICLE THEFT","38.9054934696","-76.9371088599",117,48,164,659,1084,1543,103,120,225
7806,"MOTOR VEHICLE THEFT","38.9054934696","-76.9371088599",117,48,128,659,1084,2061,103,120,554
7806,"MOTOR VEHICLE THEFT","38.9054934696","-76.9371088599",80,47,164,977,884,1543,434,122,225
7806,"MOTOR VEHICLE THEFT","38.9054934696","-76.9371088599",80,47,128,977,884,2061,434,122,554
7806,"MOTOR VEHICLE THEFT","38.9054934696","-76.9371088599",80,48,164,977,1084,1543,434,120,225
7806,"MOTOR VEHICLE THEFT","38.9054934696","-76.9371088599",80,48,128,977,1084,2061,434,120,554
7806,"ASSAULT W/DANGEROUS WEAPON","38.9035250756","-76.9291211608",117,47,164,659,884,1543,103,122,225
7806,"ASSAULT W/DANGEROUS WEAPON","38.9035250756","-76.9291211608",117,47,128,659,884,2061,103,122,554
7806,"ASSAULT W/DANGEROUS WEAPON","38.9035250756","-76.9291211608",117,48,164,659,1084,1543,103,120,225
7806,"ASSAULT W/DANGEROUS WEAPON","38.9035250756","-76.9291211608",117,48,128,659,1084,2061,103,120,554
7806,"ASSAULT W/DANGEROUS WEAPON","38.9035250756","-76.9291211608",80,47,164,977,884,1543,434,122,225
7806,"ASSAULT W/DANGEROUS WEAPON","38.9035250756","-76.9291211608",80,47,128,977,884,2061,434,122,554
7806,"ASSAULT W/DANGEROUS WEAPON","38.9035250756","-76.9291211608",80,48,164,977,1084,1543,434,120,225
7806,"ASSAULT W/DANGEROUS WEAPON","38.9035250756","-76.9291211608",80,48,128,977,1084,2061,434,120,554
7806,"THEFT/OTHER","38.9053617669","-76.9274706797",117,47,164,659,884,1543,103,122,225
7806,"THEFT/OTHER","38.9053617669","-76.9274706797",117,47,128,659,884,2061,103,122,554
7806,"THEFT/OTHER","38.9053617669","-76.9274706797",117,48,164,659,1084,1543,103,120,225
7806,"THEFT/OTHER","38.9053617669","-76.9274706797",117,48,128,659,1084,2061,103,120,554
7806,"THEFT/OTHER","38.9053617669","-76.9274706797",80,47,164,977,884,1543,434,122,225
7806,"THEFT/OTHER","38.9053617669","-76.9274706797",80,47,128,977,884,2061,434,122,554
7806,"THEFT/OTHER","38.9053617669","-76.9274706797",80,48,164,977,1084,1543,434,120,225
7806,"THEFT/OTHER","38.9053617669","-76.9274706797",80,48,128,977,1084,2061,434,120,554
7806,"THEFT F/AUTO","38.9077621022","-76.9344320271",117,47,164,659,884,1543,103,122,225
7806,"THEFT F/AUTO","38.9077621022","-76.9344320271",117,47,128,659,884,2061,103,122,554
7806,"THEFT F/AUTO","38.9077621022","-76.9344320271",117,48,164,659,1084,1543,103,120,225
7806,"THEFT F/AUTO","38.9077621022","-76.9344320271",117,48,128,659,1084,2061,103,120,554
7806,"THEFT F/AUTO","38.9077621022","-76.9344320271",80,47,164,977,884,1543,434,122,225
7806,"THEFT F/AUTO","38.9077621022","-76.9344320271",80,47,128,977,884,2061,434,122,554
7806,"THEFT F/AUTO","38.9077621022","-76.9344320271",80,48,164,977,1084,1543,434,120,225
7806,"THEFT F/AUTO","38.9077621022","-76.9344320271",80,48,128,977,1084,2061,434,120,554
7806,"THEFT/OTHER","38.9046578091","-76.9253961846",117,47,164,659,884,1543,103,122,225
7806,"THEFT/OTHER","38.9046578091","-76.9253961846",117,47,128,659,884,2061,103,122,554
7806,"THEFT/OTHER","38.9046578091","-76.9253961846",117,48,164,659,1084,1543,103,120,225
7806,"THEFT/OTHER","38.9046578091","-76.9253961846",117,48,128,659,1084,2061,103,120,554
7806,"THEFT/OTHER","38.9046578091","-76.9253961846",80,47,164,977,884,1543,434,122,225
7806,"THEFT/OTHER","38.9046578091","-76.9253961846",80,47,128,977,884,2061,434,122,554
7806,"THEFT/OTHER","38.9046578091","-76.9253961846",80,48,164,977,1084,1543,434,120,225
7806,"THEFT/OTHER","38.9046578091","-76.9253961846",80,48,128,977,1084,2061,434,120,554
7806,"THEFT F/AUTO","38.9054027851","-76.9360021492",117,47,164,659,884,1543,103,122,225
7806,"THEFT F/AUTO","38.9054027851","-76.9360021492",117,47,128,659,884,2061,103,122,554
7806,"THEFT F/AUTO","38.9054027851","-76.9360021492",117,48,164,659,1084,1543,103,120,225
7806,"THEFT F/AUTO","38.9054027851","-76.9360021492",117,48,128,659,1084,2061,103,120,554
7806,"THEFT F/AUTO","38.9054027851","-76.9360021492",80,47,164,977,884,1543,434,122,225
7806,"THEFT F/AUTO","38.9054027851","-76.9360021492",80,47,128,977,884,2061,434,122,554
7806,"THEFT F/AUTO","38.9054027851","-76.9360021492",80,48,164,977,1084,1543,434,120,225
7806,"THEFT F/AUTO","38.9054027851","-76.9360021492",80,48,128,977,1084,2061,434,120,554
7806,"ASSAULT W/DANGEROUS WEAPON","38.904099855","-76.9262844903",117,47,164,659,884,1543,103,122,225
7806,"ASSAULT W/DANGEROUS WEAPON","38.904099855","-76.9262844903",117,47,128,659,884,2061,103,122,554
7806,"ASSAULT W/DANGEROUS WEAPON","38.904099855","-76.9262844903",117,48,164,659,1084,1543,103,120,225
7806,"ASSAULT W/DANGEROUS WEAPON","38.904099855","-76.9262844903",117,48,128,659,1084,2061,103,120,554
7806,"ASSAULT W/DANGEROUS WEAPON","38.904099855","-76.9262844903",80,47,164,977,884,1543,434,122,225
7806,"ASSAULT W/DANGEROUS WEAPON","38.904099855","-76.9262844903",80,47,128,977,884,2061,434,122,554
7806,"ASSAULT W/DANGEROUS WEAPON","38.904099855","-76.9262844903",80,48,164,977,1084,1543,434,120,225
7806,"ASSAULT W/DANGEROUS WEAPON","38.904099855","-76.9262844903",80,48,128,977,1084,2061,434,120,554
7806,"MOTOR VEHICLE THEFT","38.9054934696","-76.9371088599",117,47,164,659,884,1543,103,122,225
7806,"MOTOR VEHICLE THEFT","38.9054934696","-76.9371088599",117,47,128,659,884,2061,103,122,554
7806,"MOTOR VEHICLE THEFT","38.9054934696","-76.9371088599",117,48,164,659,1084,1543,103,120,225
7806,"MOTOR VEHICLE THEFT","38.9054934696","-76.9371088599",117,48,128,659,1084,2061,103,120,554
7806,"MOTOR VEHICLE THEFT","38.9054934696","-76.9371088599",80,47,164,977,884,1543,434,122,225
7806,"MOTOR VEHICLE THEFT","38.9054934696","-76.9371088599",80,47,128,977,884,2061,434,122,554
7806,"MOTOR VEHICLE THEFT","38.9054934696","-76.9371088599",80,48,164,977,1084,1543,434,120,225
7806,"MOTOR VEHICLE THEFT","38.9054934696","-76.9371088599",80,48,128,977,1084,2061,434,120,554
7806,"THEFT F/AUTO","38.905070619","-76.938123786",117,47,164,659,884,1543,103,122,225
7806,"THEFT F/AUTO","38.905070619","-76.938123786",117,47,128,659,884,2061,103,122,554
7806,"THEFT F/AUTO","38.905070619","-76.938123786",117,48,164,659,1084,1543,103,120,225
7806,"THEFT F/AUTO","38.905070619","-76.938123786",117,48,128,659,1084,2061,103,120,554
7806,"THEFT F/AUTO","38.905070619","-76.938123786",80,47,164,977,884,1543,434,122,225
7806,"THEFT F/AUTO","38.905070619","-76.938123786",80,47,128,977,884,2061,434,122,554
7806,"THEFT F/AUTO","38.905070619","-76.938123786",80,48,164,977,1084,1543,434,120,225
7806,"THEFT F/AUTO","38.905070619","-76.938123786",80,48,128,977,1084,2061,434,120,554
7806,"THEFT F/AUTO","38.9088868148","-76.9321020074",117,47,164,659,884,1543,103,122,225
7806,"THEFT F/AUTO","38.9088868148","-76.9321020074",117,47,128,659,884,2061,103,122,554
7806,"THEFT F/AUTO","38.9088868148","-76.9321020074",117,48,164,659,1084,1543,103,120,225
7806,"THEFT F/AUTO","38.9088868148","-76.9321020074",117,48,128,659,1084,2061,103,120,554
7806,"THEFT F/AUTO","38.9088868148","-76.9321020074",80,47,164,977,884,1543,434,122,225
7806,"THEFT F/AUTO","38.9088868148","-76.9321020074",80,47,128,977,884,2061,434,122,554
7806,"THEFT F/AUTO","38.9088868148","-76.9321020074",80,48,164,977,1084,1543,434,120,225
7806,"THEFT F/AUTO","38.9088868148","-76.9321020074",80,48,128,977,1084,2061,434,120,554
7806,"THEFT/OTHER","38.9087162943","-76.9332090118",117,47,164,659,884,1543,103,122,225
7806,"THEFT/OTHER","38.9087162943","-76.9332090118",117,47,128,659,884,2061,103,122,554
7806,"THEFT/OTHER","38.9087162943","-76.9332090118",117,48,164,659,1084,1543,103,120,225
7806,"THEFT/OTHER","38.9087162943","-76.9332090118",117,48,128,659,1084,2061,103,120,554
7806,"THEFT/OTHER","38.9087162943","-76.9332090118",80,47,164,977,884,1543,434,122,225
7806,"THEFT/OTHER","38.9087162943","-76.9332090118",80,47,128,977,884,2061,434,122,554
7806,"THEFT/OTHER","38.9087162943","-76.9332090118",80,48,164,977,1084,1543,434,120,225
7806,"THEFT/OTHER","38.9087162943","-76.9332090118",80,48,128,977,1084,2061,434,120,554
7806,"MOTOR VEHICLE THEFT","38.9085255868","-76.9305804475",117,47,164,659,884,1543,103,122,225
7806,"MOTOR VEHICLE THEFT","38.9085255868","-76.9305804475",117,47,128,659,884,2061,103,122,554
7806,"MOTOR VEHICLE THEFT","38.9085255868","-76.9305804475",117,48,164,659,1084,1543,103,120,225
7806,"MOTOR VEHICLE THEFT","38.9085255868","-76.9305804475",117,48,128,659,1084,2061,103,120,554
7806,"MOTOR VEHICLE THEFT","38.9085255868","-76.9305804475",80,47,164,977,884,1543,434,122,225
7806,"MOTOR VEHICLE THEFT","38.9085255868","-76.9305804475",80,47,128,977,884,2061,434,122,554
7806,"MOTOR VEHICLE THEFT","38.9085255868","-76.9305804475",80,48,164,977,1084,1543,434,120,225
7806,"MOTOR VEHICLE THEFT","38.9085255868","-76.9305804475",80,48,128,977,1084,2061,434,120,554
7806,"ROBBERY","38.9027468048","-76.9387714056",117,47,164,659,884,1543,103,122,225
7806,"ROBBERY","38.9027468048","-76.9387714056",117,47,128,659,884,2061,103,122,554
7806,"ROBBERY","38.9027468048","-76.9387714056",117,48,164,659,1084,1543,103,120,225
7806,"ROBBERY","38.9027468048","-76.9387714056",117,48,128,659,1084,2061,103,120,554
7806,"ROBBERY","38.9027468048","-76.9387714056",80,47,164,977,884,1543,434,122,225
7806,"ROBBERY","38.9027468048","-76.9387714056",80,47,128,977,884,2061,434,122,554
7806,"ROBBERY","38.9027468048","-76.9387714056",80,48,164,977,1084,1543,434,120,225
7806,"ROBBERY","38.9027468048","-76.9387714056",80,48,128,977,1084,2061,434,120,554
7806,"MOTOR VEHICLE THEFT","38.9060684362","-76.9342606463",117,47,164,659,884,1543,103,122,225
7806,"MOTOR VEHICLE THEFT","38.9060684362","-76.9342606463",117,47,128,659,884,2061,103,122,554
7806,"MOTOR VEHICLE THEFT","38.9060684362","-76.9342606463",117,48,164,659,1084,1543,103,120,225
7806,"MOTOR VEHICLE THEFT","38.9060684362","-76.9342606463",117,48,128,659,1084,2061,103,120,554
7806,"MOTOR VEHICLE THEFT","38.9060684362","-76.9342606463",80,47,164,977,884,1543,434,122,225
7806,"MOTOR VEHICLE THEFT","38.9060684362","-76.9342606463",80,47,128,977,884,2061,434,122,554
7806,"MOTOR VEHICLE THEFT","38.9060684362","-76.9342606463",80,48,164,977,1084,1543,434,120,225
7806,"MOTOR VEHICLE THEFT","38.9060684362","-76.9342606463",80,48,128,977,1084,2061,434,120,554
7806,"ROBBERY","38.9038361685","-76.9375484161",117,47,164,659,884,1543,103,122,225
7806,"ROBBERY","38.9038361685","-76.9375484161",117,47,128,659,884,2061,103,122,554
7806,"ROBBERY","38.9038361685","-76.9375484161",117,48,164,659,1084,1543,103,120,225
7806,"ROBBERY","38.9038361685","-76.9375484161",117,48,128,659,1084,2061,103,120,554
7806,"ROBBERY","38.9038361685","-76.9375484161",80,47,164,977,884,1543,434,122,225
7806,"ROBBERY","38.9038361685","-76.9375484161",80,47,128,977,884,2061,434,122,554
7806,"ROBBERY","38.9038361685","-76.9375484161",80,48,164,977,1084,1543,434,120,225
7806,"ROBBERY","38.9038361685","-76.9375484161",80,48,128,977,1084,2061,434,120,554
7806,"THEFT F/AUTO","38.9088868148","-76.9321020074",117,47,164,659,884,1543,103,122,225
7806,"THEFT F/AUTO","38.9088868148","-76.9321020074",117,47,128,659,884,2061,103,122,554
7806,"THEFT F/AUTO","38.9088868148","-76.9321020074",117,48,164,659,1084,1543,103,120,225
7806,"THEFT F/AUTO","38.9088868148","-76.9321020074",117,48,128,659,1084,2061,103,120,554
7806,"THEFT F/AUTO","38.9088868148","-76.9321020074",80,47,164,977,884,1543,434,122,225
7806,"THEFT F/AUTO","38.9088868148","-76.9321020074",80,47,128,977,884,2061,434,122,554
7806,"THEFT F/AUTO","38.9088868148","-76.9321020074",80,48,164,977,1084,1543,434,120,225
7806,"THEFT F/AUTO","38.9088868148","-76.9321020074",80,48,128,977,1084,2061,434,120,554
7806,"BURGLARY","38.9053649057","-76.9327164003",117,47,164,659,884,1543,103,122,225
7806,"BURGLARY","38.9053649057","-76.9327164003",117,47,128,659,884,2061,103,122,554
7806,"BURGLARY","38.9053649057","-76.9327164003",117,48,164,659,1084,1543,103,120,225
7806,"BURGLARY","38.9053649057","-76.9327164003",117,48,128,659,1084,2061,103,120,554
7806,"BURGLARY","38.9053649057","-76.9327164003",80,47,164,977,884,1543,434,122,225
7806,"BURGLARY","38.9053649057","-76.9327164003",80,47,128,977,884,2061,434,122,554
7806,"BURGLARY","38.9053649057","-76.9327164003",80,48,164,977,1084,1543,434,120,225
7806,"BURGLARY","38.9053649057","-76.9327164003",80,48,128,977,1084,2061,434,120,554
7806,"THEFT/OTHER","38.9054934696","-76.9371088599",117,47,164,659,884,1543,103,122,225
7806,"THEFT/OTHER","38.9054934696","-76.9371088599",117,47,128,659,884,2061,103,122,554
7806,"THEFT/OTHER","38.9054934696","-76.9371088599",117,48,164,659,1084,1543,103,120,225
7806,"THEFT/OTHER","38.9054934696","-76.9371088599",117,48,128,659,1084,2061,103,120,554
7806,"THEFT/OTHER","38.9054934696","-76.9371088599",80,47,164,977,884,1543,434,122,225
7806,"THEFT/OTHER","38.9054934696","-76.9371088599",80,47,128,977,884,2061,434,122,554
7806,"THEFT/OTHER","38.9054934696","-76.9371088599",80,48,164,977,1084,1543,434,120,225
7806,"THEFT/OTHER","38.9054934696","-76.9371088599",80,48,128,977,1084,2061,434,120,554
7807,"MOTOR VEHICLE THEFT","38.8983572821","-76.9198347828",0,0,0,0,0,0,0,0,0
7807,"THEFT/OTHER","38.9034761291","-76.9229533236",0,0,0,0,0,0,0,0,0
7807,"THEFT/OTHER","38.9034761291","-76.9229533236",0,0,0,0,0,0,0,0,0
7807,"THEFT/OTHER","38.9034761291","-76.9229533236",0,0,0,0,0,0,0,0,0
7807,"THEFT/OTHER","38.9034761291","-76.9229533236",0,0,0,0,0,0,0,0,0
7807,"THEFT/OTHER","38.9034761291","-76.9229533236",0,0,0,0,0,0,0,0,0
7807,"THEFT F/AUTO","38.8992955491","-76.9218972553",0,0,0,0,0,0,0,0,0
7807,"THEFT/OTHER","38.9034761291","-76.9229533236",0,0,0,0,0,0,0,0,0
7807,"THEFT/OTHER","38.9034761291","-76.9229533236",0,0,0,0,0,0,0,0,0
7807,"ROBBERY","38.8971359732","-76.9256230778",0,0,0,0,0,0,0,0,0
7807,"THEFT/OTHER","38.9013683798","-76.9232668675",0,0,0,0,0,0,0,0,0
7807,"THEFT/OTHER","38.8977577185","-76.9258875697",0,0,0,0,0,0,0,0,0
7807,"THEFT/OTHER","38.8974802663","-76.9152938189",0,0,0,0,0,0,0,0,0
7807,"THEFT/OTHER","38.9034761291","-76.9229533236",0,0,0,0,0,0,0,0,0
7807,"MOTOR VEHICLE THEFT","38.8958060096","-76.9171056275",0,0,0,0,0,0,0,0,0
7807,"ROBBERY","38.8964669245","-76.9219003521",0,0,0,0,0,0,0,0,0
7807,"THEFT/OTHER","38.9034761291","-76.9229533236",0,0,0,0,0,0,0,0,0
7807,"MOTOR VEHICLE THEFT","38.8958060096","-76.9171056275",0,0,0,0,0,0,0,0,0
7807,"MOTOR VEHICLE THEFT","38.896473109","-76.9177849824",0,0,0,0,0,0,0,0,0
7807,"THEFT/OTHER","38.9034761291","-76.9229533236",0,0,0,0,0,0,0,0,0
7807,"THEFT/OTHER","38.9034761291","-76.9229533236",0,0,0,0,0,0,0,0,0
7807,"THEFT/OTHER","38.9034761291","-76.9229533236",0,0,0,0,0,0,0,0,0
7807,"THEFT/OTHER","38.9034761291","-76.9229533236",0,0,0,0,0,0,0,0,0
7807,"THEFT/OTHER","38.9025490536","-76.9241533003",0,0,0,0,0,0,0,0,0
7807,"ASSAULT W/DANGEROUS WEAPON","38.8971482472","-76.9170925401",0,0,0,0,0,0,0,0,0
7807,"THEFT F/AUTO","38.8983562522","-76.9183476807",0,0,0,0,0,0,0,0,0
7807,"THEFT/OTHER","38.9034761291","-76.9229533236",0,0,0,0,0,0,0,0,0
7807,"THEFT/OTHER","38.9034761291","-76.9229533236",0,0,0,0,0,0,0,0,0
7807,"ASSAULT W/DANGEROUS WEAPON","38.8977532534","-76.9191553193",0,0,0,0,0,0,0,0,0
7807,"MOTOR VEHICLE THEFT","38.8990942403","-76.9173554236",0,0,0,0,0,0,0,0,0
7807,"THEFT/OTHER","38.9025490536","-76.9241533003",0,0,0,0,0,0,0,0,0
7807,"THEFT/OTHER","38.9034761291","-76.9229533236",0,0,0,0,0,0,0,0,0
7807,"THEFT/OTHER","38.8965161877","-76.9150413557",0,0,0,0,0,0,0,0,0
7807,"THEFT F/AUTO","38.8958140282","-76.9157223157",0,0,0,0,0,0,0,0,0
7807,"THEFT/OTHER","38.9034761291","-76.9229533236",0,0,0,0,0,0,0,0,0
7807,"HOMICIDE","38.9034761291","-76.9229533236",0,0,0,0,0,0,0,0,0
7807,"MOTOR VEHICLE THEFT","38.900843414","-76.9195783655",0,0,0,0,0,0,0,0,0
7807,"THEFT/OTHER","38.8971482472","-76.9170925401",0,0,0,0,0,0,0,0,0
7807,"THEFT F/AUTO","38.8977532534","-76.9191553193",0,0,0,0,0,0,0,0,0
7807,"HOMICIDE","38.9025490536","-76.9241533003",0,0,0,0,0,0,0,0,0
7807,"MOTOR VEHICLE THEFT","38.8977577185","-76.9258875697",0,0,0,0,0,0,0,0,0
7807,"THEFT/OTHER","38.9034761291","-76.9229533236",0,0,0,0,0,0,0,0,0
7807,"THEFT F/AUTO","38.8983572821","-76.9198347828",0,0,0,0,0,0,0,0,0
7807,"THEFT/OTHER","38.9034761291","-76.9229533236",0,0,0,0,0,0,0,0,0
7807,"THEFT/OTHER","38.9034761291","-76.9229533236",0,0,0,0,0,0,0,0,0
7807,"THEFT/OTHER","38.9034761291","-76.9229533236",0,0,0,0,0,0,0,0,0
7807,"ASSAULT W/DANGEROUS WEAPON","38.8995724528","-76.9184500418",0,0,0,0,0,0,0,0,0
7807,"BURGLARY","38.8983582155","-76.9212066056",0,0,0,0,0,0,0,0,0
7807,"THEFT/OTHER","38.9034761291","-76.9229533236",0,0,0,0,0,0,0,0,0
7807,"THEFT/OTHER","38.9034761291","-76.9229533236",0,0,0,0,0,0,0,0,0
7807,"THEFT/OTHER","38.9034761291","-76.9229533236",0,0,0,0,0,0,0,0,0
7807,"THEFT/OTHER","38.9034761291","-76.9229533236",0,0,0,0,0,0,0,0,0
7807,"THEFT/OTHER","38.9034761291","-76.9229533236",0,0,0,0,0,0,0,0,0
7807,"THEFT F/AUTO","38.8962900496","-76.9137735892",0,0,0,0,0,0,0,0,0
7807,"MOTOR VEHICLE THEFT","38.898737031","-76.9218978668",0,0,0,0,0,0,0,0,0
7807,"BURGLARY","38.8958079164","-76.9198376476",0,0,0,0,0,0,0,0,0
7807,"THEFT F/AUTO","38.8971482472","-76.9170925401",0,0,0,0,0,0,0,0,0
7807,"THEFT/OTHER","38.9034761291","-76.9229533236",0,0,0,0,0,0,0,0,0
7807,"THEFT F/AUTO","38.8992852614","-76.9200066612",0,0,0,0,0,0,0,0,0
7807,"THEFT F/AUTO","38.8983562522","-76.9183476807",0,0,0,0,0,0,0,0,0
7807,"BURGLARY","38.9007102601","-76.9224951785",0,0,0,0,0,0,0,0,0
7807,"ROBBERY","38.8971482472","-76.9170925401",0,0,0,0,0,0,0,0,0
7807,"THEFT/OTHER","38.9034761291","-76.9229533236",0,0,0,0,0,0,0,0,0
7807,"MOTOR VEHICLE THEFT","38.8983423536","-76.9244690271",0,0,0,0,0,0,0,0,0
7807,"ASSAULT W/DANGEROUS WEAPON","38.8964721355","-76.9164131958",0,0,0,0,0,0,0,0,0
7807,"THEFT F/AUTO","38.9007102601","-76.9224951785",0,0,0,0,0,0,0,0,0
7807,"THEFT/OTHER","38.9034761291","-76.9229533236",0,0,0,0,0,0,0,0,0
7807,"THEFT F/AUTO","38.9000615437","-76.9223229603",0,0,0,0,0,0,0,0,0
7807,"MOTOR VEHICLE THEFT","38.8971330787","-76.9212079588",0,0,0,0,0,0,0,0,0
7807,"ROBBERY","38.9034761291","-76.9229533236",0,0,0,0,0,0,0,0,0
7807,"THEFT F/AUTO","38.8959205449","-76.9135550126",0,0,0,0,0,0,0,0,0
7807,"THEFT/OTHER","38.9034761291","-76.9229533236",0,0,0,0,0,0,0,0,0
7807,"ROBBERY","38.8983423536","-76.9244690271",0,0,0,0,0,0,0,0,0
7807,"THEFT/OTHER","38.9034761291","-76.9229533236",0,0,0,0,0,0,0,0,0
7807,"ROBBERY","38.8986614464","-76.9168025819",0,0,0,0,0,0,0,0,0
7807,"ROBBERY","38.8983423536","-76.9244690271",0,0,0,0,0,0,0,0,0
7807,"ASSAULT W/DANGEROUS WEAPON","38.9014393135","-76.9215605836",0,0,0,0,0,0,0,0,0
7807,"THEFT F/AUTO","38.8968851605","-76.9145336977",0,0,0,0,0,0,0,0,0
7807,"BURGLARY","38.9021327394","-76.9212370219",0,0,0,0,0,0,0,0,0
7807,"MOTOR VEHICLE THEFT","38.8958060096","-76.9171056275",0,0,0,0,0,0,0,0,0
7807,"THEFT/OTHER","38.9034761291","-76.9229533236",0,0,0,0,0,0,0,0,0
7807,"THEFT/OTHER","38.9034761291","-76.9229533236",0,0,0,0,0,0,0,0,0
7807,"MOTOR VEHICLE THEFT","38.8983588876","-76.9222095349",0,0,0,0,0,0,0,0,0
7807,"THEFT F/AUTO","38.8983582155","-76.9212066056",0,0,0,0,0,0,0,0,0
7807,"THEFT F/AUTO","38.9034761291","-76.9229533236",0,0,0,0,0,0,0,0,0
7807,"MOTOR VEHICLE THEFT","38.896473109","-76.9177849824",0,0,0,0,0,0,0,0,0
7807,"MOTOR VEHICLE THEFT","38.8965161877","-76.9150413557",0,0,0,0,0,0,0,0,0
7807,"ASSAULT W/DANGEROUS WEAPON","38.8958040221","-76.9143505526",0,0,0,0,0,0,0,0,0
7807,"THEFT/OTHER","38.9034761291","-76.9229533236",0,0,0,0,0,0,0,0,0
7807,"THEFT/OTHER","38.9034761291","-76.9229533236",0,0,0,0,0,0,0,0,0
7807,"THEFT/OTHER","38.9034761291","-76.9229533236",0,0,0,0,0,0,0,0,0
7807,"ROBBERY","38.8965161877","-76.9150413557",0,0,0,0,0,0,0,0,0
7807,"ASSAULT W/DANGEROUS WEAPON","38.8977577185","-76.9258875697",0,0,0,0,0,0,0,0,0
7807,"MOTOR VEHICLE THEFT","38.8983423536","-76.9244690271",0,0,0,0,0,0,0,0,0
7807,"MOTOR VEHICLE THEFT","38.8983423536","-76.9244690271",0,0,0,0,0,0,0,0,0
7807,"THEFT/OTHER","38.8995724528","-76.9184500418",0,0,0,0,0,0,0,0,0
7807,"THEFT F/AUTO","38.8983582155","-76.9212066056",0,0,0,0,0,0,0,0,0
7807,"THEFT/OTHER","38.9034761291","-76.9229533236",0,0,0,0,0,0,0,0,0
7807,"ASSAULT W/DANGEROUS WEAPON","38.8971330787","-76.9212079588",0,0,0,0,0,0,0,0,0
7807,"THEFT/OTHER","38.9034761291","-76.9229533236",0,0,0,0,0,0,0,0,0
7807,"THEFT F/AUTO","38.8964669245","-76.9219003521",0,0,0,0,0,0,0,0,0
7807,"THEFT/OTHER","38.9034761291","-76.9229533236",0,0,0,0,0,0,0,0,0
7807,"THEFT/OTHER","38.8971482472","-76.9170925401",0,0,0,0,0,0,0,0,0
7807,"THEFT/OTHER","38.8979228022","-76.9168610827",0,0,0,0,0,0,0,0,0
7807,"THEFT F/AUTO","38.8974802663","-76.9152938189",0,0,0,0,0,0,0,0,0
7807,"THEFT F/AUTO","38.8977461116","-76.9218989517",0,0,0,0,0,0,0,0,0
7807,"THEFT/OTHER","38.9034761291","-76.9229533236",0,0,0,0,0,0,0,0,0
7807,"MOTOR VEHICLE THEFT","38.9013683798","-76.9232668675",0,0,0,0,0,0,0,0,0
7807,"THEFT/OTHER","38.9034761291","-76.9229533236",0,0,0,0,0,0,0,0,0
7807,"THEFT/OTHER","38.9034761291","-76.9229533236",0,0,0,0,0,0,0,0,0
7807,"THEFT/OTHER","38.9034761291","-76.9229533236",0,0,0,0,0,0,0,0,0
7807,"THEFT/OTHER","38.9034761291","-76.9229533236",0,0,0,0,0,0,0,0,0
7807,"ASSAULT W/DANGEROUS WEAPON","38.9034761291","-76.9229533236",0,0,0,0,0,0,0,0,0
7807,"THEFT F/AUTO","38.8971402043","-76.91846435",0,0,0,0,0,0,0,0,0
7807,"ROBBERY","38.8979228022","-76.9168610827",0,0,0,0,0,0,0,0,0
7807,"THEFT/OTHER","38.8964721355","-76.9164131958",0,0,0,0,0,0,0,0,0
7807,"THEFT/OTHER","38.8983562522","-76.9183476807",0,0,0,0,0,0,0,0,0
7807,"THEFT/OTHER","38.9034761291","-76.9229533236",0,0,0,0,0,0,0,0,0
7807,"THEFT/OTHER","38.9034761291","-76.9229533236",0,0,0,0,0,0,0,0,0
7807,"THEFT F/AUTO","38.8992852614","-76.9200066612",0,0,0,0,0,0,0,0,0
7807,"THEFT/OTHER","38.9034761291","-76.9229533236",0,0,0,0,0,0,0,0,0
7807,"THEFT/OTHER","38.9034761291","-76.9229533236",0,0,0,0,0,0,0,0,0
7807,"THEFT F/AUTO","38.8971382156","-76.9156631126",0,0,0,0,0,0,0,0,0
7807,"MOTOR VEHICLE THEFT","38.9034761291","-76.9229533236",0,0,0,0,0,0,0,0,0
7807,"THEFT/OTHER","38.9034761291","-76.9229533236",0,0,0,0,0,0,0,0,0
7807,"THEFT F/AUTO","38.9021327394","-76.9212370219",0,0,0,0,0,0,0,0,0
7807,"MOTOR VEHICLE THEFT","38.9014393135","-76.9215605836",0,0,0,0,0,0,0,0,0
7807,"THEFT F/AUTO","38.8964669245","-76.9219003521",0,0,0,0,0,0,0,0,0
7807,"THEFT/OTHER","38.9034761291","-76.9229533236",0,0,0,0,0,0,0,0,0
7807,"MOTOR VEHICLE THEFT","38.8983423536","-76.9244690271",0,0,0,0,0,0,0,0,0
7807,"SEX ABUSE","38.8964721355","-76.9164131958",0,0,0,0,0,0,0,0,0
7807,"THEFT/OTHER","38.9034761291","-76.9229533236",0,0,0,0,0,0,0,0,0
7807,"BURGLARY","38.898737031","-76.9218978668",0,0,0,0,0,0,0,0,0
7807,"THEFT/OTHER","38.9034761291","-76.9229533236",0,0,0,0,0,0,0,0,0
7807,"THEFT/OTHER","38.9034761291","-76.9229533236",0,0,0,0,0,0,0,0,0
7807,"THEFT/OTHER","38.9025490536","-76.9241533003",0,0,0,0,0,0,0,0,0
7807,"ROBBERY","38.9021327394","-76.9212370219",0,0,0,0,0,0,0,0,0
7807,"MOTOR VEHICLE THEFT","38.8983562522","-76.9183476807",0,0,0,0,0,0,0,0,0
7807,"THEFT F/AUTO","38.9014393135","-76.9215605836",0,0,0,0,0,0,0,0,0
7807,"THEFT/OTHER","38.8971382156","-76.9156631126",0,0,0,0,0,0,0,0,0
7807,"THEFT F/AUTO","38.8964669245","-76.9219003521",0,0,0,0,0,0,0,0,0
7807,"THEFT/OTHER","38.9034761291","-76.9229533236",0,0,0,0,0,0,0,0,0
7807,"ASSAULT W/DANGEROUS WEAPON","38.9007102601","-76.9224951785",0,0,0,0,0,0,0,0,0
7807,"THEFT/OTHER","38.8983423536","-76.9244690271",0,0,0,0,0,0,0,0,0
7807,"MOTOR VEHICLE THEFT","38.8977577185","-76.9258875697",0,0,0,0,0,0,0,0,0
7807,"THEFT/OTHER","38.9034761291","-76.9229533236",0,0,0,0,0,0,0,0,0
7807,"THEFT/OTHER","38.9034761291","-76.9229533236",0,0,0,0,0,0,0,0,0
7807,"ROBBERY","38.8977577185","-76.9258875697",0,0,0,0,0,0,0,0,0
7807,"ROBBERY","38.896473109","-76.9177849824",0,0,0,0,0,0,0,0,0
7807,"THEFT/OTHER","38.9034761291","-76.9229533236",0,0,0,0,0,0,0,0,0
7807,"MOTOR VEHICLE THEFT","38.9026556727","-76.9219051048",0,0,0,0,0,0,0,0,0
7807,"THEFT/OTHER","38.9034761291","-76.9229533236",0,0,0,0,0,0,0,0,0
7807,"THEFT F/AUTO","38.899575974","-76.9236607519",0,0,0,0,0,0,0,0,0
7807,"MOTOR VEHICLE THEFT","38.8995748004","-76.9218854214",0,0,0,0,0,0,0,0,0
7807,"THEFT/OTHER","38.9034761291","-76.9229533236",0,0,0,0,0,0,0,0,0
7807,"THEFT F/AUTO","38.8971402043","-76.91846435",0,0,0,0,0,0,0,0,0
7807,"THEFT/OTHER","38.9034761291","-76.9229533236",0,0,0,0,0,0,0,0,0
7807,"ROBBERY","38.8974802663","-76.9152938189",0,0,0,0,0,0,0,0,0
7807,"THEFT/OTHER","38.9034761291","-76.9229533236",0,0,0,0,0,0,0,0,0
7807,"THEFT/OTHER","38.9034761291","-76.9229533236",0,0,0,0,0,0,0,0,0
7807,"ASSAULT W/DANGEROUS WEAPON","38.8965161877","-76.9150413557",0,0,0,0,0,0,0,0,0
7807,"THEFT/OTHER","38.9034761291","-76.9229533236",0,0,0,0,0,0,0,0,0
7807,"MOTOR VEHICLE THEFT","38.9034761291","-76.9229533236",0,0,0,0,0,0,0,0,0
7807,"THEFT F/AUTO","38.9034761291","-76.9229533236",0,0,0,0,0,0,0,0,0
7807,"THEFT/OTHER","38.9034761291","-76.9229533236",0,0,0,0,0,0,0,0,0
7807,"ARSON","38.8983423536","-76.9244690271",0,0,0,0,0,0,0,0,0
7807,"THEFT/OTHER","38.8977577185","-76.9258875697",0,0,0,0,0,0,0,0,0
7807,"THEFT/OTHER","38.9034761291","-76.9229533236",0,0,0,0,0,0,0,0,0
7807,"THEFT F/AUTO","38.896473109","-76.9177849824",0,0,0,0,0,0,0,0,0
7807,"THEFT/OTHER","38.9034761291","-76.9229533236",0,0,0,0,0,0,0,0,0
7807,"THEFT/OTHER","38.9034761291","-76.9229533236",0,0,0,0,0,0,0,0,0
7807,"THEFT/OTHER","38.9034761291","-76.9229533236",0,0,0,0,0,0,0,0,0
7807,"MOTOR VEHICLE THEFT","38.8968851605","-76.9145336977",0,0,0,0,0,0,0,0,0
7807,"THEFT F/AUTO","38.8962900496","-76.9137735892",0,0,0,0,0,0,0,0,0
7807,"THEFT/OTHER","38.9034761291","-76.9229533236",0,0,0,0,0,0,0,0,0
7807,"THEFT F/AUTO","38.8965161877","-76.9150413557",0,0,0,0,0,0,0,0,0
7807,"THEFT/OTHER","38.9034761291","-76.9229533236",0,0,0,0,0,0,0,0,0
7807,"THEFT/OTHER","38.9034761291","-76.9229533236",0,0,0,0,0,0,0,0,0
7807,"THEFT/OTHER","38.9034761291","-76.9229533236",0,0,0,0,0,0,0,0,0
7807,"MOTOR VEHICLE THEFT","38.9025490536","-76.9241533003",0,0,0,0,0,0,0,0,0
7807,"THEFT/OTHER","38.9034761291","-76.9229533236",0,0,0,0,0,0,0,0,0
7807,"THEFT F/AUTO","38.899575974","-76.9236607519",0,0,0,0,0,0,0,0,0
7807,"THEFT/OTHER","38.9034761291","-76.9229533236",0,0,0,0,0,0,0,0,0
7807,"THEFT F/AUTO","38.8983423536","-76.9244690271",0,0,0,0,0,0,0,0,0
7807,"THEFT/OTHER","38.9034761291","-76.9229533236",0,0,0,0,0,0,0,0,0
7807,"THEFT/OTHER","38.9034761291","-76.9229533236",0,0,0,0,0,0,0,0,0
7807,"THEFT F/AUTO","38.9027551943","-76.9225505999",0,0,0,0,0,0,0,0,0
7807,"THEFT/OTHER","38.9000615437","-76.9223229603",0,0,0,0,0,0,0,0,0
7808,"THEFT F/AUTO","38.8936775478","-76.9136730022",168,310,478,1306,1088,2394,387,272,659
7808,"SEX ABUSE","38.8928922857","-76.9116221376",168,310,478,1306,1088,2394,387,272,659
7808,"THEFT/OTHER","38.8940741175","-76.9271939744",168,310,478,1306,1088,2394,387,272,659
7808,"THEFT/OTHER","38.8943247115","-76.9117471632",168,310,478,1306,1088,2394,387,272,659
7808,"THEFT/OTHER","38.8943247115","-76.9117471632",168,310,478,1306,1088,2394,387,272,659
7808,"THEFT F/AUTO","38.8928922857","-76.9116221376",168,310,478,1306,1088,2394,387,272,659
7808,"THEFT F/AUTO","38.8903124241","-76.9192790173",168,310,478,1306,1088,2394,387,272,659
7808,"THEFT F/AUTO","38.8958040221","-76.9143505526",168,310,478,1306,1088,2394,387,272,659
7808,"THEFT/OTHER","38.8942324716","-76.9213379623",168,310,478,1306,1088,2394,387,272,659
7808,"THEFT F/AUTO","38.8936224672","-76.9122898088",168,310,478,1306,1088,2394,387,272,659
7808,"THEFT F/AUTO","38.8928922857","-76.9116221376",168,310,478,1306,1088,2394,387,272,659
7808,"MOTOR VEHICLE THEFT","38.8944247203","-76.9129689329",168,310,478,1306,1088,2394,387,272,659
7808,"THEFT/OTHER","38.891604395","-76.9249372342",168,310,478,1306,1088,2394,387,272,659
7808,"THEFT/OTHER","38.8928953184","-76.9157257636",168,310,478,1306,1088,2394,387,272,659
7808,"THEFT F/AUTO","38.8938656209","-76.9251308175",168,310,478,1306,1088,2394,387,272,659
7808,"THEFT F/AUTO","38.892520281","-76.920452272",168,310,478,1306,1088,2394,387,272,659
7808,"THEFT/OTHER","38.8951369027","-76.9136712363",168,310,478,1306,1088,2394,387,272,659
7808,"MOTOR VEHICLE THEFT","38.892425385","-76.9136745174",168,310,478,1306,1088,2394,387,272,659
7808,"MOTOR VEHICLE THEFT","38.8897490469","-76.9255270397",168,310,478,1306,1088,2394,387,272,659
7808,"THEFT/OTHER","38.8918885932","-76.9188507391",168,310,478,1306,1088,2394,387,272,659
7808,"THEFT F/AUTO","38.895806967","-76.9184658738",168,310,478,1306,1088,2394,387,272,659
7808,"MOTOR VEHICLE THEFT","38.8918578937","-76.9269311178",168,310,478,1306,1088,2394,387,272,659
7808,"MOTOR VEHICLE THEFT","38.8928853123","-76.9143540567",168,310,478,1306,1088,2394,387,272,659
7808,"THEFT/OTHER","38.8907663343","-76.9245001011",168,310,478,1306,1088,2394,387,272,659
7808,"ROBBERY","38.8924243633","-76.9123028087",168,310,478,1306,1088,2394,387,272,659
7808,"THEFT F/AUTO","38.8938019526","-76.9241856543",168,310,478,1306,1088,2394,387,272,659
7808,"ASSAULT W/DANGEROUS WEAPON","38.8936224672","-76.9122898088",168,310,478,1306,1088,2394,387,272,659
7808,"THEFT/OTHER","38.8926649926","-76.9213051096",168,310,478,1306,1088,2394,387,272,659
7808,"ROBBERY","38.8948846903","-76.9269049629",168,310,478,1306,1088,2394,387,272,659
7808,"MOTOR VEHICLE THEFT","38.891287376","-76.922297933",168,310,478,1306,1088,2394,387,272,659
7808,"THEFT F/AUTO","38.8936224672","-76.9122898088",168,310,478,1306,1088,2394,387,272,659
7808,"THEFT F/AUTO","38.8922611992","-76.9236916329",168,310,478,1306,1088,2394,387,272,659
7808,"ASSAULT W/DANGEROUS WEAPON","38.893450279","-76.9109298179",168,310,478,1306,1088,2394,387,272,659
7808,"THEFT F/AUTO","38.8923665468","-76.9195879212",168,310,478,1306,1088,2394,387,272,659
7808,"ROBBERY","38.8919654451","-76.9129834599",168,310,478,1306,1088,2394,387,272,659
7808,"ASSAULT W/DANGEROUS WEAPON","38.8929920084","-76.925442965",168,310,478,1306,1088,2394,387,272,659
7808,"MOTOR VEHICLE THEFT","38.892520281","-76.920452272",168,310,478,1306,1088,2394,387,272,659
7808,"MOTOR VEHICLE THEFT","38.8951759049","-76.9177864774",168,310,478,1306,1088,2394,387,272,659
7808,"ASSAULT W/DANGEROUS WEAPON","38.8926649926","-76.9213051096",168,310,478,1306,1088,2394,387,272,659
7808,"SEX ABUSE","38.8936775478","-76.9136730022",168,310,478,1306,1088,2394,387,272,659
7808,"THEFT F/AUTO","38.8938019526","-76.9241856543",168,310,478,1306,1088,2394,387,272,659
7808,"MOTOR VEHICLE THEFT","38.8936795431","-76.9164164678",168,310,478,1306,1088,2394,387,272,659
7808,"ROBBERY","38.8923665468","-76.9195879212",168,310,478,1306,1088,2394,387,272,659
7808,"THEFT F/AUTO","38.8897454278","-76.920051937",168,310,478,1306,1088,2394,387,272,659
7808,"ASSAULT W/DANGEROUS WEAPON","38.892425385","-76.9136745174",168,310,478,1306,1088,2394,387,272,659
7808,"ASSAULT W/DANGEROUS WEAPON","38.891604395","-76.9249372342",168,310,478,1306,1088,2394,387,272,659
7808,"THEFT F/AUTO","38.890879383","-76.9184599785",168,310,478,1306,1088,2394,387,272,659
7808,"THEFT/OTHER","38.8918878516","-76.9177902664",168,310,478,1306,1088,2394,387,272,659
7808,"ASSAULT W/DANGEROUS WEAPON","38.8944247203","-76.9129689329",168,310,478,1306,1088,2394,387,272,659
7808,"THEFT/OTHER","38.8945998383","-76.9184557261",168,310,478,1306,1088,2394,387,272,659
7808,"MOTOR VEHICLE THEFT","38.8936775478","-76.9136730022",168,310,478,1306,1088,2394,387,272,659
7808,"ROBBERY","38.892425385","-76.9136745174",168,310,478,1306,1088,2394,387,272,659
7808,"THEFT/OTHER","38.8943247115","-76.9117471632",168,310,478,1306,1088,2394,387,272,659
7808,"THEFT F/AUTO","38.8957998413","-76.9212094313",168,310,478,1306,1088,2394,387,272,659
7808,"THEFT/OTHER","38.8938656209","-76.9251308175",168,310,478,1306,1088,2394,387,272,659
7808,"THEFT/OTHER","38.8940741175","-76.9271939744",168,310,478,1306,1088,2394,387,272,659
7808,"ROBBERY","38.8928953184","-76.9157257636",168,310,478,1306,1088,2394,387,272,659
7808,"THEFT/OTHER","38.8951759049","-76.9177864774",168,310,478,1306,1088,2394,387,272,659
7808,"THEFT/OTHER","38.8924233254","-76.9109311001",168,310,478,1306,1088,2394,387,272,659
7808,"THEFT F/AUTO","38.8928922857","-76.9116221376",168,310,478,1306,1088,2394,387,272,659
7808,"THEFT F/AUTO","38.8897454278","-76.920051937",168,310,478,1306,1088,2394,387,272,659
7808,"THEFT F/AUTO","38.8907663343","-76.9245001011",168,310,478,1306,1088,2394,387,272,659
7808,"MOTOR VEHICLE THEFT","38.8909432326","-76.9196010521",168,310,478,1306,1088,2394,387,272,659
7808,"THEFT/OTHER","38.8922611992","-76.9236916329",168,310,478,1306,1088,2394,387,272,659
7808,"THEFT F/AUTO","38.8936775478","-76.9136730022",168,310,478,1306,1088,2394,387,272,659
7808,"BURGLARY","38.8951369027","-76.9136712363",168,310,478,1306,1088,2394,387,272,659
7808,"THEFT F/AUTO","38.891604395","-76.9249372342",168,310,478,1306,1088,2394,387,272,659
7808,"THEFT/OTHER","38.8928853123","-76.9143540567",168,310,478,1306,1088,2394,387,272,659
7808,"ASSAULT W/DANGEROUS WEAPON","38.8918578937","-76.9269311178",168,310,478,1306,1088,2394,387,272,659
7808,"MOTOR VEHICLE THEFT","38.8928853123","-76.9143540567",168,310,478,1306,1088,2394,387,272,659
7808,"THEFT F/AUTO","38.8936224672","-76.9122898088",168,310,478,1306,1088,2394,387,272,659
7808,"THEFT/OTHER","38.895138898","-76.916414758",168,310,478,1306,1088,2394,387,272,659
7808,"ROBBERY","38.8944247203","-76.9129689329",168,310,478,1306,1088,2394,387,272,659
7808,"SEX ABUSE","38.8926649926","-76.9213051096",168,310,478,1306,1088,2394,387,272,659
7808,"THEFT F/AUTO","38.8934406704","-76.9101459845",168,310,478,1306,1088,2394,387,272,659
7808,"ROBBERY","38.8918878516","-76.9177902664",168,310,478,1306,1088,2394,387,272,659
7808,"MOTOR VEHICLE THEFT","38.8897447452","-76.9190606553",168,310,478,1306,1088,2394,387,272,659
7808,"THEFT/OTHER","38.8928953184","-76.9157257636",168,310,478,1306,1088,2394,387,272,659
7808,"HOMICIDE","38.8951369027","-76.9136712363",168,310,478,1306,1088,2394,387,272,659
7808,"THEFT/OTHER","38.8943247115","-76.9117471632",168,310,478,1306,1088,2394,387,272,659
7808,"THEFT F/AUTO","38.8936224672","-76.9122898088",168,310,478,1306,1088,2394,387,272,659
7808,"THEFT/OTHER","38.8924243633","-76.9123028087",168,310,478,1306,1088,2394,387,272,659
7808,"BURGLARY","38.8945677891","-76.911550898",168,310,478,1306,1088,2394,387,272,659
7808,"MOTOR VEHICLE THEFT","38.8912537817","-76.926055701",168,310,478,1306,1088,2394,387,272,659
7808,"THEFT/OTHER","38.8951369027","-76.9136712363",168,310,478,1306,1088,2394,387,272,659
7808,"THEFT F/AUTO","38.8928853123","-76.9143540567",168,310,478,1306,1088,2394,387,272,659
7808,"THEFT F/AUTO","38.893450279","-76.9109298179",168,310,478,1306,1088,2394,387,272,659
7808,"MOTOR VEHICLE THEFT","38.8935330663","-76.9263184631",168,310,478,1306,1088,2394,387,272,659
7808,"BURGLARY","38.8955511575","-76.926662203",168,310,478,1306,1088,2394,387,272,659
7808,"ASSAULT W/DANGEROUS WEAPON","38.8952219041","-76.919158188",168,310,478,1306,1088,2394,387,272,659
7808,"MOTOR VEHICLE THEFT","38.8928922857","-76.9116221376",168,310,478,1306,1088,2394,387,272,659
7808,"MOTOR VEHICLE THEFT","38.8922611992","-76.9236916329",168,310,478,1306,1088,2394,387,272,659
7808,"ASSAULT W/DANGEROUS WEAPON","38.8910625563","-76.9228860423",168,310,478,1306,1088,2394,387,272,659
7808,"THEFT/OTHER","38.8926649926","-76.9213051096",168,310,478,1306,1088,2394,387,272,659
7808,"BURGLARY","38.8951899916","-76.9123801009",168,310,478,1306,1088,2394,387,272,659
7808,"ROBBERY","38.8938019526","-76.9241856543",168,310,478,1306,1088,2394,387,272,659
7808,"MOTOR VEHICLE THEFT","38.8951369027","-76.9136712363",168,310,478,1306,1088,2394,387,272,659
7808,"THEFT/OTHER","38.8944717822","-76.9157239013",168,310,478,1306,1088,2394,387,272,659
7808,"MOTOR VEHICLE THEFT","38.8928953184","-76.9157257636",168,310,478,1306,1088,2394,387,272,659
7808,"ROBBERY","38.8928843071","-76.9129938662",168,310,478,1306,1088,2394,387,272,659
7808,"ROBBERY","38.8943247115","-76.9117471632",168,310,478,1306,1088,2394,387,272,659
7808,"THEFT F/AUTO","38.8944717822","-76.9157239013",168,310,478,1306,1088,2394,387,272,659
7808,"ROBBERY","38.8948022686","-76.9247840138",168,310,478,1306,1088,2394,387,272,659
7808,"ASSAULT W/DANGEROUS WEAPON","38.8910625563","-76.9228860423",168,310,478,1306,1088,2394,387,272,659
7808,"ASSAULT W/DANGEROUS WEAPON","38.8924233254","-76.9109311001",168,310,478,1306,1088,2394,387,272,659
7808,"BURGLARY","38.8926649926","-76.9213051096",168,310,478,1306,1088,2394,387,272,659
7808,"THEFT/OTHER","38.8943247115","-76.9117471632",168,310,478,1306,1088,2394,387,272,659
7808,"THEFT F/AUTO","38.8936795431","-76.9164164678",168,310,478,1306,1088,2394,387,272,659
7808,"MOTOR VEHICLE THEFT","38.8945677891","-76.911550898",168,310,478,1306,1088,2394,387,272,659
7808,"THEFT F/AUTO","38.8923665468","-76.9195879212",168,310,478,1306,1088,2394,387,272,659
7808,"MOTOR VEHICLE THEFT","38.8958079164","-76.9198376476",168,310,478,1306,1088,2394,387,272,659
7808,"ASSAULT W/DANGEROUS WEAPON","38.8949277056","-76.9237348902",168,310,478,1306,1088,2394,387,272,659
7808,"THEFT/OTHER","38.8943247115","-76.9117471632",168,310,478,1306,1088,2394,387,272,659
7808,"THEFT/OTHER","38.8924243633","-76.9123028087",168,310,478,1306,1088,2394,387,272,659
7808,"THEFT F/AUTO","38.8936785535","-76.915044735",168,310,478,1306,1088,2394,387,272,659
7808,"THEFT/OTHER","38.8920622411","-76.9225161005",168,310,478,1306,1088,2394,387,272,659
7808,"THEFT F/AUTO","38.8936775478","-76.9136730022",168,310,478,1306,1088,2394,387,272,659
7808,"ROBBERY","38.8936224672","-76.9122898088",168,310,478,1306,1088,2394,387,272,659
7808,"MOTOR VEHICLE THEFT","38.8951899916","-76.9123801009",168,310,478,1306,1088,2394,387,272,659
7808,"THEFT F/AUTO","38.8947195866","-76.9223287768",168,310,478,1306,1088,2394,387,272,659
7808,"THEFT/OTHER","38.8932545426","-76.9274945156",168,310,478,1306,1088,2394,387,272,659
7808,"HOMICIDE","38.894485077","-76.9218909944",168,310,478,1306,1088,2394,387,272,659
7808,"THEFT/OTHER","38.8943247115","-76.9117471632",168,310,478,1306,1088,2394,387,272,659
7808,"MOTOR VEHICLE THEFT","38.8920622411","-76.9225161005",168,310,478,1306,1088,2394,387,272,659
7808,"BURGLARY","38.8943247115","-76.9117471632",168,310,478,1306,1088,2394,387,272,659
7808,"THEFT/OTHER","38.895138898","-76.916414758",168,310,478,1306,1088,2394,387,272,659
7808,"THEFT F/AUTO","38.8897454278","-76.920051937",168,310,478,1306,1088,2394,387,272,659
7808,"THEFT/OTHER","38.8936224672","-76.9122898088",168,310,478,1306,1088,2394,387,272,659
7808,"THEFT/OTHER","38.8943879803","-76.9249343053",168,310,478,1306,1088,2394,387,272,659
7808,"MOTOR VEHICLE THEFT","38.8951899916","-76.9123801009",168,310,478,1306,1088,2394,387,272,659
7808,"MOTOR VEHICLE THEFT","38.891287376","-76.922297933",168,310,478,1306,1088,2394,387,272,659
7808,"MOTOR VEHICLE THEFT","38.8907663343","-76.9245001011",168,310,478,1306,1088,2394,387,272,659
7808,"ROBBERY","38.8944247203","-76.9129689329",168,310,478,1306,1088,2394,387,272,659
7808,"BURGLARY","38.8897454278","-76.920051937",168,310,478,1306,1088,2394,387,272,659
7808,"ASSAULT W/DANGEROUS WEAPON","38.8936224672","-76.9122898088",168,310,478,1306,1088,2394,387,272,659
7808,"THEFT/OTHER","38.8943247115","-76.9117471632",168,310,478,1306,1088,2394,387,272,659
7808,"THEFT/OTHER","38.8912537817","-76.926055701",168,310,478,1306,1088,2394,387,272,659
7808,"THEFT/OTHER","38.8943526381","-76.9260179072",168,310,478,1306,1088,2394,387,272,659
7808,"ASSAULT W/DANGEROUS WEAPON","38.8940741175","-76.9271939744",168,310,478,1306,1088,2394,387,272,659
7808,"MOTOR VEHICLE THEFT","38.8922611992","-76.9236916329",168,310,478,1306,1088,2394,387,272,659
7808,"THEFT/OTHER","38.8897490469","-76.9255270397",168,310,478,1306,1088,2394,387,272,659
7808,"BURGLARY","38.8943526381","-76.9260179072",168,310,478,1306,1088,2394,387,272,659
7808,"MOTOR VEHICLE THEFT","38.8923665468","-76.9195879212",168,310,478,1306,1088,2394,387,272,659
7808,"THEFT/OTHER","38.8911696579","-76.9213874464",168,310,478,1306,1088,2394,387,272,659
7808,"THEFT F/AUTO","38.8936224672","-76.9122898088",168,310,478,1306,1088,2394,387,272,659
7808,"THEFT/OTHER","38.8951369027","-76.9136712363",168,310,478,1306,1088,2394,387,272,659
7808,"THEFT F/AUTO","38.8926649926","-76.9213051096",168,310,478,1306,1088,2394,387,272,659
7808,"THEFT F/AUTO","38.8936775478","-76.9136730022",168,310,478,1306,1088,2394,387,272,659
7808,"THEFT F/AUTO","38.8936775478","-76.9136730022",168,310,478,1306,1088,2394,387,272,659
7808,"THEFT/OTHER","38.8943247115","-76.9117471632",168,310,478,1306,1088,2394,387,272,659
7808,"THEFT F/AUTO","38.8936775478","-76.9136730022",168,310,478,1306,1088,2394,387,272,659
7808,"ASSAULT W/DANGEROUS WEAPON","38.8936775478","-76.9136730022",168,310,478,1306,1088,2394,387,272,659
7808,"ASSAULT W/DANGEROUS WEAPON","38.889748366","-76.9244665987",168,310,478,1306,1088,2394,387,272,659
7808,"ROBBERY","38.8939273463","-76.9230789083",168,310,478,1306,1088,2394,387,272,659
7808,"THEFT F/AUTO","38.893450279","-76.9109298179",168,310,478,1306,1088,2394,387,272,659
7808,"THEFT F/AUTO","38.8923665468","-76.9195879212",168,310,478,1306,1088,2394,387,272,659
7808,"ASSAULT W/DANGEROUS WEAPON","38.8940741175","-76.9271939744",168,310,478,1306,1088,2394,387,272,659
7808,"THEFT/OTHER","38.8935572848","-76.9219957547",168,310,478,1306,1088,2394,387,272,659
7808,"THEFT F/AUTO","38.8952219041","-76.919158188",168,310,478,1306,1088,2394,387,272,659
7808,"ASSAULT W/DANGEROUS WEAPON","38.891604395","-76.9249372342",168,310,478,1306,1088,2394,387,272,659
7808,"ASSAULT W/DANGEROUS WEAPON","38.8935572848","-76.9219957547",168,310,478,1306,1088,2394,387,272,659
7808,"THEFT/OTHER","38.8924243633","-76.9123028087",168,310,478,1306,1088,2394,387,272,659
7808,"ASSAULT W/DANGEROUS WEAPON","38.8943247115","-76.9117471632",168,310,478,1306,1088,2394,387,272,659
7808,"BURGLARY","38.8943247115","-76.9117471632",168,310,478,1306,1088,2394,387,272,659
7808,"ROBBERY","38.8928843071","-76.9129938662",168,310,478,1306,1088,2394,387,272,659
7808,"ASSAULT W/DANGEROUS WEAPON","38.8951369027","-76.9136712363",168,310,478,1306,1088,2394,387,272,659
7808,"ROBBERY","38.8936775478","-76.9136730022",168,310,478,1306,1088,2394,387,272,659
7808,"MOTOR VEHICLE THEFT","38.8922611992","-76.9236916329",168,310,478,1306,1088,2394,387,272,659
7808,"THEFT/OTHER","38.8918578937","-76.9269311178",168,310,478,1306,1088,2394,387,272,659
7808,"THEFT/OTHER","38.8928853123","-76.9143540567",168,310,478,1306,1088,2394,387,272,659
7808,"ASSAULT W/DANGEROUS WEAPON","38.8951812247","-76.9257288625",168,310,478,1306,1088,2394,387,272,659
7808,"MOTOR VEHICLE THEFT","38.890879383","-76.9184599785",168,310,478,1306,1088,2394,387,272,659
7808,"ASSAULT W/DANGEROUS WEAPON","38.8938019526","-76.9241856543",168,310,478,1306,1088,2394,387,272,659
7808,"MOTOR VEHICLE THEFT","38.8951812247","-76.9257288625",168,310,478,1306,1088,2394,387,272,659
7808,"BURGLARY","38.890857929","-76.913676414",168,310,478,1306,1088,2394,387,272,659
7808,"THEFT/OTHER","38.8951369027","-76.9136712363",168,310,478,1306,1088,2394,387,272,659
7808,"THEFT F/AUTO","38.8918885932","-76.9188507391",168,310,478,1306,1088,2394,387,272,659
7808,"MOTOR VEHICLE THEFT","38.8918878516","-76.9177902664",168,310,478,1306,1088,2394,387,272,659
7808,"MOTOR VEHICLE THEFT","38.8936785535","-76.915044735",168,310,478,1306,1088,2394,387,272,659
7808,"MOTOR VEHICLE THEFT","38.8926649926","-76.9213051096",168,310,478,1306,1088,2394,387,272,659
7808,"ROBBERY","38.8949277056","-76.9237348902",168,310,478,1306,1088,2394,387,272,659
7809,"ROBBERY","38.9018315685","-76.9292265999",196,102,298,925,695,1620,201,55,256
7809,"MOTOR VEHICLE THEFT","38.9013241938","-76.9245811539",196,102,298,925,695,1620,201,55,256
7809,"ROBBERY","38.9006549263","-76.9351763711",196,102,298,925,695,1620,201,55,256
7809,"HOMICIDE","38.9018315685","-76.9292265999",196,102,298,925,695,1620,201,55,256
7809,"ROBBERY","38.9022119766","-76.9327078457",196,102,298,925,695,1620,201,55,256
7809,"MOTOR VEHICLE THEFT","38.9034536406","-76.9301703484",196,102,298,925,695,1620,201,55,256
7809,"THEFT F/AUTO","38.8997180637","-76.9351887506",196,102,298,925,695,1620,201,55,256
7809,"THEFT/OTHER","38.9034406703","-76.9238295472",196,102,298,925,695,1620,201,55,256
7809,"MOTOR VEHICLE THEFT","38.9034699922","-76.9274380169",196,102,298,925,695,1620,201,55,256
7809,"THEFT/OTHER","38.9005994879","-76.9327208951",196,102,298,925,695,1620,201,55,256
7809,"ASSAULT W/DANGEROUS WEAPON","38.9010685218","-76.9337695343",196,102,298,925,695,1620,201,55,256
7809,"ASSAULT W/DANGEROUS WEAPON","38.9021240662","-76.9365930463",196,102,298,925,695,1620,201,55,256
7809,"MOTOR VEHICLE THEFT","38.8999676895","-76.9306464166",196,102,298,925,695,1620,201,55,256
7809,"MOTOR VEHICLE THEFT","38.9012525106","-76.9408939134",196,102,298,925,695,1620,201,55,256
7809,"THEFT/OTHER","38.9010477998","-76.9291582073",196,102,298,925,695,1620,201,55,256
7809,"HOMICIDE","38.9014836885","-76.9351640895",196,102,298,925,695,1620,201,55,256
7809,"MOTOR VEHICLE THEFT","38.9007763012","-76.9271294923",196,102,298,925,695,1620,201,55,256
7809,"THEFT/OTHER","38.9014724188","-76.9312098469",196,102,298,925,695,1620,201,55,256
7809,"ROBBERY","38.9025141775","-76.9418843277",196,102,298,925,695,1620,201,55,256
7809,"BURGLARY","38.9018315685","-76.9292265999",196,102,298,925,695,1620,201,55,256
7809,"THEFT F/AUTO","38.900450584","-76.9248933408",196,102,298,925,695,1620,201,55,256
7809,"THEFT F/AUTO","38.9021344596","-76.9391984872",196,102,298,925,695,1620,201,55,256
7809,"MOTOR VEHICLE THEFT","38.9018296559","-76.9261369659",196,102,298,925,695,1620,201,55,256
7809,"THEFT/OTHER","38.9012525106","-76.9408939134",196,102,298,925,695,1620,201,55,256
7809,"THEFT F/AUTO","38.9018315685","-76.9292265999",196,102,298,925,695,1620,201,55,256
7809,"THEFT/OTHER","38.9034406703","-76.9238295472",196,102,298,925,695,1620,201,55,256
7809,"BURGLARY","38.8997180637","-76.9351887506",196,102,298,925,695,1620,201,55,256
7809,"MOTOR VEHICLE THEFT","38.9006654188","-76.9379085694",196,102,298,925,695,1620,201,55,256
7809,"ROBBERY","38.9034406703","-76.9238295472",196,102,298,925,695,1620,201,55,256
7809,"THEFT F/AUTO","38.9021240662","-76.9365930463",196,102,298,925,695,1620,201,55,256
7809,"THEFT F/AUTO","38.9027814185","-76.9361197875",196,102,298,925,695,1620,201,55,256
7809,"THEFT/OTHER","38.9011525491","-76.9391993241",196,102,298,925,695,1620,201,55,256
7809,"MOTOR VEHICLE THEFT","38.9025141775","-76.9418843277",196,102,298,925,695,1620,201,55,256
7809,"MOTOR VEHICLE THEFT","38.9010477998","-76.9291582073",196,102,298,925,695,1620,201,55,256
7809,"THEFT/OTHER","38.9010477998","-76.9291582073",196,102,298,925,695,1620,201,55,256
7809,"THEFT/OTHER","38.902837649","-76.9246602543",196,102,298,925,695,1620,201,55,256
7809,"THEFT/OTHER","38.9005994879","-76.9327208951",196,102,298,925,695,1620,201,55,256
7809,"THEFT F/AUTO","38.9019276193","-76.9243730027",196,102,298,925,695,1620,201,55,256
7809,"THEFT F/AUTO","38.901475201","-76.9361094288",196,102,298,925,695,1620,201,55,256
7809,"BURGLARY","38.9028259395","-76.9351743981",196,102,298,925,695,1620,201,55,256
7809,"SEX ABUSE","38.9018302786","-76.9271284156",196,102,298,925,695,1620,201,55,256
7809,"THEFT F/AUTO","38.9001791631","-76.9382778958",196,102,298,925,695,1620,201,55,256
7809,"ASSAULT W/DANGEROUS WEAPON","38.9022564161","-76.9316702333",196,102,298,925,695,1620,201,55,256
7809,"THEFT/OTHER","38.9032793547","-76.9251209368",196,102,298,925,695,1620,201,55,256
7809,"THEFT F/AUTO","38.9022119766","-76.9327078457",196,102,298,925,695,1620,201,55,256
7809,"THEFT/OTHER","38.9018296559","-76.9261369659",196,102,298,925,695,1620,201,55,256
7809,"THEFT F/AUTO","38.9018315685","-76.9292265999",196,102,298,925,695,1620,201,55,256
7809,"THEFT/OTHER","38.9034406703","-76.9238295472",196,102,298,925,695,1620,201,55,256
7809,"THEFT F/AUTO","38.9021344596","-76.9391984872",196,102,298,925,695,1620,201,55,256
7809,"THEFT F/AUTO","38.9022564161","-76.9316702333",196,102,298,925,695,1620,201,55,256
7809,"ROBBERY","38.9012525106","-76.9408939134",196,102,298,925,695,1620,201,55,256
7809,"ROBBERY","38.9026509779","-76.9286493557",196,102,298,925,695,1620,201,55,256
7809,"THEFT F/AUTO","38.8996559767","-76.9369641406",196,102,298,925,695,1620,201,55,256
7809,"THEFT F/AUTO","38.8993479193","-76.9337596037",196,102,298,925,695,1620,201,55,256
7809,"MOTOR VEHICLE THEFT","38.9021855576","-76.9337684971",196,102,298,925,695,1620,201,55,256
7809,"THEFT F/AUTO","38.9005994879","-76.9327208951",196,102,298,925,695,1620,201,55,256
7809,"THEFT F/AUTO","38.9025141775","-76.9418843277",196,102,298,925,695,1620,201,55,256
7809,"MOTOR VEHICLE THEFT","38.9006854271","-76.9258729996",196,102,298,925,695,1620,201,55,256
7809,"MOTOR VEHICLE THEFT","38.9029773865","-76.9321883331",196,102,298,925,695,1620,201,55,256
7809,"ASSAULT W/DANGEROUS WEAPON","38.8999676895","-76.9306464166",196,102,298,925,695,1620,201,55,256
7809,"THEFT F/AUTO","38.8997169666","-76.9332404942",196,102,298,925,695,1620,201,55,256
7809,"ASSAULT W/DANGEROUS WEAPON","38.9002593369","-76.9365947038",196,102,298,925,695,1620,201,55,256
7809,"THEFT/OTHER","38.9028259395","-76.9351743981",196,102,298,925,695,1620,201,55,256
7809,"ASSAULT W/DANGEROUS WEAPON","38.9026509779","-76.9286493557",196,102,298,925,695,1620,201,55,256
7809,"THEFT/OTHER","38.9034406703","-76.9238295472",196,102,298,925,695,1620,201,55,256
7809,"THEFT/OTHER","38.9018315685","-76.9292265999",196,102,298,925,695,1620,201,55,256
7809,"THEFT F/AUTO","38.9034536406","-76.9301703484",196,102,298,925,695,1620,201,55,256
7809,"MOTOR VEHICLE THEFT","38.9012525106","-76.9408939134",196,102,298,925,695,1620,201,55,256
7809,"ASSAULT W/DANGEROUS WEAPON","38.9010477998","-76.9291582073",196,102,298,925,695,1620,201,55,256
7809,"THEFT F/AUTO","38.9021240662","-76.9365930463",196,102,298,925,695,1620,201,55,256
7809,"ASSAULT W/DANGEROUS WEAPON","38.8999676895","-76.9306464166",196,102,298,925,695,1620,201,55,256
7809,"THEFT/OTHER","38.9010477998","-76.9291582073",196,102,298,925,695,1620,201,55,256
7809,"BURGLARY","38.9027549251","-76.9370997457",196,102,298,925,695,1620,201,55,256
7809,"ASSAULT W/DANGEROUS WEAPON","38.8997395644","-76.9258970388",196,102,298,925,695,1620,201,55,256
7809,"THEFT F/AUTO","38.9007763012","-76.9271294923",196,102,298,925,695,1620,201,55,256
7809,"THEFT F/AUTO","38.9014826042","-76.9332388418",196,102,298,925,695,1620,201,55,256
7809,"ROBBERY","38.9012525106","-76.9408939134",196,102,298,925,695,1620,201,55,256
7809,"THEFT F/AUTO","38.9021415597","-76.9356361618",196,102,298,925,695,1620,201,55,256
7809,"MOTOR VEHICLE THEFT","38.9010700889","-76.9365939831",196,102,298,925,695,1620,201,55,256
7809,"THEFT/OTHER","38.9034406703","-76.9238295472",196,102,298,925,695,1620,201,55,256
7809,"THEFT F/AUTO","38.900450584","-76.9248933408",196,102,298,925,695,1620,201,55,256
7809,"THEFT F/AUTO","38.9006549263","-76.9351763711",196,102,298,925,695,1620,201,55,256
7809,"MOTOR VEHICLE THEFT","38.9012525106","-76.9408939134",196,102,298,925,695,1620,201,55,256
7809,"ROBBERY","38.9005994879","-76.9327208951",196,102,298,925,695,1620,201,55,256
7809,"THEFT F/AUTO","38.9014854354","-76.9383920499",196,102,298,925,695,1620,201,55,256
7809,"MOTOR VEHICLE THEFT","38.9028284013","-76.9397743283",196,102,298,925,695,1620,201,55,256
7809,"THEFT/OTHER","38.8997180637","-76.9351887506",196,102,298,925,695,1620,201,55,256
7809,"ROBBERY","38.9012525106","-76.9408939134",196,102,298,925,695,1620,201,55,256
7809,"MOTOR VEHICLE THEFT","38.9013241938","-76.9245811539",196,102,298,925,695,1620,201,55,256
7809,"THEFT F/AUTO","38.9026509779","-76.9286493557",196,102,298,925,695,1620,201,55,256
7809,"THEFT F/AUTO","38.9010700889","-76.9365939831",196,102,298,925,695,1620,201,55,256
7809,"THEFT F/AUTO","38.9006654188","-76.9379085694",196,102,298,925,695,1620,201,55,256
7809,"MOTOR VEHICLE THEFT","38.9006854271","-76.9258729996",196,102,298,925,695,1620,201,55,256
7809,"MOTOR VEHICLE THEFT","38.9021855576","-76.9337684971",196,102,298,925,695,1620,201,55,256
7809,"ASSAULT W/DANGEROUS WEAPON","38.9012525106","-76.9408939134",196,102,298,925,695,1620,201,55,256
7809,"THEFT/OTHER","38.902837649","-76.9246602543",196,102,298,925,695,1620,201,55,256
7809,"ROBBERY","38.9021240662","-76.9365930463",196,102,298,925,695,1620,201,55,256
7809,"BURGLARY","38.9021855576","-76.9337684971",196,102,298,925,695,1620,201,55,256
7809,"THEFT/OTHER","38.9032793547","-76.9251209368",196,102,298,925,695,1620,201,55,256
7809,"ASSAULT W/DANGEROUS WEAPON","38.9025141775","-76.9418843277",196,102,298,925,695,1620,201,55,256
7809,"THEFT F/AUTO","38.9006854271","-76.9258729996",196,102,298,925,695,1620,201,55,256
7809,"THEFT F/AUTO","38.9018315685","-76.9292265999",196,102,298,925,695,1620,201,55,256
7809,"THEFT F/AUTO","38.9006654188","-76.9379085694",196,102,298,925,695,1620,201,55,256
7809,"THEFT F/AUTO","38.9006549263","-76.9351763711",196,102,298,925,695,1620,201,55,256
7809,"ASSAULT W/DANGEROUS WEAPON","38.9010685218","-76.9337695343",196,102,298,925,695,1620,201,55,256
7809,"THEFT/OTHER","38.9034406703","-76.9238295472",196,102,298,925,695,1620,201,55,256
7809,"THEFT F/AUTO","38.9027468048","-76.9387714056",196,102,298,925,695,1620,201,55,256
7809,"MOTOR VEHICLE THEFT","38.9021240662","-76.9365930463",196,102,298,925,695,1620,201,55,256
7809,"THEFT F/AUTO","38.9025141775","-76.9418843277",196,102,298,925,695,1620,201,55,256
7809,"THEFT/OTHER","38.9002593369","-76.9365947038",196,102,298,925,695,1620,201,55,256
7809,"MOTOR VEHICLE THEFT","38.9029773865","-76.9321883331",196,102,298,925,695,1620,201,55,256
7809,"THEFT F/AUTO","38.9021155979","-76.9375960366",196,102,298,925,695,1620,201,55,256
7809,"THEFT F/AUTO","38.8992678181","-76.9355004177",196,102,298,925,695,1620,201,55,256
7809,"THEFT/OTHER","38.9031659686","-76.9311736276",196,102,298,925,695,1620,201,55,256
7809,"THEFT F/AUTO","38.9007763012","-76.9271294923",196,102,298,925,695,1620,201,55,256
7809,"THEFT/OTHER","38.9012525106","-76.9408939134",196,102,298,925,695,1620,201,55,256
7809,"MOTOR VEHICLE THEFT","38.9014826042","-76.9332388418",196,102,298,925,695,1620,201,55,256
7809,"THEFT F/AUTO","38.9006654188","-76.9379085694",196,102,298,925,695,1620,201,55,256
7809,"THEFT F/AUTO","38.9021344596","-76.9391984872",196,102,298,925,695,1620,201,55,256
7809,"ROBBERY","38.9021801075","-76.9403743601",196,102,298,925,695,1620,201,55,256
7809,"THEFT/OTHER","38.9012525106","-76.9408939134",196,102,298,925,695,1620,201,55,256
7809,"THEFT/OTHER","38.9010477998","-76.9291582073",196,102,298,925,695,1620,201,55,256
7809,"THEFT F/AUTO","38.9027814185","-76.9361197875",196,102,298,925,695,1620,201,55,256
7809,"THEFT F/AUTO","38.9021240662","-76.9365930463",196,102,298,925,695,1620,201,55,256
7809,"THEFT/OTHER","38.9021415597","-76.9356361618",196,102,298,925,695,1620,201,55,256
7809,"MOTOR VEHICLE THEFT","38.9006168957","-76.9316718038",196,102,298,925,695,1620,201,55,256
7809,"THEFT/OTHER","38.9012525106","-76.9408939134",196,102,298,925,695,1620,201,55,256
7809,"THEFT F/AUTO","38.90290094","-76.9406965602",196,102,298,925,695,1620,201,55,256
7809,"ASSAULT W/DANGEROUS WEAPON","38.9021415597","-76.9356361618",196,102,298,925,695,1620,201,55,256
7809,"THEFT/OTHER","38.9010477998","-76.9291582073",196,102,298,925,695,1620,201,55,256
7901,"THEFT/OTHER","38.8982563406","-76.9766675078",167,43,210,1696,1692,3388,822,1032,1854
7901,"THEFT F/AUTO","38.8966627253","-76.9814981159",167,43,210,1696,1692,3388,822,1032,1854
7901,"THEFT F/AUTO","38.8974188245","-76.9780165315",167,43,210,1696,1692,3388,822,1032,1854
7901,"THEFT F/AUTO","38.8940504102","-76.9822134818",167,43,210,1696,1692,3388,822,1032,1854
7901,"THEFT F/AUTO","38.8947709668","-76.9814870792",167,43,210,1696,1692,3388,822,1032,1854
7901,"THEFT F/AUTO","38.8947703042","-76.9776945819",167,43,210,1696,1692,3388,822,1032,1854
7901,"THEFT F/AUTO","38.8966627253","-76.9814981159",167,43,210,1696,1692,3388,822,1032,1854
7901,"MOTOR VEHICLE THEFT","38.8940321652","-76.9807725828",167,43,210,1696,1692,3388,822,1032,1854
7901,"THEFT F/AUTO","38.8951221776","-76.980772289",167,43,210,1696,1692,3388,822,1032,1854
7901,"THEFT F/AUTO","38.8940504102","-76.9822134818",167,43,210,1696,1692,3388,822,1032,1854
7901,"THEFT/OTHER","38.8982935604","-76.9836534135",167,43,210,1696,1692,3388,822,1032,1854
7901,"THEFT/OTHER","38.8961129444","-76.9798613443",167,43,210,1696,1692,3388,822,1032,1854
7901,"THEFT/OTHER","38.8979504607","-76.9787887344",167,43,210,1696,1692,3388,822,1032,1854
7901,"THEFT/OTHER","38.8947709668","-76.9814870792",167,43,210,1696,1692,3388,822,1032,1854
7901,"THEFT/OTHER","38.8995367125","-76.9836416005",167,43,210,1696,1692,3388,822,1032,1854
7901,"THEFT F/AUTO","38.8947797848","-76.9803228146",167,43,210,1696,1692,3388,822,1032,1854
7901,"THEFT F/AUTO","38.895464611","-76.9814868992",167,43,210,1696,1692,3388,822,1032,1854
7901,"THEFT/OTHER","38.8940321652","-76.9807725828",167,43,210,1696,1692,3388,822,1032,1854
7901,"ASSAULT W/DANGEROUS WEAPON","38.8961132096","-76.9814636758",167,43,210,1696,1692,3388,822,1032,1854
7901,"THEFT/OTHER","38.899247597","-76.9784194504",167,43,210,1696,1692,3388,822,1032,1854
7901,"ROBBERY","38.8951224059","-76.9822132145",167,43,210,1696,1692,3388,822,1032,1854
7901,"MOTOR VEHICLE THEFT","38.8947797848","-76.9803228146",167,43,210,1696,1692,3388,822,1032,1854
7901,"THEFT F/AUTO","38.8982931216","-76.9807714343",167,43,210,1696,1692,3388,822,1032,1854
7901,"THEFT/OTHER","38.8999689431","-76.9824656262",167,43,210,1696,1692,3388,822,1032,1854
7901,"THEFT/OTHER","38.8995367125","-76.9836416005",167,43,210,1696,1692,3388,822,1032,1854
7901,"THEFT/OTHER","38.8999689431","-76.9824656262",167,43,210,1696,1692,3388,822,1032,1854
7901,"ASSAULT W/DANGEROUS WEAPON","38.8966629446","-76.9829390726",167,43,210,1696,1692,3388,822,1032,1854
7901,"THEFT/OTHER","38.895464611","-76.9814868992",167,43,210,1696,1692,3388,822,1032,1854
7901,"MOTOR VEHICLE THEFT","38.8961129444","-76.9798613443",167,43,210,1696,1692,3388,822,1032,1854
7901,"THEFT F/AUTO","38.8999689431","-76.9824656262",167,43,210,1696,1692,3388,822,1032,1854
7901,"MOTOR VEHICLE THEFT","38.8961129444","-76.9798613443",167,43,210,1696,1692,3388,822,1032,1854
7901,"ROBBERY","38.8954558221","-76.9829278338",167,43,210,1696,1692,3388,822,1032,1854
7901,"THEFT F/AUTO","38.8932930959","-76.9785711041",167,43,210,1696,1692,3388,822,1032,1854
7901,"ROBBERY","38.8940321652","-76.9807725828",167,43,210,1696,1692,3388,822,1032,1854
7901,"THEFT F/AUTO","38.8999689431","-76.9824656262",167,43,210,1696,1692,3388,822,1032,1854
7901,"THEFT/OTHER","38.8991490604","-76.9816703919",167,43,210,1696,1692,3388,822,1032,1854
7901,"THEFT F/AUTO","38.8981034252","-76.9778318743",167,43,210,1696,1692,3388,822,1032,1854
7901,"THEFT/OTHER","38.8947709668","-76.9814870792",167,43,210,1696,1692,3388,822,1032,1854
7901,"ROBBERY","38.8996082789","-76.9803906515",167,43,210,1696,1692,3388,822,1032,1854
7901,"ROBBERY","38.8991490604","-76.9816703919",167,43,210,1696,1692,3388,822,1032,1854
7901,"THEFT F/AUTO","38.8940321652","-76.9807725828",167,43,210,1696,1692,3388,822,1032,1854
7901,"ASSAULT W/DANGEROUS WEAPON","38.8989860818","-76.9769900539",167,43,210,1696,1692,3388,822,1032,1854
7901,"THEFT F/AUTO","38.8940321652","-76.9807725828",167,43,210,1696,1692,3388,822,1032,1854
7901,"THEFT F/AUTO","38.8996082789","-76.9803906515",167,43,210,1696,1692,3388,822,1032,1854
7901,"THEFT/OTHER","38.8940317009","-76.9781328475",167,43,210,1696,1692,3388,822,1032,1854
7901,"ROBBERY","38.8991490604","-76.9816703919",167,43,210,1696,1692,3388,822,1032,1854
7901,"THEFT/OTHER","38.8996082789","-76.9803906515",167,43,210,1696,1692,3388,822,1032,1854
7901,"THEFT/OTHER","38.8961035664","-76.9778209682",167,43,210,1696,1692,3388,822,1032,1854
7901,"THEFT/OTHER","38.8967706509","-76.9804260145",167,43,210,1696,1692,3388,822,1032,1854
7901,"THEFT/OTHER","38.8954371647","-76.9789969759",167,43,210,1696,1692,3388,822,1032,1854
7901,"ASSAULT W/DANGEROUS WEAPON","38.899247597","-76.9784194504",167,43,210,1696,1692,3388,822,1032,1854
7901,"ROBBERY","38.8933296696","-76.9817525769",167,43,210,1696,1692,3388,822,1032,1854
7901,"THEFT/OTHER","38.897374312","-76.9810368206",167,43,210,1696,1692,3388,822,1032,1854
7901,"BURGLARY","38.8999689431","-76.9824656262",167,43,210,1696,1692,3388,822,1032,1854
7901,"MOTOR VEHICLE THEFT","38.8982931216","-76.9807714343",167,43,210,1696,1692,3388,822,1032,1854
7901,"THEFT F/AUTO","38.8966627253","-76.9814981159",167,43,210,1696,1692,3388,822,1032,1854
7901,"ASSAULT W/DANGEROUS WEAPON","38.899247597","-76.9784194504",167,43,210,1696,1692,3388,822,1032,1854
7901,"BURGLARY","38.8975008246","-76.9836535952",167,43,210,1696,1692,3388,822,1032,1854
7901,"THEFT F/AUTO","38.8976979627","-76.9773824153",167,43,210,1696,1692,3388,822,1032,1854
7901,"THEFT/OTHER","38.895464611","-76.9814868992",167,43,210,1696,1692,3388,822,1032,1854
7901,"HOMICIDE","38.8966627253","-76.9814981159",167,43,210,1696,1692,3388,822,1032,1854
7901,"THEFT F/AUTO","38.8999689431","-76.9824656262",167,43,210,1696,1692,3388,822,1032,1854
7901,"HOMICIDE","38.8979504607","-76.9787887344",167,43,210,1696,1692,3388,822,1032,1854
7901,"THEFT/OTHER","38.8982931216","-76.9807714343",167,43,210,1696,1692,3388,822,1032,1854
7901,"ASSAULT W/DANGEROUS WEAPON","38.8999689431","-76.9824656262",167,43,210,1696,1692,3388,822,1032,1854
7901,"ASSAULT W/DANGEROUS WEAPON","38.8966629446","-76.9829390726",167,43,210,1696,1692,3388,822,1032,1854
7901,"SEX ABUSE","38.8963835788","-76.9822244277",167,43,210,1696,1692,3388,822,1032,1854
7901,"ROBBERY","38.8986537724","-76.9828002608",167,43,210,1696,1692,3388,822,1032,1854
7901,"THEFT/OTHER","38.8961129444","-76.9798613443",167,43,210,1696,1692,3388,822,1032,1854
7901,"THEFT F/AUTO","38.8979504607","-76.9787887344",167,43,210,1696,1692,3388,822,1032,1854
7901,"THEFT/OTHER","38.8966629446","-76.9829390726",167,43,210,1696,1692,3388,822,1032,1854
7901,"THEFT F/AUTO","38.8991490604","-76.9816703919",167,43,210,1696,1692,3388,822,1032,1854
7901,"BURGLARY","38.8975008246","-76.9836535952",167,43,210,1696,1692,3388,822,1032,1854
7901,"THEFT F/AUTO","38.8999689431","-76.9824656262",167,43,210,1696,1692,3388,822,1032,1854
7901,"THEFT F/AUTO","38.8947709668","-76.9814870792",167,43,210,1696,1692,3388,822,1032,1854
7901,"ASSAULT W/DANGEROUS WEAPON","38.8972294445","-76.9769560373",167,43,210,1696,1692,3388,822,1032,1854
7901,"THEFT/OTHER","38.8954458494","-76.9772678548",167,43,210,1696,1692,3388,822,1032,1854
7901,"THEFT/OTHER","38.8961035664","-76.9778209682",167,43,210,1696,1692,3388,822,1032,1854
7901,"THEFT/OTHER","38.8947711879","-76.982939525",167,43,210,1696,1692,3388,822,1032,1854
7901,"THEFT/OTHER","38.8982935604","-76.9836534135",167,43,210,1696,1692,3388,822,1032,1854
7901,"THEFT F/AUTO","38.8974188245","-76.9780165315",167,43,210,1696,1692,3388,822,1032,1854
7901,"THEFT F/AUTO","38.8999689431","-76.9824656262",167,43,210,1696,1692,3388,822,1032,1854
7901,"THEFT/OTHER","38.8932932513","-76.9794356372",167,43,210,1696,1692,3388,822,1032,1854
7901,"MOTOR VEHICLE THEFT","38.8982931216","-76.9807714343",167,43,210,1696,1692,3388,822,1032,1854
7901,"THEFT/OTHER","38.8966627253","-76.9814981159",167,43,210,1696,1692,3388,822,1032,1854
7901,"THEFT F/AUTO","38.8940504102","-76.9822134818",167,43,210,1696,1692,3388,822,1032,1854
7901,"THEFT F/AUTO","38.8961129444","-76.9798613443",167,43,210,1696,1692,3388,822,1032,1854
7901,"ROBBERY","38.8979504607","-76.9787887344",167,43,210,1696,1692,3388,822,1032,1854
7901,"ASSAULT W/DANGEROUS WEAPON","38.8963835788","-76.9822244277",167,43,210,1696,1692,3388,822,1032,1854
7901,"THEFT/OTHER","38.8999689431","-76.9824656262",167,43,210,1696,1692,3388,822,1032,1854
7901,"ASSAULT W/DANGEROUS WEAPON","38.8989860818","-76.9769900539",167,43,210,1696,1692,3388,822,1032,1854
7901,"THEFT/OTHER","38.8961129444","-76.9798613443",167,43,210,1696,1692,3388,822,1032,1854
7901,"THEFT F/AUTO","38.8954558221","-76.9829278338",167,43,210,1696,1692,3388,822,1032,1854
7901,"THEFT/OTHER","38.8999689431","-76.9824656262",167,43,210,1696,1692,3388,822,1032,1854
7901,"THEFT F/AUTO","38.897374312","-76.9810368206",167,43,210,1696,1692,3388,822,1032,1854
7901,"ROBBERY","38.8982935604","-76.9836534135",167,43,210,1696,1692,3388,822,1032,1854
7901,"THEFT F/AUTO","38.8961035664","-76.9778209682",167,43,210,1696,1692,3388,822,1032,1854
7901,"THEFT F/AUTO","38.895464611","-76.9814868992",167,43,210,1696,1692,3388,822,1032,1854
7901,"BURGLARY","38.8966629446","-76.9829390726",167,43,210,1696,1692,3388,822,1032,1854
7901,"MOTOR VEHICLE THEFT","38.8967706509","-76.9804260145",167,43,210,1696,1692,3388,822,1032,1854
7901,"THEFT F/AUTO","38.8954371647","-76.9789969759",167,43,210,1696,1692,3388,822,1032,1854
7901,"THEFT/OTHER","38.8999689431","-76.9824656262",167,43,210,1696,1692,3388,822,1032,1854
7901,"ROBBERY","38.8940504102","-76.9822134818",167,43,210,1696,1692,3388,822,1032,1854
7901,"THEFT/OTHER","38.895464611","-76.9814868992",167,43,210,1696,1692,3388,822,1032,1854
7901,"THEFT/OTHER","38.8999689431","-76.9824656262",167,43,210,1696,1692,3388,822,1032,1854
7901,"BURGLARY","38.8999689431","-76.9824656262",167,43,210,1696,1692,3388,822,1032,1854
7901,"THEFT F/AUTO","38.8941407044","-76.9836543651",167,43,210,1696,1692,3388,822,1032,1854
7901,"THEFT F/AUTO","38.8989860818","-76.9769900539",167,43,210,1696,1692,3388,822,1032,1854
7901,"THEFT F/AUTO","38.8989860818","-76.9769900539",167,43,210,1696,1692,3388,822,1032,1854
7901,"THEFT F/AUTO","38.8982931216","-76.9807714343",167,43,210,1696,1692,3388,822,1032,1854
7901,"THEFT/OTHER","38.8951221776","-76.980772289",167,43,210,1696,1692,3388,822,1032,1854
7901,"THEFT F/AUTO","38.8981034252","-76.9778318743",167,43,210,1696,1692,3388,822,1032,1854
7901,"MOTOR VEHICLE THEFT","38.8996082789","-76.9803906515",167,43,210,1696,1692,3388,822,1032,1854
7901,"ASSAULT W/DANGEROUS WEAPON","38.8995367125","-76.9836416005",167,43,210,1696,1692,3388,822,1032,1854
7901,"ROBBERY","38.8966629446","-76.9829390726",167,43,210,1696,1692,3388,822,1032,1854
7901,"MOTOR VEHICLE THEFT","38.8966627253","-76.9814981159",167,43,210,1696,1692,3388,822,1032,1854
7901,"ROBBERY","38.8982931216","-76.9807714343",167,43,210,1696,1692,3388,822,1032,1854
7901,"THEFT F/AUTO","38.8976979627","-76.9773824153",167,43,210,1696,1692,3388,822,1032,1854
7901,"THEFT/OTHER","38.8982563406","-76.9766675078",167,43,210,1696,1692,3388,822,1032,1854
7901,"THEFT/OTHER","38.8940504102","-76.9822134818",167,43,210,1696,1692,3388,822,1032,1854
7901,"ASSAULT W/DANGEROUS WEAPON","38.899247597","-76.9784194504",167,43,210,1696,1692,3388,822,1032,1854
7901,"THEFT F/AUTO","38.8940504102","-76.9822134818",167,43,210,1696,1692,3388,822,1032,1854
7901,"ASSAULT W/DANGEROUS WEAPON","38.8954558221","-76.9829278338",167,43,210,1696,1692,3388,822,1032,1854
7901,"HOMICIDE","38.899247597","-76.9784194504",167,43,210,1696,1692,3388,822,1032,1854
7901,"ASSAULT W/DANGEROUS WEAPON","38.8961132096","-76.9814636758",167,43,210,1696,1692,3388,822,1032,1854
7901,"THEFT F/AUTO","38.8947711879","-76.982939525",167,43,210,1696,1692,3388,822,1032,1854
7901,"THEFT F/AUTO","38.8947797848","-76.9803228146",167,43,210,1696,1692,3388,822,1032,1854
7901,"THEFT F/AUTO","38.8999689431","-76.9824656262",167,43,210,1696,1692,3388,822,1032,1854
7901,"MOTOR VEHICLE THEFT","38.8947709668","-76.9814870792",167,43,210,1696,1692,3388,822,1032,1854
7901,"BURGLARY","38.8961132096","-76.9814636758",167,43,210,1696,1692,3388,822,1032,1854
7901,"THEFT/OTHER","38.8981034252","-76.9778318743",167,43,210,1696,1692,3388,822,1032,1854
7901,"THEFT F/AUTO","38.8969413003","-76.9775901538",167,43,210,1696,1692,3388,822,1032,1854
7901,"THEFT/OTHER","38.8940321652","-76.9807725828",167,43,210,1696,1692,3388,822,1032,1854
7901,"THEFT/OTHER","38.8961129444","-76.9798613443",167,43,210,1696,1692,3388,822,1032,1854
7901,"ROBBERY","38.8999689431","-76.9824656262",167,43,210,1696,1692,3388,822,1032,1854
7901,"ROBBERY","38.8951221776","-76.980772289",167,43,210,1696,1692,3388,822,1032,1854
7901,"THEFT/OTHER","38.8999689431","-76.9824656262",167,43,210,1696,1692,3388,822,1032,1854
7901,"HOMICIDE","38.8961132096","-76.9814636758",167,43,210,1696,1692,3388,822,1032,1854
7901,"THEFT/OTHER","38.8961037274","-76.9786855354",167,43,210,1696,1692,3388,822,1032,1854
7901,"THEFT/OTHER","38.8940318595","-76.9789973896",167,43,210,1696,1692,3388,822,1032,1854
7901,"THEFT F/AUTO","38.8947704682","-76.9785706603",167,43,210,1696,1692,3388,822,1032,1854
7901,"THEFT F/AUTO","38.8947709668","-76.9814870792",167,43,210,1696,1692,3388,822,1032,1854
7901,"BURGLARY","38.8947703042","-76.9776945819",167,43,210,1696,1692,3388,822,1032,1854
7901,"THEFT/OTHER","38.8999689431","-76.9824656262",167,43,210,1696,1692,3388,822,1032,1854
7901,"THEFT/OTHER","38.8963835788","-76.9822244277",167,43,210,1696,1692,3388,822,1032,1854
7901,"THEFT/OTHER","38.899247597","-76.9784194504",167,43,210,1696,1692,3388,822,1032,1854
7901,"THEFT F/AUTO","38.8979504607","-76.9787887344",167,43,210,1696,1692,3388,822,1032,1854
7901,"THEFT F/AUTO","38.8947711879","-76.982939525",167,43,210,1696,1692,3388,822,1032,1854
7901,"ROBBERY","38.8972294445","-76.9769560373",167,43,210,1696,1692,3388,822,1032,1854
7901,"THEFT F/AUTO","38.8979504607","-76.9787887344",167,43,210,1696,1692,3388,822,1032,1854
7901,"THEFT F/AUTO","38.8954558221","-76.9829278338",167,43,210,1696,1692,3388,822,1032,1854
7901,"THEFT F/AUTO","38.8954558221","-76.9829278338",167,43,210,1696,1692,3388,822,1032,1854
7901,"THEFT/OTHER","38.8947709668","-76.9814870792",167,43,210,1696,1692,3388,822,1032,1854
7901,"ROBBERY","38.8982482638","-76.9819242374",167,43,210,1696,1692,3388,822,1032,1854
7901,"THEFT/OTHER","38.897374312","-76.9810368206",167,43,210,1696,1692,3388,822,1032,1854
7901,"THEFT/OTHER","38.8947709668","-76.9814870792",167,43,210,1696,1692,3388,822,1032,1854
7901,"THEFT F/AUTO","38.8941407044","-76.9836543651",167,43,210,1696,1692,3388,822,1032,1854
7901,"THEFT F/AUTO","38.8975008246","-76.9836535952",167,43,210,1696,1692,3388,822,1032,1854
7901,"THEFT/OTHER","38.8979504607","-76.9787887344",167,43,210,1696,1692,3388,822,1032,1854
7901,"THEFT F/AUTO","38.8982931216","-76.9807714343",167,43,210,1696,1692,3388,822,1032,1854
7901,"ROBBERY","38.8978695552","-76.9797455699",167,43,210,1696,1692,3388,822,1032,1854
7901,"THEFT F/AUTO","38.8999689431","-76.9824656262",167,43,210,1696,1692,3388,822,1032,1854
7901,"ROBBERY","38.8965902787","-76.9792387169",167,43,210,1696,1692,3388,822,1032,1854
7901,"ASSAULT W/DANGEROUS WEAPON","38.8933296696","-76.9817525769",167,43,210,1696,1692,3388,822,1032,1854
7901,"MOTOR VEHICLE THEFT","38.8986537724","-76.9828002608",167,43,210,1696,1692,3388,822,1032,1854
7901,"THEFT/OTHER","38.8978247076","-76.9808983668",167,43,210,1696,1692,3388,822,1032,1854
7901,"MOTOR VEHICLE THEFT","38.8986537724","-76.9828002608",167,43,210,1696,1692,3388,822,1032,1854
7901,"MOTOR VEHICLE THEFT","38.8954371647","-76.9789969759",167,43,210,1696,1692,3388,822,1032,1854
7901,"THEFT F/AUTO","38.8978247076","-76.9808983668",167,43,210,1696,1692,3388,822,1032,1854
7901,"SEX ABUSE","38.899247597","-76.9784194504",167,43,210,1696,1692,3388,822,1032,1854
7901,"THEFT/OTHER","38.8991490604","-76.9816703919",167,43,210,1696,1692,3388,822,1032,1854
7901,"THEFT F/AUTO","38.8947703042","-76.9776945819",167,43,210,1696,1692,3388,822,1032,1854
7901,"THEFT/OTHER","38.8996082789","-76.9803906515",167,43,210,1696,1692,3388,822,1032,1854
7901,"THEFT/OTHER","38.8979504607","-76.9787887344",167,43,210,1696,1692,3388,822,1032,1854
7901,"MOTOR VEHICLE THEFT","38.8979504607","-76.9787887344",167,43,210,1696,1692,3388,822,1032,1854
7901,"THEFT F/AUTO","38.8996082789","-76.9803906515",167,43,210,1696,1692,3388,822,1032,1854
7901,"MOTOR VEHICLE THEFT","38.8978247076","-76.9808983668",167,43,210,1696,1692,3388,822,1032,1854
7901,"THEFT F/AUTO","38.8940315336","-76.9772567782",167,43,210,1696,1692,3388,822,1032,1854
7901,"THEFT/OTHER","38.8982563406","-76.9766675078",167,43,210,1696,1692,3388,822,1032,1854
7901,"THEFT F/AUTO","38.8991490604","-76.9816703919",167,43,210,1696,1692,3388,822,1032,1854
7901,"THEFT F/AUTO","38.8966629446","-76.9829390726",167,43,210,1696,1692,3388,822,1032,1854
7901,"THEFT/OTHER","38.8999689431","-76.9824656262",167,43,210,1696,1692,3388,822,1032,1854
7901,"THEFT/OTHER","38.8978247076","-76.9808983668",167,43,210,1696,1692,3388,822,1032,1854
7901,"BURGLARY","38.8987429836","-76.9776472278",167,43,210,1696,1692,3388,822,1032,1854
7901,"ROBBERY","38.8966629446","-76.9829390726",167,43,210,1696,1692,3388,822,1032,1854
7901,"THEFT F/AUTO","38.8941407044","-76.9836543651",167,43,210,1696,1692,3388,822,1032,1854
7901,"THEFT F/AUTO","38.8982563406","-76.9766675078",167,43,210,1696,1692,3388,822,1032,1854
7901,"ROBBERY","38.8947797848","-76.9803228146",167,43,210,1696,1692,3388,822,1032,1854
7901,"THEFT/OTHER","38.8940315336","-76.9772567782",167,43,210,1696,1692,3388,822,1032,1854
7901,"THEFT/OTHER","38.8947797848","-76.9803228146",167,43,210,1696,1692,3388,822,1032,1854
7901,"THEFT/OTHER","38.8999689431","-76.9824656262",167,43,210,1696,1692,3388,822,1032,1854
7901,"ROBBERY","38.8940504102","-76.9822134818",167,43,210,1696,1692,3388,822,1032,1854
7901,"THEFT F/AUTO","38.8961129444","-76.9798613443",167,43,210,1696,1692,3388,822,1032,1854
7901,"BURGLARY","38.8967706509","-76.9804260145",167,43,210,1696,1692,3388,822,1032,1854
7901,"THEFT/OTHER","38.8974188245","-76.9780165315",167,43,210,1696,1692,3388,822,1032,1854
7901,"MOTOR VEHICLE THEFT","38.8999689431","-76.9824656262",167,43,210,1696,1692,3388,822,1032,1854
7901,"THEFT F/AUTO","38.8940315336","-76.9772567782",167,43,210,1696,1692,3388,822,1032,1854
7901,"THEFT F/AUTO","38.8940504102","-76.9822134818",167,43,210,1696,1692,3388,822,1032,1854
7901,"THEFT F/AUTO","38.8940504102","-76.9822134818",167,43,210,1696,1692,3388,822,1032,1854
7901,"MOTOR VEHICLE THEFT","38.8966629446","-76.9829390726",167,43,210,1696,1692,3388,822,1032,1854
7901,"MOTOR VEHICLE THEFT","38.8932930959","-76.9785711041",167,43,210,1696,1692,3388,822,1032,1854
7901,"THEFT/OTHER","38.8954371647","-76.9789969759",167,43,210,1696,1692,3388,822,1032,1854
7901,"THEFT F/AUTO","38.8996082789","-76.9803906515",167,43,210,1696,1692,3388,822,1032,1854
7901,"SEX ABUSE","38.8940315336","-76.9772567782",167,43,210,1696,1692,3388,822,1032,1854
7901,"THEFT F/AUTO","38.8954558221","-76.9829278338",167,43,210,1696,1692,3388,822,1032,1854
7901,"THEFT F/AUTO","38.8999689431","-76.9824656262",167,43,210,1696,1692,3388,822,1032,1854
7901,"ROBBERY","38.8979504607","-76.9787887344",167,43,210,1696,1692,3388,822,1032,1854
7901,"ROBBERY","38.8996082789","-76.9803906515",167,43,210,1696,1692,3388,822,1032,1854
7901,"THEFT/OTHER","38.8966629446","-76.9829390726",167,43,210,1696,1692,3388,822,1032,1854
7901,"THEFT/OTHER","38.8963835788","-76.9822244277",167,43,210,1696,1692,3388,822,1032,1854
7901,"ASSAULT W/DANGEROUS WEAPON","38.8999689431","-76.9824656262",167,43,210,1696,1692,3388,822,1032,1854
7901,"BURGLARY","38.8995367125","-76.9836416005",167,43,210,1696,1692,3388,822,1032,1854
7901,"THEFT/OTHER","38.8947797848","-76.9803228146",167,43,210,1696,1692,3388,822,1032,1854
7901,"ASSAULT W/DANGEROUS WEAPON","38.8999689431","-76.9824656262",167,43,210,1696,1692,3388,822,1032,1854
7901,"THEFT F/AUTO","38.8999689431","-76.9824656262",167,43,210,1696,1692,3388,822,1032,1854
7901,"THEFT F/AUTO","38.899247597","-76.9784194504",167,43,210,1696,1692,3388,822,1032,1854
7901,"THEFT/OTHER","38.8999689431","-76.9824656262",167,43,210,1696,1692,3388,822,1032,1854
7901,"THEFT F/AUTO","38.8932935205","-76.9810263782",167,43,210,1696,1692,3388,822,1032,1854
7901,"THEFT F/AUTO","38.8966627253","-76.9814981159",167,43,210,1696,1692,3388,822,1032,1854
7901,"THEFT F/AUTO","38.8982935604","-76.9836534135",167,43,210,1696,1692,3388,822,1032,1854
7901,"MOTOR VEHICLE THEFT","38.8982931216","-76.9807714343",167,43,210,1696,1692,3388,822,1032,1854
7901,"BURGLARY","38.8954458494","-76.9772678548",167,43,210,1696,1692,3388,822,1032,1854
7901,"THEFT F/AUTO","38.8947709668","-76.9814870792",167,43,210,1696,1692,3388,822,1032,1854
7901,"THEFT F/AUTO","38.8932930959","-76.9785711041",167,43,210,1696,1692,3388,822,1032,1854
7901,"THEFT F/AUTO","38.8954371647","-76.9789969759",167,43,210,1696,1692,3388,822,1032,1854
7901,"THEFT F/AUTO","38.8940317009","-76.9781328475",167,43,210,1696,1692,3388,822,1032,1854
7901,"MOTOR VEHICLE THEFT","38.897374312","-76.9810368206",167,43,210,1696,1692,3388,822,1032,1854
7901,"THEFT F/AUTO","38.8976979627","-76.9773824153",167,43,210,1696,1692,3388,822,1032,1854
7901,"THEFT F/AUTO","38.8966629446","-76.9829390726",167,43,210,1696,1692,3388,822,1032,1854
7901,"ROBBERY","38.8989860818","-76.9769900539",167,43,210,1696,1692,3388,822,1032,1854
7901,"ASSAULT W/DANGEROUS WEAPON","38.899247597","-76.9784194504",167,43,210,1696,1692,3388,822,1032,1854
7903,"THEFT F/AUTO","38.8954458494","-76.9772678548",26,78,104,807,619,1426,356,325,681
7903,"ASSAULT W/DANGEROUS WEAPON","38.8986072862","-76.974834446",26,78,104,807,619,1426,356,325,681
7903,"ROBBERY","38.897759348","-76.9699584725",26,78,104,807,619,1426,356,325,681
7903,"THEFT F/AUTO","38.8987966806","-76.9758718991",26,78,104,807,619,1426,356,325,681
7903,"THEFT F/AUTO","38.8966514254","-76.9703739346",26,78,104,807,619,1426,356,325,681
7903,"THEFT F/AUTO","38.8987966806","-76.9758718991",26,78,104,807,619,1426,356,325,681
7903,"ASSAULT W/DANGEROUS WEAPON","38.8966514254","-76.9703739346",26,78,104,807,619,1426,356,325,681
7903,"THEFT/OTHER","38.8987966806","-76.9758718991",26,78,104,807,619,1426,356,325,681
7903,"ROBBERY","38.8982284372","-76.9726212215",26,78,104,807,619,1426,356,325,681
7903,"THEFT/OTHER","38.8979127122","-76.970834525",26,78,104,807,619,1426,356,325,681
7903,"THEFT/OTHER","38.8954807858","-76.9721957599",26,78,104,807,619,1426,356,325,681
7903,"THEFT/OTHER","38.8986072862","-76.974834446",26,78,104,807,619,1426,356,325,681
7903,"THEFT F/AUTO","38.8971293792","-76.9724602551",26,78,104,807,619,1426,356,325,681
7903,"ASSAULT W/DANGEROUS WEAPON","38.8972016598","-76.9733824465",26,78,104,807,619,1426,356,325,681
7903,"THEFT/OTHER","38.8964817934","-76.9771753037",26,78,104,807,619,1426,356,325,681
7903,"THEFT/OTHER","38.8986072862","-76.974834446",26,78,104,807,619,1426,356,325,681
7903,"ROBBERY","38.8961023821","-76.9722762106",26,78,104,807,619,1426,356,325,681
7903,"THEFT/OTHER","38.8979127122","-76.970834525",26,78,104,807,619,1426,356,325,681
7903,"BURGLARY","38.8954366346","-76.9762303867",26,78,104,807,619,1426,356,325,681
7903,"THEFT/OTHER","38.8979127122","-76.970834525",26,78,104,807,619,1426,356,325,681
7903,"THEFT F/AUTO","38.8972016598","-76.9733824465",26,78,104,807,619,1426,356,325,681
7903,"MOTOR VEHICLE THEFT","38.8971293792","-76.9724602551",26,78,104,807,619,1426,356,325,681
7903,"ASSAULT W/DANGEROUS WEAPON","38.8979127122","-76.970834525",26,78,104,807,619,1426,356,325,681
7903,"ROBBERY","38.8986072862","-76.974834446",26,78,104,807,619,1426,356,325,681
7903,"THEFT F/AUTO","38.8966514254","-76.9703739346",26,78,104,807,619,1426,356,325,681
7903,"ASSAULT W/DANGEROUS WEAPON","38.8986072862","-76.974834446",26,78,104,807,619,1426,356,325,681
7903,"THEFT/OTHER","38.8979127122","-76.970834525",26,78,104,807,619,1426,356,325,681
7903,"THEFT/OTHER","38.8979127122","-76.970834525",26,78,104,807,619,1426,356,325,681
7903,"ROBBERY","38.8954807858","-76.9721957599",26,78,104,807,619,1426,356,325,681
7903,"THEFT/OTHER","38.8986072862","-76.974834446",26,78,104,807,619,1426,356,325,681
7903,"ASSAULT W/DANGEROUS WEAPON","38.8983998268","-76.9736240861",26,78,104,807,619,1426,356,325,681
7903,"THEFT/OTHER","38.896760934","-76.9765757755",26,78,104,807,619,1426,356,325,681
7903,"THEFT/OTHER","38.8970490775","-76.9759647119",26,78,104,807,619,1426,356,325,681
7903,"THEFT F/AUTO","38.8970490775","-76.9759647119",26,78,104,807,619,1426,356,325,681
7903,"THEFT/OTHER","38.8986072862","-76.974834446",26,78,104,807,619,1426,356,325,681
7903,"THEFT/OTHER","38.8979127122","-76.970834525",26,78,104,807,619,1426,356,325,681
7903,"THEFT/OTHER","38.8986072862","-76.974834446",26,78,104,807,619,1426,356,325,681
7903,"ROBBERY","38.8986072862","-76.974834446",26,78,104,807,619,1426,356,325,681
7903,"THEFT F/AUTO","38.896112148","-76.9756768385",26,78,104,807,619,1426,356,325,681
7903,"MOTOR VEHICLE THEFT","38.896112148","-76.9756768385",26,78,104,807,619,1426,356,325,681
7903,"THEFT/OTHER","38.8959490625","-76.9715385077",26,78,104,807,619,1426,356,325,681
7903,"THEFT F/AUTO","38.8979127122","-76.970834525",26,78,104,807,619,1426,356,325,681
7903,"THEFT/OTHER","38.8955352218","-76.9738672221",26,78,104,807,619,1426,356,325,681
7903,"THEFT F/AUTO","38.8978234154","-76.9741776356",26,78,104,807,619,1426,356,325,681
7903,"THEFT F/AUTO","38.896760934","-76.9765757755",26,78,104,807,619,1426,356,325,681
7903,"THEFT F/AUTO","38.8972016598","-76.9733824465",26,78,104,807,619,1426,356,325,681
7903,"THEFT F/AUTO","38.8971293792","-76.9724602551",26,78,104,807,619,1426,356,325,681
7903,"THEFT/OTHER","38.8979127122","-76.970834525",26,78,104,807,619,1426,356,325,681
7903,"THEFT/OTHER","38.8979127122","-76.970834525",26,78,104,807,619,1426,356,325,681
7903,"THEFT F/AUTO","38.8947701199","-76.9767493394",26,78,104,807,619,1426,356,325,681
7903,"MOTOR VEHICLE THEFT","38.8966514254","-76.9703739346",26,78,104,807,619,1426,356,325,681
7903,"THEFT F/AUTO","38.8986072862","-76.974834446",26,78,104,807,619,1426,356,325,681
7903,"THEFT F/AUTO","38.896112148","-76.9756768385",26,78,104,807,619,1426,356,325,681
7903,"THEFT/OTHER","38.8940315336","-76.9772567782",26,78,104,807,619,1426,356,325,681
7903,"THEFT F/AUTO","38.8979127122","-76.970834525",26,78,104,807,619,1426,356,325,681
7903,"THEFT/OTHER","38.8978234154","-76.9741776356",26,78,104,807,619,1426,356,325,681
7903,"THEFT/OTHER","38.8979127122","-76.970834525",26,78,104,807,619,1426,356,325,681
7903,"THEFT F/AUTO","38.8987966806","-76.9758718991",26,78,104,807,619,1426,356,325,681
7903,"MOTOR VEHICLE THEFT","38.8970390717","-76.9715265451",26,78,104,807,619,1426,356,325,681
7903,"THEFT F/AUTO","38.8943463771","-76.9750549674",26,78,104,807,619,1426,356,325,681
7903,"ROBBERY","38.8971293792","-76.9724602551",26,78,104,807,619,1426,356,325,681
7903,"THEFT/OTHER","38.8986072862","-76.974834446",26,78,104,807,619,1426,356,325,681
7903,"THEFT/OTHER","38.8986072862","-76.974834446",26,78,104,807,619,1426,356,325,681
7903,"ASSAULT W/DANGEROUS WEAPON","38.896760934","-76.9765757755",26,78,104,807,619,1426,356,325,681
7903,"THEFT/OTHER","38.8979127122","-76.970834525",26,78,104,807,619,1426,356,325,681
7903,"ASSAULT W/DANGEROUS WEAPON","38.8966514254","-76.9703739346",26,78,104,807,619,1426,356,325,681
7903,"ROBBERY","38.8940313294","-76.9762308549",26,78,104,807,619,1426,356,325,681
7903,"THEFT/OTHER","38.8954453433","-76.9748009791",26,78,104,807,619,1426,356,325,681
7903,"ROBBERY","38.8966514254","-76.9703739346",26,78,104,807,619,1426,356,325,681
7903,"THEFT/OTHER","38.8979127122","-76.970834525",26,78,104,807,619,1426,356,325,681
7903,"THEFT/OTHER","38.8947698872","-76.975608132",26,78,104,807,619,1426,356,325,681
7903,"MOTOR VEHICLE THEFT","38.896760934","-76.9765757755",26,78,104,807,619,1426,356,325,681
7903,"ROBBERY","38.8979127122","-76.970834525",26,78,104,807,619,1426,356,325,681
7903,"THEFT F/AUTO","38.8982563406","-76.9766675078",26,78,104,807,619,1426,356,325,681
7903,"THEFT F/AUTO","38.8954453433","-76.9748009791",26,78,104,807,619,1426,356,325,681
7903,"ASSAULT W/DANGEROUS WEAPON","38.8954366346","-76.9762303867",26,78,104,807,619,1426,356,325,681
7903,"THEFT F/AUTO","38.8972016598","-76.9733824465",26,78,104,807,619,1426,356,325,681
7903,"THEFT F/AUTO","38.8932927476","-76.9767498209",26,78,104,807,619,1426,356,325,681
7903,"THEFT/OTHER","38.8979127122","-76.970834525",26,78,104,807,619,1426,356,325,681
7903,"THEFT/OTHER","38.8959490625","-76.9715385077",26,78,104,807,619,1426,356,325,681
7903,"THEFT/OTHER","38.8986072862","-76.974834446",26,78,104,807,619,1426,356,325,681
7903,"ROBBERY","38.896112148","-76.9756768385",26,78,104,807,619,1426,356,325,681
7903,"THEFT F/AUTO","38.8975175923","-76.976356499",26,78,104,807,619,1426,356,325,681
7903,"THEFT/OTHER","38.8979127122","-76.970834525",26,78,104,807,619,1426,356,325,681
7903,"THEFT F/AUTO","38.8980660725","-76.9717221091",26,78,104,807,619,1426,356,325,681
7903,"THEFT F/AUTO","38.8970390717","-76.9715265451",26,78,104,807,619,1426,356,325,681
7903,"THEFT/OTHER","38.8979127122","-76.970834525",26,78,104,807,619,1426,356,325,681
7903,"ASSAULT W/DANGEROUS WEAPON","38.8979127122","-76.970834525",26,78,104,807,619,1426,356,325,681
7903,"THEFT/OTHER","38.8979127122","-76.970834525",26,78,104,807,619,1426,356,325,681
7903,"THEFT/OTHER","38.8979127122","-76.970834525",26,78,104,807,619,1426,356,325,681
7903,"THEFT F/AUTO","38.8973011257","-76.9750769897",26,78,104,807,619,1426,356,325,681
7903,"THEFT F/AUTO","38.8978234154","-76.9741776356",26,78,104,807,619,1426,356,325,681
7903,"THEFT F/AUTO","38.8947701199","-76.9767493394",26,78,104,807,619,1426,356,325,681
7903,"ROBBERY","38.8979127122","-76.970834525",26,78,104,807,619,1426,356,325,681
7903,"THEFT F/AUTO","38.8966343723","-76.9744547296",26,78,104,807,619,1426,356,325,681
7903,"THEFT/OTHER","38.8986072862","-76.974834446",26,78,104,807,619,1426,356,325,681
7903,"BURGLARY","38.8979127122","-76.970834525",26,78,104,807,619,1426,356,325,681
7903,"THEFT/OTHER","38.8940313294","-76.9762308549",26,78,104,807,619,1426,356,325,681
7903,"ASSAULT W/DANGEROUS WEAPON","38.8987966806","-76.9758718991",26,78,104,807,619,1426,356,325,681
7903,"THEFT/OTHER","38.896112148","-76.9756768385",26,78,104,807,619,1426,356,325,681
7903,"ASSAULT W/DANGEROUS WEAPON","38.897759348","-76.9699584725",26,78,104,807,619,1426,356,325,681
7903,"THEFT/OTHER","38.8986072862","-76.974834446",26,78,104,807,619,1426,356,325,681
7903,"BURGLARY","38.8986072862","-76.974834446",26,78,104,807,619,1426,356,325,681
7903,"THEFT/OTHER","38.8954366346","-76.9762303867",26,78,104,807,619,1426,356,325,681
7903,"THEFT F/AUTO","38.896112148","-76.9756768385",26,78,104,807,619,1426,356,325,681
7903,"ROBBERY","38.8954807858","-76.9721957599",26,78,104,807,619,1426,356,325,681
7903,"THEFT F/AUTO","38.8947701199","-76.9767493394",26,78,104,807,619,1426,356,325,681
7903,"THEFT/OTHER","38.8979127122","-76.970834525",26,78,104,807,619,1426,356,325,681
7903,"THEFT F/AUTO","38.8978234154","-76.9741776356",26,78,104,807,619,1426,356,325,681
7903,"THEFT/OTHER","38.8979127122","-76.970834525",26,78,104,807,619,1426,356,325,681
7903,"THEFT/OTHER","38.8986072862","-76.974834446",26,78,104,807,619,1426,356,325,681
7903,"MOTOR VEHICLE THEFT","38.8959490625","-76.9715385077",26,78,104,807,619,1426,356,325,681
7903,"ROBBERY","38.8963915048","-76.9761493752",26,78,104,807,619,1426,356,325,681
7903,"THEFT/OTHER","38.8970390717","-76.9715265451",26,78,104,807,619,1426,356,325,681
7903,"THEFT F/AUTO","38.8970390717","-76.9715265451",26,78,104,807,619,1426,356,325,681
7903,"MOTOR VEHICLE THEFT","38.8955352218","-76.9738672221",26,78,104,807,619,1426,356,325,681
7903,"THEFT/OTHER","38.896112148","-76.9756768385",26,78,104,807,619,1426,356,325,681
7903,"THEFT/OTHER","38.8978234154","-76.9741776356",26,78,104,807,619,1426,356,325,681
7903,"MOTOR VEHICLE THEFT","38.896760934","-76.9765757755",26,78,104,807,619,1426,356,325,681
7903,"THEFT F/AUTO","38.8932927476","-76.9767498209",26,78,104,807,619,1426,356,325,681
7903,"THEFT/OTHER","38.8986072862","-76.974834446",26,78,104,807,619,1426,356,325,681
7903,"BURGLARY","38.8964817934","-76.9771753037",26,78,104,807,619,1426,356,325,681
7903,"MOTOR VEHICLE THEFT","38.8970390717","-76.9715265451",26,78,104,807,619,1426,356,325,681
7903,"THEFT/OTHER","38.8979127122","-76.970834525",26,78,104,807,619,1426,356,325,681
7903,"THEFT/OTHER","38.8986072862","-76.974834446",26,78,104,807,619,1426,356,325,681
7903,"THEFT/OTHER","38.8979127122","-76.970834525",26,78,104,807,619,1426,356,325,681
7903,"THEFT/OTHER","38.8986072862","-76.974834446",26,78,104,807,619,1426,356,325,681
7903,"THEFT F/AUTO","38.8966343723","-76.9744547296",26,78,104,807,619,1426,356,325,681
7903,"THEFT/OTHER","38.8973011257","-76.9750769897",26,78,104,807,619,1426,356,325,681
7903,"MOTOR VEHICLE THEFT","38.8970390717","-76.9715265451",26,78,104,807,619,1426,356,325,681
7903,"THEFT F/AUTO","38.8971293792","-76.9724602551",26,78,104,807,619,1426,356,325,681
7903,"THEFT F/AUTO","38.8951297597","-76.9734869662",26,78,104,807,619,1426,356,325,681
7903,"THEFT/OTHER","38.8986072862","-76.974834446",26,78,104,807,619,1426,356,325,681
7903,"THEFT/OTHER","38.8979127122","-76.970834525",26,78,104,807,619,1426,356,325,681
7903,"MOTOR VEHICLE THEFT","38.8971293792","-76.9724602551",26,78,104,807,619,1426,356,325,681
7903,"MOTOR VEHICLE THEFT","38.897759348","-76.9699584725",26,78,104,807,619,1426,356,325,681
7903,"THEFT F/AUTO","38.8965444745","-76.9753193344",26,78,104,807,619,1426,356,325,681
7903,"THEFT/OTHER","38.8947698872","-76.975608132",26,78,104,807,619,1426,356,325,681
7903,"MOTOR VEHICLE THEFT","38.8978234154","-76.9741776356",26,78,104,807,619,1426,356,325,681
7903,"MOTOR VEHICLE THEFT","38.8973011257","-76.9750769897",26,78,104,807,619,1426,356,325,681
7903,"MOTOR VEHICLE THEFT","38.8975175923","-76.976356499",26,78,104,807,619,1426,356,325,681
7903,"ASSAULT W/DANGEROUS WEAPON","38.8964817934","-76.9771753037",26,78,104,807,619,1426,356,325,681
8001,"THEFT F/AUTO","38.898528237","-76.9873538333",57,1,58,1242,1262,2504,920,1110,2030
8001,"THEFT/OTHER","38.8947809502","-76.989279565",57,1,58,1242,1262,2504,920,1110,2030
8001,"THEFT/OTHER","38.8935734812","-76.9859945074",57,1,58,1242,1262,2504,920,1110,2030
8001,"THEFT/OTHER","38.8967175079","-76.9869161031",57,1,58,1242,1262,2504,920,1110,2030
8001,"THEFT/OTHER","38.8996899679","-76.9844715917",57,1,58,1242,1262,2504,920,1110,2030
8001,"THEFT F/AUTO","38.8973303174","-76.9892791819",57,1,58,1242,1262,2504,920,1110,2030
8001,"THEFT F/AUTO","38.895086583","-76.9836541483",57,1,58,1242,1262,2504,920,1110,2030
8001,"THEFT/OTHER","38.8954295526","-76.9892794675",57,1,58,1242,1262,2504,920,1110,2030
8001,"THEFT F/AUTO","38.8947809502","-76.989279565",57,1,58,1242,1262,2504,920,1110,2030
8001,"ASSAULT W/DANGEROUS WEAPON","38.8941772082","-76.9874583499",57,1,58,1242,1262,2504,920,1110,2030
8001,"THEFT/OTHER","38.8941774744","-76.9902479448",57,1,58,1242,1262,2504,920,1110,2030
8001,"THEFT/OTHER","38.8995367125","-76.9836416005",57,1,58,1242,1262,2504,920,1110,2030
8001,"MOTOR VEHICLE THEFT","38.8977265925","-76.988310785",57,1,58,1242,1262,2504,920,1110,2030
8001,"THEFT F/AUTO","38.8961141883","-76.9892793646",57,1,58,1242,1262,2504,920,1110,2030
8001,"THEFT F/AUTO","38.8935734812","-76.9859945074",57,1,58,1242,1262,2504,920,1110,2030
8001,"THEFT F/AUTO","38.898131775","-76.9865123676",57,1,58,1242,1262,2504,920,1110,2030
8001,"THEFT/OTHER","38.8961139475","-76.9869162138",57,1,58,1242,1262,2504,920,1110,2030
8001,"THEFT F/AUTO","38.8973297511","-76.9842761335",57,1,58,1242,1262,2504,920,1110,2030
8001,"THEFT F/AUTO","38.8935733641","-76.9850492808",57,1,58,1242,1262,2504,920,1110,2030
8001,"THEFT/OTHER","38.8961139475","-76.9869162138",57,1,58,1242,1262,2504,920,1110,2030
8001,"ROBBERY","38.8961141883","-76.9892793646",57,1,58,1242,1262,2504,920,1110,2030
8001,"THEFT F/AUTO","38.8981136382","-76.9855094447",57,1,58,1242,1262,2504,920,1110,2030
8001,"THEFT/OTHER","38.8961141883","-76.9892793646",57,1,58,1242,1262,2504,920,1110,2030
8001,"THEFT F/AUTO","38.8935738713","-76.9897523597",57,1,58,1242,1262,2504,920,1110,2030
8001,"THEFT F/AUTO","38.8967175079","-76.9869161031",57,1,58,1242,1262,2504,920,1110,2030
8001,"BURGLARY","38.8941407044","-76.9836543651",57,1,58,1242,1262,2504,920,1110,2030
8001,"THEFT F/AUTO","38.8967268419","-76.9902475963",57,1,58,1242,1262,2504,920,1110,2030
8001,"THEFT/OTHER","38.8967175079","-76.9869161031",57,1,58,1242,1262,2504,920,1110,2030
8001,"THEFT F/AUTO","38.8951053362","-76.990247818",57,1,58,1242,1262,2504,920,1110,2030
8001,"THEFT F/AUTO","38.8964113715","-76.9883110005",57,1,58,1242,1262,2504,920,1110,2030
8001,"MOTOR VEHICLE THEFT","38.8961139475","-76.9869162138",57,1,58,1242,1262,2504,920,1110,2030
8001,"THEFT/OTHER","38.8973298526","-76.9850484935",57,1,58,1242,1262,2504,920,1110,2030
8001,"THEFT/OTHER","38.8941769828","-76.9855102443",57,1,58,1242,1262,2504,920,1110,2030
8001,"MOTOR VEHICLE THEFT","38.8935738713","-76.9897523597",57,1,58,1242,1262,2504,920,1110,2030
8001,"THEFT F/AUTO","38.8953929943","-76.9845878015",57,1,58,1242,1262,2504,920,1110,2030
8001,"THEFT/OTHER","38.8967172102","-76.9844837664",57,1,58,1242,1262,2504,920,1110,2030
8001,"THEFT/OTHER","38.8961139475","-76.9869162138",57,1,58,1242,1262,2504,920,1110,2030
8001,"THEFT/OTHER","38.8967172102","-76.9844837664",57,1,58,1242,1262,2504,920,1110,2030
8001,"MOTOR VEHICLE THEFT","38.8941774744","-76.9902479448",57,1,58,1242,1262,2504,920,1110,2030
8001,"MOTOR VEHICLE THEFT","38.8954295526","-76.9892794675",57,1,58,1242,1262,2504,920,1110,2030
8001,"THEFT/OTHER","38.8973301311","-76.9874116845",57,1,58,1242,1262,2504,920,1110,2030
8001,"THEFT/OTHER","38.8941769828","-76.9855102443",57,1,58,1242,1262,2504,920,1110,2030
8001,"THEFT/OTHER","38.8967268419","-76.9902475963",57,1,58,1242,1262,2504,920,1110,2030
8001,"THEFT F/AUTO","38.8973297511","-76.9842761335",57,1,58,1242,1262,2504,920,1110,2030
8001,"THEFT/OTHER","38.8935738713","-76.9897523597",57,1,58,1242,1262,2504,920,1110,2030
8001,"ROBBERY","38.8961141883","-76.9892793646",57,1,58,1242,1262,2504,920,1110,2030
8001,"THEFT/OTHER","38.8961141883","-76.9892793646",57,1,58,1242,1262,2504,920,1110,2030
8001,"THEFT/OTHER","38.8973301311","-76.9874116845",57,1,58,1242,1262,2504,920,1110,2030
8001,"ROBBERY","38.8981136382","-76.9855094447",57,1,58,1242,1262,2504,920,1110,2030
8001,"THEFT F/AUTO","38.8973299725","-76.9860168254",57,1,58,1242,1262,2504,920,1110,2030
8001,"THEFT F/AUTO","38.8981136382","-76.9855094447",57,1,58,1242,1262,2504,920,1110,2030
8001,"THEFT/OTHER","38.8950778195","-76.9855100614",57,1,58,1242,1262,2504,920,1110,2030
8001,"THEFT F/AUTO","38.8967175079","-76.9869161031",57,1,58,1242,1262,2504,920,1110,2030
8001,"THEFT F/AUTO","38.8947809502","-76.989279565",57,1,58,1242,1262,2504,920,1110,2030
8001,"THEFT F/AUTO","38.8967175079","-76.9869161031",57,1,58,1242,1262,2504,920,1110,2030
8001,"THEFT/OTHER","38.8967175079","-76.9869161031",57,1,58,1242,1262,2504,920,1110,2030
8001,"THEFT F/AUTO","38.8947809502","-76.989279565",57,1,58,1242,1262,2504,920,1110,2030
8001,"THEFT F/AUTO","38.8961139475","-76.9869162138",57,1,58,1242,1262,2504,920,1110,2030
8001,"THEFT F/AUTO","38.8961139475","-76.9869162138",57,1,58,1242,1262,2504,920,1110,2030
8001,"BURGLARY","38.8989063158","-76.9850481631",57,1,58,1242,1262,2504,920,1110,2030
8001,"THEFT/OTHER","38.8981136382","-76.9855094447",57,1,58,1242,1262,2504,920,1110,2030
8001,"THEFT F/AUTO","38.8970239402","-76.9883109001",57,1,58,1242,1262,2504,920,1110,2030
8001,"THEFT/OTHER","38.8941769828","-76.9855102443",57,1,58,1242,1262,2504,920,1110,2030
8001,"THEFT/OTHER","38.8967175079","-76.9869161031",57,1,58,1242,1262,2504,920,1110,2030
8001,"ASSAULT W/DANGEROUS WEAPON","38.8995367125","-76.9836416005",57,1,58,1242,1262,2504,920,1110,2030
8001,"MOTOR VEHICLE THEFT","38.8953929943","-76.9845878015",57,1,58,1242,1262,2504,920,1110,2030
8001,"THEFT F/AUTO","38.8967175079","-76.9869161031",57,1,58,1242,1262,2504,920,1110,2030
8001,"THEFT/OTHER","38.8973299725","-76.9860168254",57,1,58,1242,1262,2504,920,1110,2030
8001,"THEFT F/AUTO","38.8941774744","-76.9902479448",57,1,58,1242,1262,2504,920,1110,2030
8001,"THEFT F/AUTO","38.8961141883","-76.9892793646",57,1,58,1242,1262,2504,920,1110,2030
8001,"THEFT/OTHER","38.8973298526","-76.9850484935",57,1,58,1242,1262,2504,920,1110,2030
8001,"THEFT/OTHER","38.8944743603","-76.9863516768",57,1,58,1242,1262,2504,920,1110,2030
8001,"MOTOR VEHICLE THEFT","38.8961139475","-76.9869162138",57,1,58,1242,1262,2504,920,1110,2030
8001,"THEFT/OTHER","38.8967268419","-76.9902475963",57,1,58,1242,1262,2504,920,1110,2030
8001,"THEFT/OTHER","38.8988971842","-76.9841143958",57,1,58,1242,1262,2504,920,1110,2030
8001,"THEFT F/AUTO","38.8941769828","-76.9855102443",57,1,58,1242,1262,2504,920,1110,2030
8001,"ROBBERY","38.8989063158","-76.9850481631",57,1,58,1242,1262,2504,920,1110,2030
8001,"THEFT/OTHER","38.8935736745","-76.9877120534",57,1,58,1242,1262,2504,920,1110,2030
8001,"THEFT/OTHER","38.8973301311","-76.9874116845",57,1,58,1242,1262,2504,920,1110,2030
8001,"THEFT/OTHER","38.8973297511","-76.9842761335",57,1,58,1242,1262,2504,920,1110,2030
8001,"THEFT F/AUTO","38.8954295526","-76.9892794675",57,1,58,1242,1262,2504,920,1110,2030
8001,"THEFT F/AUTO","38.8982935604","-76.9836534135",57,1,58,1242,1262,2504,920,1110,2030
8001,"THEFT/OTHER","38.8995367125","-76.9836416005",57,1,58,1242,1262,2504,920,1110,2030
8001,"MOTOR VEHICLE THEFT","38.8967175079","-76.9869161031",57,1,58,1242,1262,2504,920,1110,2030
8001,"MOTOR VEHICLE THEFT","38.8961139475","-76.9869162138",57,1,58,1242,1262,2504,920,1110,2030
8001,"THEFT/OTHER","38.8944743603","-76.9863516768",57,1,58,1242,1262,2504,920,1110,2030
8001,"THEFT F/AUTO","38.8961141883","-76.9892793646",57,1,58,1242,1262,2504,920,1110,2030
8001,"THEFT F/AUTO","38.8973301311","-76.9874116845",57,1,58,1242,1262,2504,920,1110,2030
8001,"THEFT/OTHER","38.8961141883","-76.9892793646",57,1,58,1242,1262,2504,920,1110,2030
8001,"THEFT/OTHER","38.898528237","-76.9873538333",57,1,58,1242,1262,2504,920,1110,2030
8001,"ASSAULT W/DANGEROUS WEAPON","38.8951051597","-76.9883227419",57,1,58,1242,1262,2504,920,1110,2030
8001,"ROBBERY","38.8947807413","-76.9872046421",57,1,58,1242,1262,2504,920,1110,2030
8001,"THEFT/OTHER","38.8954295526","-76.9892794675",57,1,58,1242,1262,2504,920,1110,2030
8001,"BURGLARY","38.8950778195","-76.9855100614",57,1,58,1242,1262,2504,920,1110,2030
8001,"THEFT/OTHER","38.8973298526","-76.9850484935",57,1,58,1242,1262,2504,920,1110,2030
8001,"ASSAULT W/DANGEROUS WEAPON","38.8973301311","-76.9874116845",57,1,58,1242,1262,2504,920,1110,2030
8001,"THEFT F/AUTO","38.8935738713","-76.9897523597",57,1,58,1242,1262,2504,920,1110,2030
8001,"THEFT/OTHER","38.8947807413","-76.9872046421",57,1,58,1242,1262,2504,920,1110,2030
8001,"THEFT F/AUTO","38.8953929943","-76.9845878015",57,1,58,1242,1262,2504,920,1110,2030
8001,"THEFT F/AUTO","38.8981136382","-76.9855094447",57,1,58,1242,1262,2504,920,1110,2030
8001,"THEFT/OTHER","38.8964110576","-76.9855097906",57,1,58,1242,1262,2504,920,1110,2030
8001,"THEFT/OTHER","38.8967175079","-76.9869161031",57,1,58,1242,1262,2504,920,1110,2030
8001,"THEFT/OTHER","38.8947809502","-76.989279565",57,1,58,1242,1262,2504,920,1110,2030
8001,"THEFT/OTHER","38.895086583","-76.9836541483",57,1,58,1242,1262,2504,920,1110,2030
8001,"THEFT/OTHER","38.8941772082","-76.9874583499",57,1,58,1242,1262,2504,920,1110,2030
8001,"THEFT F/AUTO","38.8947807413","-76.9872046421",57,1,58,1242,1262,2504,920,1110,2030
8001,"THEFT/OTHER","38.8967175079","-76.9869161031",57,1,58,1242,1262,2504,920,1110,2030
8001,"THEFT F/AUTO","38.8981135186","-76.9845756858",57,1,58,1242,1262,2504,920,1110,2030
8001,"THEFT/OTHER","38.8961141883","-76.9892793646",57,1,58,1242,1262,2504,920,1110,2030
8001,"THEFT/OTHER","38.8947807413","-76.9872046421",57,1,58,1242,1262,2504,920,1110,2030
8001,"THEFT/OTHER","38.8957534196","-76.9852909015",57,1,58,1242,1262,2504,920,1110,2030
8001,"ROBBERY","38.8981135186","-76.9845756858",57,1,58,1242,1262,2504,920,1110,2030
8001,"THEFT/OTHER","38.8935736745","-76.9877120534",57,1,58,1242,1262,2504,920,1110,2030
8001,"THEFT F/AUTO","38.898131775","-76.9865123676",57,1,58,1242,1262,2504,920,1110,2030
8001,"THEFT F/AUTO","38.8967175079","-76.9869161031",57,1,58,1242,1262,2504,920,1110,2030
8001,"THEFT/OTHER","38.8961141883","-76.9892793646",57,1,58,1242,1262,2504,920,1110,2030
8001,"THEFT/OTHER","38.8941774744","-76.9902479448",57,1,58,1242,1262,2504,920,1110,2030
8001,"THEFT F/AUTO","38.8953929943","-76.9845878015",57,1,58,1242,1262,2504,920,1110,2030
8001,"THEFT/OTHER","38.8935642309","-76.9841040561",57,1,58,1242,1262,2504,920,1110,2030
8001,"THEFT F/AUTO","38.8981136382","-76.9855094447",57,1,58,1242,1262,2504,920,1110,2030
8001,"MOTOR VEHICLE THEFT","38.8953929943","-76.9845878015",57,1,58,1242,1262,2504,920,1110,2030
8001,"THEFT/OTHER","38.8973298526","-76.9850484935",57,1,58,1242,1262,2504,920,1110,2030
8001,"THEFT F/AUTO","38.8957802271","-76.9836539894",57,1,58,1242,1262,2504,920,1110,2030
8001,"THEFT/OTHER","38.8989063158","-76.9850481631",57,1,58,1242,1262,2504,920,1110,2030
8001,"THEFT/OTHER","38.8953929943","-76.9845878015",57,1,58,1242,1262,2504,920,1110,2030
8001,"THEFT F/AUTO","38.8947809502","-76.989279565",57,1,58,1242,1262,2504,920,1110,2030
8001,"THEFT F/AUTO","38.8947807413","-76.9872046421",57,1,58,1242,1262,2504,920,1110,2030
8001,"THEFT/OTHER","38.8941769828","-76.9855102443",57,1,58,1242,1262,2504,920,1110,2030
8001,"THEFT/OTHER","38.8961139475","-76.9869162138",57,1,58,1242,1262,2504,920,1110,2030
8001,"THEFT F/AUTO","38.8947809502","-76.989279565",57,1,58,1242,1262,2504,920,1110,2030
8001,"THEFT/OTHER","38.8957802271","-76.9836539894",57,1,58,1242,1262,2504,920,1110,2030
8001,"THEFT/OTHER","38.8961141883","-76.9892793646",57,1,58,1242,1262,2504,920,1110,2030
8001,"THEFT F/AUTO","38.8935736745","-76.9877120534",57,1,58,1242,1262,2504,920,1110,2030
8001,"MOTOR VEHICLE THEFT","38.8967268419","-76.9902475963",57,1,58,1242,1262,2504,920,1110,2030
8001,"THEFT/OTHER","38.8981136382","-76.9855094447",57,1,58,1242,1262,2504,920,1110,2030
8001,"MOTOR VEHICLE THEFT","38.8944743603","-76.9863516768",57,1,58,1242,1262,2504,920,1110,2030
8001,"THEFT/OTHER","38.8967175079","-76.9869161031",57,1,58,1242,1262,2504,920,1110,2030
8001,"THEFT/OTHER","38.8982935604","-76.9836534135",57,1,58,1242,1262,2504,920,1110,2030
8001,"THEFT F/AUTO","38.8981136382","-76.9855094447",57,1,58,1242,1262,2504,920,1110,2030
8001,"THEFT/OTHER","38.898528237","-76.9873538333",57,1,58,1242,1262,2504,920,1110,2030
8001,"BURGLARY","38.8961139475","-76.9869162138",57,1,58,1242,1262,2504,920,1110,2030
8001,"THEFT/OTHER","38.8941772082","-76.9874583499",57,1,58,1242,1262,2504,920,1110,2030
8001,"THEFT/OTHER","38.8953929943","-76.9845878015",57,1,58,1242,1262,2504,920,1110,2030
8001,"ROBBERY","38.8944835812","-76.9883113163",57,1,58,1242,1262,2504,920,1110,2030
8001,"THEFT/OTHER","38.8947804839","-76.9850375004",57,1,58,1242,1262,2504,920,1110,2030
8001,"THEFT/OTHER","38.8935738713","-76.9897523597",57,1,58,1242,1262,2504,920,1110,2030
8001,"THEFT F/AUTO","38.8963837875","-76.9836538511",57,1,58,1242,1262,2504,920,1110,2030
8001,"THEFT/OTHER","38.8967175079","-76.9869161031",57,1,58,1242,1262,2504,920,1110,2030
8001,"THEFT/OTHER","38.8947803621","-76.9841153125",57,1,58,1242,1262,2504,920,1110,2030
8001,"THEFT/OTHER","38.8967175079","-76.9869161031",57,1,58,1242,1262,2504,920,1110,2030
8001,"MOTOR VEHICLE THEFT","38.8941769828","-76.9855102443",57,1,58,1242,1262,2504,920,1110,2030
8001,"MOTOR VEHICLE THEFT","38.8935738713","-76.9897523597",57,1,58,1242,1262,2504,920,1110,2030
8001,"MOTOR VEHICLE THEFT","38.8947804839","-76.9850375004",57,1,58,1242,1262,2504,920,1110,2030
8001,"MOTOR VEHICLE THEFT","38.8981136382","-76.9855094447",57,1,58,1242,1262,2504,920,1110,2030
8002,"THEFT F/AUTO","38.8926538848","-76.9807729542",19,69,88,1324,1276,2600,1129,1020,2149
8002,"THEFT F/AUTO","38.8926530489","-76.9762313141",19,69,88,1324,1276,2600,1129,1020,2149
8002,"ROBBERY","38.8913304554","-76.9864905998",19,69,88,1324,1276,2600,1129,1020,2149
8002,"THEFT/OTHER","38.8903571887","-76.9836552319",19,69,88,1324,1276,2600,1129,1020,2149
8002,"THEFT/OTHER","38.8927898101","-76.9864787964",19,69,88,1324,1276,2600,1129,1020,2149
8002,"ROBBERY","38.8907630797","-76.9878739113",19,69,88,1324,1276,2600,1129,1020,2149
8002,"ROBBERY","38.8935737835","-76.9887956059",19,69,88,1324,1276,2600,1129,1020,2149
8002,"THEFT/OTHER","38.8920056187","-76.9829401864",19,69,88,1324,1276,2600,1129,1020,2149
8002,"MOTOR VEHICLE THEFT","38.8909243947","-76.9814996041",19,69,88,1324,1276,2600,1129,1020,2149
8002,"THEFT/OTHER","38.8909250786","-76.9864906765",19,69,88,1324,1276,2600,1129,1020,2149
8002,"THEFT/OTHER","38.8911949674","-76.98365504",19,69,88,1324,1276,2600,1129,1020,2149
8002,"THEFT F/AUTO","38.8912046082","-76.9890726205",19,69,88,1324,1276,2600,1129,1020,2149
8002,"THEFT F/AUTO","38.8914647779","-76.9807617479",19,69,88,1324,1276,2600,1129,1020,2149
8002,"THEFT F/AUTO","38.8927900997","-76.9892683371",19,69,88,1324,1276,2600,1129,1020,2149
8002,"THEFT/OTHER","38.8914650081","-76.9822141264",19,69,88,1324,1276,2600,1129,1020,2149
8002,"THEFT/OTHER","38.8927898101","-76.9864787964",19,69,88,1324,1276,2600,1129,1020,2149
8002,"THEFT F/AUTO","38.8897980813","-76.9798861799",19,69,88,1324,1276,2600,1129,1020,2149
8002,"THEFT F/AUTO","38.8914647779","-76.9807617479",19,69,88,1324,1276,2600,1129,1020,2149
8002,"THEFT/OTHER","38.8907630797","-76.9878739113",19,69,88,1324,1276,2600,1129,1020,2149
8002,"THEFT F/AUTO","38.8926530489","-76.9762313141",19,69,88,1324,1276,2600,1129,1020,2149
8002,"THEFT F/AUTO","38.892537006","-76.9822253861",19,69,88,1324,1276,2600,1129,1020,2149
8002,"THEFT F/AUTO","38.8926538848","-76.9807729542",19,69,88,1324,1276,2600,1129,1020,2149
8002,"THEFT/OTHER","38.890366442","-76.9855110182",19,69,88,1324,1276,2600,1129,1020,2149
8002,"THEFT/OTHER","38.8903569782","-76.9822144026",19,69,88,1324,1276,2600,1129,1020,2149
8002,"THEFT/OTHER","38.8897987949","-76.9845774834",19,69,88,1324,1276,2600,1129,1020,2149
8002,"THEFT F/AUTO","38.8920052072","-76.9803235799",19,69,88,1324,1276,2600,1129,1020,2149
8002,"THEFT/OTHER","38.8935733641","-76.9850492808",19,69,88,1324,1276,2600,1129,1020,2149
8002,"THEFT/OTHER","38.8922940508","-76.9841043391",19,69,88,1324,1276,2600,1129,1020,2149
8002,"MOTOR VEHICLE THEFT","38.8907630797","-76.9878739113",19,69,88,1324,1276,2600,1129,1020,2149
8002,"THEFT/OTHER","38.8927898101","-76.9864787964",19,69,88,1324,1276,2600,1129,1020,2149
8002,"THEFT F/AUTO","38.8903571887","-76.9836552319",19,69,88,1324,1276,2600,1129,1020,2149
8002,"MOTOR VEHICLE THEFT","38.8927898101","-76.9864787964",19,69,88,1324,1276,2600,1129,1020,2149
8002,"ROBBERY","38.890366442","-76.9855110182",19,69,88,1324,1276,2600,1129,1020,2149
8002,"THEFT F/AUTO","38.890924614","-76.9829404449",19,69,88,1324,1276,2600,1129,1020,2149
8002,"BURGLARY","38.8920045507","-76.9767502407",19,69,88,1324,1276,2600,1129,1020,2149
8002,"THEFT/OTHER","38.8927809995","-76.9883115953",19,69,88,1324,1276,2600,1129,1020,2149
8002,"THEFT F/AUTO","38.8920063282","-76.988807379",19,69,88,1324,1276,2600,1129,1020,2149
8002,"THEFT/OTHER","38.892789694","-76.9855105261",19,69,88,1324,1276,2600,1129,1020,2149
8002,"THEFT F/AUTO","38.8926530489","-76.9762313141",19,69,88,1324,1276,2600,1129,1020,2149
8002,"THEFT/OTHER","38.8909248431","-76.9845887667",19,69,88,1324,1276,2600,1129,1020,2149
8002,"ROBBERY","38.8920061862","-76.9874126239",19,69,88,1324,1276,2600,1129,1020,2149
8002,"THEFT/OTHER","38.8897987949","-76.9845774834",19,69,88,1324,1276,2600,1129,1020,2149
8002,"THEFT F/AUTO","38.8920052072","-76.9803235799",19,69,88,1324,1276,2600,1129,1020,2149
8002,"THEFT F/AUTO","38.8897990804","-76.9869173719",19,69,88,1324,1276,2600,1129,1020,2149
8002,"THEFT/OTHER","38.8913304554","-76.9864905998",19,69,88,1324,1276,2600,1129,1020,2149
8002,"THEFT/OTHER","38.8907630797","-76.9878739113",19,69,88,1324,1276,2600,1129,1020,2149
8002,"THEFT F/AUTO","38.8920061862","-76.9874126239",19,69,88,1324,1276,2600,1129,1020,2149
8002,"ASSAULT W/DANGEROUS WEAPON","38.8908966208","-76.9772577775",19,69,88,1324,1276,2600,1129,1020,2149
8002,"MOTOR VEHICLE THEFT","38.8914653455","-76.98458865",19,69,88,1324,1276,2600,1129,1020,2149
8002,"THEFT F/AUTO","38.8926530489","-76.9762313141",19,69,88,1324,1276,2600,1129,1020,2149
8002,"MOTOR VEHICLE THEFT","38.8909243947","-76.9814996041",19,69,88,1324,1276,2600,1129,1020,2149
8002,"ROBBERY","38.8917354697","-76.9836549161",19,69,88,1324,1276,2600,1129,1020,2149
8002,"THEFT/OTHER","38.8909248431","-76.9845887667",19,69,88,1324,1276,2600,1129,1020,2149
8002,"THEFT/OTHER","38.8927809995","-76.9883115953",19,69,88,1324,1276,2600,1129,1020,2149
8002,"THEFT/OTHER","38.8932935205","-76.9810263782",19,69,88,1324,1276,2600,1129,1020,2149
8002,"BURGLARY","38.8897980813","-76.9798861799",19,69,88,1324,1276,2600,1129,1020,2149
8002,"THEFT F/AUTO","38.8911952124","-76.9855108499",19,69,88,1324,1276,2600,1129,1020,2149
8002,"THEFT/OTHER","38.8920061862","-76.9874126239",19,69,88,1324,1276,2600,1129,1020,2149
8002,"THEFT/OTHER","38.8931865539","-76.9902480803",19,69,88,1324,1276,2600,1129,1020,2149
8002,"THEFT/OTHER","38.890366442","-76.9855110182",19,69,88,1324,1276,2600,1129,1020,2149
8002,"THEFT/OTHER","38.8897980813","-76.9798861799",19,69,88,1324,1276,2600,1129,1020,2149
8002,"ASSAULT W/DANGEROUS WEAPON","38.890366442","-76.9855110182",19,69,88,1324,1276,2600,1129,1020,2149
8002,"MOTOR VEHICLE THEFT","38.8920045507","-76.9767502407",19,69,88,1324,1276,2600,1129,1020,2149
8002,"THEFT F/AUTO","38.8907630797","-76.9878739113",19,69,88,1324,1276,2600,1129,1020,2149
8002,"THEFT/OTHER","38.890924614","-76.9829404449",19,69,88,1324,1276,2600,1129,1020,2149
8002,"ROBBERY","38.8920060249","-76.9859948151",19,69,88,1324,1276,2600,1129,1020,2149
8002,"MOTOR VEHICLE THEFT","38.8911952124","-76.9855108499",19,69,88,1324,1276,2600,1129,1020,2149
8002,"THEFT F/AUTO","38.8924028257","-76.9902481874",19,69,88,1324,1276,2600,1129,1020,2149
8002,"THEFT F/AUTO","38.8926530489","-76.9762313141",19,69,88,1324,1276,2600,1129,1020,2149
8002,"THEFT/OTHER","38.8917354697","-76.9836549161",19,69,88,1324,1276,2600,1129,1020,2149
8002,"THEFT F/AUTO","38.8914650081","-76.9822141264",19,69,88,1324,1276,2600,1129,1020,2149
8002,"THEFT/OTHER","38.8920061862","-76.9874126239",19,69,88,1324,1276,2600,1129,1020,2149
8002,"THEFT/OTHER","38.8914650081","-76.9822141264",19,69,88,1324,1276,2600,1129,1020,2149
8002,"MOTOR VEHICLE THEFT","38.8920061862","-76.9874126239",19,69,88,1324,1276,2600,1129,1020,2149
8002,"THEFT F/AUTO","38.8914647779","-76.9807617479",19,69,88,1324,1276,2600,1129,1020,2149
8002,"THEFT/OTHER","38.8911949674","-76.98365504",19,69,88,1324,1276,2600,1129,1020,2149
8002,"THEFT F/AUTO","38.8897980813","-76.9798861799",19,69,88,1324,1276,2600,1129,1020,2149
8002,"THEFT F/AUTO","38.8927809995","-76.9883115953",19,69,88,1324,1276,2600,1129,1020,2149
8002,"THEFT F/AUTO","38.8926537333","-76.9798738478",19,69,88,1324,1276,2600,1129,1020,2149
8002,"THEFT F/AUTO","38.8912046082","-76.9890726205",19,69,88,1324,1276,2600,1129,1020,2149
8002,"THEFT/OTHER","38.8913036267","-76.9883118373",19,69,88,1324,1276,2600,1129,1020,2149
8002,"ROBBERY","38.8935642309","-76.9841040561",19,69,88,1324,1276,2600,1129,1020,2149
8002,"THEFT/OTHER","38.889798348","-76.9814998961",19,69,88,1324,1276,2600,1129,1020,2149
8002,"THEFT/OTHER","38.8909248431","-76.9845887667",19,69,88,1324,1276,2600,1129,1020,2149
8002,"THEFT/OTHER","38.892789694","-76.9855105261",19,69,88,1324,1276,2600,1129,1020,2149
8002,"THEFT/OTHER","38.8897985673","-76.9829407141",19,69,88,1324,1276,2600,1129,1020,2149
8002,"MOTOR VEHICLE THEFT","38.8926537333","-76.9798738478",19,69,88,1324,1276,2600,1129,1020,2149
8002,"THEFT/OTHER","38.8927809995","-76.9883115953",19,69,88,1324,1276,2600,1129,1020,2149
8002,"THEFT/OTHER","38.892789694","-76.9855105261",19,69,88,1324,1276,2600,1129,1020,2149
8002,"THEFT F/AUTO","38.8909248431","-76.9845887667",19,69,88,1324,1276,2600,1129,1020,2149
8002,"THEFT F/AUTO","38.8932934041","-76.9803232246",19,69,88,1324,1276,2600,1129,1020,2149
8002,"THEFT/OTHER","38.8903571887","-76.9836552319",19,69,88,1324,1276,2600,1129,1020,2149
8002,"ROBBERY","38.8908966208","-76.9772577775",19,69,88,1324,1276,2600,1129,1020,2149
8002,"MOTOR VEHICLE THEFT","38.8914650081","-76.9822141264",19,69,88,1324,1276,2600,1129,1020,2149
8002,"THEFT/OTHER","38.8909243947","-76.9814996041",19,69,88,1324,1276,2600,1129,1020,2149
8002,"THEFT/OTHER","38.8922940508","-76.9841043391",19,69,88,1324,1276,2600,1129,1020,2149
8002,"THEFT/OTHER","38.8935738713","-76.9897523597",19,69,88,1324,1276,2600,1129,1020,2149
8002,"THEFT/OTHER","38.8920056187","-76.9829401864",19,69,88,1324,1276,2600,1129,1020,2149
8002,"THEFT/OTHER","38.892537006","-76.9822253861",19,69,88,1324,1276,2600,1129,1020,2149
8002,"THEFT/OTHER","38.8926528259","-76.9751593026",19,69,88,1324,1276,2600,1129,1020,2149
8002,"THEFT/OTHER","38.892004899","-76.978571491",19,69,88,1324,1276,2600,1129,1020,2149
8002,"MOTOR VEHICLE THEFT","38.8897980813","-76.9798861799",19,69,88,1324,1276,2600,1129,1020,2149
8002,"BURGLARY","38.892004899","-76.978571491",19,69,88,1324,1276,2600,1129,1020,2149
8002,"THEFT/OTHER","38.8897990804","-76.9869173719",19,69,88,1324,1276,2600,1129,1020,2149
8002,"THEFT/OTHER","38.8912046082","-76.9890726205",19,69,88,1324,1276,2600,1129,1020,2149
8002,"THEFT/OTHER","38.8897990804","-76.9869173719",19,69,88,1324,1276,2600,1129,1020,2149
8002,"THEFT F/AUTO","38.8920061862","-76.9874126239",19,69,88,1324,1276,2600,1129,1020,2149
8002,"THEFT/OTHER","38.8920056187","-76.9829401864",19,69,88,1324,1276,2600,1129,1020,2149
8002,"THEFT/OTHER","38.8927809995","-76.9883115953",19,69,88,1324,1276,2600,1129,1020,2149
8002,"THEFT F/AUTO","38.8928346164","-76.9845768271",19,69,88,1324,1276,2600,1129,1020,2149
8002,"THEFT F/AUTO","38.8920061862","-76.9874126239",19,69,88,1324,1276,2600,1129,1020,2149
8002,"THEFT F/AUTO","38.8912046082","-76.9890726205",19,69,88,1324,1276,2600,1129,1020,2149
8002,"THEFT/OTHER","38.8935738713","-76.9897523597",19,69,88,1324,1276,2600,1129,1020,2149
8002,"THEFT/OTHER","38.8914653455","-76.98458865",19,69,88,1324,1276,2600,1129,1020,2149
8002,"THEFT F/AUTO","38.8919158225","-76.9850381012",19,69,88,1324,1276,2600,1129,1020,2149
8002,"THEFT F/AUTO","38.8926442471","-76.9772687474",19,69,88,1324,1276,2600,1129,1020,2149
8002,"BURGLARY","38.8912046082","-76.9890726205",19,69,88,1324,1276,2600,1129,1020,2149
8002,"THEFT F/AUTO","38.8924028257","-76.9902481874",19,69,88,1324,1276,2600,1129,1020,2149
8002,"THEFT/OTHER","38.8914653455","-76.98458865",19,69,88,1324,1276,2600,1129,1020,2149
8002,"ROBBERY","38.889798348","-76.9814998961",19,69,88,1324,1276,2600,1129,1020,2149
8002,"MOTOR VEHICLE THEFT","38.8917354697","-76.9836549161",19,69,88,1324,1276,2600,1129,1020,2149
8002,"THEFT F/AUTO","38.8909248431","-76.9845887667",19,69,88,1324,1276,2600,1129,1020,2149
8002,"THEFT F/AUTO","38.8914647779","-76.9807617479",19,69,88,1324,1276,2600,1129,1020,2149
8002,"THEFT F/AUTO","38.8912046082","-76.9890726205",19,69,88,1324,1276,2600,1129,1020,2149
8002,"THEFT/OTHER","38.8920056187","-76.9829401864",19,69,88,1324,1276,2600,1129,1020,2149
8002,"ROBBERY","38.8920056187","-76.9829401864",19,69,88,1324,1276,2600,1129,1020,2149
8002,"THEFT F/AUTO","38.892004899","-76.978571491",19,69,88,1324,1276,2600,1129,1020,2149
8002,"THEFT/OTHER","38.8928346164","-76.9845768271",19,69,88,1324,1276,2600,1129,1020,2149
8002,"THEFT/OTHER","38.8928346164","-76.9845768271",19,69,88,1324,1276,2600,1129,1020,2149
8002,"MOTOR VEHICLE THEFT","38.8897980813","-76.9798861799",19,69,88,1324,1276,2600,1129,1020,2149
8002,"ROBBERY","38.8920053994","-76.9814993238",19,69,88,1324,1276,2600,1129,1020,2149
8002,"SEX ABUSE","38.8926528259","-76.9751593026",19,69,88,1324,1276,2600,1129,1020,2149
8002,"THEFT F/AUTO","38.8914650081","-76.9822141264",19,69,88,1324,1276,2600,1129,1020,2149
8002,"THEFT/OTHER","38.8909248431","-76.9845887667",19,69,88,1324,1276,2600,1129,1020,2149
8002,"THEFT F/AUTO","38.8897985673","-76.9829407141",19,69,88,1324,1276,2600,1129,1020,2149
8002,"THEFT F/AUTO","38.8897980813","-76.9798861799",19,69,88,1324,1276,2600,1129,1020,2149
8002,"THEFT F/AUTO","38.8920061862","-76.9874126239",19,69,88,1324,1276,2600,1129,1020,2149
8002,"MOTOR VEHICLE THEFT","38.8926530489","-76.9762313141",19,69,88,1324,1276,2600,1129,1020,2149
8002,"THEFT F/AUTO","38.8897985673","-76.9829407141",19,69,88,1324,1276,2600,1129,1020,2149
8002,"THEFT F/AUTO","38.8935738713","-76.9897523597",19,69,88,1324,1276,2600,1129,1020,2149
8002,"THEFT F/AUTO","38.8909243947","-76.9814996041",19,69,88,1324,1276,2600,1129,1020,2149
8100,"THEFT/OTHER","38.8903671742","-76.9937640897",0,18,18,1525,1480,3005,1395,1248,2643
8100,"THEFT F/AUTO","38.8897995454","-76.9920927904",0,18,18,1525,1480,3005,1395,1248,2643
8100,"THEFT/OTHER","38.8941776507","-76.9926571405",0,18,18,1525,1480,3005,1395,1248,2643
8100,"THEFT F/AUTO","38.8941776507","-76.9926571405",0,18,18,1525,1480,3005,1395,1248,2643
8100,"THEFT/OTHER","38.8911867962","-76.9915393517",0,18,18,1525,1480,3005,1395,1248,2643
8100,"ROBBERY","38.8967268419","-76.9902475963",0,18,18,1525,1480,3005,1395,1248,2643
8100,"THEFT/OTHER","38.8954478297","-76.9926454823",0,18,18,1525,1480,3005,1395,1248,2643
8100,"THEFT F/AUTO","38.8911867962","-76.9915393517",0,18,18,1525,1480,3005,1395,1248,2643
8100,"THEFT/OTHER","38.8951056347","-76.9949625254",0,18,18,1525,1480,3005,1395,1248,2643
8100,"THEFT F/AUTO","38.8935741848","-76.9943632215",0,18,18,1525,1480,3005,1395,1248,2643
8100,"THEFT F/AUTO","38.8927992461","-76.9908936469",0,18,18,1525,1480,3005,1395,1248,2643
8100,"THEFT/OTHER","38.8931866545","-76.9915391146",0,18,18,1525,1480,3005,1395,1248,2643
8100,"THEFT/OTHER","38.8911866956","-76.9902483536",0,18,18,1525,1480,3005,1395,1248,2643
8100,"THEFT F/AUTO","38.8954478297","-76.9926454823",0,18,18,1525,1480,3005,1395,1248,2643
8100,"MOTOR VEHICLE THEFT","38.8927903619","-76.9926572833",0,18,18,1525,1480,3005,1395,1248,2643
8100,"MOTOR VEHICLE THEFT","38.8909257244","-76.9943749574",0,18,18,1525,1480,3005,1395,1248,2643
8100,"THEFT F/AUTO","38.8914841481","-76.9926574177",0,18,18,1525,1480,3005,1395,1248,2643
8100,"THEFT F/AUTO","38.8920066671","-76.9932106552",0,18,18,1525,1480,3005,1395,1248,2643
8100,"THEFT/OTHER","38.8924029264","-76.9915392075",0,18,18,1525,1480,3005,1395,1248,2643
8100,"MOTOR VEHICLE THEFT","38.8920067285","-76.9943633453",0,18,18,1525,1480,3005,1395,1248,2643
8100,"THEFT/OTHER","38.894177715","-76.9937637567",0,18,18,1525,1480,3005,1395,1248,2643
8100,"THEFT/OTHER","38.891619338","-76.9937639803",0,18,18,1525,1480,3005,1395,1248,2643
8100,"THEFT F/AUTO","38.8961143253","-76.9908932237",0,18,18,1525,1480,3005,1395,1248,2643
8100,"THEFT F/AUTO","38.8911867962","-76.9915393517",0,18,18,1525,1480,3005,1395,1248,2643
8100,"THEFT F/AUTO","38.8927904262","-76.9937638779",0,18,18,1525,1480,3005,1395,1248,2643
8100,"THEFT/OTHER","38.8964657","-76.9915387257",0,18,18,1525,1480,3005,1395,1248,2643
8100,"ROBBERY","38.8927904841","-76.9949626888",0,18,18,1525,1480,3005,1395,1248,2643
8100,"THEFT F/AUTO","38.8961144126","-76.9920920904",0,18,18,1525,1480,3005,1395,1248,2643
8100,"ROBBERY","38.8947813061","-76.9943631261",0,18,18,1525,1480,3005,1395,1248,2643
8100,"THEFT/OTHER","38.8927992461","-76.9908936469",0,18,18,1525,1480,3005,1395,1248,2643
8100,"THEFT/OTHER","38.8941776507","-76.9926571405",0,18,18,1525,1480,3005,1395,1248,2643
8100,"THEFT/OTHER","38.8954478297","-76.9926454823",0,18,18,1525,1480,3005,1395,1248,2643
8100,"THEFT F/AUTO","38.8947813061","-76.9943631261",0,18,18,1525,1480,3005,1395,1248,2643
8100,"THEFT/OTHER","38.8927992461","-76.9908936469",0,18,18,1525,1480,3005,1395,1248,2643
8100,"MOTOR VEHICLE THEFT","38.8941777729","-76.9949625909",0,18,18,1525,1480,3005,1395,1248,2643
8100,"ROBBERY","38.8970872286","-76.9908930995",0,18,18,1525,1480,3005,1395,1248,2643
8100,"THEFT/OTHER","38.890958296","-76.9909027574",0,18,18,1525,1480,3005,1395,1248,2643
8100,"THEFT/OTHER","38.8961143253","-76.9908932237",0,18,18,1525,1480,3005,1395,1248,2643
8100,"THEFT/OTHER","38.8961144126","-76.9920920904",0,18,18,1525,1480,3005,1395,1248,2643
8100,"THEFT F/AUTO","38.8927904262","-76.9937638779",0,18,18,1525,1480,3005,1395,1248,2643
8100,"THEFT F/AUTO","38.8970872286","-76.9908930995",0,18,18,1525,1480,3005,1395,1248,2643
8100,"MOTOR VEHICLE THEFT","38.8920066671","-76.9932106552",0,18,18,1525,1480,3005,1395,1248,2643
8100,"THEFT/OTHER","38.8927904262","-76.9937638779",0,18,18,1525,1480,3005,1395,1248,2643
8100,"ROBBERY","38.8927903619","-76.9926572833",0,18,18,1525,1480,3005,1395,1248,2643
8100,"THEFT/OTHER","38.8908535735","-76.99284191",0,18,18,1525,1480,3005,1395,1248,2643
8100,"MOTOR VEHICLE THEFT","38.894177715","-76.9937637567",0,18,18,1525,1480,3005,1395,1248,2643
8100,"THEFT/OTHER","38.8927904262","-76.9937638779",0,18,18,1525,1480,3005,1395,1248,2643
8100,"THEFT F/AUTO","38.8910788161","-76.9934066983",0,18,18,1525,1480,3005,1395,1248,2643
8100,"THEFT/OTHER","38.8911867962","-76.9915393517",0,18,18,1525,1480,3005,1395,1248,2643
8100,"THEFT/OTHER","38.8961144126","-76.9920920904",0,18,18,1525,1480,3005,1395,1248,2643
8100,"THEFT/OTHER","38.8935741848","-76.9943632215",0,18,18,1525,1480,3005,1395,1248,2643
8100,"MOTOR VEHICLE THEFT","38.8941774744","-76.9902479448",0,18,18,1525,1480,3005,1395,1248,2643
8100,"THEFT/OTHER","38.8954478297","-76.9926454823",0,18,18,1525,1480,3005,1395,1248,2643
8100,"THEFT/OTHER","38.8905562496","-76.9921042332",0,18,18,1525,1480,3005,1395,1248,2643
8100,"THEFT F/AUTO","38.8953488027","-76.9937636543",0,18,18,1525,1480,3005,1395,1248,2643
8100,"THEFT/OTHER","38.8954477548","-76.9915388464",0,18,18,1525,1480,3005,1395,1248,2643
8100,"THEFT F/AUTO","38.8903669857","-76.9908939573",0,18,18,1525,1480,3005,1395,1248,2643
8100,"ASSAULT W/DANGEROUS WEAPON","38.8956731344","-76.9943630556",0,18,18,1525,1480,3005,1395,1248,2643
8100,"THEFT F/AUTO","38.8941777729","-76.9949625909",0,18,18,1525,1480,3005,1395,1248,2643
8100,"THEFT/OTHER","38.8954477548","-76.9915388464",0,18,18,1525,1480,3005,1395,1248,2643
8100,"THEFT F/AUTO","38.8920067285","-76.9943633453",0,18,18,1525,1480,3005,1395,1248,2643
8100,"THEFT/OTHER","38.8903672325","-76.9949743866",0,18,18,1525,1480,3005,1395,1248,2643
8100,"THEFT F/AUTO","38.8947813061","-76.9943631261",0,18,18,1525,1480,3005,1395,1248,2643
8100,"THEFT F/AUTO","38.8914841481","-76.9926574177",0,18,18,1525,1480,3005,1395,1248,2643
8100,"THEFT/OTHER","38.8927904262","-76.9937638779",0,18,18,1525,1480,3005,1395,1248,2643
8100,"THEFT/OTHER","38.8954477548","-76.9915388464",0,18,18,1525,1480,3005,1395,1248,2643
8100,"THEFT/OTHER","38.8954477548","-76.9915388464",0,18,18,1525,1480,3005,1395,1248,2643
8100,"THEFT/OTHER","38.8935741235","-76.993210506",0,18,18,1525,1480,3005,1395,1248,2643
8100,"THEFT/OTHER","38.8954477548","-76.9915388464",0,18,18,1525,1480,3005,1395,1248,2643
8100,"THEFT/OTHER","38.8935739659","-76.990893548",0,18,18,1525,1480,3005,1395,1248,2643
8100,"MOTOR VEHICLE THEFT","38.8935741235","-76.993210506",0,18,18,1525,1480,3005,1395,1248,2643
8100,"THEFT F/AUTO","38.8953488027","-76.9937636543",0,18,18,1525,1480,3005,1395,1248,2643
8100,"THEFT F/AUTO","38.8911867962","-76.9915393517",0,18,18,1525,1480,3005,1395,1248,2643
8100,"THEFT/OTHER","38.8927992461","-76.9908936469",0,18,18,1525,1480,3005,1395,1248,2643
8100,"THEFT/OTHER","38.8927904262","-76.9937638779",0,18,18,1525,1480,3005,1395,1248,2643
8100,"THEFT F/AUTO","38.8947813061","-76.9943631261",0,18,18,1525,1480,3005,1395,1248,2643
8100,"THEFT/OTHER","38.8927903619","-76.9926572833",0,18,18,1525,1480,3005,1395,1248,2643
8100,"THEFT/OTHER","38.8961143253","-76.9908932237",0,18,18,1525,1480,3005,1395,1248,2643
8100,"THEFT F/AUTO","38.8910788161","-76.9934066983",0,18,18,1525,1480,3005,1395,1248,2643
8100,"MOTOR VEHICLE THEFT","38.8903671742","-76.9937640897",0,18,18,1525,1480,3005,1395,1248,2643
8100,"THEFT F/AUTO","38.8910788161","-76.9934066983",0,18,18,1525,1480,3005,1395,1248,2643
8100,"THEFT/OTHER","38.8947812448","-76.9932103911",0,18,18,1525,1480,3005,1395,1248,2643
8100,"THEFT F/AUTO","38.8911867962","-76.9915393517",0,18,18,1525,1480,3005,1395,1248,2643
8100,"THEFT F/AUTO","38.8909257244","-76.9943749574",0,18,18,1525,1480,3005,1395,1248,2643
8100,"THEFT/OTHER","38.8911867962","-76.9915393517",0,18,18,1525,1480,3005,1395,1248,2643
8100,"THEFT/OTHER","38.8911867962","-76.9915393517",0,18,18,1525,1480,3005,1395,1248,2643
8100,"THEFT/OTHER","38.8911867962","-76.9915393517",0,18,18,1525,1480,3005,1395,1248,2643
8100,"ROBBERY","38.8911867962","-76.9915393517",0,18,18,1525,1480,3005,1395,1248,2643
8100,"THEFT/OTHER","38.8935741848","-76.9943632215",0,18,18,1525,1480,3005,1395,1248,2643
8100,"THEFT/OTHER","38.8903671742","-76.9937640897",0,18,18,1525,1480,3005,1395,1248,2643
8100,"THEFT F/AUTO","38.8927904262","-76.9937638779",0,18,18,1525,1480,3005,1395,1248,2643
8100,"THEFT/OTHER","38.8951053362","-76.990247818",0,18,18,1525,1480,3005,1395,1248,2643
8100,"THEFT/OTHER","38.8903671742","-76.9937640897",0,18,18,1525,1480,3005,1395,1248,2643
8100,"THEFT F/AUTO","38.8927904262","-76.9937638779",0,18,18,1525,1480,3005,1395,1248,2643
8100,"THEFT/OTHER","38.8905562496","-76.9921042332",0,18,18,1525,1480,3005,1395,1248,2643
8100,"MOTOR VEHICLE THEFT","38.8903669857","-76.9908939573",0,18,18,1525,1480,3005,1395,1248,2643
8100,"THEFT/OTHER","38.8961144126","-76.9920920904",0,18,18,1525,1480,3005,1395,1248,2643
8100,"THEFT F/AUTO","38.8970872286","-76.9908930995",0,18,18,1525,1480,3005,1395,1248,2643
8100,"THEFT F/AUTO","38.8905562496","-76.9921042332",0,18,18,1525,1480,3005,1395,1248,2643
8100,"THEFT/OTHER","38.8953488027","-76.9937636543",0,18,18,1525,1480,3005,1395,1248,2643
8100,"THEFT/OTHER","38.8903671742","-76.9937640897",0,18,18,1525,1480,3005,1395,1248,2643
8100,"THEFT/OTHER","38.8954478297","-76.9926454823",0,18,18,1525,1480,3005,1395,1248,2643
8100,"THEFT/OTHER","38.8953488027","-76.9937636543",0,18,18,1525,1480,3005,1395,1248,2643
8100,"HOMICIDE","38.8924029264","-76.9915392075",0,18,18,1525,1480,3005,1395,1248,2643
8100,"THEFT F/AUTO","38.8920065968","-76.9920925458",0,18,18,1525,1480,3005,1395,1248,2643
8100,"THEFT F/AUTO","38.8935739659","-76.990893548",0,18,18,1525,1480,3005,1395,1248,2643
8100,"THEFT/OTHER","38.8920065968","-76.9920925458",0,18,18,1525,1480,3005,1395,1248,2643
8100,"THEFT F/AUTO","38.8914752345","-76.9943633873",0,18,18,1525,1480,3005,1395,1248,2643
8100,"THEFT/OTHER","38.8920065095","-76.9908937481",0,18,18,1525,1480,3005,1395,1248,2643
8100,"THEFT/OTHER","38.8920067285","-76.9943633453",0,18,18,1525,1480,3005,1395,1248,2643
8200,"THEFT F/AUTO","38.8909348682","-77.0000576336",0,3,3,1412,1106,2518,1376,922,2298
8200,"BURGLARY","38.8897997292","-76.9955738069",0,3,3,1412,1106,2518,1376,922,2298
8200,"THEFT F/AUTO","38.892835627","-77.001325609",0,3,3,1412,1106,2518,1376,922,2298
8200,"THEFT F/AUTO","38.8920067543","-77.0050718365",0,3,3,1412,1106,2518,1376,922,2298
8200,"BURGLARY","38.8946913366","-77.0022593577",0,3,3,1412,1106,2518,1376,922,2298
8200,"THEFT/OTHER","38.8903673304","-76.9984554307",0,3,3,1412,1106,2518,1376,922,2298
8200,"THEFT F/AUTO","38.8909258289","-76.9973142727",0,3,3,1412,1106,2518,1376,922,2298
8200,"THEFT F/AUTO","38.8903673228","-77.0020402146",0,3,3,1412,1106,2518,1376,922,2298
8200,"MOTOR VEHICLE THEFT","38.8914753695","-76.9995158738",0,3,3,1412,1106,2518,1376,922,2298
8200,"MOTOR VEHICLE THEFT","38.8909348608","-77.001314047",0,3,3,1412,1106,2518,1376,922,2298
8200,"THEFT/OTHER","38.8903673392","-77.0005763318",0,3,3,1412,1106,2518,1376,922,2298
8200,"BURGLARY","38.8920068336","-76.997314232",0,3,3,1412,1106,2518,1376,922,2298
8200,"THEFT F/AUTO","38.889799813","-77.0000576327",0,3,3,1412,1106,2518,1376,922,2298
8200,"THEFT/OTHER","38.8926734527","-76.9973026799",0,3,3,1412,1106,2518,1376,922,2298
8200,"BURGLARY","38.8897997292","-76.9955738069",0,3,3,1412,1106,2518,1376,922,2298
8200,"THEFT/OTHER","38.8920068571","-77.0013140667",0,3,3,1412,1106,2518,1376,922,2298
8200,"THEFT/OTHER","38.8909258289","-76.9973142727",0,3,3,1412,1106,2518,1376,922,2298
8200,"THEFT F/AUTO","38.8920068644","-77.0000461076",0,3,3,1412,1106,2518,1376,922,2298
8200,"ROBBERY","38.8903673397","-76.9995274079",0,3,3,1412,1106,2518,1376,922,2298
8200,"THEFT F/AUTO","38.8909257759","-76.995573737",0,3,3,1412,1106,2518,1376,922,2298
8200,"THEFT F/AUTO","38.8903673304","-76.9984554307",0,3,3,1412,1106,2518,1376,922,2298
8200,"THEFT F/AUTO","38.892835627","-77.001325609",0,3,3,1412,1106,2518,1376,922,2298
8200,"BURGLARY","38.8943129995","-77.0013256365",0,3,3,1412,1106,2518,1376,922,2298
8200,"THEFT F/AUTO","38.8897997292","-76.9955738069",0,3,3,1412,1106,2518,1376,922,2298
8200,"THEFT/OTHER","38.8926734527","-76.9973026799",0,3,3,1412,1106,2518,1376,922,2298
8200,"THEFT/OTHER","38.8920068336","-76.997314232",0,3,3,1412,1106,2518,1376,922,2298
8200,"THEFT/OTHER","38.8909258289","-76.9973142727",0,3,3,1412,1106,2518,1376,922,2298
8200,"THEFT/OTHER","38.8897998057","-77.0013140261",0,3,3,1412,1106,2518,1376,922,2298
8200,"THEFT/OTHER","38.8903673392","-77.0005763318",0,3,3,1412,1106,2518,1376,922,2298
8200,"THEFT/OTHER","38.8914753691","-77.0005763408",0,3,3,1412,1106,2518,1376,922,2298
8200,"BURGLARY","38.8946913366","-77.0022593577",0,3,3,1412,1106,2518,1376,922,2298
8200,"BURGLARY","38.8897998057","-77.0013140261",0,3,3,1412,1106,2518,1376,922,2298
8200,"THEFT F/AUTO","38.8943129995","-77.0013256365",0,3,3,1412,1106,2518,1376,922,2298
8200,"THEFT F/AUTO","38.8897997822","-76.9973143151",0,3,3,1412,1106,2518,1376,922,2298
8200,"THEFT/OTHER","38.8897998057","-77.0013140261",0,3,3,1412,1106,2518,1376,922,2298
8200,"THEFT F/AUTO","38.8909348682","-77.0000576336",0,3,3,1412,1106,2518,1376,922,2298
8200,"THEFT/OTHER","38.8903673304","-76.9984554307",0,3,3,1412,1106,2518,1376,922,2298
8200,"THEFT F/AUTO","38.8903673304","-76.9984554307",0,3,3,1412,1106,2518,1376,922,2298
8200,"THEFT F/AUTO","38.8914662995","-76.9961730978",0,3,3,1412,1106,2518,1376,922,2298
8200,"THEFT/OTHER","38.8903673392","-77.0005763318",0,3,3,1412,1106,2518,1376,922,2298
8200,"THEFT F/AUTO","38.8909348682","-77.0000576336",0,3,3,1412,1106,2518,1376,922,2298
8200,"MOTOR VEHICLE THEFT","38.892835627","-77.001325609",0,3,3,1412,1106,2518,1376,922,2298
8200,"THEFT/OTHER","38.8927905398","-77.0035157435",0,3,3,1412,1106,2518,1376,922,2298
8200,"THEFT/OTHER","38.8914753695","-76.9995158738",0,3,3,1412,1106,2518,1376,922,2298
8200,"THEFT/OTHER","38.8903673228","-77.0020402146",0,3,3,1412,1106,2518,1376,922,2298
8200,"THEFT F/AUTO","38.8925473565","-76.9984553835",0,3,3,1412,1106,2518,1376,922,2298
8200,"THEFT/OTHER","38.8903673392","-77.0005763318",0,3,3,1412,1106,2518,1376,922,2298
8200,"THEFT F/AUTO","38.8913221196","-76.9949627925",0,3,3,1412,1106,2518,1376,922,2298
8200,"THEFT/OTHER","38.8909348608","-77.001314047",0,3,3,1412,1106,2518,1376,922,2298
8200,"THEFT/OTHER","38.8913221196","-76.9949627925",0,3,3,1412,1106,2518,1376,922,2298
8200,"ROBBERY","38.8920068336","-76.997314232",0,3,3,1412,1106,2518,1376,922,2298
8200,"THEFT/OTHER","38.8918626368","-76.9953200876",0,3,3,1412,1106,2518,1376,922,2298
8200,"THEFT/OTHER","38.8903673392","-77.0005763318",0,3,3,1412,1106,2518,1376,922,2298
8200,"THEFT/OTHER","38.8935742878","-77.0027780442",0,3,3,1412,1106,2518,1376,922,2298
8200,"THEFT F/AUTO","38.8909257759","-76.995573737",0,3,3,1412,1106,2518,1376,922,2298
8200,"ROBBERY","38.8914753695","-76.9995158738",0,3,3,1412,1106,2518,1376,922,2298
8200,"THEFT/OTHER","38.8914663519","-76.9984554069",0,3,3,1412,1106,2518,1376,922,2298
8200,"THEFT F/AUTO","38.8909257759","-76.995573737",0,3,3,1412,1106,2518,1376,922,2298
8200,"BURGLARY","38.8897998057","-77.0013140261",0,3,3,1412,1106,2518,1376,922,2298
8200,"THEFT F/AUTO","38.8914753695","-76.9995158738",0,3,3,1412,1106,2518,1376,922,2298
8200,"THEFT/OTHER","38.8909348682","-77.0000576336",0,3,3,1412,1106,2518,1376,922,2298
8200,"THEFT/OTHER","38.8914663441","-77.0020517729",0,3,3,1412,1106,2518,1376,922,2298
8200,"THEFT F/AUTO","38.8920068571","-77.0013140667",0,3,3,1412,1106,2518,1376,922,2298
8200,"THEFT F/AUTO","38.8909348638","-76.9989856479",0,3,3,1412,1106,2518,1376,922,2298
8200,"THEFT/OTHER","38.8914753695","-76.9995158738",0,3,3,1412,1106,2518,1376,922,2298
8200,"BURGLARY","38.8946913366","-77.0022593577",0,3,3,1412,1106,2518,1376,922,2298
8200,"THEFT/OTHER","38.8914753691","-77.0005763408",0,3,3,1412,1106,2518,1376,922,2298
8200,"THEFT/OTHER","38.890367278","-76.9961731567",0,3,3,1412,1106,2518,1376,922,2298
8200,"THEFT/OTHER","38.8949885964","-77.0029855922",0,3,3,1412,1106,2518,1376,922,2298
8200,"MOTOR VEHICLE THEFT","38.8920068336","-76.997314232",0,3,3,1412,1106,2518,1376,922,2298
8200,"THEFT F/AUTO","38.8914663441","-77.0020517729",0,3,3,1412,1106,2518,1376,922,2298
8200,"THEFT F/AUTO","38.8914753695","-76.9995158738",0,3,3,1412,1106,2518,1376,922,2298
8200,"THEFT/OTHER","38.8897997822","-76.9973143151",0,3,3,1412,1106,2518,1376,922,2298
8200,"THEFT/OTHER","38.8914663519","-76.9984554069",0,3,3,1412,1106,2518,1376,922,2298
8200,"THEFT F/AUTO","38.892835627","-77.001325609",0,3,3,1412,1106,2518,1376,922,2298
8200,"MOTOR VEHICLE THEFT","38.8909348608","-77.001314047",0,3,3,1412,1106,2518,1376,922,2298
8200,"MOTOR VEHICLE THEFT","38.8909258289","-76.9973142727",0,3,3,1412,1106,2518,1376,922,2298
8200,"THEFT/OTHER","38.8930788561","-76.9989856174",0,3,3,1412,1106,2518,1376,922,2298
8200,"THEFT F/AUTO","38.8914663519","-76.9984554069",0,3,3,1412,1106,2518,1376,922,2298
8200,"THEFT/OTHER","38.8914662995","-76.9961730978",0,3,3,1412,1106,2518,1376,922,2298
8200,"THEFT F/AUTO","38.8909258289","-76.9973142727",0,3,3,1412,1106,2518,1376,922,2298
8200,"THEFT/OTHER","38.89200686","-76.9989856327",0,3,3,1412,1106,2518,1376,922,2298
8301,"THEFT F/AUTO","38.8989072652","-77.0013141939",0,24,24,911,1306,2217,822,1179,2001
8301,"THEFT/OTHER","38.8981145354","-77.0005763944",0,24,24,911,1306,2217,822,1179,2001
8301,"THEFT/OTHER","38.8957813605","-76.9984553135",0,24,24,911,1306,2217,822,1179,2001
8301,"THEFT F/AUTO","38.8954480434","-77.0020403599",0,24,24,911,1306,2217,822,1179,2001
8301,"MOTOR VEHICLE THEFT","38.8995558735","-76.9995158189",0,24,24,911,1306,2217,822,1179,2001
8301,"THEFT/OTHER","38.8967272312","-77.0020403965",0,24,24,911,1306,2217,822,1179,2001
8301,"THEFT F/AUTO","38.8954480602","-76.9995158468",0,24,24,911,1306,2217,822,1179,2001
8301,"THEFT/OTHER","38.8961146802","-77.0000461103",0,24,24,911,1306,2217,822,1179,2001
8301,"THEFT/OTHER","38.8981145354","-77.0005763944",0,24,24,911,1306,2217,822,1179,2001
8301,"THEFT F/AUTO","38.8995558731","-77.0005764061",0,24,24,911,1306,2217,822,1179,2001
8301,"THEFT/OTHER","38.8961146758","-76.9989855743",0,24,24,911,1306,2217,822,1179,2001
8301,"THEFT/OTHER","38.9002044719","-76.9989855161",0,24,24,911,1306,2217,822,1179,2001
8301,"THEFT/OTHER","38.8995558735","-76.9995158189",0,24,24,911,1306,2217,822,1179,2001
8301,"SEX ABUSE","38.9002044763","-77.0000461129",0,24,24,911,1306,2217,822,1179,2001
8301,"THEFT F/AUTO","38.9002044719","-76.9989855161",0,24,24,911,1306,2217,822,1179,2001
8301,"THEFT F/AUTO","38.8973307763","-77.0027781905",0,24,24,911,1306,2217,822,1179,2001
8301,"THEFT F/AUTO","38.8981145359","-76.9995158287",0,24,24,911,1306,2217,822,1179,2001
8301,"THEFT/OTHER","38.8989072652","-77.0013141939",0,24,24,911,1306,2217,822,1179,2001
8301,"THEFT F/AUTO","38.8973307763","-77.0027781905",0,24,24,911,1306,2217,822,1179,2001
8301,"THEFT/OTHER","38.9002044689","-77.0013142178",0,24,24,911,1306,2217,822,1179,2001
8301,"THEFT F/AUTO","38.8947814421","-77.0000461094",0,24,24,911,1306,2217,822,1179,2001
8301,"THEFT/OTHER","38.8981235274","-77.0020404365",0,24,24,911,1306,2217,822,1179,2001
8301,"THEFT F/AUTO","38.9002044689","-77.0013142178",0,24,24,911,1306,2217,822,1179,2001
8301,"ROBBERY","38.8961236556","-77.0027781435",0,24,24,911,1306,2217,822,1179,2001
8301,"THEFT/OTHER","38.9001143388","-77.0035506891",0,24,24,911,1306,2217,822,1179,2001
8301,"THEFT F/AUTO","38.8954480602","-76.9995158468",0,24,24,911,1306,2217,822,1179,2001
8301,"THEFT F/AUTO","38.8981145354","-77.0005763944",0,24,24,911,1306,2217,822,1179,2001
8301,"THEFT/OTHER","38.8944301148","-76.9995158537",0,24,24,911,1306,2217,822,1179,2001
8301,"THEFT/OTHER","38.8981234923","-77.0035160063",0,24,24,911,1306,2217,822,1179,2001
8301,"THEFT/OTHER","38.9002044763","-77.0000461129",0,24,24,911,1306,2217,822,1179,2001
8301,"THEFT/OTHER","38.9002044689","-77.0013142178",0,24,24,911,1306,2217,822,1179,2001
8301,"THEFT/OTHER","38.8995558567","-77.0020404774",0,24,24,911,1306,2217,822,1179,2001
8301,"MOTOR VEHICLE THEFT","38.8954480598","-77.0005763729",0,24,24,911,1306,2217,822,1179,2001
8301,"THEFT/OTHER","38.8947814347","-77.0013141178",0,24,24,911,1306,2217,822,1179,2001
8301,"THEFT F/AUTO","38.8947814377","-76.9989855932",0,24,24,911,1306,2217,822,1179,2001
8301,"MOTOR VEHICLE THEFT","38.9002044763","-77.0000461129",0,24,24,911,1306,2217,822,1179,2001
8301,"THEFT/OTHER","38.8947814421","-77.0000461094",0,24,24,911,1306,2217,822,1179,2001
8301,"THEFT F/AUTO","38.8954480598","-77.0005763729",0,24,24,911,1306,2217,822,1179,2001
8301,"THEFT/OTHER","38.9002044689","-77.0013142178",0,24,24,911,1306,2217,822,1179,2001
8301,"THEFT/OTHER","38.8995558735","-76.9995158189",0,24,24,911,1306,2217,822,1179,2001
8301,"THEFT F/AUTO","38.8943129995","-77.0013256365",0,24,24,911,1306,2217,822,1179,2001
8301,"BURGLARY","38.8995558735","-76.9995158189",0,24,24,911,1306,2217,822,1179,2001
8301,"THEFT/OTHER","38.9002044763","-77.0000461129",0,24,24,911,1306,2217,822,1179,2001
8301,"BURGLARY","38.9002044763","-77.0000461129",0,24,24,911,1306,2217,822,1179,2001
8301,"THEFT F/AUTO","38.8989072652","-77.0013141939",0,24,24,911,1306,2217,822,1179,2001
8301,"THEFT/OTHER","38.8985108945","-76.9984552544",0,24,24,911,1306,2217,822,1179,2001
8301,"MOTOR VEHICLE THEFT","38.8954480598","-77.0005763729",0,24,24,911,1306,2217,822,1179,2001
8301,"HOMICIDE","38.8961236556","-77.0027781435",0,24,24,911,1306,2217,822,1179,2001
8301,"MOTOR VEHICLE THEFT","38.8989072652","-77.0013141939",0,24,24,911,1306,2217,822,1179,2001
8301,"THEFT F/AUTO","38.8944301143","-77.0005878919",0,24,24,911,1306,2217,822,1179,2001
8301,"MOTOR VEHICLE THEFT","38.8973307763","-77.0027781905",0,24,24,911,1306,2217,822,1179,2001
8301,"THEFT F/AUTO","38.8961146729","-77.0013141424",0,24,24,911,1306,2217,822,1179,2001
8301,"THEFT/OTHER","38.9002044719","-76.9989855161",0,24,24,911,1306,2217,822,1179,2001
8301,"BURGLARY","38.8995558735","-76.9995158189",0,24,24,911,1306,2217,822,1179,2001
8301,"THEFT/OTHER","38.897330802","-77.0013141648",0,24,24,911,1306,2217,822,1179,2001
8301,"THEFT F/AUTO","38.8989072652","-77.0013141939",0,24,24,911,1306,2217,822,1179,2001
8301,"THEFT F/AUTO","38.8957813605","-76.9984553135",0,24,24,911,1306,2217,822,1179,2001
8301,"THEFT/OTHER","38.8989072682","-76.9989855346",0,24,24,911,1306,2217,822,1179,2001
8301,"THEFT/OTHER","38.8981145354","-77.0005763944",0,24,24,911,1306,2217,822,1179,2001
8301,"THEFT/OTHER","38.8973307763","-77.0027781905",0,24,24,911,1306,2217,822,1179,2001
8301,"THEFT/OTHER","38.8989072726","-77.0000461121",0,24,24,911,1306,2217,822,1179,2001
8301,"ROBBERY","38.8995558731","-77.0005764061",0,24,24,911,1306,2217,822,1179,2001
8301,"THEFT F/AUTO","38.8973308093","-77.000046111",0,24,24,911,1306,2217,822,1179,2001
8301,"THEFT/OTHER","38.8961236556","-77.0027781435",0,24,24,911,1306,2217,822,1179,2001
8301,"THEFT F/AUTO","38.8995558735","-76.9995158189",0,24,24,911,1306,2217,822,1179,2001
8301,"THEFT F/AUTO","38.8947814347","-77.0013141178",0,24,24,911,1306,2217,822,1179,2001
8301,"THEFT/OTHER","38.8961146758","-76.9989855743",0,24,24,911,1306,2217,822,1179,2001
8301,"THEFT/OTHER","38.9002044689","-77.0013142178",0,24,24,911,1306,2217,822,1179,2001
8301,"THEFT/OTHER","38.8967182397","-76.9995158382",0,24,24,911,1306,2217,822,1179,2001
8301,"THEFT/OTHER","38.9002044689","-77.0013142178",0,24,24,911,1306,2217,822,1179,2001
8301,"THEFT/OTHER","38.8989072726","-77.0000461121",0,24,24,911,1306,2217,822,1179,2001
8301,"THEFT/OTHER","38.9002044719","-76.9989855161",0,24,24,911,1306,2217,822,1179,2001
8301,"THEFT/OTHER","38.897330802","-77.0013141648",0,24,24,911,1306,2217,822,1179,2001
8301,"THEFT F/AUTO","38.8977271671","-76.9984552714",0,24,24,911,1306,2217,822,1179,2001
8301,"THEFT F/AUTO","38.8973308093","-77.000046111",0,24,24,911,1306,2217,822,1179,2001
8301,"THEFT F/AUTO","38.8989072652","-77.0013141939",0,24,24,911,1306,2217,822,1179,2001
8301,"THEFT F/AUTO","38.8989072652","-77.0013141939",0,24,24,911,1306,2217,822,1179,2001
8301,"THEFT/OTHER","38.897330805","-76.998985557",0,24,24,911,1306,2217,822,1179,2001
8301,"THEFT F/AUTO","38.8981145354","-77.0005763944",0,24,24,911,1306,2217,822,1179,2001
8301,"BURGLARY","38.8967271961","-77.0035159375",0,24,24,911,1306,2217,822,1179,2001
8301,"THEFT/OTHER","38.8981145354","-77.0005763944",0,24,24,911,1306,2217,822,1179,2001
8301,"THEFT F/AUTO","38.8954480602","-76.9995158468",0,24,24,911,1306,2217,822,1179,2001
8301,"THEFT/OTHER","38.8943129995","-77.0013256365",0,24,24,911,1306,2217,822,1179,2001
8301,"THEFT/OTHER","38.9002044689","-77.0013142178",0,24,24,911,1306,2217,822,1179,2001
8301,"MOTOR VEHICLE THEFT","38.8949885964","-77.0029855922",0,24,24,911,1306,2217,822,1179,2001
8301,"THEFT/OTHER","38.9001143388","-77.0035506891",0,24,24,911,1306,2217,822,1179,2001
8301,"BURGLARY","38.8967272312","-77.0020403965",0,24,24,911,1306,2217,822,1179,2001
8301,"THEFT/OTHER","38.8954480434","-77.0020403599",0,24,24,911,1306,2217,822,1179,2001
8301,"BURGLARY","38.9001143388","-77.0035506891",0,24,24,911,1306,2217,822,1179,2001
8301,"THEFT/OTHER","38.8981145354","-77.0005763944",0,24,24,911,1306,2217,822,1179,2001
8301,"THEFT F/AUTO","38.8943129995","-77.0013256365",0,24,24,911,1306,2217,822,1179,2001
8301,"THEFT/OTHER","38.8995558567","-77.0020404774",0,24,24,911,1306,2217,822,1179,2001
8301,"THEFT/OTHER","38.8981145354","-77.0005763944",0,24,24,911,1306,2217,822,1179,2001
8301,"THEFT F/AUTO","38.897330802","-77.0013141648",0,24,24,911,1306,2217,822,1179,2001
8301,"THEFT/OTHER","38.897330802","-77.0013141648",0,24,24,911,1306,2217,822,1179,2001
8301,"THEFT F/AUTO","38.8961146758","-76.9989855743",0,24,24,911,1306,2217,822,1179,2001
8301,"THEFT F/AUTO","38.8954480598","-77.0005763729",0,24,24,911,1306,2217,822,1179,2001
8301,"MOTOR VEHICLE THEFT","38.8989072682","-76.9989855346",0,24,24,911,1306,2217,822,1179,2001
8301,"THEFT/OTHER","38.8995558567","-77.0020404774",0,24,24,911,1306,2217,822,1179,2001
8301,"BURGLARY","38.8967271961","-77.0035159375",0,24,24,911,1306,2217,822,1179,2001
8301,"THEFT/OTHER","38.8995558567","-77.0020404774",0,24,24,911,1306,2217,822,1179,2001
8301,"THEFT/OTHER","38.9002044689","-77.0013142178",0,24,24,911,1306,2217,822,1179,2001
8301,"THEFT/OTHER","38.8947814377","-76.9989855932",0,24,24,911,1306,2217,822,1179,2001
8301,"THEFT/OTHER","38.8995558567","-77.0020404774",0,24,24,911,1306,2217,822,1179,2001
8301,"THEFT/OTHER","38.8981145354","-77.0005763944",0,24,24,911,1306,2217,822,1179,2001
8301,"THEFT/OTHER","38.8954480434","-77.0020403599",0,24,24,911,1306,2217,822,1179,2001
8301,"THEFT/OTHER","38.8981145359","-76.9995158287",0,24,24,911,1306,2217,822,1179,2001
8301,"ROBBERY","38.8989072396","-77.0027782519",0,24,24,911,1306,2217,822,1179,2001
8301,"THEFT/OTHER","38.8981145354","-77.0005763944",0,24,24,911,1306,2217,822,1179,2001
8301,"THEFT F/AUTO","38.8981145359","-76.9995158287",0,24,24,911,1306,2217,822,1179,2001
8301,"THEFT/OTHER","38.8981235274","-77.0020404365",0,24,24,911,1306,2217,822,1179,2001
8301,"THEFT/OTHER","38.8973308093","-77.000046111",0,24,24,911,1306,2217,822,1179,2001
8301,"THEFT F/AUTO","38.8973307763","-77.0027781905",0,24,24,911,1306,2217,822,1179,2001
8301,"THEFT F/AUTO","38.8944120889","-76.9984553432",0,24,24,911,1306,2217,822,1179,2001
8301,"THEFT F/AUTO","38.9001143388","-77.0035506891",0,24,24,911,1306,2217,822,1179,2001
8301,"MOTOR VEHICLE THEFT","38.8954480602","-76.9995158468",0,24,24,911,1306,2217,822,1179,2001
8301,"THEFT/OTHER","38.8989072396","-77.0027782519",0,24,24,911,1306,2217,822,1179,2001
8301,"THEFT/OTHER","38.8981145359","-76.9995158287",0,24,24,911,1306,2217,822,1179,2001
8301,"THEFT/OTHER","38.8989072652","-77.0013141939",0,24,24,911,1306,2217,822,1179,2001
8301,"THEFT F/AUTO","38.8954480434","-77.0020403599",0,24,24,911,1306,2217,822,1179,2001
8301,"THEFT/OTHER","38.8947814377","-76.9989855932",0,24,24,911,1306,2217,822,1179,2001
8301,"THEFT/OTHER","38.8995558731","-77.0005764061",0,24,24,911,1306,2217,822,1179,2001
8301,"THEFT/OTHER","38.8954480598","-77.0005763729",0,24,24,911,1306,2217,822,1179,2001
8301,"THEFT/OTHER","38.8981145354","-77.0005763944",0,24,24,911,1306,2217,822,1179,2001
8301,"THEFT/OTHER","38.8964119461","-76.9984552999",0,24,24,911,1306,2217,822,1179,2001
8301,"THEFT F/AUTO","38.8947814347","-77.0013141178",0,24,24,911,1306,2217,822,1179,2001
8301,"BURGLARY","38.8981235274","-77.0020404365",0,24,24,911,1306,2217,822,1179,2001
8301,"THEFT/OTHER","38.8961146758","-76.9989855743",0,24,24,911,1306,2217,822,1179,2001
8301,"THEFT/OTHER","38.8989072652","-77.0013141939",0,24,24,911,1306,2217,822,1179,2001
8301,"THEFT F/AUTO","38.8961236556","-77.0027781435",0,24,24,911,1306,2217,822,1179,2001
8302,"THEFT/OTHER","38.8947814166","-76.9975562019",40,53,93,1055,1143,2198,953,1053,2006
8302,"THEFT/OTHER","38.9001954371","-76.9973139237",40,53,93,1055,1143,2198,953,1053,2006
8302,"THEFT F/AUTO","38.8928896221","-76.9961730214",40,53,93,1055,1143,2198,953,1053,2006
8302,"THEFT/OTHER","38.8941778188","-76.9961729523",40,53,93,1055,1143,2198,953,1053,2006
8302,"MOTOR VEHICLE THEFT","38.9001954371","-76.9973139237",40,53,93,1055,1143,2198,953,1053,2006
8302,"THEFT F/AUTO","38.8957813081","-76.9961728663",40,53,93,1055,1143,2198,953,1053,2006
8302,"THEFT F/AUTO","38.8961145964","-76.9955734151",40,53,93,1055,1143,2198,953,1053,2006
8302,"THEFT/OTHER","38.9001953841","-76.9955731618",40,53,93,1055,1143,2198,953,1053,2006
8302,"THEFT/OTHER","38.9001954371","-76.9973139237",40,53,93,1055,1143,2198,953,1053,2006
8302,"THEFT F/AUTO","38.8941778188","-76.9961729523",40,53,93,1055,1143,2198,953,1053,2006
8302,"THEFT/OTHER","38.9001954371","-76.9973139237",40,53,93,1055,1143,2198,953,1053,2006
8302,"THEFT F/AUTO","38.8995558642","-76.9984437037",40,53,93,1055,1143,2198,953,1053,2006
8302,"THEFT/OTHER","38.8933310847","-76.9984553666",40,53,93,1055,1143,2198,953,1053,2006
8302,"THEFT F/AUTO","38.8981144287","-76.9949738408",40,53,93,1055,1143,2198,953,1053,2006
8302,"THEFT/OTHER","38.8970244623","-76.9961727996",40,53,93,1055,1143,2198,953,1053,2006
8302,"THEFT/OTHER","38.9001954371","-76.9973139237",40,53,93,1055,1143,2198,953,1053,2006
8302,"THEFT/OTHER","38.9001954371","-76.9973139237",40,53,93,1055,1143,2198,953,1053,2006
8302,"THEFT F/AUTO","38.8964119461","-76.9984552999",40,53,93,1055,1143,2198,953,1053,2006
8302,"THEFT/OTHER","38.8941777729","-76.9949625909",40,53,93,1055,1143,2198,953,1053,2006
8302,"THEFT/OTHER","38.896718132","-76.9949624115",40,53,93,1055,1143,2198,953,1053,2006
8302,"THEFT F/AUTO","38.89437604","-76.9975562158",40,53,93,1055,1143,2198,953,1053,2006
8302,"THEFT/OTHER","38.9001954371","-76.9973139237",40,53,93,1055,1143,2198,953,1053,2006
8302,"THEFT/OTHER","38.9001954371","-76.9973139237",40,53,93,1055,1143,2198,953,1053,2006
8302,"THEFT/OTHER","38.9001954371","-76.9973139237",40,53,93,1055,1143,2198,953,1053,2006
8302,"THEFT/OTHER","38.9001953841","-76.9955731618",40,53,93,1055,1143,2198,953,1053,2006
8302,"MOTOR VEHICLE THEFT","38.8961146494","-76.9973140774",40,53,93,1055,1143,2198,953,1053,2006
8302,"THEFT/OTHER","38.9001953841","-76.9955731618",40,53,93,1055,1143,2198,953,1053,2006
8302,"THEFT F/AUTO","38.8941777729","-76.9949625909",40,53,93,1055,1143,2198,953,1053,2006
8302,"MOTOR VEHICLE THEFT","38.8973307255","-76.9955733396",40,53,93,1055,1143,2198,953,1053,2006
8302,"THEFT/OTHER","38.9001954371","-76.9973139237",40,53,93,1055,1143,2198,953,1053,2006
8302,"THEFT/OTHER","38.9001954371","-76.9973139237",40,53,93,1055,1143,2198,953,1053,2006
8302,"THEFT/OTHER","38.9001953841","-76.9955731618",40,53,93,1055,1143,2198,953,1053,2006
8302,"THEFT/OTHER","38.9001954371","-76.9973139237",40,53,93,1055,1143,2198,953,1053,2006
8302,"THEFT/OTHER","38.9001954371","-76.9973139237",40,53,93,1055,1143,2198,953,1053,2006
8302,"ROBBERY","38.8981144287","-76.9949738408",40,53,93,1055,1143,2198,953,1053,2006
8302,"THEFT/OTHER","38.9001954371","-76.9973139237",40,53,93,1055,1143,2198,953,1053,2006
8302,"THEFT/OTHER","38.9001954371","-76.9973139237",40,53,93,1055,1143,2198,953,1053,2006
8302,"THEFT/OTHER","38.8947814166","-76.9975562019",40,53,93,1055,1143,2198,953,1053,2006
8302,"THEFT F/AUTO","38.8961146494","-76.9973140774",40,53,93,1055,1143,2198,953,1053,2006
8302,"THEFT/OTHER","38.8989071887","-76.9955732418",40,53,93,1055,1143,2198,953,1053,2006
8302,"THEFT/OTHER","38.9001954371","-76.9973139237",40,53,93,1055,1143,2198,953,1053,2006
8302,"THEFT F/AUTO","38.8989072417","-76.9973139722",40,53,93,1055,1143,2198,953,1053,2006
8302,"BURGLARY","38.9001954371","-76.9973139237",40,53,93,1055,1143,2198,953,1053,2006
8302,"THEFT/OTHER","38.9001954371","-76.9973139237",40,53,93,1055,1143,2198,953,1053,2006
8302,"THEFT/OTHER","38.9001954371","-76.9973139237",40,53,93,1055,1143,2198,953,1053,2006
8302,"THEFT/OTHER","38.9001954371","-76.9973139237",40,53,93,1055,1143,2198,953,1053,2006
8302,"THEFT/OTHER","38.9001954371","-76.9973139237",40,53,93,1055,1143,2198,953,1053,2006
8302,"THEFT/OTHER","38.9001954371","-76.9973139237",40,53,93,1055,1143,2198,953,1053,2006
8302,"THEFT/OTHER","38.8967182098","-76.9973140546",40,53,93,1055,1143,2198,953,1053,2006
8302,"THEFT F/AUTO","38.8951147415","-76.9984553279",40,53,93,1055,1143,2198,953,1053,2006
8302,"THEFT/OTHER","38.9001954371","-76.9973139237",40,53,93,1055,1143,2198,953,1053,2006
8302,"THEFT/OTHER","38.9001954371","-76.9973139237",40,53,93,1055,1143,2198,953,1053,2006
8302,"ROBBERY","38.9001953841","-76.9955731618",40,53,93,1055,1143,2198,953,1053,2006
8302,"THEFT/OTHER","38.9001954371","-76.9973139237",40,53,93,1055,1143,2198,953,1053,2006
8302,"THEFT F/AUTO","38.89357429","-76.997314173",40,53,93,1055,1143,2198,953,1053,2006
8302,"THEFT/OTHER","38.9001954371","-76.9973139237",40,53,93,1055,1143,2198,953,1053,2006
8302,"THEFT/OTHER","38.9001953841","-76.9955731618",40,53,93,1055,1143,2198,953,1053,2006
8302,"THEFT/OTHER","38.8920157791","-76.9953200775",40,53,93,1055,1143,2198,953,1053,2006
8302,"THEFT/OTHER","38.9001953841","-76.9955731618",40,53,93,1055,1143,2198,953,1053,2006
8302,"THEFT/OTHER","38.89357429","-76.997314173",40,53,93,1055,1143,2198,953,1053,2006
8302,"THEFT/OTHER","38.9001953841","-76.9955731618",40,53,93,1055,1143,2198,953,1053,2006
8302,"THEFT F/AUTO","38.8989072417","-76.9973139722",40,53,93,1055,1143,2198,953,1053,2006
8302,"THEFT/OTHER","38.9001954371","-76.9973139237",40,53,93,1055,1143,2198,953,1053,2006
8302,"THEFT/OTHER","38.896718132","-76.9949624115",40,53,93,1055,1143,2198,953,1053,2006
8302,"THEFT/OTHER","38.9001954371","-76.9973139237",40,53,93,1055,1143,2198,953,1053,2006
8302,"THEFT F/AUTO","38.9001954371","-76.9973139237",40,53,93,1055,1143,2198,953,1053,2006
8302,"THEFT/OTHER","38.9001954371","-76.9973139237",40,53,93,1055,1143,2198,953,1053,2006
8302,"THEFT/OTHER","38.9001954371","-76.9973139237",40,53,93,1055,1143,2198,953,1053,2006
8302,"THEFT F/AUTO","38.8920157791","-76.9953200775",40,53,93,1055,1143,2198,953,1053,2006
8302,"ROBBERY","38.8985198504","-76.9961727194",40,53,93,1055,1143,2198,953,1053,2006
8302,"THEFT/OTHER","38.9001954371","-76.9973139237",40,53,93,1055,1143,2198,953,1053,2006
8302,"MOTOR VEHICLE THEFT","38.9001953841","-76.9955731618",40,53,93,1055,1143,2198,953,1053,2006
8302,"THEFT/OTHER","38.9001954371","-76.9973139237",40,53,93,1055,1143,2198,953,1053,2006
8302,"THEFT/OTHER","38.9001954371","-76.9973139237",40,53,93,1055,1143,2198,953,1053,2006
8302,"THEFT/OTHER","38.9001954371","-76.9973139237",40,53,93,1055,1143,2198,953,1053,2006
8302,"THEFT F/AUTO","38.8947814166","-76.9975562019",40,53,93,1055,1143,2198,953,1053,2006
8302,"THEFT/OTHER","38.8961145964","-76.9955734151",40,53,93,1055,1143,2198,953,1053,2006
8302,"THEFT/OTHER","38.8995558118","-76.9961726638",40,53,93,1055,1143,2198,953,1053,2006
8302,"THEFT/OTHER","38.893574237","-76.9955735727",40,53,93,1055,1143,2198,953,1053,2006
8302,"THEFT F/AUTO","38.8941778188","-76.9961729523",40,53,93,1055,1143,2198,953,1053,2006
8302,"THEFT/OTHER","38.9001953841","-76.9955731618",40,53,93,1055,1143,2198,953,1053,2006
8302,"THEFT/OTHER","38.9001954371","-76.9973139237",40,53,93,1055,1143,2198,953,1053,2006
8302,"THEFT/OTHER","38.9001954371","-76.9973139237",40,53,93,1055,1143,2198,953,1053,2006
8302,"THEFT F/AUTO","38.8951777264","-76.9955734732",40,53,93,1055,1143,2198,953,1053,2006
8302,"ROBBERY","38.9001954371","-76.9973139237",40,53,93,1055,1143,2198,953,1053,2006
8302,"THEFT/OTHER","38.9001953841","-76.9955731618",40,53,93,1055,1143,2198,953,1053,2006
8302,"THEFT/OTHER","38.9001954371","-76.9973139237",40,53,93,1055,1143,2198,953,1053,2006
8302,"THEFT/OTHER","38.9001954371","-76.9973139237",40,53,93,1055,1143,2198,953,1053,2006
8302,"THEFT F/AUTO","38.8981235143","-76.9973140017",40,53,93,1055,1143,2198,953,1053,2006
8302,"THEFT/OTHER","38.9001954371","-76.9973139237",40,53,93,1055,1143,2198,953,1053,2006
8302,"MOTOR VEHICLE THEFT","38.8995558642","-76.9984437037",40,53,93,1055,1143,2198,953,1053,2006
8302,"THEFT/OTHER","38.9001954371","-76.9973139237",40,53,93,1055,1143,2198,953,1053,2006
8302,"ROBBERY","38.8995558118","-76.9961726638",40,53,93,1055,1143,2198,953,1053,2006
8302,"THEFT/OTHER","38.8920157791","-76.9953200775",40,53,93,1055,1143,2198,953,1053,2006
8302,"THEFT/OTHER","38.8989071887","-76.9955732418",40,53,93,1055,1143,2198,953,1053,2006
8302,"THEFT F/AUTO","38.8920157791","-76.9953200775",40,53,93,1055,1143,2198,953,1053,2006
8302,"THEFT/OTHER","38.9001954371","-76.9973139237",40,53,93,1055,1143,2198,953,1053,2006
8302,"THEFT F/AUTO","38.8973307785","-76.9973140316",40,53,93,1055,1143,2198,953,1053,2006
8302,"THEFT/OTHER","38.9001954371","-76.9973139237",40,53,93,1055,1143,2198,953,1053,2006
8302,"THEFT/OTHER","38.9001953841","-76.9955731618",40,53,93,1055,1143,2198,953,1053,2006
8302,"THEFT/OTHER","38.8989072417","-76.9973139722",40,53,93,1055,1143,2198,953,1053,2006
8302,"THEFT/OTHER","38.8926734527","-76.9973026799",40,53,93,1055,1143,2198,953,1053,2006
8302,"THEFT F/AUTO","38.8995467575","-76.9949622117",40,53,93,1055,1143,2198,953,1053,2006
8302,"THEFT/OTHER","38.9001954371","-76.9973139237",40,53,93,1055,1143,2198,953,1053,2006
8302,"THEFT/OTHER","38.9001953841","-76.9955731618",40,53,93,1055,1143,2198,953,1053,2006
8302,"THEFT/OTHER","38.9001953841","-76.9955731618",40,53,93,1055,1143,2198,953,1053,2006
8302,"THEFT/OTHER","38.8995467575","-76.9949622117",40,53,93,1055,1143,2198,953,1053,2006
8302,"ROBBERY","38.8973307785","-76.9973140316",40,53,93,1055,1143,2198,953,1053,2006
8302,"MOTOR VEHICLE THEFT","38.8981144287","-76.9949738408",40,53,93,1055,1143,2198,953,1053,2006
8302,"THEFT/OTHER","38.89357429","-76.997314173",40,53,93,1055,1143,2198,953,1053,2006
8302,"THEFT/OTHER","38.9001953841","-76.9955731618",40,53,93,1055,1143,2198,953,1053,2006
8302,"THEFT/OTHER","38.8926734527","-76.9973026799",40,53,93,1055,1143,2198,953,1053,2006
8302,"THEFT/OTHER","38.9001954371","-76.9973139237",40,53,93,1055,1143,2198,953,1053,2006
8302,"THEFT/OTHER","38.9001953841","-76.9955731618",40,53,93,1055,1143,2198,953,1053,2006
8302,"ASSAULT W/DANGEROUS WEAPON","38.9001953841","-76.9955731618",40,53,93,1055,1143,2198,953,1053,2006
8302,"THEFT F/AUTO","38.8973307255","-76.9955733396",40,53,93,1055,1143,2198,953,1053,2006
8302,"ROBBERY","38.8951056347","-76.9949625254",40,53,93,1055,1143,2198,953,1053,2006
8302,"THEFT/OTHER","38.9001954371","-76.9973139237",40,53,93,1055,1143,2198,953,1053,2006
8302,"THEFT F/AUTO","38.8989072417","-76.9973139722",40,53,93,1055,1143,2198,953,1053,2006
8302,"THEFT/OTHER","38.89437604","-76.9975562158",40,53,93,1055,1143,2198,953,1053,2006
8302,"THEFT/OTHER","38.8951777264","-76.9955734732",40,53,93,1055,1143,2198,953,1053,2006
8302,"THEFT/OTHER","38.89357429","-76.997314173",40,53,93,1055,1143,2198,953,1053,2006
8302,"THEFT/OTHER","38.9001954371","-76.9973139237",40,53,93,1055,1143,2198,953,1053,2006
8302,"THEFT F/AUTO","38.8920157791","-76.9953200775",40,53,93,1055,1143,2198,953,1053,2006
8302,"THEFT/OTHER","38.8941777729","-76.9949625909",40,53,93,1055,1143,2198,953,1053,2006
8302,"THEFT/OTHER","38.8920157791","-76.9953200775",40,53,93,1055,1143,2198,953,1053,2006
8302,"THEFT/OTHER","38.896718132","-76.9949624115",40,53,93,1055,1143,2198,953,1053,2006
8302,"THEFT/OTHER","38.89437604","-76.9975562158",40,53,93,1055,1143,2198,953,1053,2006
8302,"THEFT/OTHER","38.9001954371","-76.9973139237",40,53,93,1055,1143,2198,953,1053,2006
8302,"THEFT/OTHER","38.8957722538","-76.9949624783",40,53,93,1055,1143,2198,953,1053,2006
8302,"THEFT F/AUTO","38.8947814166","-76.9975562019",40,53,93,1055,1143,2198,953,1053,2006
8302,"THEFT/OTHER","38.9001953841","-76.9955731618",40,53,93,1055,1143,2198,953,1053,2006
8302,"THEFT/OTHER","38.9001954371","-76.9973139237",40,53,93,1055,1143,2198,953,1053,2006
8302,"THEFT/OTHER","38.9001954371","-76.9973139237",40,53,93,1055,1143,2198,953,1053,2006
8302,"MOTOR VEHICLE THEFT","38.8920157791","-76.9953200775",40,53,93,1055,1143,2198,953,1053,2006
8302,"THEFT/OTHER","38.9001954371","-76.9973139237",40,53,93,1055,1143,2198,953,1053,2006
8302,"THEFT F/AUTO","38.8967182098","-76.9973140546",40,53,93,1055,1143,2198,953,1053,2006
8302,"THEFT/OTHER","38.9001953841","-76.9955731618",40,53,93,1055,1143,2198,953,1053,2006
8302,"THEFT/OTHER","38.9001953841","-76.9955731618",40,53,93,1055,1143,2198,953,1053,2006
8302,"BURGLARY","38.8941777729","-76.9949625909",40,53,93,1055,1143,2198,953,1053,2006
8302,"THEFT/OTHER","38.9001953841","-76.9955731618",40,53,93,1055,1143,2198,953,1053,2006
8302,"THEFT/OTHER","38.9001954371","-76.9973139237",40,53,93,1055,1143,2198,953,1053,2006
8302,"THEFT/OTHER","38.8973307255","-76.9955733396",40,53,93,1055,1143,2198,953,1053,2006
8302,"THEFT/OTHER","38.8995558118","-76.9961726638",40,53,93,1055,1143,2198,953,1053,2006
8302,"MOTOR VEHICLE THEFT","38.8926734527","-76.9973026799",40,53,93,1055,1143,2198,953,1053,2006
8302,"THEFT/OTHER","38.8941778188","-76.9961729523",40,53,93,1055,1143,2198,953,1053,2006
8302,"THEFT/OTHER","38.8947814166","-76.9975562019",40,53,93,1055,1143,2198,953,1053,2006
8302,"THEFT/OTHER","38.9001953841","-76.9955731618",40,53,93,1055,1143,2198,953,1053,2006
8302,"THEFT/OTHER","38.8954480303","-76.9973141025",40,53,93,1055,1143,2198,953,1053,2006
8302,"THEFT/OTHER","38.9001954371","-76.9973139237",40,53,93,1055,1143,2198,953,1053,2006
8302,"THEFT F/AUTO","38.8973307785","-76.9973140316",40,53,93,1055,1143,2198,953,1053,2006
8302,"THEFT/OTHER","38.9001954371","-76.9973139237",40,53,93,1055,1143,2198,953,1053,2006
8302,"THEFT/OTHER","38.9001954371","-76.9973139237",40,53,93,1055,1143,2198,953,1053,2006
8302,"BURGLARY","38.9001954371","-76.9973139237",40,53,93,1055,1143,2198,953,1053,2006
8302,"THEFT F/AUTO","38.8973307785","-76.9973140316",40,53,93,1055,1143,2198,953,1053,2006
8302,"THEFT/OTHER","38.896718132","-76.9949624115",40,53,93,1055,1143,2198,953,1053,2006
8302,"THEFT/OTHER","38.9001954371","-76.9973139237",40,53,93,1055,1143,2198,953,1053,2006
8302,"MOTOR VEHICLE THEFT","38.8961145964","-76.9955734151",40,53,93,1055,1143,2198,953,1053,2006
8302,"THEFT F/AUTO","38.8961146494","-76.9973140774",40,53,93,1055,1143,2198,953,1053,2006
8302,"THEFT F/AUTO","38.8964118936","-76.9961728325",40,53,93,1055,1143,2198,953,1053,2006
8302,"THEFT/OTHER","38.9001954371","-76.9973139237",40,53,93,1055,1143,2198,953,1053,2006
8302,"THEFT/OTHER","38.9001954371","-76.9973139237",40,53,93,1055,1143,2198,953,1053,2006
8302,"THEFT/OTHER","38.8981144287","-76.9949738408",40,53,93,1055,1143,2198,953,1053,2006
8302,"THEFT F/AUTO","38.8928896221","-76.9961730214",40,53,93,1055,1143,2198,953,1053,2006
8302,"THEFT/OTHER","38.9001954371","-76.9973139237",40,53,93,1055,1143,2198,953,1053,2006
8302,"THEFT F/AUTO","38.8941777729","-76.9949625909",40,53,93,1055,1143,2198,953,1053,2006
8302,"THEFT/OTHER","38.9001954371","-76.9973139237",40,53,93,1055,1143,2198,953,1053,2006
8302,"THEFT/OTHER","38.9001954371","-76.9973139237",40,53,93,1055,1143,2198,953,1053,2006
8302,"THEFT/OTHER","38.9001954371","-76.9973139237",40,53,93,1055,1143,2198,953,1053,2006
8302,"THEFT F/AUTO","38.8957722538","-76.9949624783",40,53,93,1055,1143,2198,953,1053,2006
8302,"THEFT/OTHER","38.8989072417","-76.9973139722",40,53,93,1055,1143,2198,953,1053,2006
8302,"THEFT F/AUTO","38.8973307785","-76.9973140316",40,53,93,1055,1143,2198,953,1053,2006
8302,"THEFT/OTHER","38.9001954371","-76.9973139237",40,53,93,1055,1143,2198,953,1053,2006
8302,"MOTOR VEHICLE THEFT","38.8941778188","-76.9961729523",40,53,93,1055,1143,2198,953,1053,2006
8302,"THEFT/OTHER","38.8964118936","-76.9961728325",40,53,93,1055,1143,2198,953,1053,2006
8302,"THEFT/OTHER","38.9001954371","-76.9973139237",40,53,93,1055,1143,2198,953,1053,2006
8302,"THEFT/OTHER","38.9001954371","-76.9973139237",40,53,93,1055,1143,2198,953,1053,2006
8302,"THEFT F/AUTO","38.8995558118","-76.9961726638",40,53,93,1055,1143,2198,953,1053,2006
8302,"THEFT/OTHER","38.8995558118","-76.9961726638",40,53,93,1055,1143,2198,953,1053,2006
8302,"THEFT/OTHER","38.9001954371","-76.9973139237",40,53,93,1055,1143,2198,953,1053,2006
8302,"THEFT F/AUTO","38.89357429","-76.997314173",40,53,93,1055,1143,2198,953,1053,2006
8302,"THEFT F/AUTO","38.8977271146","-76.9961727619",40,53,93,1055,1143,2198,953,1053,2006
8302,"THEFT F/AUTO","38.9001953841","-76.9955731618",40,53,93,1055,1143,2198,953,1053,2006
8302,"THEFT/OTHER","38.9001953841","-76.9955731618",40,53,93,1055,1143,2198,953,1053,2006
8302,"THEFT/OTHER","38.9001954371","-76.9973139237",40,53,93,1055,1143,2198,953,1053,2006
8302,"THEFT F/AUTO","38.8967182098","-76.9973140546",40,53,93,1055,1143,2198,953,1053,2006
8302,"THEFT/OTHER","38.9001954371","-76.9973139237",40,53,93,1055,1143,2198,953,1053,2006
8302,"THEFT/OTHER","38.8941777729","-76.9949625909",40,53,93,1055,1143,2198,953,1053,2006
8302,"THEFT/OTHER","38.9001953841","-76.9955731618",40,53,93,1055,1143,2198,953,1053,2006
8302,"THEFT/OTHER","38.9001954371","-76.9973139237",40,53,93,1055,1143,2198,953,1053,2006
8302,"THEFT F/AUTO","38.8951777264","-76.9955734732",40,53,93,1055,1143,2198,953,1053,2006
8302,"THEFT/OTHER","38.9001954371","-76.9973139237",40,53,93,1055,1143,2198,953,1053,2006
8302,"THEFT/OTHER","38.8928896221","-76.9961730214",40,53,93,1055,1143,2198,953,1053,2006
8302,"THEFT/OTHER","38.9001954371","-76.9973139237",40,53,93,1055,1143,2198,953,1053,2006
8302,"THEFT/OTHER","38.9001954371","-76.9973139237",40,53,93,1055,1143,2198,953,1053,2006
8302,"THEFT/OTHER","38.9001954371","-76.9973139237",40,53,93,1055,1143,2198,953,1053,2006
8302,"ROBBERY","38.8973307785","-76.9973140316",40,53,93,1055,1143,2198,953,1053,2006
8302,"THEFT/OTHER","38.9001954371","-76.9973139237",40,53,93,1055,1143,2198,953,1053,2006
8302,"ROBBERY","38.8989072417","-76.9973139722",40,53,93,1055,1143,2198,953,1053,2006
8402,"THEFT F/AUTO","38.8995541749","-76.9871324268",56,10,66,1150,998,2148,915,898,1813
8402,"THEFT F/AUTO","38.900195332","-76.9943626983",56,10,66,1150,998,2148,915,898,1813
8402,"THEFT/OTHER","38.900195113","-76.9908927027",56,10,66,1150,998,2148,915,898,1813
8402,"THEFT/OTHER","38.900185473","-76.9848173305",56,10,66,1150,998,2148,915,898,1813
8402,"ROBBERY","38.8989071218","-76.9940630716",56,10,66,1150,998,2148,915,898,1813
8402,"THEFT/OTHER","38.900195113","-76.9908927027",56,10,66,1150,998,2148,915,898,1813
8402,"THEFT F/AUTO","38.8981143704","-76.9937634125",56,10,66,1150,998,2148,915,898,1813
8402,"THEFT F/AUTO","38.8981143704","-76.9937634125",56,10,66,1150,998,2148,915,898,1813
8402,"THEFT/OTHER","38.9001947352","-76.9869154654",56,10,66,1150,998,2148,915,898,1813
8402,"THEFT/OTHER","38.8996899679","-76.9844715917",56,10,66,1150,998,2148,915,898,1813
8402,"THEFT/OTHER","38.900195113","-76.9908927027",56,10,66,1150,998,2148,915,898,1813
8402,"THEFT/OTHER","38.900194976","-76.9892787513",56,10,66,1150,998,2148,915,898,1813
8402,"THEFT/OTHER","38.8981144009","-76.9943628627",56,10,66,1150,998,2148,915,898,1813
8402,"THEFT/OTHER","38.9001952003","-76.9920916381",56,10,66,1150,998,2148,915,898,1813
8402,"THEFT F/AUTO","38.8981143061","-76.9926567353",56,10,66,1150,998,2148,915,898,1813
8402,"THEFT/OTHER","38.9001947352","-76.9869154654",56,10,66,1150,998,2148,915,898,1813
8402,"THEFT F/AUTO","38.8981231391","-76.9902589333",56,10,66,1150,998,2148,915,898,1813
8402,"THEFT/OTHER","38.8985193283","-76.9883106551",56,10,66,1150,998,2148,915,898,1813
8402,"THEFT F/AUTO","38.897330612","-76.9932101485",56,10,66,1150,998,2148,915,898,1813
8402,"THEFT/OTHER","38.8960334234","-76.9934869332",56,10,66,1150,998,2148,915,898,1813
8402,"THEFT/OTHER","38.900195113","-76.9908927027",56,10,66,1150,998,2148,915,898,1813
8402,"ASSAULT W/DANGEROUS WEAPON","38.900195113","-76.9908927027",56,10,66,1150,998,2148,915,898,1813
8402,"THEFT F/AUTO","38.8981143704","-76.9937634125",56,10,66,1150,998,2148,915,898,1813
8402,"THEFT/OTHER","38.900194976","-76.9892787513",56,10,66,1150,998,2148,915,898,1813
8402,"ASSAULT W/DANGEROUS WEAPON","38.9001947352","-76.9869154654",56,10,66,1150,998,2148,915,898,1813
8402,"THEFT/OTHER","38.897330612","-76.9932101485",56,10,66,1150,998,2148,915,898,1813
8402,"THEFT/OTHER","38.899095603","-76.985947311",56,10,66,1150,998,2148,915,898,1813
8402,"THEFT/OTHER","38.900195113","-76.9908927027",56,10,66,1150,998,2148,915,898,1813
8402,"BURGLARY","38.8977356937","-76.9892791209",56,10,66,1150,998,2148,915,898,1813
8402,"THEFT/OTHER","38.8996899679","-76.9844715917",56,10,66,1150,998,2148,915,898,1813
8402,"THEFT/OTHER","38.9001952003","-76.9920916381",56,10,66,1150,998,2148,915,898,1813
8402,"THEFT F/AUTO","38.9001947352","-76.9869154654",56,10,66,1150,998,2148,915,898,1813
8402,"THEFT/OTHER","38.900195113","-76.9908927027",56,10,66,1150,998,2148,915,898,1813
8402,"THEFT F/AUTO","38.900185473","-76.9848173305",56,10,66,1150,998,2148,915,898,1813
8402,"THEFT/OTHER","38.8998705822","-76.9883104336",56,10,66,1150,998,2148,915,898,1813
8402,"ROBBERY","38.8996899679","-76.9844715917",56,10,66,1150,998,2148,915,898,1813
8402,"THEFT F/AUTO","38.900194976","-76.9892787513",56,10,66,1150,998,2148,915,898,1813
8402,"THEFT/OTHER","38.896718132","-76.9949624115",56,10,66,1150,998,2148,915,898,1813
8402,"THEFT F/AUTO","38.8967360909","-76.993763533",56,10,66,1150,998,2148,915,898,1813
8402,"THEFT/OTHER","38.900195113","-76.9908927027",56,10,66,1150,998,2148,915,898,1813
8402,"THEFT/OTHER","38.900195113","-76.9908927027",56,10,66,1150,998,2148,915,898,1813
8402,"THEFT/OTHER","38.899095603","-76.985947311",56,10,66,1150,998,2148,915,898,1813
8402,"THEFT/OTHER","38.8996899679","-76.9844715917",56,10,66,1150,998,2148,915,898,1813
8402,"THEFT/OTHER","38.8998705822","-76.9883104336",56,10,66,1150,998,2148,915,898,1813
8402,"BURGLARY","38.9001947352","-76.9869154654",56,10,66,1150,998,2148,915,898,1813
8402,"THEFT F/AUTO","38.8981144287","-76.9949738408",56,10,66,1150,998,2148,915,898,1813
8402,"MOTOR VEHICLE THEFT","38.900195332","-76.9943626983",56,10,66,1150,998,2148,915,898,1813
8402,"THEFT/OTHER","38.8989071218","-76.9940630716",56,10,66,1150,998,2148,915,898,1813
8402,"MOTOR VEHICLE THEFT","38.8992221581","-76.9902472552",56,10,66,1150,998,2148,915,898,1813
8402,"THEFT F/AUTO","38.8981144287","-76.9949738408",56,10,66,1150,998,2148,915,898,1813
8402,"ROBBERY","38.8981143704","-76.9937634125",56,10,66,1150,998,2148,915,898,1813
8402,"THEFT/OTHER","38.8995541749","-76.9871324268",56,10,66,1150,998,2148,915,898,1813
8402,"THEFT/OTHER","38.8996899679","-76.9844715917",56,10,66,1150,998,2148,915,898,1813
8402,"THEFT F/AUTO","38.8981143061","-76.9926567353",56,10,66,1150,998,2148,915,898,1813
8402,"THEFT F/AUTO","38.8989071218","-76.9940630716",56,10,66,1150,998,2148,915,898,1813
8402,"THEFT F/AUTO","38.8961145442","-76.9943630207",56,10,66,1150,998,2148,915,898,1813
8402,"THEFT F/AUTO","38.8981144009","-76.9943628627",56,10,66,1150,998,2148,915,898,1813
8402,"MOTOR VEHICLE THEFT","38.900194976","-76.9892787513",56,10,66,1150,998,2148,915,898,1813
8402,"THEFT/OTHER","38.8981144287","-76.9949738408",56,10,66,1150,998,2148,915,898,1813
8402,"THEFT F/AUTO","38.8996899679","-76.9844715917",56,10,66,1150,998,2148,915,898,1813
8402,"THEFT/OTHER","38.900194976","-76.9892787513",56,10,66,1150,998,2148,915,898,1813
8402,"THEFT/OTHER","38.9001947352","-76.9869154654",56,10,66,1150,998,2148,915,898,1813
8402,"MOTOR VEHICLE THEFT","38.9001952003","-76.9920916381",56,10,66,1150,998,2148,915,898,1813
8402,"THEFT F/AUTO","38.8995463742","-76.9892788488",56,10,66,1150,998,2148,915,898,1813
8402,"THEFT/OTHER","38.8996899679","-76.9844715917",56,10,66,1150,998,2148,915,898,1813
8402,"MOTOR VEHICLE THEFT","38.8981144009","-76.9943628627",56,10,66,1150,998,2148,915,898,1813
8402,"THEFT/OTHER","38.8981143061","-76.9926567353",56,10,66,1150,998,2148,915,898,1813
8402,"THEFT/OTHER","38.9001947352","-76.9869154654",56,10,66,1150,998,2148,915,898,1813
8402,"THEFT/OTHER","38.896718132","-76.9949624115",56,10,66,1150,998,2148,915,898,1813
8402,"THEFT F/AUTO","38.900195332","-76.9943626983",56,10,66,1150,998,2148,915,898,1813
8402,"ASSAULT W/DANGEROUS WEAPON","38.9001952003","-76.9920916381",56,10,66,1150,998,2148,915,898,1813
8402,"THEFT/OTHER","38.8996899679","-76.9844715917",56,10,66,1150,998,2148,915,898,1813
8402,"THEFT F/AUTO","38.8995467575","-76.9949622117",56,10,66,1150,998,2148,915,898,1813
8402,"THEFT F/AUTO","38.8961145442","-76.9943630207",56,10,66,1150,998,2148,915,898,1813
8402,"THEFT F/AUTO","38.8989065881","-76.9873537663",56,10,66,1150,998,2148,915,898,1813
8402,"THEFT F/AUTO","38.8989067807","-76.9892789449",56,10,66,1150,998,2148,915,898,1813
8402,"THEFT/OTHER","38.900185473","-76.9848173305",56,10,66,1150,998,2148,915,898,1813
8402,"BURGLARY","38.9001947352","-76.9869154654",56,10,66,1150,998,2148,915,898,1813
8402,"BURGLARY","38.9001947352","-76.9869154654",56,10,66,1150,998,2148,915,898,1813
8402,"THEFT/OTHER","38.9001947352","-76.9869154654",56,10,66,1150,998,2148,915,898,1813
8402,"THEFT/OTHER","38.8981143061","-76.9926567353",56,10,66,1150,998,2148,915,898,1813
8402,"THEFT F/AUTO","38.8981143061","-76.9926567353",56,10,66,1150,998,2148,915,898,1813
8402,"BURGLARY","38.9001947352","-76.9869154654",56,10,66,1150,998,2148,915,898,1813
8402,"THEFT F/AUTO","38.8989065881","-76.9873537663",56,10,66,1150,998,2148,915,898,1813
8402,"MOTOR VEHICLE THEFT","38.9001947352","-76.9869154654",56,10,66,1150,998,2148,915,898,1813
8402,"THEFT F/AUTO","38.8968531346","-76.9926453374",56,10,66,1150,998,2148,915,898,1813
8402,"THEFT/OTHER","38.9001947352","-76.9869154654",56,10,66,1150,998,2148,915,898,1813
8402,"THEFT/OTHER","38.8995467575","-76.9949622117",56,10,66,1150,998,2148,915,898,1813
8402,"THEFT F/AUTO","38.8973306585","-76.9940632028",56,10,66,1150,998,2148,915,898,1813
8402,"THEFT F/AUTO","38.8973305417","-76.9920919556",56,10,66,1150,998,2148,915,898,1813
8402,"THEFT/OTHER","38.8981144287","-76.9949738408",56,10,66,1150,998,2148,915,898,1813
8402,"THEFT/OTHER","38.8996899679","-76.9844715917",56,10,66,1150,998,2148,915,898,1813
8402,"MOTOR VEHICLE THEFT","38.9001947352","-76.9869154654",56,10,66,1150,998,2148,915,898,1813
8402,"THEFT F/AUTO","38.8995463742","-76.9892788488",56,10,66,1150,998,2148,915,898,1813
8402,"THEFT/OTHER","38.8988979093","-76.9908928683",56,10,66,1150,998,2148,915,898,1813
8402,"MOTOR VEHICLE THEFT","38.900195113","-76.9908927027",56,10,66,1150,998,2148,915,898,1813
8402,"BURGLARY","38.900195113","-76.9908927027",56,10,66,1150,998,2148,915,898,1813
8402,"THEFT/OTHER","38.899735143","-76.9855091153",56,10,66,1150,998,2148,915,898,1813
8402,"THEFT/OTHER","38.900195113","-76.9908927027",56,10,66,1150,998,2148,915,898,1813
8402,"THEFT/OTHER","38.8981143061","-76.9926567353",56,10,66,1150,998,2148,915,898,1813
8402,"THEFT/OTHER","38.8989065881","-76.9873537663",56,10,66,1150,998,2148,915,898,1813
8402,"THEFT/OTHER","38.8995465589","-76.9915268321",56,10,66,1150,998,2148,915,898,1813
8402,"THEFT/OTHER","38.8981143704","-76.9937634125",56,10,66,1150,998,2148,915,898,1813
8402,"THEFT/OTHER","38.9001952003","-76.9920916381",56,10,66,1150,998,2148,915,898,1813
8402,"THEFT F/AUTO","38.8966008643","-76.9920920365",56,10,66,1150,998,2148,915,898,1813
8402,"THEFT/OTHER","38.8981144009","-76.9943628627",56,10,66,1150,998,2148,915,898,1813
8402,"MOTOR VEHICLE THEFT","38.8988979093","-76.9908928683",56,10,66,1150,998,2148,915,898,1813
8402,"THEFT/OTHER","38.898528237","-76.9873538333",56,10,66,1150,998,2148,915,898,1813
8402,"THEFT/OTHER","38.9001947352","-76.9869154654",56,10,66,1150,998,2148,915,898,1813
8402,"BURGLARY","38.8981144009","-76.9943628627",56,10,66,1150,998,2148,915,898,1813
8402,"THEFT/OTHER","38.8968531346","-76.9926453374",56,10,66,1150,998,2148,915,898,1813
8402,"THEFT/OTHER","38.8960334234","-76.9934869332",56,10,66,1150,998,2148,915,898,1813
8402,"THEFT F/AUTO","38.8981144009","-76.9943628627",56,10,66,1150,998,2148,915,898,1813
8402,"ROBBERY","38.9001947352","-76.9869154654",56,10,66,1150,998,2148,915,898,1813
8402,"ROBBERY","38.8989071218","-76.9940630716",56,10,66,1150,998,2148,915,898,1813
8402,"ROBBERY","38.8995466354","-76.9926565878",56,10,66,1150,998,2148,915,898,1813
8402,"THEFT/OTHER","38.8981143061","-76.9926567353",56,10,66,1150,998,2148,915,898,1813
8402,"THEFT F/AUTO","38.898115264","-76.9909078392",56,10,66,1150,998,2148,915,898,1813
8402,"THEFT F/AUTO","38.900195113","-76.9908927027",56,10,66,1150,998,2148,915,898,1813
8402,"THEFT/OTHER","38.900185473","-76.9848173305",56,10,66,1150,998,2148,915,898,1813
8402,"MOTOR VEHICLE THEFT","38.8992221581","-76.9902472552",56,10,66,1150,998,2148,915,898,1813
8402,"THEFT F/AUTO","38.8981231391","-76.9902589333",56,10,66,1150,998,2148,915,898,1813
8402,"THEFT F/AUTO","38.8981231391","-76.9902589333",56,10,66,1150,998,2148,915,898,1813
8402,"THEFT/OTHER","38.8995465589","-76.9915268321",56,10,66,1150,998,2148,915,898,1813
8402,"THEFT/OTHER","38.9001947352","-76.9869154654",56,10,66,1150,998,2148,915,898,1813
8402,"MOTOR VEHICLE THEFT","38.900185473","-76.9848173305",56,10,66,1150,998,2148,915,898,1813
8402,"ROBBERY","38.900185473","-76.9848173305",56,10,66,1150,998,2148,915,898,1813
8402,"THEFT/OTHER","38.900195113","-76.9908927027",56,10,66,1150,998,2148,915,898,1813
8402,"THEFT/OTHER","38.8973305417","-76.9920919556",56,10,66,1150,998,2148,915,898,1813
8402,"THEFT/OTHER","38.8989067807","-76.9892789449",56,10,66,1150,998,2148,915,898,1813
8402,"THEFT/OTHER","38.900195113","-76.9908927027",56,10,66,1150,998,2148,915,898,1813
8402,"THEFT F/AUTO","38.8981143704","-76.9937634125",56,10,66,1150,998,2148,915,898,1813
8402,"THEFT/OTHER","38.8981231391","-76.9902589333",56,10,66,1150,998,2148,915,898,1813
8402,"THEFT/OTHER","38.8981143061","-76.9926567353",56,10,66,1150,998,2148,915,898,1813
8402,"THEFT/OTHER","38.8996899679","-76.9844715917",56,10,66,1150,998,2148,915,898,1813
8402,"MOTOR VEHICLE THEFT","38.8992221581","-76.9902472552",56,10,66,1150,998,2148,915,898,1813
8402,"ASSAULT W/DANGEROUS WEAPON","38.9001947352","-76.9869154654",56,10,66,1150,998,2148,915,898,1813
8402,"MOTOR VEHICLE THEFT","38.900195332","-76.9943626983",56,10,66,1150,998,2148,915,898,1813
8402,"BURGLARY","38.8981143061","-76.9926567353",56,10,66,1150,998,2148,915,898,1813
8402,"THEFT/OTHER","38.8981144287","-76.9949738408",56,10,66,1150,998,2148,915,898,1813
8402,"THEFT/OTHER","38.900195113","-76.9908927027",56,10,66,1150,998,2148,915,898,1813
8402,"THEFT F/AUTO","38.8992221581","-76.9902472552",56,10,66,1150,998,2148,915,898,1813
8402,"MOTOR VEHICLE THEFT","38.900185473","-76.9848173305",56,10,66,1150,998,2148,915,898,1813
8402,"THEFT F/AUTO","38.8981143704","-76.9937634125",56,10,66,1150,998,2148,915,898,1813
8402,"ROBBERY","38.8968531346","-76.9926453374",56,10,66,1150,998,2148,915,898,1813
8402,"MOTOR VEHICLE THEFT","38.8981231391","-76.9902589333",56,10,66,1150,998,2148,915,898,1813
8402,"ROBBERY","38.9001947352","-76.9869154654",56,10,66,1150,998,2148,915,898,1813
8402,"THEFT/OTHER","38.8996899679","-76.9844715917",56,10,66,1150,998,2148,915,898,1813
8402,"THEFT F/AUTO","38.8995466354","-76.9926565878",56,10,66,1150,998,2148,915,898,1813
8402,"ASSAULT W/DANGEROUS WEAPON","38.8989071218","-76.9940630716",56,10,66,1150,998,2148,915,898,1813
8402,"THEFT F/AUTO","38.898528237","-76.9873538333",56,10,66,1150,998,2148,915,898,1813
8402,"THEFT/OTHER","38.8981143061","-76.9926567353",56,10,66,1150,998,2148,915,898,1813
8402,"THEFT F/AUTO","38.8981231391","-76.9902589333",56,10,66,1150,998,2148,915,898,1813
8402,"THEFT/OTHER","38.9001947352","-76.9869154654",56,10,66,1150,998,2148,915,898,1813
8402,"THEFT F/AUTO","38.89987076","-76.9902471665",56,10,66,1150,998,2148,915,898,1813
8402,"THEFT/OTHER","38.89987076","-76.9902471665",56,10,66,1150,998,2148,915,898,1813
8402,"THEFT F/AUTO","38.8973305417","-76.9920919556",56,10,66,1150,998,2148,915,898,1813
8402,"THEFT/OTHER","38.8981143061","-76.9926567353",56,10,66,1150,998,2148,915,898,1813
8402,"THEFT/OTHER","38.896718132","-76.9949624115",56,10,66,1150,998,2148,915,898,1813
8402,"MOTOR VEHICLE THEFT","38.8989071507","-76.9946625285",56,10,66,1150,998,2148,915,898,1813
8402,"THEFT/OTHER","38.900194976","-76.9892787513",56,10,66,1150,998,2148,915,898,1813
8402,"THEFT/OTHER","38.900195332","-76.9943626983",56,10,66,1150,998,2148,915,898,1813
8402,"THEFT/OTHER","38.8992221581","-76.9902472552",56,10,66,1150,998,2148,915,898,1813
8402,"THEFT F/AUTO","38.8981144009","-76.9943628627",56,10,66,1150,998,2148,915,898,1813
8402,"THEFT F/AUTO","38.8981231391","-76.9902589333",56,10,66,1150,998,2148,915,898,1813
8402,"THEFT/OTHER","38.9001947352","-76.9869154654",56,10,66,1150,998,2148,915,898,1813
8402,"THEFT/OTHER","38.8996899679","-76.9844715917",56,10,66,1150,998,2148,915,898,1813
8402,"MOTOR VEHICLE THEFT","38.8973304544","-76.9908930685",56,10,66,1150,998,2148,915,898,1813
8402,"THEFT/OTHER","38.8977356937","-76.9892791209",56,10,66,1150,998,2148,915,898,1813
8402,"THEFT/OTHER","38.9001947352","-76.9869154654",56,10,66,1150,998,2148,915,898,1813
8402,"THEFT F/AUTO","38.8981231391","-76.9902589333",56,10,66,1150,998,2148,915,898,1813
8402,"THEFT F/AUTO","38.8995465589","-76.9915268321",56,10,66,1150,998,2148,915,898,1813
8402,"THEFT/OTHER","38.8996899679","-76.9844715917",56,10,66,1150,998,2148,915,898,1813
8402,"THEFT/OTHER","38.899095603","-76.985947311",56,10,66,1150,998,2148,915,898,1813
8402,"THEFT F/AUTO","38.8992219804","-76.9883105399",56,10,66,1150,998,2148,915,898,1813
8402,"THEFT F/AUTO","38.9001947352","-76.9869154654",56,10,66,1150,998,2148,915,898,1813
8402,"THEFT/OTHER","38.8981143704","-76.9937634125",56,10,66,1150,998,2148,915,898,1813
8402,"THEFT F/AUTO","38.8992219804","-76.9883105399",56,10,66,1150,998,2148,915,898,1813
8402,"THEFT/OTHER","38.9001952003","-76.9920916381",56,10,66,1150,998,2148,915,898,1813
8410,"THEFT F/AUTO","38.9037175301","-76.9930827238",12,38,50,752,630,1382,660,565,1225
8410,"THEFT/OTHER","38.9001947352","-76.9869154654",12,38,50,752,630,1382,660,565,1225
8410,"THEFT F/AUTO","38.9016272119","-76.9883101458",12,38,50,752,630,1382,660,565,1225
8410,"BURGLARY","38.9001952707","-76.9932098758",12,38,50,752,630,1382,660,565,1225
8410,"THEFT F/AUTO","38.9018976403","-76.9902468894",12,38,50,752,630,1382,660,565,1225
8410,"BURGLARY","38.900194976","-76.9892787513",12,38,50,752,630,1382,660,565,1225
8410,"THEFT/OTHER","38.9022398472","-76.9890017587",12,38,50,752,630,1382,660,565,1225
8410,"THEFT/OTHER","38.9019067493","-76.9915380803",12,38,50,752,630,1382,660,565,1225
8410,"THEFT F/AUTO","38.9001952003","-76.9920916381",12,38,50,752,630,1382,660,565,1225
8410,"ROBBERY","38.900195113","-76.9908927027",12,38,50,752,630,1382,660,565,1225
8410,"THEFT/OTHER","38.9028347498","-76.9937629998",12,38,50,752,630,1382,660,565,1225
8410,"THEFT F/AUTO","38.9024741506","-76.9899585957",12,38,50,752,630,1382,660,565,1225
8410,"THEFT F/AUTO","38.9001947352","-76.9869154654",12,38,50,752,630,1382,660,565,1225
8410,"THEFT F/AUTO","38.9013213766","-76.9943626093",12,38,50,752,630,1382,660,565,1225
8410,"THEFT/OTHER","38.9019159555","-76.9949620444",12,38,50,752,630,1382,660,565,1225
8410,"THEFT F/AUTO","38.9025102605","-76.9908924071",12,38,50,752,630,1382,660,565,1225
8410,"BURGLARY","38.9001952003","-76.9920916381",12,38,50,752,630,1382,660,565,1225
8410,"THEFT F/AUTO","38.9001952003","-76.9920916381",12,38,50,752,630,1382,660,565,1225
8410,"THEFT F/AUTO","38.9013120123","-76.9892785834",12,38,50,752,630,1382,660,565,1225
8410,"MOTOR VEHICLE THEFT","38.900194976","-76.9892787513",12,38,50,752,630,1382,660,565,1225
8410,"THEFT/OTHER","38.900194976","-76.9892787513",12,38,50,752,630,1382,660,565,1225
8410,"THEFT F/AUTO","38.9007534942","-76.9892786674",12,38,50,752,630,1382,660,565,1225
8410,"THEFT F/AUTO","38.9001947352","-76.9869154654",12,38,50,752,630,1382,660,565,1225
8410,"BURGLARY","38.9019158326","-76.9926448154",12,38,50,752,630,1382,660,565,1225
8410,"THEFT/OTHER","38.900195332","-76.9943626983",12,38,50,752,630,1382,660,565,1225
8410,"THEFT F/AUTO","38.9019158976","-76.9937630802",12,38,50,752,630,1382,660,565,1225
8410,"BURGLARY","38.900194976","-76.9892787513",12,38,50,752,630,1382,660,565,1225
8410,"MOTOR VEHICLE THEFT","38.900194976","-76.9892787513",12,38,50,752,630,1382,660,565,1225
8410,"THEFT F/AUTO","38.9013122366","-76.9920915142",12,38,50,752,630,1382,660,565,1225
8410,"THEFT F/AUTO","38.9001947352","-76.9869154654",12,38,50,752,630,1382,660,565,1225
8410,"THEFT F/AUTO","38.9001947352","-76.9869154654",12,38,50,752,630,1382,660,565,1225
8410,"THEFT/OTHER","38.900195332","-76.9943626983",12,38,50,752,630,1382,660,565,1225
8410,"THEFT F/AUTO","38.9013120123","-76.9892785834",12,38,50,752,630,1382,660,565,1225
8410,"BURGLARY","38.9001947352","-76.9869154654",12,38,50,752,630,1382,660,565,1225
8410,"MOTOR VEHICLE THEFT","38.900194976","-76.9892787513",12,38,50,752,630,1382,660,565,1225
8410,"THEFT F/AUTO","38.900195113","-76.9908927027",12,38,50,752,630,1382,660,565,1225
8410,"MOTOR VEHICLE THEFT","38.90047432","-76.990247084",12,38,50,752,630,1382,660,565,1225
8410,"BURGLARY","38.900185473","-76.9848173305",12,38,50,752,630,1382,660,565,1225
8410,"BURGLARY","38.9013213153","-76.9932097686",12,38,50,752,630,1382,660,565,1225
8410,"THEFT/OTHER","38.9025102605","-76.9908924071",12,38,50,752,630,1382,660,565,1225
8410,"THEFT/OTHER","38.9034742778","-76.9926446547",12,38,50,752,630,1382,660,565,1225
8410,"THEFT F/AUTO","38.900185473","-76.9848173305",12,38,50,752,630,1382,660,565,1225
8410,"THEFT/OTHER","38.9013121493","-76.9908925601",12,38,50,752,630,1382,660,565,1225
8410,"THEFT/OTHER","38.9001947352","-76.9869154654",12,38,50,752,630,1382,660,565,1225
8410,"MOTOR VEHICLE THEFT","38.9028347498","-76.9937629998",12,38,50,752,630,1382,660,565,1225
8410,"BURGLARY","38.9001952707","-76.9932098758",12,38,50,752,630,1382,660,565,1225
8410,"THEFT F/AUTO","38.9019067493","-76.9915380803",12,38,50,752,630,1382,660,565,1225
8410,"THEFT F/AUTO","38.9007628859","-76.9949621258",12,38,50,752,630,1382,660,565,1225
8410,"ROBBERY","38.9010326604","-76.9883102432",12,38,50,752,630,1382,660,565,1225
8410,"THEFT F/AUTO","38.9013120123","-76.9892785834",12,38,50,752,630,1382,660,565,1225
8410,"THEFT F/AUTO","38.9018976403","-76.9902468894",12,38,50,752,630,1382,660,565,1225
8410,"ROBBERY","38.9001952003","-76.9920916381",12,38,50,752,630,1382,660,565,1225
8410,"THEFT/OTHER","38.900195332","-76.9943626983",12,38,50,752,630,1382,660,565,1225
8410,"THEFT/OTHER","38.900195113","-76.9908927027",12,38,50,752,630,1382,660,565,1225
8410,"ASSAULT W/DANGEROUS WEAPON","38.900195332","-76.9943626983",12,38,50,752,630,1382,660,565,1225
8410,"BURGLARY","38.900194976","-76.9892787513",12,38,50,752,630,1382,660,565,1225
8410,"MOTOR VEHICLE THEFT","38.9013213766","-76.9943626093",12,38,50,752,630,1382,660,565,1225
8410,"THEFT F/AUTO","38.9019158976","-76.9937630802",12,38,50,752,630,1382,660,565,1225
8410,"THEFT F/AUTO","38.900195332","-76.9943626983",12,38,50,752,630,1382,660,565,1225
8410,"THEFT/OTHER","38.9013213766","-76.9943626093",12,38,50,752,630,1382,660,565,1225
8410,"MOTOR VEHICLE THEFT","38.9025104795","-76.9943625153",12,38,50,752,630,1382,660,565,1225
8410,"THEFT F/AUTO","38.9025104182","-76.9932096554",12,38,50,752,630,1382,660,565,1225
8410,"ROBBERY","38.9019067493","-76.9915380803",12,38,50,752,630,1382,660,565,1225
8410,"THEFT F/AUTO","38.9007537546","-76.9926449352",12,38,50,752,630,1382,660,565,1225
8410,"THEFT/OTHER","38.9004741422","-76.9883103347",12,38,50,752,630,1382,660,565,1225
8410,"THEFT F/AUTO","38.900185473","-76.9848173305",12,38,50,752,630,1382,660,565,1225
8410,"THEFT/OTHER","38.9034742778","-76.9926446547",12,38,50,752,630,1382,660,565,1225
8410,"MOTOR VEHICLE THEFT","38.9001947352","-76.9869154654",12,38,50,752,630,1382,660,565,1225
8410,"ROBBERY","38.9031770977","-76.9943624626",12,38,50,752,630,1382,660,565,1225
8410,"THEFT F/AUTO","38.9018976403","-76.9902468894",12,38,50,752,630,1382,660,565,1225
8410,"THEFT/OTHER","38.9007536789","-76.9915266887",12,38,50,752,630,1382,660,565,1225
8410,"BURGLARY","38.900194976","-76.9892787513",12,38,50,752,630,1382,660,565,1225
8410,"THEFT F/AUTO","38.9025102605","-76.9908924071",12,38,50,752,630,1382,660,565,1225
8410,"ROBBERY","38.9033662427","-76.9937629533",12,38,50,752,630,1382,660,565,1225
8410,"ASSAULT W/DANGEROUS WEAPON","38.900185473","-76.9848173305",12,38,50,752,630,1382,660,565,1225
8410,"BURGLARY","38.9001952003","-76.9920916381",12,38,50,752,630,1382,660,565,1225
8410,"THEFT/OTHER","38.9001952003","-76.9920916381",12,38,50,752,630,1382,660,565,1225
8410,"THEFT/OTHER","38.9008702315","-76.9857970931",12,38,50,752,630,1382,660,565,1225
8410,"HOMICIDE","38.9001952707","-76.9932098758",12,38,50,752,630,1382,660,565,1225
8410,"THEFT F/AUTO","38.9001947352","-76.9869154654",12,38,50,752,630,1382,660,565,1225
8410,"THEFT/OTHER","38.9001947352","-76.9869154654",12,38,50,752,630,1382,660,565,1225
8410,"ROBBERY","38.900194976","-76.9892787513",12,38,50,752,630,1382,660,565,1225
8410,"THEFT/OTHER","38.901753283","-76.9878605145",12,38,50,752,630,1382,660,565,1225
8410,"THEFT/OTHER","38.9019158976","-76.9937630802",12,38,50,752,630,1382,660,565,1225
8410,"BURGLARY","38.900195113","-76.9908927027",12,38,50,752,630,1382,660,565,1225
8410,"BURGLARY","38.900194976","-76.9892787513",12,38,50,752,630,1382,660,565,1225
8410,"THEFT F/AUTO","38.9001947352","-76.9869154654",12,38,50,752,630,1382,660,565,1225
8410,"BURGLARY","38.900185473","-76.9848173305",12,38,50,752,630,1382,660,565,1225
8410,"THEFT F/AUTO","38.9013118433","-76.9875723795",12,38,50,752,630,1382,660,565,1225
8410,"BURGLARY","38.900194976","-76.9892787513",12,38,50,752,630,1382,660,565,1225
8410,"THEFT/OTHER","38.900194976","-76.9892787513",12,38,50,752,630,1382,660,565,1225
8410,"THEFT F/AUTO","38.9007534942","-76.9892786674",12,38,50,752,630,1382,660,565,1225
8410,"BURGLARY","38.900195332","-76.9943626983",12,38,50,752,630,1382,660,565,1225
8410,"THEFT F/AUTO","38.900185473","-76.9848173305",12,38,50,752,630,1382,660,565,1225
8410,"THEFT/OTHER","38.9001947352","-76.9869154654",12,38,50,752,630,1382,660,565,1225
8410,"MOTOR VEHICLE THEFT","38.9013118433","-76.9875723795",12,38,50,752,630,1382,660,565,1225
8410,"MOTOR VEHICLE THEFT","38.9022398472","-76.9890017587",12,38,50,752,630,1382,660,565,1225
8410,"THEFT/OTHER","38.9001947352","-76.9869154654",12,38,50,752,630,1382,660,565,1225
8410,"THEFT F/AUTO","38.9028346848","-76.9926447207",12,38,50,752,630,1382,660,565,1225
8410,"BURGLARY","38.9001947352","-76.9869154654",12,38,50,752,630,1382,660,565,1225
8410,"THEFT F/AUTO","38.9004741422","-76.9883103347",12,38,50,752,630,1382,660,565,1225
8410,"ROBBERY","38.9018976403","-76.9902468894",12,38,50,752,630,1382,660,565,1225
8410,"THEFT/OTHER","38.9028346848","-76.9926447207",12,38,50,752,630,1382,660,565,1225
8410,"BURGLARY","38.900194976","-76.9892787513",12,38,50,752,630,1382,660,565,1225
8410,"BURGLARY","38.900194976","-76.9892787513",12,38,50,752,630,1382,660,565,1225
8410,"THEFT/OTHER","38.900185473","-76.9848173305",12,38,50,752,630,1382,660,565,1225
8410,"THEFT/OTHER","38.9007537546","-76.9926449352",12,38,50,752,630,1382,660,565,1225
8410,"THEFT/OTHER","38.9025102605","-76.9908924071",12,38,50,752,630,1382,660,565,1225
8410,"THEFT F/AUTO","38.9010326604","-76.9883102432",12,38,50,752,630,1382,660,565,1225
8410,"THEFT F/AUTO","38.9010328381","-76.9902470076",12,38,50,752,630,1382,660,565,1225
8410,"MOTOR VEHICLE THEFT","38.900753633","-76.9909156881",12,38,50,752,630,1382,660,565,1225
8410,"THEFT F/AUTO","38.9013118433","-76.9875723795",12,38,50,752,630,1382,660,565,1225
8410,"THEFT F/AUTO","38.9025102605","-76.9908924071",12,38,50,752,630,1382,660,565,1225
8410,"BURGLARY","38.9007536789","-76.9915266887",12,38,50,752,630,1382,660,565,1225
8410,"THEFT/OTHER","38.9001952003","-76.9920916381",12,38,50,752,630,1382,660,565,1225
8410,"THEFT F/AUTO","38.9013120123","-76.9892785834",12,38,50,752,630,1382,660,565,1225
8410,"BURGLARY","38.9034742778","-76.9926446547",12,38,50,752,630,1382,660,565,1225
8410,"BURGLARY","38.900194976","-76.9892787513",12,38,50,752,630,1382,660,565,1225
8410,"THEFT F/AUTO","38.9022398472","-76.9890017587",12,38,50,752,630,1382,660,565,1225
8410,"THEFT F/AUTO","38.9018976403","-76.9902468894",12,38,50,752,630,1382,660,565,1225
8410,"THEFT/OTHER","38.9001952003","-76.9920916381",12,38,50,752,630,1382,660,565,1225
8410,"BURGLARY","38.9019067493","-76.9915380803",12,38,50,752,630,1382,660,565,1225
8410,"THEFT F/AUTO","38.9019158326","-76.9926448154",12,38,50,752,630,1382,660,565,1225
8410,"BURGLARY","38.9010864926","-76.9863042983",12,38,50,752,630,1382,660,565,1225
8410,"THEFT F/AUTO","38.9013122366","-76.9920915142",12,38,50,752,630,1382,660,565,1225
8410,"THEFT/OTHER","38.9025104182","-76.9932096554",12,38,50,752,630,1382,660,565,1225
8410,"ROBBERY","38.900762828","-76.993763181",12,38,50,752,630,1382,660,565,1225
8410,"THEFT/OTHER","38.9037175301","-76.9930827238",12,38,50,752,630,1382,660,565,1225
8410,"THEFT/OTHER","38.900194976","-76.9892787513",12,38,50,752,630,1382,660,565,1225
8410,"ROBBERY","38.9013118433","-76.9875723795",12,38,50,752,630,1382,660,565,1225
8410,"THEFT/OTHER","38.90047432","-76.990247084",12,38,50,752,630,1382,660,565,1225
8410,"THEFT F/AUTO","38.9007534942","-76.9892786674",12,38,50,752,630,1382,660,565,1225
8410,"THEFT/OTHER","38.9029066758","-76.991526433",12,38,50,752,630,1382,660,565,1225
8410,"THEFT F/AUTO","38.9001947352","-76.9869154654",12,38,50,752,630,1382,660,565,1225
8410,"ASSAULT W/DANGEROUS WEAPON","38.9001947352","-76.9869154654",12,38,50,752,630,1382,660,565,1225
8410,"THEFT/OTHER","38.9025104795","-76.9943625153",12,38,50,752,630,1382,660,565,1225
8410,"THEFT F/AUTO","38.9013120123","-76.9892785834",12,38,50,752,630,1382,660,565,1225
8410,"BURGLARY","38.900194976","-76.9892787513",12,38,50,752,630,1382,660,565,1225
8410,"THEFT/OTHER","38.9019158976","-76.9937630802",12,38,50,752,630,1382,660,565,1225
8410,"THEFT/OTHER","38.9025104182","-76.9932096554",12,38,50,752,630,1382,660,565,1225
8410,"ROBBERY","38.9025104182","-76.9932096554",12,38,50,752,630,1382,660,565,1225
8410,"THEFT F/AUTO","38.9001947352","-76.9869154654",12,38,50,752,630,1382,660,565,1225
8410,"THEFT F/AUTO","38.9019067493","-76.9915380803",12,38,50,752,630,1382,660,565,1225
8410,"MOTOR VEHICLE THEFT","38.9001952003","-76.9920916381",12,38,50,752,630,1382,660,565,1225
8410,"THEFT/OTHER","38.9025104795","-76.9943625153",12,38,50,752,630,1382,660,565,1225
8410,"ROBBERY","38.9033662427","-76.9937629533",12,38,50,752,630,1382,660,565,1225
8410,"THEFT/OTHER","38.9001947352","-76.9869154654",12,38,50,752,630,1382,660,565,1225
8410,"THEFT/OTHER","38.9018976403","-76.9902468894",12,38,50,752,630,1382,660,565,1225
8410,"ASSAULT W/DANGEROUS WEAPON","38.9025104182","-76.9932096554",12,38,50,752,630,1382,660,565,1225
8410,"ASSAULT W/DANGEROUS WEAPON","38.9001947352","-76.9869154654",12,38,50,752,630,1382,660,565,1225
8410,"THEFT/OTHER","38.9013120123","-76.9892785834",12,38,50,752,630,1382,660,565,1225
8410,"MOTOR VEHICLE THEFT","38.900185473","-76.9848173305",12,38,50,752,630,1382,660,565,1225
8410,"THEFT/OTHER","38.900195332","-76.9943626983",12,38,50,752,630,1382,660,565,1225
8410,"THEFT/OTHER","38.900195332","-76.9943626983",12,38,50,752,630,1382,660,565,1225
8410,"THEFT/OTHER","38.903159019","-76.993198065",12,38,50,752,630,1382,660,565,1225
8410,"MOTOR VEHICLE THEFT","38.9001952707","-76.9932098758",12,38,50,752,630,1382,660,565,1225
8410,"THEFT/OTHER","38.900194976","-76.9892787513",12,38,50,752,630,1382,660,565,1225
8410,"BURGLARY","38.900194976","-76.9892787513",12,38,50,752,630,1382,660,565,1225
8410,"THEFT F/AUTO","38.900185473","-76.9848173305",12,38,50,752,630,1382,660,565,1225
8410,"THEFT F/AUTO","38.9013213153","-76.9932097686",12,38,50,752,630,1382,660,565,1225
8410,"THEFT/OTHER","38.900185473","-76.9848173305",12,38,50,752,630,1382,660,565,1225
8410,"THEFT F/AUTO","38.9001947352","-76.9869154654",12,38,50,752,630,1382,660,565,1225
8410,"THEFT/OTHER","38.9019158976","-76.9937630802",12,38,50,752,630,1382,660,565,1225
8410,"THEFT F/AUTO","38.9019158976","-76.9937630802",12,38,50,752,630,1382,660,565,1225
8410,"MOTOR VEHICLE THEFT","38.9031770977","-76.9943624626",12,38,50,752,630,1382,660,565,1225
8410,"THEFT F/AUTO","38.9028347498","-76.9937629998",12,38,50,752,630,1382,660,565,1225
8410,"THEFT/OTHER","38.9013213766","-76.9943626093",12,38,50,752,630,1382,660,565,1225
8410,"BURGLARY","38.9001952707","-76.9932098758",12,38,50,752,630,1382,660,565,1225
8410,"THEFT/OTHER","38.9019067493","-76.9915380803",12,38,50,752,630,1382,660,565,1225
8410,"MOTOR VEHICLE THEFT","38.900195332","-76.9943626983",12,38,50,752,630,1382,660,565,1225
8410,"ROBBERY","38.9019159555","-76.9949620444",12,38,50,752,630,1382,660,565,1225
8410,"THEFT F/AUTO","38.9007534942","-76.9892786674",12,38,50,752,630,1382,660,565,1225
8410,"THEFT/OTHER","38.9013213153","-76.9932097686",12,38,50,752,630,1382,660,565,1225
8410,"THEFT F/AUTO","38.9007628859","-76.9949621258",12,38,50,752,630,1382,660,565,1225
8410,"BURGLARY","38.900194976","-76.9892787513",12,38,50,752,630,1382,660,565,1225
8410,"THEFT/OTHER","38.9025104795","-76.9943625153",12,38,50,752,630,1382,660,565,1225
8410,"THEFT F/AUTO","38.9013118433","-76.9875723795",12,38,50,752,630,1382,660,565,1225
8410,"THEFT F/AUTO","38.9001947352","-76.9869154654",12,38,50,752,630,1382,660,565,1225
8410,"THEFT F/AUTO","38.9025104795","-76.9943625153",12,38,50,752,630,1382,660,565,1225
8410,"BURGLARY","38.900195332","-76.9943626983",12,38,50,752,630,1382,660,565,1225
8410,"THEFT F/AUTO","38.9034742778","-76.9926446547",12,38,50,752,630,1382,660,565,1225
8410,"ASSAULT W/DANGEROUS WEAPON","38.900194976","-76.9892787513",12,38,50,752,630,1382,660,565,1225
8410,"THEFT/OTHER","38.900195332","-76.9943626983",12,38,50,752,630,1382,660,565,1225
8410,"THEFT/OTHER","38.9013120123","-76.9892785834",12,38,50,752,630,1382,660,565,1225
8410,"BURGLARY","38.9001947352","-76.9869154654",12,38,50,752,630,1382,660,565,1225
8410,"ASSAULT W/DANGEROUS WEAPON","38.9007534942","-76.9892786674",12,38,50,752,630,1382,660,565,1225
8410,"THEFT F/AUTO","38.9013118433","-76.9875723795",12,38,50,752,630,1382,660,565,1225
8701,"THEFT F/AUTO","38.9162750763","-77.0081984156",46,132,178,1090,1025,2115,849,759,1608
8701,"THEFT F/AUTO","38.9155634058","-77.0083712944",46,132,178,1090,1025,2115,849,759,1608
8701,"THEFT/OTHER","38.916977753","-77.0078064445",46,132,178,1090,1025,2115,849,759,1608
8701,"THEFT/OTHER","38.9125907109","-77.0075522993",46,132,178,1090,1025,2115,849,759,1608
8701,"THEFT/OTHER","38.9155634058","-77.0083712944",46,132,178,1090,1025,2115,849,759,1608
8701,"THEFT F/AUTO","38.9125907109","-77.0075522993",46,132,178,1090,1025,2115,849,759,1608
8701,"ASSAULT W/DANGEROUS WEAPON","38.9177705803","-77.0062383064",46,132,178,1090,1025,2115,849,759,1608
8701,"THEFT F/AUTO","38.915563531","-77.0063880126",46,132,178,1090,1025,2115,849,759,1608
8701,"THEFT/OTHER","38.9100503729","-77.0073329638",46,132,178,1090,1025,2115,849,759,1608
8701,"MOTOR VEHICLE THEFT","38.912221527","-77.0044852355",46,132,178,1090,1025,2115,849,759,1608
8701,"THEFT F/AUTO","38.916977753","-77.0078064445",46,132,178,1090,1025,2115,849,759,1608
8701,"THEFT F/AUTO","38.9118520211","-77.007644462",46,132,178,1090,1025,2115,849,759,1608
8701,"THEFT/OTHER","38.9118520211","-77.007644462",46,132,178,1090,1025,2115,849,759,1608
8701,"ASSAULT W/DANGEROUS WEAPON","38.915563531","-77.0063880126",46,132,178,1090,1025,2115,849,759,1608
8701,"THEFT/OTHER","38.9105727737","-77.0085551871",46,132,178,1090,1025,2115,849,759,1608
8701,"THEFT F/AUTO","38.9169959512","-77.0043010407",46,132,178,1090,1025,2115,849,759,1608
8701,"MOTOR VEHICLE THEFT","38.9111043182","-77.0078058017",46,132,178,1090,1025,2115,849,759,1608
8701,"THEFT/OTHER","38.915563531","-77.0063880126",46,132,178,1090,1025,2115,849,759,1608
8701,"ASSAULT W/DANGEROUS WEAPON","38.9175544677","-77.0043010744",46,132,178,1090,1025,2115,849,759,1608
8701,"ASSAULT W/DANGEROUS WEAPON","38.9175544677","-77.0043010744",46,132,178,1090,1025,2115,849,759,1608
8701,"THEFT F/AUTO","38.9169958853","-77.0058231248",46,132,178,1090,1025,2115,849,759,1608
8701,"THEFT/OTHER","38.9166354649","-77.0073682335",46,132,178,1090,1025,2115,849,759,1608
8701,"THEFT/OTHER","38.915563531","-77.0063880126",46,132,178,1090,1025,2115,849,759,1608
8701,"THEFT F/AUTO","38.9118521385","-77.0055690424",46,132,178,1090,1025,2115,849,759,1608
8701,"MOTOR VEHICLE THEFT","38.9105727737","-77.0085551871",46,132,178,1090,1025,2115,849,759,1608
8701,"THEFT F/AUTO","38.9111043182","-77.0078058017",46,132,178,1090,1025,2115,849,759,1608
8701,"THEFT F/AUTO","38.9172751775","-77.0050966955",46,132,178,1090,1025,2115,849,759,1608
8701,"THEFT F/AUTO","38.9098883402","-77.005130757",46,132,178,1090,1025,2115,849,759,1608
8701,"THEFT F/AUTO","38.916635586","-77.0050966498",46,132,178,1090,1025,2115,849,759,1608
8701,"ROBBERY","38.9166354649","-77.0073682335",46,132,178,1090,1025,2115,849,759,1608
8701,"BURGLARY","38.915563531","-77.0063880126",46,132,178,1090,1025,2115,849,759,1608
8701,"MOTOR VEHICLE THEFT","38.9175544677","-77.0043010744",46,132,178,1090,1025,2115,849,759,1608
8701,"THEFT/OTHER","38.9118520211","-77.007644462",46,132,178,1090,1025,2115,849,759,1608
8701,"ASSAULT W/DANGEROUS WEAPON","38.916635586","-77.0050966498",46,132,178,1090,1025,2115,849,759,1608
8701,"THEFT F/AUTO","38.9180949627","-77.0044279493",46,132,178,1090,1025,2115,849,759,1608
8701,"THEFT F/AUTO","38.9111043182","-77.0078058017",46,132,178,1090,1025,2115,849,759,1608
8701,"THEFT F/AUTO","38.9100503729","-77.0073329638",46,132,178,1090,1025,2115,849,759,1608
8701,"MOTOR VEHICLE THEFT","38.9125907109","-77.0075522993",46,132,178,1090,1025,2115,849,759,1608
8701,"BURGLARY","38.9166354649","-77.0073682335",46,132,178,1090,1025,2115,849,759,1608
8701,"THEFT F/AUTO","38.9169958853","-77.0058231248",46,132,178,1090,1025,2115,849,759,1608
8701,"THEFT F/AUTO","38.9118521385","-77.0055690424",46,132,178,1090,1025,2115,849,759,1608
8701,"THEFT/OTHER","38.9114645779","-77.0088435452",46,132,178,1090,1025,2115,849,759,1608
8701,"THEFT F/AUTO","38.9118520211","-77.007644462",46,132,178,1090,1025,2115,849,759,1608
8701,"THEFT F/AUTO","38.915563531","-77.0063880126",46,132,178,1090,1025,2115,849,759,1608
8701,"THEFT F/AUTO","38.9111043182","-77.0078058017",46,132,178,1090,1025,2115,849,759,1608
8701,"THEFT F/AUTO","38.915563531","-77.0063880126",46,132,178,1090,1025,2115,849,759,1608
8701,"THEFT/OTHER","38.9162750763","-77.0081984156",46,132,178,1090,1025,2115,849,759,1608
8701,"MOTOR VEHICLE THEFT","38.9133383235","-77.008693883",46,132,178,1090,1025,2115,849,759,1608
8701,"THEFT/OTHER","38.9166355136","-77.0065495409",46,132,178,1090,1025,2115,849,759,1608
8701,"THEFT F/AUTO","38.916977753","-77.0078064445",46,132,178,1090,1025,2115,849,759,1608
8701,"THEFT/OTHER","38.915563531","-77.0063880126",46,132,178,1090,1025,2115,849,759,1608
8701,"THEFT/OTHER","38.9118520211","-77.007644462",46,132,178,1090,1025,2115,849,759,1608
8701,"THEFT/OTHER","38.9155636265","-77.0043009543",46,132,178,1090,1025,2115,849,759,1608
8701,"ROBBERY","38.9137076381","-77.0090513707",46,132,178,1090,1025,2115,849,759,1608
8701,"THEFT/OTHER","38.9100503729","-77.0073329638",46,132,178,1090,1025,2115,849,759,1608
8701,"THEFT/OTHER","38.9166281407","-77.0090417095",46,132,178,1090,1025,2115,849,759,1608
8701,"THEFT/OTHER","38.9100503729","-77.0073329638",46,132,178,1090,1025,2115,849,759,1608
8701,"THEFT F/AUTO","38.9155636265","-77.0043009543",46,132,178,1090,1025,2115,849,759,1608
8701,"MOTOR VEHICLE THEFT","38.9169959512","-77.0043010407",46,132,178,1090,1025,2115,849,759,1608
8701,"MOTOR VEHICLE THEFT","38.9137076995","-77.0082211813",46,132,178,1090,1025,2115,849,759,1608
8701,"ROBBERY","38.9125907109","-77.0075522993",46,132,178,1090,1025,2115,849,759,1608
8701,"MOTOR VEHICLE THEFT","38.9180949627","-77.0044279493",46,132,178,1090,1025,2115,849,759,1608
8701,"THEFT/OTHER","38.9180949627","-77.0044279493",46,132,178,1090,1025,2115,849,759,1608
8701,"MOTOR VEHICLE THEFT","38.9184012459","-77.0044279683",46,132,178,1090,1025,2115,849,759,1608
8701,"THEFT F/AUTO","38.9100503729","-77.0073329638",46,132,178,1090,1025,2115,849,759,1608
8701,"ASSAULT W/DANGEROUS WEAPON","38.9125908271","-77.0054653281",46,132,178,1090,1025,2115,849,759,1608
8701,"THEFT/OTHER","38.9128610215","-77.0065491943",46,132,178,1090,1025,2115,849,759,1608
8701,"THEFT F/AUTO","38.9166281407","-77.0090417095",46,132,178,1090,1025,2115,849,759,1608
8701,"THEFT/OTHER","38.9166281407","-77.0090417095",46,132,178,1090,1025,2115,849,759,1608
8701,"MOTOR VEHICLE THEFT","38.9169959512","-77.0043010407",46,132,178,1090,1025,2115,849,759,1608
8701,"THEFT/OTHER","38.9128610215","-77.0065491943",46,132,178,1090,1025,2115,849,759,1608
8701,"THEFT F/AUTO","38.9169959512","-77.0043010407",46,132,178,1090,1025,2115,849,759,1608
8701,"MOTOR VEHICLE THEFT","38.912221527","-77.0044852355",46,132,178,1090,1025,2115,849,759,1608
8701,"MOTOR VEHICLE THEFT","38.9118521385","-77.0055690424",46,132,178,1090,1025,2115,849,759,1608
8701,"ROBBERY","38.9125907109","-77.0075522993",46,132,178,1090,1025,2115,849,759,1608
8701,"THEFT F/AUTO","38.915563531","-77.0063880126",46,132,178,1090,1025,2115,849,759,1608
8701,"MOTOR VEHICLE THEFT","38.916635586","-77.0050966498",46,132,178,1090,1025,2115,849,759,1608
8701,"THEFT/OTHER","38.9166281407","-77.0090417095",46,132,178,1090,1025,2115,849,759,1608
8701,"THEFT/OTHER","38.9125907109","-77.0075522993",46,132,178,1090,1025,2115,849,759,1608
8701,"THEFT F/AUTO","38.9155636265","-77.0043009543",46,132,178,1090,1025,2115,849,759,1608
8701,"ROBBERY","38.915563531","-77.0063880126",46,132,178,1090,1025,2115,849,759,1608
8701,"ROBBERY","38.9155636265","-77.0043009543",46,132,178,1090,1025,2115,849,759,1608
8701,"MOTOR VEHICLE THEFT","38.9162752188","-77.0058230659",46,132,178,1090,1025,2115,849,759,1608
8701,"ROBBERY","38.9128610215","-77.0065491943",46,132,178,1090,1025,2115,849,759,1608
8701,"THEFT F/AUTO","38.9111134496","-77.0056727547",46,132,178,1090,1025,2115,849,759,1608
8701,"THEFT/OTHER","38.9118520211","-77.007644462",46,132,178,1090,1025,2115,849,759,1608
8701,"THEFT/OTHER","38.9166354649","-77.0073682335",46,132,178,1090,1025,2115,849,759,1608
8701,"MOTOR VEHICLE THEFT","38.9166281407","-77.0090417095",46,132,178,1090,1025,2115,849,759,1608
8701,"ROBBERY","38.9169959512","-77.0043010407",46,132,178,1090,1025,2115,849,759,1608
8701,"THEFT F/AUTO","38.915563531","-77.0063880126",46,132,178,1090,1025,2115,849,759,1608
8701,"THEFT F/AUTO","38.9155634058","-77.0083712944",46,132,178,1090,1025,2115,849,759,1608
8701,"THEFT/OTHER","38.9100503729","-77.0073329638",46,132,178,1090,1025,2115,849,759,1608
8701,"MOTOR VEHICLE THEFT","38.9175544677","-77.0043010744",46,132,178,1090,1025,2115,849,759,1608
8701,"THEFT/OTHER","38.9137144847","-77.0090488349",46,132,178,1090,1025,2115,849,759,1608
8701,"THEFT/OTHER","38.9100503729","-77.0073329638",46,132,178,1090,1025,2115,849,759,1608
8701,"ROBBERY","38.9155636265","-77.0043009543",46,132,178,1090,1025,2115,849,759,1608
8701,"ASSAULT W/DANGEROUS WEAPON","38.9175544677","-77.0043010744",46,132,178,1090,1025,2115,849,759,1608
8701,"MOTOR VEHICLE THEFT","38.915563531","-77.0063880126",46,132,178,1090,1025,2115,849,759,1608
8701,"THEFT/OTHER","38.915563531","-77.0063880126",46,132,178,1090,1025,2115,849,759,1608
8701,"THEFT/OTHER","38.9111043182","-77.0078058017",46,132,178,1090,1025,2115,849,759,1608
8701,"THEFT F/AUTO","38.9125908271","-77.0054653281",46,132,178,1090,1025,2115,849,759,1608
8701,"THEFT F/AUTO","38.9177705803","-77.0062383064",46,132,178,1090,1025,2115,849,759,1608
8701,"MOTOR VEHICLE THEFT","38.915563531","-77.0063880126",46,132,178,1090,1025,2115,849,759,1608
8701,"THEFT F/AUTO","38.9166281407","-77.0090417095",46,132,178,1090,1025,2115,849,759,1608
8701,"THEFT F/AUTO","38.915563531","-77.0063880126",46,132,178,1090,1025,2115,849,759,1608
8701,"THEFT/OTHER","38.9105727737","-77.0085551871",46,132,178,1090,1025,2115,849,759,1608
8701,"ASSAULT W/DANGEROUS WEAPON","38.9166281407","-77.0090417095",46,132,178,1090,1025,2115,849,759,1608
8701,"MOTOR VEHICLE THEFT","38.9105727737","-77.0085551871",46,132,178,1090,1025,2115,849,759,1608
8701,"MOTOR VEHICLE THEFT","38.9098883402","-77.005130757",46,132,178,1090,1025,2115,849,759,1608
8701,"ASSAULT W/DANGEROUS WEAPON","38.915563531","-77.0063880126",46,132,178,1090,1025,2115,849,759,1608
8701,"THEFT F/AUTO","38.9169959512","-77.0043010407",46,132,178,1090,1025,2115,849,759,1608
8701,"THEFT/OTHER","38.9166281407","-77.0090417095",46,132,178,1090,1025,2115,849,759,1608
8701,"THEFT F/AUTO","38.9162841619","-77.0070107417",46,132,178,1090,1025,2115,849,759,1608
8701,"THEFT/OTHER","38.9162752847","-77.0043009972",46,132,178,1090,1025,2115,849,759,1608
8701,"ASSAULT W/DANGEROUS WEAPON","38.9169958853","-77.0058231248",46,132,178,1090,1025,2115,849,759,1608
8701,"MOTOR VEHICLE THEFT","38.9162750763","-77.0081984156",46,132,178,1090,1025,2115,849,759,1608
8701,"THEFT F/AUTO","38.9122214295","-77.0065491356",46,132,178,1090,1025,2115,849,759,1608
8701,"THEFT/OTHER","38.9133383235","-77.008693883",46,132,178,1090,1025,2115,849,759,1608
8702,"SEX ABUSE","38.919464311","-77.000576567",71,132,203,1715,1126,2841,1148,860,2008
8702,"ROBBERY","38.9111135326","-77.0035742966",71,132,203,1715,1126,2841,1148,860,2008
8702,"THEFT/OTHER","38.920932635","-76.9971632321",71,132,203,1715,1126,2841,1148,860,2008
8702,"THEFT/OTHER","38.9111135326","-77.0035742966",71,132,203,1715,1126,2841,1148,860,2008
8702,"THEFT F/AUTO","38.9111135326","-77.0035742966",71,132,203,1715,1126,2841,1148,860,2008
8702,"MOTOR VEHICLE THEFT","38.915185338","-77.0020293939",71,132,203,1715,1126,2841,1148,860,2008
8702,"ROBBERY","38.9199327454","-77.0000576571",71,132,203,1715,1126,2841,1148,860,2008
8702,"THEFT F/AUTO","38.9084560712","-77.003585693",71,132,203,1715,1126,2841,1148,860,2008
8702,"BURGLARY","38.9199327454","-77.0000576571",71,132,203,1715,1126,2841,1148,860,2008
8702,"THEFT F/AUTO","38.9140682891","-77.0027788425",71,132,203,1715,1126,2841,1148,860,2008
8702,"THEFT F/AUTO","38.9111135326","-77.0035742966",71,132,203,1715,1126,2841,1148,860,2008
8702,"THEFT F/AUTO","38.9189778297","-77.0027790338",71,132,203,1715,1126,2841,1148,860,2008
8702,"THEFT/OTHER","38.912221527","-77.0044852355",71,132,203,1715,1126,2841,1148,860,2008
8702,"THEFT/OTHER","38.9166356442","-77.003516919",71,132,203,1715,1126,2841,1148,860,2008
8702,"THEFT F/AUTO","38.9166356442","-77.003516919",71,132,203,1715,1126,2841,1148,860,2008
8702,"THEFT/OTHER","38.915185338","-77.0020293939",71,132,203,1715,1126,2841,1148,860,2008
8702,"ROBBERY","38.9180950136","-77.0027789994",71,132,203,1715,1126,2841,1148,860,2008
8702,"THEFT F/AUTO","38.9084560712","-77.003585693",71,132,203,1715,1126,2841,1148,860,2008
8702,"ASSAULT W/DANGEROUS WEAPON","38.9084560712","-77.003585693",71,132,203,1715,1126,2841,1148,860,2008
8702,"MOTOR VEHICLE THEFT","38.9181040477","-77.0013030165",71,132,203,1715,1126,2841,1148,860,2008
8702,"THEFT F/AUTO","38.9199327454","-77.0000576571",71,132,203,1715,1126,2841,1148,860,2008
8702,"THEFT F/AUTO","38.9175455371","-77.0005765515",71,132,203,1715,1126,2841,1148,860,2008
8702,"THEFT F/AUTO","38.9186715618","-77.0020410244",71,132,203,1715,1126,2841,1148,860,2008
8702,"BURGLARY","38.9199327454","-77.0000576571",71,132,203,1715,1126,2841,1148,860,2008
8702,"ASSAULT W/DANGEROUS WEAPON","38.9186355449","-77.0005765603",71,132,203,1715,1126,2841,1148,860,2008
8702,"THEFT F/AUTO","38.9175455207","-77.0020409921",71,132,203,1715,1126,2841,1148,860,2008
8702,"MOTOR VEHICLE THEFT","38.9159510625","-77.0005765386",71,132,203,1715,1126,2841,1148,860,2008
8702,"BURGLARY","38.9125909219","-77.0027787849",71,132,203,1715,1126,2841,1148,860,2008
8702,"MOTOR VEHICLE THEFT","38.9111135326","-77.0035742966",71,132,203,1715,1126,2841,1148,860,2008
8702,"ASSAULT W/DANGEROUS WEAPON","38.9162753566","-77.0013029831",71,132,203,1715,1126,2841,1148,860,2008
8702,"MOTOR VEHICLE THEFT","38.9155636726","-77.0027789008",71,132,203,1715,1126,2841,1148,860,2008
8702,"MOTOR VEHICLE THEFT","38.9125909219","-77.0027787849",71,132,203,1715,1126,2841,1148,860,2008
8702,"THEFT/OTHER","38.9166356442","-77.003516919",71,132,203,1715,1126,2841,1148,860,2008
8702,"THEFT F/AUTO","38.9125909219","-77.0027787849",71,132,203,1715,1126,2841,1148,860,2008
8702,"ASSAULT W/DANGEROUS WEAPON","38.9168699128","-76.9995272323",71,132,203,1715,1126,2841,1148,860,2008
8702,"THEFT F/AUTO","38.9084560712","-77.003585693",71,132,203,1715,1126,2841,1148,860,2008
8702,"THEFT F/AUTO","38.9084560712","-77.003585693",71,132,203,1715,1126,2841,1148,860,2008
8702,"MOTOR VEHICLE THEFT","38.9166356793","-77.0020409661",71,132,203,1715,1126,2841,1148,860,2008
8702,"MOTOR VEHICLE THEFT","38.9186355454","-76.9995272206",71,132,203,1715,1126,2841,1148,860,2008
8702,"THEFT F/AUTO","38.9166356793","-77.0020409661",71,132,203,1715,1126,2841,1148,860,2008
8702,"ROBBERY","38.9181040477","-77.0013030165",71,132,203,1715,1126,2841,1148,860,2008
8702,"THEFT F/AUTO","38.915185338","-77.0020293939",71,132,203,1715,1126,2841,1148,860,2008
8702,"THEFT/OTHER","38.919464311","-77.000576567",71,132,203,1715,1126,2841,1148,860,2008
8702,"THEFT F/AUTO","38.9133296056","-77.0027788137",71,132,203,1715,1126,2841,1148,860,2008
8702,"MOTOR VEHICLE THEFT","38.9129692873","-77.0020408612",71,132,203,1715,1126,2841,1148,860,2008
8702,"THEFT F/AUTO","38.9169870148","-77.0013029961",71,132,203,1715,1126,2841,1148,860,2008
8702,"THEFT F/AUTO","38.9166356793","-77.0020409661",71,132,203,1715,1126,2841,1148,860,2008
8702,"THEFT F/AUTO","38.9084560712","-77.003585693",71,132,203,1715,1126,2841,1148,860,2008
8702,"BURGLARY","38.919644478","-76.9995272139",71,132,203,1715,1126,2841,1148,860,2008
8702,"THEFT F/AUTO","38.9129602439","-77.0035167377",71,132,203,1715,1126,2841,1148,860,2008
8702,"ROBBERY","38.9129692873","-77.0020408612",71,132,203,1715,1126,2841,1148,860,2008
8702,"THEFT F/AUTO","38.9181040477","-77.0013030165",71,132,203,1715,1126,2841,1148,860,2008
8702,"THEFT F/AUTO","38.9159510625","-77.0005765386",71,132,203,1715,1126,2841,1148,860,2008
8702,"THEFT/OTHER","38.9155636985","-77.0012914394",71,132,203,1715,1126,2841,1148,860,2008
8702,"MOTOR VEHICLE THEFT","38.9111135326","-77.0035742966",71,132,203,1715,1126,2841,1148,860,2008
8702,"MOTOR VEHICLE THEFT","38.9111135326","-77.0035742966",71,132,203,1715,1126,2841,1148,860,2008
8702,"MOTOR VEHICLE THEFT","38.9159150128","-77.0020409455",71,132,203,1715,1126,2841,1148,860,2008
8702,"THEFT F/AUTO","38.9181040477","-77.0013030165",71,132,203,1715,1126,2841,1148,860,2008
8702,"THEFT/OTHER","38.9125909219","-77.0027787849",71,132,203,1715,1126,2841,1148,860,2008
8702,"MOTOR VEHICLE THEFT","38.9111135326","-77.0035742966",71,132,203,1715,1126,2841,1148,860,2008
8702,"ASSAULT W/DANGEROUS WEAPON","38.9144466544","-77.0020409035",71,132,203,1715,1126,2841,1148,860,2008
8702,"THEFT F/AUTO","38.9144466193","-77.003516811",71,132,203,1715,1126,2841,1148,860,2008
8702,"MOTOR VEHICLE THEFT","38.9181040477","-77.0013030165",71,132,203,1715,1126,2841,1148,860,2008
8702,"THEFT/OTHER","38.912221527","-77.0044852355",71,132,203,1715,1126,2841,1148,860,2008
8702,"THEFT F/AUTO","38.9186715618","-77.0020410244",71,132,203,1715,1126,2841,1148,860,2008
8702,"THEFT/OTHER","38.9175455371","-77.0005765515",71,132,203,1715,1126,2841,1148,860,2008
8702,"MOTOR VEHICLE THEFT","38.9166356442","-77.003516919",71,132,203,1715,1126,2841,1148,860,2008
8702,"THEFT/OTHER","38.911482835","-77.0046927299",71,132,203,1715,1126,2841,1148,860,2008
8702,"MOTOR VEHICLE THEFT","38.9111135326","-77.0035742966",71,132,203,1715,1126,2841,1148,860,2008
8702,"THEFT F/AUTO","38.9186715618","-77.0020410244",71,132,203,1715,1126,2841,1148,860,2008
8702,"THEFT F/AUTO","38.911482835","-77.0046927299",71,132,203,1715,1126,2841,1148,860,2008
8702,"THEFT F/AUTO","38.9186715618","-77.0020410244",71,132,203,1715,1126,2841,1148,860,2008
8702,"THEFT/OTHER","38.9084560712","-77.003585693",71,132,203,1715,1126,2841,1148,860,2008
8702,"MOTOR VEHICLE THEFT","38.9140773231","-77.0013144734",71,132,203,1715,1126,2841,1148,860,2008
8702,"THEFT F/AUTO","38.9111135326","-77.0035742966",71,132,203,1715,1126,2841,1148,860,2008
8702,"THEFT F/AUTO","38.9111135326","-77.0035742966",71,132,203,1715,1126,2841,1148,860,2008
8702,"THEFT F/AUTO","38.9186355449","-77.0005765603",71,132,203,1715,1126,2841,1148,860,2008
8702,"THEFT F/AUTO","38.9111135326","-77.0035742966",71,132,203,1715,1126,2841,1148,860,2008
8702,"THEFT/OTHER","38.919464311","-77.000576567",71,132,203,1715,1126,2841,1148,860,2008
8702,"MOTOR VEHICLE THEFT","38.914825015","-77.0013029566",71,132,203,1715,1126,2841,1148,860,2008
8702,"ASSAULT W/DANGEROUS WEAPON","38.9125909219","-77.0027787849",71,132,203,1715,1126,2841,1148,860,2008
8702,"THEFT/OTHER","38.9133296056","-77.0027788137",71,132,203,1715,1126,2841,1148,860,2008
8702,"THEFT F/AUTO","38.9140682891","-77.0027788425",71,132,203,1715,1126,2841,1148,860,2008
8702,"THEFT/OTHER","38.9084560712","-77.003585693",71,132,203,1715,1126,2841,1148,860,2008
8702,"THEFT/OTHER","38.9166356957","-77.0005765441",71,132,203,1715,1126,2841,1148,860,2008
8702,"THEFT F/AUTO","38.9159150128","-77.0020409455",71,132,203,1715,1126,2841,1148,860,2008
8702,"ROBBERY","38.912221527","-77.0044852355",71,132,203,1715,1126,2841,1148,860,2008
8702,"THEFT F/AUTO","38.9084560712","-77.003585693",71,132,203,1715,1126,2841,1148,860,2008
8702,"MOTOR VEHICLE THEFT","38.9140682891","-77.0027788425",71,132,203,1715,1126,2841,1148,860,2008
8702,"THEFT/OTHER","38.911482835","-77.0046927299",71,132,203,1715,1126,2841,1148,860,2008
8702,"THEFT F/AUTO","38.9133296056","-77.0027788137",71,132,203,1715,1126,2841,1148,860,2008
8702,"THEFT/OTHER","38.9125998967","-77.0039433385",71,132,203,1715,1126,2841,1148,860,2008
8702,"THEFT F/AUTO","38.9140773231","-77.0013144734",71,132,203,1715,1126,2841,1148,860,2008
8702,"MOTOR VEHICLE THEFT","38.915185338","-77.0020293939",71,132,203,1715,1126,2841,1148,860,2008
8702,"ROBBERY","38.9080777444","-77.0027094321",71,132,203,1715,1126,2841,1148,860,2008
8702,"THEFT/OTHER","38.920932635","-76.9971632321",71,132,203,1715,1126,2841,1148,860,2008
8702,"THEFT/OTHER","38.9111135326","-77.0035742966",71,132,203,1715,1126,2841,1148,860,2008
8702,"THEFT F/AUTO","38.9137079709","-77.0020408823",71,132,203,1715,1126,2841,1148,860,2008
8702,"BURGLARY","38.9199327454","-77.0000576571",71,132,203,1715,1126,2841,1148,860,2008
8702,"THEFT F/AUTO","38.918104055","-77.0000461245",71,132,203,1715,1126,2841,1148,860,2008
8702,"THEFT/OTHER","38.920932635","-76.9971632321",71,132,203,1715,1126,2841,1148,860,2008
8702,"THEFT F/AUTO","38.9098883402","-77.005130757",71,132,203,1715,1126,2841,1148,860,2008
8702,"ROBBERY","38.918104055","-77.0000461245",71,132,203,1715,1126,2841,1148,860,2008
8702,"THEFT F/AUTO","38.9111135326","-77.0035742966",71,132,203,1715,1126,2841,1148,860,2008
8702,"THEFT/OTHER","38.91176217","-77.0020408266",71,132,203,1715,1126,2841,1148,860,2008
8702,"THEFT F/AUTO","38.9144556791","-77.0005765265",71,132,203,1715,1126,2841,1148,860,2008
8702,"THEFT F/AUTO","38.9166356793","-77.0020409661",71,132,203,1715,1126,2841,1148,860,2008
8702,"THEFT/OTHER","38.920932635","-76.9971632321",71,132,203,1715,1126,2841,1148,860,2008
8702,"THEFT F/AUTO","38.9111135326","-77.0035742966",71,132,203,1715,1126,2841,1148,860,2008
8702,"MOTOR VEHICLE THEFT","38.919644478","-76.9995272139",71,132,203,1715,1126,2841,1148,860,2008
8702,"MOTOR VEHICLE THEFT","38.9111135326","-77.0035742966",71,132,203,1715,1126,2841,1148,860,2008
8702,"THEFT F/AUTO","38.91176217","-77.0020408266",71,132,203,1715,1126,2841,1148,860,2008
8702,"THEFT F/AUTO","38.9111135326","-77.0035742966",71,132,203,1715,1126,2841,1148,860,2008
8702,"MOTOR VEHICLE THEFT","38.9084560712","-77.003585693",71,132,203,1715,1126,2841,1148,860,2008
8702,"THEFT/OTHER","38.9125909219","-77.0027787849",71,132,203,1715,1126,2841,1148,860,2008
8702,"THEFT/OTHER","38.9199327454","-77.0000576571",71,132,203,1715,1126,2841,1148,860,2008
8702,"THEFT F/AUTO","38.9140773231","-77.0013144734",71,132,203,1715,1126,2841,1148,860,2008
8702,"THEFT F/AUTO","38.9166356793","-77.0020409661",71,132,203,1715,1126,2841,1148,860,2008
8702,"ASSAULT W/DANGEROUS WEAPON","38.9125909219","-77.0027787849",71,132,203,1715,1126,2841,1148,860,2008
8702,"ASSAULT W/DANGEROUS WEAPON","38.9155636985","-77.0012914394",71,132,203,1715,1126,2841,1148,860,2008
8702,"THEFT F/AUTO","38.9129602439","-77.0035167377",71,132,203,1715,1126,2841,1148,860,2008
8702,"ASSAULT W/DANGEROUS WEAPON","38.9111135326","-77.0035742966",71,132,203,1715,1126,2841,1148,860,2008
8702,"THEFT/OTHER","38.9175455371","-77.0005765515",71,132,203,1715,1126,2841,1148,860,2008
8702,"THEFT F/AUTO","38.9175455207","-77.0020409921",71,132,203,1715,1126,2841,1148,860,2008
8702,"THEFT F/AUTO","38.9111135326","-77.0035742966",71,132,203,1715,1126,2841,1148,860,2008
8702,"MOTOR VEHICLE THEFT","38.919644478","-76.9995272139",71,132,203,1715,1126,2841,1148,860,2008
8702,"MOTOR VEHICLE THEFT","38.9186355449","-77.0005765603",71,132,203,1715,1126,2841,1148,860,2008
8702,"THEFT F/AUTO","38.9186715618","-77.0020410244",71,132,203,1715,1126,2841,1148,860,2008
8702,"THEFT/OTHER","38.9111135326","-77.0035742966",71,132,203,1715,1126,2841,1148,860,2008
8702,"ASSAULT W/DANGEROUS WEAPON","38.920932635","-76.9971632321",71,132,203,1715,1126,2841,1148,860,2008
8702,"MOTOR VEHICLE THEFT","38.9111135326","-77.0035742966",71,132,203,1715,1126,2841,1148,860,2008
8702,"ROBBERY","38.912221527","-77.0044852355",71,132,203,1715,1126,2841,1148,860,2008
8702,"THEFT F/AUTO","38.9111135326","-77.0035742966",71,132,203,1715,1126,2841,1148,860,2008
8702,"THEFT F/AUTO","38.9111135326","-77.0035742966",71,132,203,1715,1126,2841,1148,860,2008
8702,"THEFT F/AUTO","38.9129692873","-77.0020408612",71,132,203,1715,1126,2841,1148,860,2008
8702,"MOTOR VEHICLE THEFT","38.9111135326","-77.0035742966",71,132,203,1715,1126,2841,1148,860,2008
8702,"BURGLARY","38.9199327454","-77.0000576571",71,132,203,1715,1126,2841,1148,860,2008
8702,"THEFT/OTHER","38.9166356793","-77.0020409661",71,132,203,1715,1126,2841,1148,860,2008
8702,"MOTOR VEHICLE THEFT","38.9186715618","-77.0020410244",71,132,203,1715,1126,2841,1148,860,2008
8702,"THEFT F/AUTO","38.9140773231","-77.0013144734",71,132,203,1715,1126,2841,1148,860,2008
8702,"THEFT/OTHER","38.9084560712","-77.003585693",71,132,203,1715,1126,2841,1148,860,2008
8702,"THEFT F/AUTO","38.9155636726","-77.0027789008",71,132,203,1715,1126,2841,1148,860,2008
8702,"THEFT F/AUTO","38.9111135326","-77.0035742966",71,132,203,1715,1126,2841,1148,860,2008
8702,"ROBBERY","38.9129602439","-77.0035167377",71,132,203,1715,1126,2841,1148,860,2008
8702,"BURGLARY","38.9111135326","-77.0035742966",71,132,203,1715,1126,2841,1148,860,2008
8702,"THEFT F/AUTO","38.9111135326","-77.0035742966",71,132,203,1715,1126,2841,1148,860,2008
8702,"MOTOR VEHICLE THEFT","38.9155636726","-77.0027789008",71,132,203,1715,1126,2841,1148,860,2008
8702,"THEFT F/AUTO","38.9111135326","-77.0035742966",71,132,203,1715,1126,2841,1148,860,2008
8702,"THEFT/OTHER","38.920932635","-76.9971632321",71,132,203,1715,1126,2841,1148,860,2008
8702,"MOTOR VEHICLE THEFT","38.9125909219","-77.0027787849",71,132,203,1715,1126,2841,1148,860,2008
8702,"THEFT/OTHER","38.9159510625","-77.0005765386",71,132,203,1715,1126,2841,1148,860,2008
8702,"THEFT F/AUTO","38.9175455371","-77.0005765515",71,132,203,1715,1126,2841,1148,860,2008
8702,"THEFT F/AUTO","38.9111135326","-77.0035742966",71,132,203,1715,1126,2841,1148,860,2008
8702,"THEFT/OTHER","38.9111135326","-77.0035742966",71,132,203,1715,1126,2841,1148,860,2008
8702,"THEFT F/AUTO","38.9111135326","-77.0035742966",71,132,203,1715,1126,2841,1148,860,2008
8702,"BURGLARY","38.9180950136","-77.0027789994",71,132,203,1715,1126,2841,1148,860,2008
8702,"THEFT F/AUTO","38.9111135326","-77.0035742966",71,132,203,1715,1126,2841,1148,860,2008
8702,"THEFT/OTHER","38.9084560712","-77.003585693",71,132,203,1715,1126,2841,1148,860,2008
8702,"THEFT F/AUTO","38.9111135326","-77.0035742966",71,132,203,1715,1126,2841,1148,860,2008
8702,"ROBBERY","38.9175455207","-77.0020409921",71,132,203,1715,1126,2841,1148,860,2008
8702,"THEFT F/AUTO","38.9133386383","-77.0014182329",71,132,203,1715,1126,2841,1148,860,2008
8702,"THEFT F/AUTO","38.9144466193","-77.003516811",71,132,203,1715,1126,2841,1148,860,2008
8702,"MOTOR VEHICLE THEFT","38.9111135326","-77.0035742966",71,132,203,1715,1126,2841,1148,860,2008
8702,"THEFT/OTHER","38.9175455371","-77.0005765515",71,132,203,1715,1126,2841,1148,860,2008
8702,"THEFT/OTHER","38.9155636726","-77.0027789008",71,132,203,1715,1126,2841,1148,860,2008
8702,"BURGLARY","38.9175455207","-77.0020409921",71,132,203,1715,1126,2841,1148,860,2008
8702,"THEFT F/AUTO","38.9133296056","-77.0027788137",71,132,203,1715,1126,2841,1148,860,2008
8702,"BURGLARY","38.912221527","-77.0044852355",71,132,203,1715,1126,2841,1148,860,2008
8702,"THEFT F/AUTO","38.9080777444","-77.0027094321",71,132,203,1715,1126,2841,1148,860,2008
8702,"THEFT F/AUTO","38.9168699128","-76.9995272323",71,132,203,1715,1126,2841,1148,860,2008
8702,"THEFT F/AUTO","38.914825015","-77.0013029566",71,132,203,1715,1126,2841,1148,860,2008
8802,"ASSAULT W/DANGEROUS WEAPON","38.901753283","-76.9878605145",171,151,322,1475,1776,3251,755,692,1447
8802,"ASSAULT W/DANGEROUS WEAPON","38.9054281338","-76.9833404936",171,151,322,1475,1776,3251,755,692,1447
8802,"MOTOR VEHICLE THEFT","38.9012751773","-76.9826151743",171,151,322,1475,1776,3251,755,692,1447
8802,"ASSAULT W/DANGEROUS WEAPON","38.9059242951","-76.9893470651",171,151,322,1475,1776,3251,755,692,1447
8802,"THEFT F/AUTO","38.9022754341","-76.9849898141",171,151,322,1475,1776,3251,755,692,1447
8802,"THEFT F/AUTO","38.902842558","-76.9821305889",171,151,322,1475,1776,3251,755,692,1447
8802,"THEFT/OTHER","38.9022029472","-76.9820154637",171,151,322,1475,1776,3251,755,692,1447
8802,"THEFT/OTHER","38.9057349997","-76.9881019484",171,151,322,1475,1776,3251,755,692,1447
8802,"ROBBERY","38.9059242951","-76.9893470651",171,151,322,1475,1776,3251,755,692,1447
8802,"THEFT/OTHER","38.9036623182","-76.9821303836",171,151,322,1475,1776,3251,755,692,1447
8802,"THEFT/OTHER","38.9022398472","-76.9890017587",171,151,322,1475,1776,3251,755,692,1447
8802,"THEFT F/AUTO","38.9030415096","-76.9881715698",171,151,322,1475,1776,3251,755,692,1447
8802,"THEFT F/AUTO","38.9050595615","-76.9901196379",171,151,322,1475,1776,3251,755,692,1447
8802,"MOTOR VEHICLE THEFT","38.9059784732","-76.9908573768",171,151,322,1475,1776,3251,755,692,1447
8802,"THEFT/OTHER","38.9059242951","-76.9893470651",171,151,322,1475,1776,3251,755,692,1447
8802,"THEFT F/AUTO","38.9041221656","-76.9851393006",171,151,322,1475,1776,3251,755,692,1447
8802,"ASSAULT W/DANGEROUS WEAPON","38.9004464862","-76.9831456765",171,151,322,1475,1776,3251,755,692,1447
8802,"THEFT F/AUTO","38.9007440676","-76.9854166839",171,151,322,1475,1776,3251,755,692,1447
8802,"MOTOR VEHICLE THEFT","38.9031849978","-76.9829490414",171,151,322,1475,1776,3251,755,692,1447
8802,"THEFT F/AUTO","38.9035553161","-76.9920797368",171,151,322,1475,1776,3251,755,692,1447
8802,"THEFT F/AUTO","38.9051767978","-76.9917682729",171,151,322,1475,1776,3251,755,692,1447
8802,"THEFT/OTHER","38.9031942045","-76.9843670704",171,151,322,1475,1776,3251,755,692,1447
8802,"THEFT F/AUTO","38.9043110736","-76.9831678211",171,151,322,1475,1776,3251,755,692,1447
8802,"THEFT F/AUTO","38.9054195359","-76.9865225186",171,151,322,1475,1776,3251,755,692,1447
8802,"THEFT/OTHER","38.9022029472","-76.9820154637",171,151,322,1475,1776,3251,755,692,1447
8802,"MOTOR VEHICLE THEFT","38.9022398472","-76.9890017587",171,151,322,1475,1776,3251,755,692,1447
8802,"THEFT F/AUTO","38.9025816272","-76.984298033",171,151,322,1475,1776,3251,755,692,1447
8802,"THEFT/OTHER","38.9026363","-76.9899470443",171,151,322,1475,1776,3251,755,692,1447
8802,"THEFT F/AUTO","38.9051767978","-76.9917682729",171,151,322,1475,1776,3251,755,692,1447
8802,"MOTOR VEHICLE THEFT","38.9025908189","-76.9857275788",171,151,322,1475,1776,3251,755,692,1447
8802,"ARSON","38.9011582314","-76.9837449841",171,151,322,1475,1776,3251,755,692,1447
8802,"THEFT F/AUTO","38.9042038318","-76.9909037198",171,151,322,1475,1776,3251,755,692,1447
8802,"THEFT/OTHER","38.905950999","-76.9862687768",171,151,322,1475,1776,3251,755,692,1447
8802,"THEFT/OTHER","38.9016900592","-76.9863618247",171,151,322,1475,1776,3251,755,692,1447
8802,"THEFT F/AUTO","38.9026363","-76.9899470443",171,151,322,1475,1776,3251,755,692,1447
8802,"MOTOR VEHICLE THEFT","38.9037615492","-76.9830641916",171,151,322,1475,1776,3251,755,692,1447
8802,"BURGLARY","38.9048790769","-76.9868915481",171,151,322,1475,1776,3251,755,692,1447
8802,"THEFT/OTHER","38.9025908189","-76.9857275788",171,151,322,1475,1776,3251,755,692,1447
8802,"THEFT F/AUTO","38.9004106594","-76.9846443587",171,151,322,1475,1776,3251,755,692,1447
8802,"THEFT/OTHER","38.9022029472","-76.9820154637",171,151,322,1475,1776,3251,755,692,1447
8802,"ROBBERY","38.901753283","-76.9878605145",171,151,322,1475,1776,3251,755,692,1447
8802,"MOTOR VEHICLE THEFT","38.902076997","-76.9831337627",171,151,322,1475,1776,3251,755,692,1447
8802,"THEFT/OTHER","38.9004106594","-76.9846443587",171,151,322,1475,1776,3251,755,692,1447
8802,"ROBBERY","38.901753283","-76.9878605145",171,151,322,1475,1776,3251,755,692,1447
8802,"THEFT/OTHER","38.9043110736","-76.9831678211",171,151,322,1475,1776,3251,755,692,1447
8802,"THEFT/OTHER","38.905950999","-76.9862687768",171,151,322,1475,1776,3251,755,692,1447
8802,"MOTOR VEHICLE THEFT","38.9022029472","-76.9820154637",171,151,322,1475,1776,3251,755,692,1447
8802,"THEFT F/AUTO","38.9054195359","-76.9865225186",171,151,322,1475,1776,3251,755,692,1447
8802,"ASSAULT W/DANGEROUS WEAPON","38.9004464862","-76.9831456765",171,151,322,1475,1776,3251,755,692,1447
8802,"THEFT F/AUTO","38.905950999","-76.9862687768",171,151,322,1475,1776,3251,755,692,1447
8802,"THEFT F/AUTO","38.9030415096","-76.9881715698",171,151,322,1475,1776,3251,755,692,1447
8802,"ASSAULT W/DANGEROUS WEAPON","38.9042038318","-76.9909037198",171,151,322,1475,1776,3251,755,692,1447
8802,"ASSAULT W/DANGEROUS WEAPON","38.9022029472","-76.9820154637",171,151,322,1475,1776,3251,755,692,1447
8802,"THEFT/OTHER","38.9059784732","-76.9908573768",171,151,322,1475,1776,3251,755,692,1447
8802,"ASSAULT W/DANGEROUS WEAPON","38.9043920746","-76.9826605303",171,151,322,1475,1776,3251,755,692,1447
8802,"THEFT F/AUTO","38.903023734","-76.9908577555",171,151,322,1475,1776,3251,755,692,1447
8802,"THEFT F/AUTO","38.9050595615","-76.9901196379",171,151,322,1475,1776,3251,755,692,1447
8802,"THEFT/OTHER","38.9022029472","-76.9820154637",171,151,322,1475,1776,3251,755,692,1447
8802,"THEFT F/AUTO","38.9020054354","-76.9870995895",171,151,322,1475,1776,3251,755,692,1447
8802,"ASSAULT W/DANGEROUS WEAPON","38.9043751152","-76.9926791485",171,151,322,1475,1776,3251,755,692,1447
8802,"THEFT/OTHER","38.9043751152","-76.9926791485",171,151,322,1475,1776,3251,755,692,1447
8802,"THEFT F/AUTO","38.9016900592","-76.9863618247",171,151,322,1475,1776,3251,755,692,1447
8802,"THEFT/OTHER","38.9050143822","-76.9886093448",171,151,322,1475,1776,3251,755,692,1447
8802,"THEFT F/AUTO","38.9011582314","-76.9837449841",171,151,322,1475,1776,3251,755,692,1447
8802,"MOTOR VEHICLE THEFT","38.9038886778","-76.9928982461",171,151,322,1475,1776,3251,755,692,1447
8802,"MOTOR VEHICLE THEFT","38.9010682995","-76.9848747844",171,151,322,1475,1776,3251,755,692,1447
8802,"THEFT F/AUTO","38.9013746783","-76.9856240664",171,151,322,1475,1776,3251,755,692,1447
8802,"THEFT/OTHER","38.9022029472","-76.9820154637",171,151,322,1475,1776,3251,755,692,1447
8802,"MOTOR VEHICLE THEFT","38.905950999","-76.9862687768",171,151,322,1475,1776,3251,755,692,1447
8802,"THEFT F/AUTO","38.9010682995","-76.9848747844",171,151,322,1475,1776,3251,755,692,1447
8802,"THEFT/OTHER","38.9022029472","-76.9820154637",171,151,322,1475,1776,3251,755,692,1447
8802,"BURGLARY","38.9059242951","-76.9893470651",171,151,322,1475,1776,3251,755,692,1447
8802,"MOTOR VEHICLE THEFT","38.907599819","-76.9890355205",171,151,322,1475,1776,3251,755,692,1447
8802,"THEFT/OTHER","38.9022029472","-76.9820154637",171,151,322,1475,1776,3251,755,692,1447
8802,"ASSAULT W/DANGEROUS WEAPON","38.903023734","-76.9908577555",171,151,322,1475,1776,3251,755,692,1447
8802,"THEFT F/AUTO","38.9066090004","-76.9901540111",171,151,322,1475,1776,3251,755,692,1447
8802,"THEFT F/AUTO","38.9030415096","-76.9881715698",171,151,322,1475,1776,3251,755,692,1447
8802,"THEFT F/AUTO","38.903023734","-76.9908577555",171,151,322,1475,1776,3251,755,692,1447
8802,"THEFT F/AUTO","38.9042038318","-76.9909037198",171,151,322,1475,1776,3251,755,692,1447
8802,"MOTOR VEHICLE THEFT","38.9035553161","-76.9920797368",171,151,322,1475,1776,3251,755,692,1447
8802,"THEFT/OTHER","38.9038513078","-76.980954397",171,151,322,1475,1776,3251,755,692,1447
8802,"THEFT F/AUTO","38.9065995782","-76.9860841838",171,151,322,1475,1776,3251,755,692,1447
8802,"THEFT F/AUTO","38.9031942045","-76.9843670704",171,151,322,1475,1776,3251,755,692,1447
8802,"THEFT F/AUTO","38.9054195359","-76.9865225186",171,151,322,1475,1776,3251,755,692,1447
8802,"BURGLARY","38.9035095903","-76.9850817844",171,151,322,1475,1776,3251,755,692,1447
8802,"THEFT F/AUTO","38.9046174567","-76.9838710141",171,151,322,1475,1776,3251,755,692,1447
8802,"THEFT F/AUTO","38.9013746783","-76.9856240664",171,151,322,1475,1776,3251,755,692,1447
8802,"THEFT F/AUTO","38.9036623182","-76.9821303836",171,151,322,1475,1776,3251,755,692,1447
8802,"THEFT F/AUTO","38.9031858036","-76.9898777946",171,151,322,1475,1776,3251,755,692,1447
8802,"THEFT F/AUTO","38.9016900592","-76.9863618247",171,151,322,1475,1776,3251,755,692,1447
8802,"THEFT/OTHER","38.903023734","-76.9908577555",171,151,322,1475,1776,3251,755,692,1447
8802,"BURGLARY","38.9036623182","-76.9821303836",171,151,322,1475,1776,3251,755,692,1447
8802,"THEFT/OTHER","38.9046174567","-76.9838710141",171,151,322,1475,1776,3251,755,692,1447
8802,"THEFT F/AUTO","38.9030415096","-76.9881715698",171,151,322,1475,1776,3251,755,692,1447
8802,"THEFT F/AUTO","38.9031858036","-76.9898777946",171,151,322,1475,1776,3251,755,692,1447
8802,"THEFT/OTHER","38.9038513078","-76.980954397",171,151,322,1475,1776,3251,755,692,1447
8802,"ASSAULT W/DANGEROUS WEAPON","38.9016900592","-76.9863618247",171,151,322,1475,1776,3251,755,692,1447
8802,"THEFT/OTHER","38.9022029472","-76.9820154637",171,151,322,1475,1776,3251,755,692,1447
8802,"ROBBERY","38.902842558","-76.9821305889",171,151,322,1475,1776,3251,755,692,1447
8802,"THEFT F/AUTO","38.9035553161","-76.9920797368",171,151,322,1475,1776,3251,755,692,1447
8802,"THEFT/OTHER","38.9065995782","-76.9860841838",171,151,322,1475,1776,3251,755,692,1447
8802,"ROBBERY","38.9012751773","-76.9826151743",171,151,322,1475,1776,3251,755,692,1447
8802,"THEFT/OTHER","38.905950999","-76.9862687768",171,151,322,1475,1776,3251,755,692,1447
8802,"THEFT/OTHER","38.9022029472","-76.9820154637",171,151,322,1475,1776,3251,755,692,1447
8802,"THEFT F/AUTO","38.902076997","-76.9831337627",171,151,322,1475,1776,3251,755,692,1447
8802,"THEFT F/AUTO","38.9042038318","-76.9909037198",171,151,322,1475,1776,3251,755,692,1447
8802,"THEFT F/AUTO","38.902076997","-76.9831337627",171,151,322,1475,1776,3251,755,692,1447
8802,"THEFT/OTHER","38.9011582314","-76.9837449841",171,151,322,1475,1776,3251,755,692,1447
8802,"THEFT F/AUTO","38.9004464862","-76.9831456765",171,151,322,1475,1776,3251,755,692,1447
8802,"THEFT F/AUTO","38.9059784732","-76.9908573768",171,151,322,1475,1776,3251,755,692,1447
8802,"THEFT/OTHER","38.9022029472","-76.9820154637",171,151,322,1475,1776,3251,755,692,1447
8802,"THEFT/OTHER","38.9059242951","-76.9893470651",171,151,322,1475,1776,3251,755,692,1447
8802,"THEFT F/AUTO","38.905950999","-76.9862687768",171,151,322,1475,1776,3251,755,692,1447
8802,"ASSAULT W/DANGEROUS WEAPON","38.9035095903","-76.9850817844",171,151,322,1475,1776,3251,755,692,1447
8802,"ASSAULT W/DANGEROUS WEAPON","38.9016900592","-76.9863618247",171,151,322,1475,1776,3251,755,692,1447
8802,"THEFT F/AUTO","38.9041221656","-76.9851393006",171,151,322,1475,1776,3251,755,692,1447
8802,"THEFT F/AUTO","38.9046174567","-76.9838710141",171,151,322,1475,1776,3251,755,692,1447
8802,"THEFT/OTHER","38.9011582314","-76.9837449841",171,151,322,1475,1776,3251,755,692,1447
8802,"THEFT F/AUTO","38.9022754341","-76.9849898141",171,151,322,1475,1776,3251,755,692,1447
8802,"THEFT/OTHER","38.9064107052","-76.9889088817",171,151,322,1475,1776,3251,755,692,1447
8802,"THEFT F/AUTO","38.9042038318","-76.9909037198",171,151,322,1475,1776,3251,755,692,1447
8802,"ASSAULT W/DANGEROUS WEAPON","38.9040955905","-76.9892435785",171,151,322,1475,1776,3251,755,692,1447
8802,"THEFT F/AUTO","38.9059784732","-76.9908573768",171,151,322,1475,1776,3251,755,692,1447
8802,"THEFT/OTHER","38.9022029472","-76.9820154637",171,151,322,1475,1776,3251,755,692,1447
8802,"THEFT F/AUTO","38.9059784732","-76.9908573768",171,151,322,1475,1776,3251,755,692,1447
8802,"THEFT/OTHER","38.9022398472","-76.9890017587",171,151,322,1475,1776,3251,755,692,1447
8802,"THEFT/OTHER","38.9013746783","-76.9856240664",171,151,322,1475,1776,3251,755,692,1447
8802,"MOTOR VEHICLE THEFT","38.9028970164","-76.9850357979",171,151,322,1475,1776,3251,755,692,1447
8802,"ROBBERY","38.9073566193","-76.989312263",171,151,322,1475,1776,3251,755,692,1447
8802,"THEFT/OTHER","38.9022029472","-76.9820154637",171,151,322,1475,1776,3251,755,692,1447
8802,"ROBBERY","38.9011582314","-76.9837449841",171,151,322,1475,1776,3251,755,692,1447
8802,"THEFT F/AUTO","38.9025816272","-76.984298033",171,151,322,1475,1776,3251,755,692,1447
8802,"THEFT F/AUTO","38.905950999","-76.9862687768",171,151,322,1475,1776,3251,755,692,1447
8802,"THEFT F/AUTO","38.9031858036","-76.9898777946",171,151,322,1475,1776,3251,755,692,1447
8802,"THEFT F/AUTO","38.9065995782","-76.9860841838",171,151,322,1475,1776,3251,755,692,1447
8802,"ROBBERY","38.9030415096","-76.9881715698",171,151,322,1475,1776,3251,755,692,1447
8802,"THEFT/OTHER","38.9073566193","-76.989312263",171,151,322,1475,1776,3251,755,692,1447
8802,"THEFT/OTHER","38.9057349997","-76.9881019484",171,151,322,1475,1776,3251,755,692,1447
8802,"THEFT/OTHER","38.9048790769","-76.9868915481",171,151,322,1475,1776,3251,755,692,1447
8802,"THEFT/OTHER","38.9013746783","-76.9856240664",171,151,322,1475,1776,3251,755,692,1447
8802,"BURGLARY","38.9050595615","-76.9901196379",171,151,322,1475,1776,3251,755,692,1447
8802,"THEFT F/AUTO","38.9067798906","-76.9873638996",171,151,322,1475,1776,3251,755,692,1447
8802,"THEFT F/AUTO","38.905950999","-76.9862687768",171,151,322,1475,1776,3251,755,692,1447
8802,"MOTOR VEHICLE THEFT","38.9037615492","-76.9830641916",171,151,322,1475,1776,3251,755,692,1447
8802,"THEFT/OTHER","38.9030415096","-76.9881715698",171,151,322,1475,1776,3251,755,692,1447
8802,"THEFT/OTHER","38.9050143822","-76.9886093448",171,151,322,1475,1776,3251,755,692,1447
8802,"ASSAULT W/DANGEROUS WEAPON","38.9048790769","-76.9868915481",171,151,322,1475,1776,3251,755,692,1447
8802,"THEFT F/AUTO","38.9068971135","-76.9884706924",171,151,322,1475,1776,3251,755,692,1447
8802,"MOTOR VEHICLE THEFT","38.9043751152","-76.9926791485",171,151,322,1475,1776,3251,755,692,1447
8802,"THEFT F/AUTO","38.902076997","-76.9831337627",171,151,322,1475,1776,3251,755,692,1447
8802,"THEFT F/AUTO","38.9010682995","-76.9848747844",171,151,322,1475,1776,3251,755,692,1447
8802,"THEFT/OTHER","38.902076997","-76.9831337627",171,151,322,1475,1776,3251,755,692,1447
8802,"THEFT/OTHER","38.905950999","-76.9862687768",171,151,322,1475,1776,3251,755,692,1447
8802,"MOTOR VEHICLE THEFT","38.902842558","-76.9821305889",171,151,322,1475,1776,3251,755,692,1447
8802,"THEFT F/AUTO","38.9022754341","-76.9849898141",171,151,322,1475,1776,3251,755,692,1447
8802,"THEFT/OTHER","38.905950999","-76.9862687768",171,151,322,1475,1776,3251,755,692,1447
8802,"MOTOR VEHICLE THEFT","38.9046174567","-76.9838710141",171,151,322,1475,1776,3251,755,692,1447
8802,"BURGLARY","38.9022029472","-76.9820154637",171,151,322,1475,1776,3251,755,692,1447
8802,"THEFT/OTHER","38.9022029472","-76.9820154637",171,151,322,1475,1776,3251,755,692,1447
8802,"THEFT F/AUTO","38.9065995782","-76.9860841838",171,151,322,1475,1776,3251,755,692,1447
8802,"THEFT F/AUTO","38.9028878194","-76.9836293034",171,151,322,1475,1776,3251,755,692,1447
8802,"BURGLARY","38.9042038318","-76.9909037198",171,151,322,1475,1776,3251,755,692,1447
8802,"ROBBERY","38.9016900592","-76.9863618247",171,151,322,1475,1776,3251,755,692,1447
8802,"ROBBERY","38.9022029472","-76.9820154637",171,151,322,1475,1776,3251,755,692,1447
8802,"THEFT F/AUTO","38.9028878194","-76.9836293034",171,151,322,1475,1776,3251,755,692,1447
8802,"BURGLARY","38.9059242951","-76.9893470651",171,151,322,1475,1776,3251,755,692,1447
8802,"THEFT/OTHER","38.9042038318","-76.9909037198",171,151,322,1475,1776,3251,755,692,1447
8802,"THEFT/OTHER","38.9066090004","-76.9901540111",171,151,322,1475,1776,3251,755,692,1447
8802,"THEFT/OTHER","38.9022029472","-76.9820154637",171,151,322,1475,1776,3251,755,692,1447
8802,"THEFT/OTHER","38.9022029472","-76.9820154637",171,151,322,1475,1776,3251,755,692,1447
8802,"THEFT/OTHER","38.9059242951","-76.9893470651",171,151,322,1475,1776,3251,755,692,1447
8802,"THEFT/OTHER","38.9022029472","-76.9820154637",171,151,322,1475,1776,3251,755,692,1447
8802,"ROBBERY","38.9059784732","-76.9908573768",171,151,322,1475,1776,3251,755,692,1447
8802,"THEFT/OTHER","38.9022754341","-76.9849898141",171,151,322,1475,1776,3251,755,692,1447
8802,"THEFT F/AUTO","38.9019600445","-76.9842520558",171,151,322,1475,1776,3251,755,692,1447
8802,"THEFT F/AUTO","38.9066090004","-76.9901540111",171,151,322,1475,1776,3251,755,692,1447
8802,"ASSAULT W/DANGEROUS WEAPON","38.9019600445","-76.9842520558",171,151,322,1475,1776,3251,755,692,1447
8802,"THEFT/OTHER","38.9065995782","-76.9860841838",171,151,322,1475,1776,3251,755,692,1447
8802,"THEFT F/AUTO","38.9043751152","-76.9926791485",171,151,322,1475,1776,3251,755,692,1447
8802,"ASSAULT W/DANGEROUS WEAPON","38.9029061991","-76.9864653502",171,151,322,1475,1776,3251,755,692,1447
8802,"ROBBERY","38.9032027733","-76.9813696038",171,151,322,1475,1776,3251,755,692,1447
8802,"THEFT F/AUTO","38.9019600445","-76.9842520558",171,151,322,1475,1776,3251,755,692,1447
8802,"THEFT F/AUTO","38.9064107052","-76.9889088817",171,151,322,1475,1776,3251,755,692,1447
8802,"THEFT F/AUTO","38.9007440676","-76.9854166839",171,151,322,1475,1776,3251,755,692,1447
8802,"THEFT F/AUTO","38.9064107052","-76.9889088817",171,151,322,1475,1776,3251,755,692,1447
8802,"ROBBERY","38.9011582314","-76.9837449841",171,151,322,1475,1776,3251,755,692,1447
8802,"THEFT F/AUTO","38.9007440676","-76.9854166839",171,151,322,1475,1776,3251,755,692,1447
8802,"THEFT F/AUTO","38.903023734","-76.9908577555",171,151,322,1475,1776,3251,755,692,1447
8802,"THEFT F/AUTO","38.905950999","-76.9862687768",171,151,322,1475,1776,3251,755,692,1447
8802,"THEFT F/AUTO","38.9042038318","-76.9909037198",171,151,322,1475,1776,3251,755,692,1447
8802,"THEFT F/AUTO","38.9013746783","-76.9856240664",171,151,322,1475,1776,3251,755,692,1447
8802,"THEFT F/AUTO","38.9043751152","-76.9926791485",171,151,322,1475,1776,3251,755,692,1447
8802,"THEFT F/AUTO","38.901753283","-76.9878605145",171,151,322,1475,1776,3251,755,692,1447
8802,"THEFT F/AUTO","38.9068971135","-76.9884706924",171,151,322,1475,1776,3251,755,692,1447
8802,"THEFT F/AUTO","38.9059242951","-76.9893470651",171,151,322,1475,1776,3251,755,692,1447
8802,"MOTOR VEHICLE THEFT","38.9037615492","-76.9830641916",171,151,322,1475,1776,3251,755,692,1447
8802,"MOTOR VEHICLE THEFT","38.9065995782","-76.9860841838",171,151,322,1475,1776,3251,755,692,1447
8802,"THEFT/OTHER","38.9029061991","-76.9864653502",171,151,322,1475,1776,3251,755,692,1447
8802,"MOTOR VEHICLE THEFT","38.9048790769","-76.9868915481",171,151,322,1475,1776,3251,755,692,1447
8802,"THEFT/OTHER","38.9054195359","-76.9865225186",171,151,322,1475,1776,3251,755,692,1447
8802,"THEFT F/AUTO","38.9042038318","-76.9909037198",171,151,322,1475,1776,3251,755,692,1447
8802,"THEFT/OTHER","38.9013746783","-76.9856240664",171,151,322,1475,1776,3251,755,692,1447
8802,"THEFT/OTHER","38.9022029472","-76.9820154637",171,151,322,1475,1776,3251,755,692,1447
8802,"ROBBERY","38.9022029472","-76.9820154637",171,151,322,1475,1776,3251,755,692,1447
8802,"THEFT/OTHER","38.9022029472","-76.9820154637",171,151,322,1475,1776,3251,755,692,1447
8802,"THEFT/OTHER","38.9043110736","-76.9831678211",171,151,322,1475,1776,3251,755,692,1447
8802,"THEFT F/AUTO","38.9030415096","-76.9881715698",171,151,322,1475,1776,3251,755,692,1447
8802,"ASSAULT W/DANGEROUS WEAPON","38.9040955905","-76.9892435785",171,151,322,1475,1776,3251,755,692,1447
8802,"THEFT/OTHER","38.9022029472","-76.9820154637",171,151,322,1475,1776,3251,755,692,1447
8802,"THEFT/OTHER","38.9022029472","-76.9820154637",171,151,322,1475,1776,3251,755,692,1447
8802,"THEFT F/AUTO","38.9012751773","-76.9826151743",171,151,322,1475,1776,3251,755,692,1447
8802,"THEFT F/AUTO","38.9011582314","-76.9837449841",171,151,322,1475,1776,3251,755,692,1447
8802,"THEFT/OTHER","38.9022029472","-76.9820154637",171,151,322,1475,1776,3251,755,692,1447
8802,"THEFT/OTHER","38.9050143822","-76.9886093448",171,151,322,1475,1776,3251,755,692,1447
8802,"ASSAULT W/DANGEROUS WEAPON","38.9022754341","-76.9849898141",171,151,322,1475,1776,3251,755,692,1447
8802,"THEFT/OTHER","38.9022398472","-76.9890017587",171,151,322,1475,1776,3251,755,692,1447
8802,"THEFT/OTHER","38.9022029472","-76.9820154637",171,151,322,1475,1776,3251,755,692,1447
8802,"THEFT/OTHER","38.9036623182","-76.9821303836",171,151,322,1475,1776,3251,755,692,1447
8802,"THEFT/OTHER","38.9011582314","-76.9837449841",171,151,322,1475,1776,3251,755,692,1447
8802,"THEFT F/AUTO","38.9011582314","-76.9837449841",171,151,322,1475,1776,3251,755,692,1447
8802,"THEFT F/AUTO","38.9026363","-76.9899470443",171,151,322,1475,1776,3251,755,692,1447
8802,"THEFT F/AUTO","38.9064107052","-76.9889088817",171,151,322,1475,1776,3251,755,692,1447
8802,"THEFT/OTHER","38.9014379116","-76.987122749",171,151,322,1475,1776,3251,755,692,1447
8802,"ASSAULT W/DANGEROUS WEAPON","38.9019600445","-76.9842520558",171,151,322,1475,1776,3251,755,692,1447
8802,"ASSAULT W/DANGEROUS WEAPON","38.9022029472","-76.9820154637",171,151,322,1475,1776,3251,755,692,1447
8802,"ROBBERY","38.9059242951","-76.9893470651",171,151,322,1475,1776,3251,755,692,1447
8802,"THEFT/OTHER","38.9022029472","-76.9820154637",171,151,322,1475,1776,3251,755,692,1447
8802,"THEFT/OTHER","38.9022029472","-76.9820154637",171,151,322,1475,1776,3251,755,692,1447
8802,"THEFT/OTHER","38.9064107052","-76.9889088817",171,151,322,1475,1776,3251,755,692,1447
8802,"THEFT F/AUTO","38.9074105429","-76.9880094338",171,151,322,1475,1776,3251,755,692,1447
8802,"SEX ABUSE","38.9028878194","-76.9836293034",171,151,322,1475,1776,3251,755,692,1447
8802,"THEFT F/AUTO","38.9054195359","-76.9865225186",171,151,322,1475,1776,3251,755,692,1447
8802,"THEFT F/AUTO","38.9039602957","-76.9875373316",171,151,322,1475,1776,3251,755,692,1447
8802,"THEFT/OTHER","38.9022029472","-76.9820154637",171,151,322,1475,1776,3251,755,692,1447
8802,"THEFT/OTHER","38.9040679361","-76.9837904364",171,151,322,1475,1776,3251,755,692,1447
8802,"THEFT/OTHER","38.9022029472","-76.9820154637",171,151,322,1475,1776,3251,755,692,1447
8802,"THEFT/OTHER","38.902076997","-76.9831337627",171,151,322,1475,1776,3251,755,692,1447
8802,"MOTOR VEHICLE THEFT","38.9038886778","-76.9928982461",171,151,322,1475,1776,3251,755,692,1447
8802,"ASSAULT W/DANGEROUS WEAPON","38.9054195359","-76.9865225186",171,151,322,1475,1776,3251,755,692,1447
8802,"THEFT/OTHER","38.9016900592","-76.9863618247",171,151,322,1475,1776,3251,755,692,1447
8802,"ROBBERY","38.9028970164","-76.9850357979",171,151,322,1475,1776,3251,755,692,1447
8802,"SEX ABUSE","38.9040679361","-76.9837904364",171,151,322,1475,1776,3251,755,692,1447
8802,"BURGLARY","38.9045545898","-76.9853236734",171,151,322,1475,1776,3251,755,692,1447
8802,"ASSAULT W/DANGEROUS WEAPON","38.9054281338","-76.9833404936",171,151,322,1475,1776,3251,755,692,1447
8802,"THEFT F/AUTO","38.9004106594","-76.9846443587",171,151,322,1475,1776,3251,755,692,1447
8802,"THEFT/OTHER","38.9022029472","-76.9820154637",171,151,322,1475,1776,3251,755,692,1447
8802,"THEFT/OTHER","38.9022029472","-76.9820154637",171,151,322,1475,1776,3251,755,692,1447
8802,"THEFT/OTHER","38.9029061991","-76.9864653502",171,151,322,1475,1776,3251,755,692,1447
8802,"THEFT F/AUTO","38.9043653072","-76.9844936316",171,151,322,1475,1776,3251,755,692,1447
8802,"THEFT F/AUTO","38.902076997","-76.9831337627",171,151,322,1475,1776,3251,755,692,1447
8802,"THEFT F/AUTO","38.9059784732","-76.9908573768",171,151,322,1475,1776,3251,755,692,1447
8802,"THEFT F/AUTO","38.9065995782","-76.9860841838",171,151,322,1475,1776,3251,755,692,1447
8802,"THEFT/OTHER","38.9012751773","-76.9826151743",171,151,322,1475,1776,3251,755,692,1447
8802,"THEFT/OTHER","38.9031858036","-76.9898777946",171,151,322,1475,1776,3251,755,692,1447
8802,"THEFT/OTHER","38.9036623182","-76.9821303836",171,151,322,1475,1776,3251,755,692,1447
8802,"ASSAULT W/DANGEROUS WEAPON","38.9012751773","-76.9826151743",171,151,322,1475,1776,3251,755,692,1447
8802,"THEFT F/AUTO","38.9035095903","-76.9850817844",171,151,322,1475,1776,3251,755,692,1447
8802,"THEFT/OTHER","38.9004464862","-76.9831456765",171,151,322,1475,1776,3251,755,692,1447
8802,"ROBBERY","38.9012751773","-76.9826151743",171,151,322,1475,1776,3251,755,692,1447
8802,"MOTOR VEHICLE THEFT","38.9059242951","-76.9893470651",171,151,322,1475,1776,3251,755,692,1447
8802,"THEFT/OTHER","38.9016900592","-76.9863618247",171,151,322,1475,1776,3251,755,692,1447
8802,"ARSON","38.9022029472","-76.9820154637",171,151,322,1475,1776,3251,755,692,1447
8802,"THEFT/OTHER","38.9025908189","-76.9857275788",171,151,322,1475,1776,3251,755,692,1447
8802,"THEFT/OTHER","38.9022029472","-76.9820154637",171,151,322,1475,1776,3251,755,692,1447
8802,"THEFT/OTHER","38.907599819","-76.9890355205",171,151,322,1475,1776,3251,755,692,1447
8802,"THEFT F/AUTO","38.9020054354","-76.9870995895",171,151,322,1475,1776,3251,755,692,1447
8802,"THEFT/OTHER","38.9022029472","-76.9820154637",171,151,322,1475,1776,3251,755,692,1447
8802,"ASSAULT W/DANGEROUS WEAPON","38.9022754341","-76.9849898141",171,151,322,1475,1776,3251,755,692,1447
8802,"THEFT F/AUTO","38.9059242951","-76.9893470651",171,151,322,1475,1776,3251,755,692,1447
8802,"THEFT F/AUTO","38.9043751152","-76.9926791485",171,151,322,1475,1776,3251,755,692,1447
8802,"ASSAULT W/DANGEROUS WEAPON","38.9068971135","-76.9884706924",171,151,322,1475,1776,3251,755,692,1447
8802,"THEFT/OTHER","38.9039602957","-76.9875373316",171,151,322,1475,1776,3251,755,692,1447
8802,"THEFT F/AUTO","38.9028878194","-76.9836293034",171,151,322,1475,1776,3251,755,692,1447
8802,"THEFT/OTHER","38.9048790769","-76.9868915481",171,151,322,1475,1776,3251,755,692,1447
8802,"ARSON","38.9011582314","-76.9837449841",171,151,322,1475,1776,3251,755,692,1447
8802,"THEFT/OTHER","38.9059784732","-76.9908573768",171,151,322,1475,1776,3251,755,692,1447
8802,"MOTOR VEHICLE THEFT","38.9014379116","-76.987122749",171,151,322,1475,1776,3251,755,692,1447
8802,"BURGLARY","38.9048790769","-76.9868915481",171,151,322,1475,1776,3251,755,692,1447
8802,"THEFT/OTHER","38.9022029472","-76.9820154637",171,151,322,1475,1776,3251,755,692,1447
8802,"THEFT/OTHER","38.9022029472","-76.9820154637",171,151,322,1475,1776,3251,755,692,1447
8802,"THEFT/OTHER","38.9054195359","-76.9865225186",171,151,322,1475,1776,3251,755,692,1447
8802,"THEFT F/AUTO","38.9038513078","-76.980954397",171,151,322,1475,1776,3251,755,692,1447
8802,"THEFT/OTHER","38.9022029472","-76.9820154637",171,151,322,1475,1776,3251,755,692,1447
8803,"THEFT/OTHER","38.9142116212","-76.9860365766",98,180,278,699,1239,1938,290,363,653
8803,"ROBBERY","38.9098434028","-76.9986048962",98,180,278,699,1239,1938,290,363,653
8803,"THEFT F/AUTO","38.9076363656","-76.9994696464",98,180,278,699,1239,1938,290,363,653
8803,"THEFT F/AUTO","38.9094019768","-76.997555701",98,180,278,699,1239,1938,290,363,653
8803,"THEFT/OTHER","38.9084741421","-76.9995618766",98,180,278,699,1239,1938,290,363,653
8803,"THEFT F/AUTO","38.9126538449","-76.9937275504",98,180,278,699,1239,1938,290,363,653
8803,"MOTOR VEHICLE THEFT","38.9075552627","-76.9973943524",98,180,278,699,1239,1938,290,363,653
8803,"MOTOR VEHICLE THEFT","38.9098434028","-76.9986048962",98,180,278,699,1239,1938,290,363,653
8803,"ASSAULT W/DANGEROUS WEAPON","38.9151395418","-76.9865668043",98,180,278,699,1239,1938,290,363,653
8803,"THEFT F/AUTO","38.9125180007","-76.9855987599",98,180,278,699,1239,1938,290,363,653
8803,"ROBBERY","38.9117706664","-76.9888734579",98,180,278,699,1239,1938,290,363,653
8803,"ASSAULT W/DANGEROUS WEAPON","38.9134909054","-76.9856331546",98,180,278,699,1239,1938,290,363,653
8803,"THEFT F/AUTO","38.9084741421","-76.9995618766",98,180,278,699,1239,1938,290,363,653
8803,"THEFT/OTHER","38.9075372666","-77.0014065881",98,180,278,699,1239,1938,290,363,653
8803,"MOTOR VEHICLE THEFT","38.9093473131","-76.9877785141",98,180,278,699,1239,1938,290,363,653
8803,"ASSAULT W/DANGEROUS WEAPON","38.9125180007","-76.9855987599",98,180,278,699,1239,1938,290,363,653
8803,"THEFT F/AUTO","38.9075012414","-77.0002421175",98,180,278,699,1239,1938,290,363,653
8803,"THEFT F/AUTO","38.9138241013","-76.9847452445",98,180,278,699,1239,1938,290,363,653
8803,"THEFT/OTHER","38.9171835065","-76.9800744828",98,180,278,699,1239,1938,290,363,653
8803,"THEFT/OTHER","38.9164722705","-76.9827267784",98,180,278,699,1239,1938,290,363,653
8803,"THEFT F/AUTO","38.9125180007","-76.9855987599",98,180,278,699,1239,1938,290,363,653
8803,"ROBBERY","38.9134636645","-76.9839727869",98,180,278,699,1239,1938,290,363,653
8803,"THEFT F/AUTO","38.9119236445","-76.9872707474",98,180,278,699,1239,1938,290,363,653
8803,"ROBBERY","38.9117749001","-76.9888712666",98,180,278,699,1239,1938,290,363,653
8803,"THEFT F/AUTO","38.9071769302","-76.99839742",98,180,278,699,1239,1938,290,363,653
8803,"THEFT F/AUTO","38.9094019768","-76.997555701",98,180,278,699,1239,1938,290,363,653
8803,"THEFT F/AUTO","38.9144641257","-76.9885271218",98,180,278,699,1239,1938,290,363,653
8803,"ASSAULT W/DANGEROUS WEAPON","38.9125180007","-76.9855987599",98,180,278,699,1239,1938,290,363,653
8803,"MOTOR VEHICLE THEFT","38.9134636645","-76.9839727869",98,180,278,699,1239,1938,290,363,653
8803,"MOTOR VEHICLE THEFT","38.9094019768","-76.997555701",98,180,278,699,1239,1938,290,363,653
8803,"THEFT F/AUTO","38.9098434028","-76.9986048962",98,180,278,699,1239,1938,290,363,653
8803,"THEFT F/AUTO","38.9094019768","-76.997555701",98,180,278,699,1239,1938,290,363,653
8803,"THEFT F/AUTO","38.9084741421","-76.9995618766",98,180,278,699,1239,1938,290,363,653
8803,"THEFT/OTHER","38.9098434028","-76.9986048962",98,180,278,699,1239,1938,290,363,653
8803,"THEFT/OTHER","38.9164722705","-76.9827267784",98,180,278,699,1239,1938,290,363,653
8803,"ROBBERY","38.9125180007","-76.9855987599",98,180,278,699,1239,1938,290,363,653
8803,"THEFT/OTHER","38.9164722705","-76.9827267784",98,180,278,699,1239,1938,290,363,653
8803,"THEFT F/AUTO","38.9076363656","-76.9994696464",98,180,278,699,1239,1938,290,363,653
8803,"THEFT F/AUTO","38.9128515563","-76.9877663834",98,180,278,699,1239,1938,290,363,653
8803,"THEFT F/AUTO","38.9070688383","-76.9992044759",98,180,278,699,1239,1938,290,363,653
8803,"THEFT/OTHER","38.9171835065","-76.9800744828",98,180,278,699,1239,1938,290,363,653
8803,"THEFT/OTHER","38.9098434028","-76.9986048962",98,180,278,699,1239,1938,290,363,653
8803,"THEFT F/AUTO","38.9094019768","-76.997555701",98,180,278,699,1239,1938,290,363,653
8803,"THEFT/OTHER","38.9164722705","-76.9827267784",98,180,278,699,1239,1938,290,363,653
8803,"THEFT F/AUTO","38.9080237161","-76.9985011663",98,180,278,699,1239,1938,290,363,653
8803,"THEFT/OTHER","38.9164722705","-76.9827267784",98,180,278,699,1239,1938,290,363,653
8803,"THEFT/OTHER","38.9064652765","-76.9988931932",98,180,278,699,1239,1938,290,363,653
8803,"THEFT F/AUTO","38.9084741421","-76.9995618766",98,180,278,699,1239,1938,290,363,653
8803,"THEFT F/AUTO","38.9094019768","-76.997555701",98,180,278,699,1239,1938,290,363,653
8803,"THEFT F/AUTO","38.9098434028","-76.9986048962",98,180,278,699,1239,1938,290,363,653
8803,"THEFT F/AUTO","38.9120224324","-76.9847340998",98,180,278,699,1239,1938,290,363,653
8803,"MOTOR VEHICLE THEFT","38.9099597248","-76.9863717732",98,180,278,699,1239,1938,290,363,653
8803,"THEFT/OTHER","38.9164722705","-76.9827267784",98,180,278,699,1239,1938,290,363,653
8803,"THEFT/OTHER","38.9075372666","-77.0014065881",98,180,278,699,1239,1938,290,363,653
8803,"ASSAULT W/DANGEROUS WEAPON","38.9099597248","-76.9863717732",98,180,278,699,1239,1938,290,363,653
8803,"THEFT/OTHER","38.9075372666","-77.0014065881",98,180,278,699,1239,1938,290,363,653
8803,"THEFT F/AUTO","38.9142116212","-76.9860365766",98,180,278,699,1239,1938,290,363,653
8803,"ASSAULT W/DANGEROUS WEAPON","38.9164722705","-76.9827267784",98,180,278,699,1239,1938,290,363,653
8803,"MOTOR VEHICLE THEFT","38.9130851505","-76.9828198412",98,180,278,699,1239,1938,290,363,653
8803,"THEFT/OTHER","38.9084741421","-76.9995618766",98,180,278,699,1239,1938,290,363,653
8803,"ROBBERY","38.9117706664","-76.9888734579",98,180,278,699,1239,1938,290,363,653
8803,"BURGLARY","38.9158419424","-76.9845487901",98,180,278,699,1239,1938,290,363,653
8803,"THEFT F/AUTO","38.9076363656","-76.9994696464",98,180,278,699,1239,1938,290,363,653
8803,"ASSAULT W/DANGEROUS WEAPON","38.9129953404","-76.984791543",98,180,278,699,1239,1938,290,363,653
8803,"THEFT F/AUTO","38.9070688383","-76.9992044759",98,180,278,699,1239,1938,290,363,653
8803,"THEFT F/AUTO","38.9084741421","-76.9995618766",98,180,278,699,1239,1938,290,363,653
8803,"BURGLARY","38.9151393451","-76.9849525147",98,180,278,699,1239,1938,290,363,653
8803,"BURGLARY","38.9080237161","-76.9985011663",98,180,278,699,1239,1938,290,363,653
8803,"MOTOR VEHICLE THEFT","38.9120406542","-76.9863944359",98,180,278,699,1239,1938,290,363,653
8803,"THEFT/OTHER","38.9064652765","-76.9988931932",98,180,278,699,1239,1938,290,363,653
8803,"THEFT F/AUTO","38.9103838861","-76.9975556673",98,180,278,699,1239,1938,290,363,653
8803,"THEFT/OTHER","38.9171835065","-76.9800744828",98,180,278,699,1239,1938,290,363,653
8803,"THEFT/OTHER","38.9147518517","-76.9839379057",98,180,278,699,1239,1938,290,363,653
8803,"THEFT/OTHER","38.9075012414","-77.0002421175",98,180,278,699,1239,1938,290,363,653
8803,"THEFT F/AUTO","38.9120224324","-76.9847340998",98,180,278,699,1239,1938,290,363,653
8803,"THEFT F/AUTO","38.9151393451","-76.9849525147",98,180,278,699,1239,1938,290,363,653
8803,"THEFT/OTHER","38.9076363656","-76.9994696464",98,180,278,699,1239,1938,290,363,653
8803,"THEFT F/AUTO","38.9117706664","-76.9888734579",98,180,278,699,1239,1938,290,363,653
8803,"THEFT F/AUTO","38.9131757194","-76.9865210529",98,180,278,699,1239,1938,290,363,653
8803,"THEFT F/AUTO","38.9094019768","-76.997555701",98,180,278,699,1239,1938,290,363,653
8803,"THEFT/OTHER","38.9144812014","-76.9812513523",98,180,278,699,1239,1938,290,363,653
8803,"THEFT/OTHER","38.9092121275","-76.9872135829",98,180,278,699,1239,1938,290,363,653
8803,"THEFT/OTHER","38.9099597248","-76.9863717732",98,180,278,699,1239,1938,290,363,653
8803,"THEFT F/AUTO","38.9101135129","-76.9941082581",98,180,278,699,1239,1938,290,363,653
8803,"ASSAULT W/DANGEROUS WEAPON","38.9129953404","-76.984791543",98,180,278,699,1239,1938,290,363,653
8803,"ROBBERY","38.9098434028","-76.9986048962",98,180,278,699,1239,1938,290,363,653
8803,"THEFT/OTHER","38.9129953404","-76.984791543",98,180,278,699,1239,1938,290,363,653
8803,"THEFT/OTHER","38.9138241013","-76.9847452445",98,180,278,699,1239,1938,290,363,653
8803,"THEFT/OTHER","38.9084741421","-76.9995618766",98,180,278,699,1239,1938,290,363,653
8803,"THEFT F/AUTO","38.9134909054","-76.9856331546",98,180,278,699,1239,1938,290,363,653
8803,"BURGLARY","38.9126538449","-76.9937275504",98,180,278,699,1239,1938,290,363,653
8803,"THEFT F/AUTO","38.9075372666","-77.0014065881",98,180,278,699,1239,1938,290,363,653
8803,"THEFT F/AUTO","38.9050238607","-76.9955382751",98,180,278,699,1239,1938,290,363,653
8803,"ROBBERY","38.9108784442","-76.9852877823",98,180,278,699,1239,1938,290,363,653
8803,"THEFT/OTHER","38.9125180007","-76.9855987599",98,180,278,699,1239,1938,290,363,653
8803,"THEFT/OTHER","38.9126538449","-76.9937275504",98,180,278,699,1239,1938,290,363,653
8803,"THEFT F/AUTO","38.9134909054","-76.9856331546",98,180,278,699,1239,1938,290,363,653
8803,"THEFT F/AUTO","38.9098434028","-76.9986048962",98,180,278,699,1239,1938,290,363,653
8803,"MOTOR VEHICLE THEFT","38.9142116212","-76.9860365766",98,180,278,699,1239,1938,290,363,653
8803,"THEFT F/AUTO","38.9094019768","-76.997555701",98,180,278,699,1239,1938,290,363,653
8803,"ASSAULT W/DANGEROUS WEAPON","38.9126538449","-76.9937275504",98,180,278,699,1239,1938,290,363,653
8803,"ASSAULT W/DANGEROUS WEAPON","38.9129953404","-76.984791543",98,180,278,699,1239,1938,290,363,653
8803,"THEFT F/AUTO","38.9153911752","-76.9820928528",98,180,278,699,1239,1938,290,363,653
8803,"THEFT F/AUTO","38.9098434028","-76.9986048962",98,180,278,699,1239,1938,290,363,653
8803,"THEFT F/AUTO","38.9126538449","-76.9937275504",98,180,278,699,1239,1938,290,363,653
8803,"THEFT F/AUTO","38.9098434028","-76.9986048962",98,180,278,699,1239,1938,290,363,653
8803,"THEFT F/AUTO","38.9075012414","-77.0002421175",98,180,278,699,1239,1938,290,363,653
8803,"THEFT F/AUTO","38.9098434028","-76.9986048962",98,180,278,699,1239,1938,290,363,653
8803,"THEFT/OTHER","38.9142116212","-76.9860365766",98,180,278,699,1239,1938,290,363,653
8803,"ROBBERY","38.9075012414","-77.0002421175",98,180,278,699,1239,1938,290,363,653
8803,"THEFT/OTHER","38.9064652765","-76.9988931932",98,180,278,699,1239,1938,290,363,653
8803,"THEFT/OTHER","38.9075372666","-77.0014065881",98,180,278,699,1239,1938,290,363,653
8803,"MOTOR VEHICLE THEFT","38.9050238607","-76.9955382751",98,180,278,699,1239,1938,290,363,653
8803,"THEFT/OTHER","38.9098434028","-76.9986048962",98,180,278,699,1239,1938,290,363,653
8803,"THEFT F/AUTO","38.9094019768","-76.997555701",98,180,278,699,1239,1938,290,363,653
8803,"ASSAULT W/DANGEROUS WEAPON","38.9119236445","-76.9872707474",98,180,278,699,1239,1938,290,363,653
8803,"THEFT/OTHER","38.9075012414","-77.0002421175",98,180,278,699,1239,1938,290,363,653
8803,"THEFT/OTHER","38.9147518517","-76.9839379057",98,180,278,699,1239,1938,290,363,653
8803,"THEFT F/AUTO","38.9142116212","-76.9860365766",98,180,278,699,1239,1938,290,363,653
8803,"ASSAULT W/DANGEROUS WEAPON","38.9099597248","-76.9863717732",98,180,278,699,1239,1938,290,363,653
8803,"THEFT F/AUTO","38.9098434028","-76.9986048962",98,180,278,699,1239,1938,290,363,653
8803,"ROBBERY","38.9142116212","-76.9860365766",98,180,278,699,1239,1938,290,363,653
8803,"THEFT/OTHER","38.9164722705","-76.9827267784",98,180,278,699,1239,1938,290,363,653
8803,"THEFT F/AUTO","38.9076363656","-76.9994696464",98,180,278,699,1239,1938,290,363,653
8803,"THEFT F/AUTO","38.9084741421","-76.9995618766",98,180,278,699,1239,1938,290,363,653
8803,"THEFT/OTHER","38.9164722705","-76.9827267784",98,180,278,699,1239,1938,290,363,653
8803,"THEFT F/AUTO","38.9071769302","-76.99839742",98,180,278,699,1239,1938,290,363,653
8803,"THEFT F/AUTO","38.9126538449","-76.9937275504",98,180,278,699,1239,1938,290,363,653
8803,"ROBBERY","38.9108605209","-76.9860487626",98,180,278,699,1239,1938,290,363,653
8803,"THEFT F/AUTO","38.9117706664","-76.9888734579",98,180,278,699,1239,1938,290,363,653
8803,"THEFT F/AUTO","38.9098434028","-76.9986048962",98,180,278,699,1239,1938,290,363,653
8803,"THEFT/OTHER","38.9147518517","-76.9839379057",98,180,278,699,1239,1938,290,363,653
8803,"SEX ABUSE","38.9092121275","-76.9872135829",98,180,278,699,1239,1938,290,363,653
8803,"THEFT/OTHER","38.9164722705","-76.9827267784",98,180,278,699,1239,1938,290,363,653
8803,"MOTOR VEHICLE THEFT","38.9094019768","-76.997555701",98,180,278,699,1239,1938,290,363,653
8803,"ROBBERY","38.9099785271","-77.0014642853",98,180,278,699,1239,1938,290,363,653
8803,"MOTOR VEHICLE THEFT","38.9164722705","-76.9827267784",98,180,278,699,1239,1938,290,363,653
8803,"MOTOR VEHICLE THEFT","38.9171835065","-76.9800744828",98,180,278,699,1239,1938,290,363,653
8803,"BURGLARY","38.9164722705","-76.9827267784",98,180,278,699,1239,1938,290,363,653
8803,"THEFT F/AUTO","38.9147518517","-76.9839379057",98,180,278,699,1239,1938,290,363,653
8803,"THEFT F/AUTO","38.9064652765","-76.9988931932",98,180,278,699,1239,1938,290,363,653
8803,"THEFT F/AUTO","38.9094019768","-76.997555701",98,180,278,699,1239,1938,290,363,653
8803,"ROBBERY","38.9092121275","-76.9872135829",98,180,278,699,1239,1938,290,363,653
8803,"THEFT F/AUTO","38.9094019768","-76.997555701",98,180,278,699,1239,1938,290,363,653
8803,"BURGLARY","38.9129953404","-76.984791543",98,180,278,699,1239,1938,290,363,653
8803,"THEFT F/AUTO","38.9071769302","-76.99839742",98,180,278,699,1239,1938,290,363,653
8803,"THEFT F/AUTO","38.9094019768","-76.997555701",98,180,278,699,1239,1938,290,363,653
8803,"ASSAULT W/DANGEROUS WEAPON","38.9120406542","-76.9863944359",98,180,278,699,1239,1938,290,363,653
8803,"THEFT F/AUTO","38.9084741421","-76.9995618766",98,180,278,699,1239,1938,290,363,653
8803,"ASSAULT W/DANGEROUS WEAPON","38.9094019768","-76.997555701",98,180,278,699,1239,1938,290,363,653
8803,"MOTOR VEHICLE THEFT","38.9098434028","-76.9986048962",98,180,278,699,1239,1938,290,363,653
8803,"THEFT F/AUTO","38.9098434028","-76.9986048962",98,180,278,699,1239,1938,290,363,653
8803,"MOTOR VEHICLE THEFT","38.9075012414","-77.0002421175",98,180,278,699,1239,1938,290,363,653
8803,"THEFT/OTHER","38.9151393451","-76.9849525147",98,180,278,699,1239,1938,290,363,653
8803,"THEFT F/AUTO","38.91579617","-76.9797635403",98,180,278,699,1239,1938,290,363,653
8803,"THEFT F/AUTO","38.9094019768","-76.997555701",98,180,278,699,1239,1938,290,363,653
8803,"ASSAULT W/DANGEROUS WEAPON","38.9120406542","-76.9863944359",98,180,278,699,1239,1938,290,363,653
8803,"THEFT/OTHER","38.9164722705","-76.9827267784",98,180,278,699,1239,1938,290,363,653
8803,"ROBBERY","38.9098434028","-76.9986048962",98,180,278,699,1239,1938,290,363,653
8803,"THEFT/OTHER","38.9164722705","-76.9827267784",98,180,278,699,1239,1938,290,363,653
8803,"BURGLARY","38.9138966373","-76.9889077176",98,180,278,699,1239,1938,290,363,653
8803,"THEFT F/AUTO","38.9151395418","-76.9865668043",98,180,278,699,1239,1938,290,363,653
8803,"THEFT/OTHER","38.9079696754","-77.0002536486",98,180,278,699,1239,1938,290,363,653
8803,"THEFT F/AUTO","38.9171835065","-76.9800744828",98,180,278,699,1239,1938,290,363,653
8803,"ROBBERY","38.9158419424","-76.9845487901",98,180,278,699,1239,1938,290,363,653
8803,"THEFT F/AUTO","38.9084741421","-76.9995618766",98,180,278,699,1239,1938,290,363,653
8803,"THEFT F/AUTO","38.9084741421","-76.9995618766",98,180,278,699,1239,1938,290,363,653
8803,"THEFT/OTHER","38.9108605209","-76.9860487626",98,180,278,699,1239,1938,290,363,653
8803,"THEFT/OTHER","38.9158419424","-76.9845487901",98,180,278,699,1239,1938,290,363,653
8803,"BURGLARY","38.9092121275","-76.9872135829",98,180,278,699,1239,1938,290,363,653
8803,"THEFT/OTHER","38.9164722705","-76.9827267784",98,180,278,699,1239,1938,290,363,653
8803,"THEFT F/AUTO","38.9126538449","-76.9937275504",98,180,278,699,1239,1938,290,363,653
8803,"THEFT/OTHER","38.9094019768","-76.997555701",98,180,278,699,1239,1938,290,363,653
8803,"THEFT F/AUTO","38.9129953404","-76.984791543",98,180,278,699,1239,1938,290,363,653
8803,"MOTOR VEHICLE THEFT","38.9138241013","-76.9847452445",98,180,278,699,1239,1938,290,363,653
8803,"THEFT F/AUTO","38.9080237161","-76.9985011663",98,180,278,699,1239,1938,290,363,653
8803,"THEFT F/AUTO","38.9084741421","-76.9995618766",98,180,278,699,1239,1938,290,363,653
8803,"THEFT F/AUTO","38.9131757194","-76.9865210529",98,180,278,699,1239,1938,290,363,653
8803,"THEFT/OTHER","38.9084741421","-76.9995618766",98,180,278,699,1239,1938,290,363,653
8803,"THEFT/OTHER","38.9164722705","-76.9827267784",98,180,278,699,1239,1938,290,363,653
8803,"THEFT/OTHER","38.9126538449","-76.9937275504",98,180,278,699,1239,1938,290,363,653
8803,"MOTOR VEHICLE THEFT","38.9120406542","-76.9863944359",98,180,278,699,1239,1938,290,363,653
8803,"THEFT F/AUTO","38.9071769302","-76.99839742",98,180,278,699,1239,1938,290,363,653
8803,"THEFT/OTHER","38.9084741421","-76.9995618766",98,180,278,699,1239,1938,290,363,653
8803,"THEFT/OTHER","38.9094019768","-76.997555701",98,180,278,699,1239,1938,290,363,653
8803,"THEFT F/AUTO","38.9147518517","-76.9839379057",98,180,278,699,1239,1938,290,363,653
8803,"ROBBERY","38.9075372666","-77.0014065881",98,180,278,699,1239,1938,290,363,653
8803,"THEFT F/AUTO","38.9144812014","-76.9812513523",98,180,278,699,1239,1938,290,363,653
8803,"THEFT F/AUTO","38.9084741421","-76.9995618766",98,180,278,699,1239,1938,290,363,653
8803,"ROBBERY","38.9119236445","-76.9872707474",98,180,278,699,1239,1938,290,363,653
8803,"THEFT F/AUTO","38.9064652765","-76.9988931932",98,180,278,699,1239,1938,290,363,653
8803,"THEFT F/AUTO","38.9147518517","-76.9839379057",98,180,278,699,1239,1938,290,363,653
8803,"THEFT/OTHER","38.9050238607","-76.9955382751",98,180,278,699,1239,1938,290,363,653
8803,"MOTOR VEHICLE THEFT","38.9084741421","-76.9995618766",98,180,278,699,1239,1938,290,363,653
8803,"THEFT F/AUTO","38.9080237161","-76.9985011663",98,180,278,699,1239,1938,290,363,653
8803,"THEFT/OTHER","38.9079696754","-77.0002536486",98,180,278,699,1239,1938,290,363,653
8803,"THEFT F/AUTO","38.9084741421","-76.9995618766",98,180,278,699,1239,1938,290,363,653
8803,"THEFT/OTHER","38.9164722705","-76.9827267784",98,180,278,699,1239,1938,290,363,653
8803,"ASSAULT W/DANGEROUS WEAPON","38.9108784442","-76.9852877823",98,180,278,699,1239,1938,290,363,653
8803,"THEFT F/AUTO","38.9171835065","-76.9800744828",98,180,278,699,1239,1938,290,363,653
8803,"MOTOR VEHICLE THEFT","38.9084741421","-76.9995618766",98,180,278,699,1239,1938,290,363,653
8803,"THEFT F/AUTO","38.9134909054","-76.9856331546",98,180,278,699,1239,1938,290,363,653
8803,"BURGLARY","38.9119232608","-76.9841345547",98,180,278,699,1239,1938,290,363,653
8803,"THEFT F/AUTO","38.9126538449","-76.9937275504",98,180,278,699,1239,1938,290,363,653
8803,"THEFT/OTHER","38.9126538449","-76.9937275504",98,180,278,699,1239,1938,290,363,653
8803,"THEFT/OTHER","38.9151395418","-76.9865668043",98,180,278,699,1239,1938,290,363,653
8803,"THEFT/OTHER","38.9098434028","-76.9986048962",98,180,278,699,1239,1938,290,363,653
8803,"THEFT F/AUTO","38.9084741421","-76.9995618766",98,180,278,699,1239,1938,290,363,653
8803,"THEFT F/AUTO","38.9076363656","-76.9994696464",98,180,278,699,1239,1938,290,363,653
8803,"ROBBERY","38.9142116212","-76.9860365766",98,180,278,699,1239,1938,290,363,653
8803,"THEFT F/AUTO","38.912652922","-76.9840306203",98,180,278,699,1239,1938,290,363,653
8803,"THEFT F/AUTO","38.9084741421","-76.9995618766",98,180,278,699,1239,1938,290,363,653
8803,"THEFT/OTHER","38.9142116212","-76.9860365766",98,180,278,699,1239,1938,290,363,653
8803,"ASSAULT W/DANGEROUS WEAPON","38.9171835065","-76.9800744828",98,180,278,699,1239,1938,290,363,653
8803,"THEFT/OTHER","38.9164722705","-76.9827267784",98,180,278,699,1239,1938,290,363,653
8803,"THEFT/OTHER","38.9108605209","-76.9860487626",98,180,278,699,1239,1938,290,363,653
8803,"THEFT F/AUTO","38.9133829851","-76.987178244",98,180,278,699,1239,1938,290,363,653
8803,"THEFT F/AUTO","38.9142116212","-76.9860365766",98,180,278,699,1239,1938,290,363,653
8803,"MOTOR VEHICLE THEFT","38.9119232608","-76.9841345547",98,180,278,699,1239,1938,290,363,653
8803,"THEFT F/AUTO","38.9171835065","-76.9800744828",98,180,278,699,1239,1938,290,363,653
8803,"THEFT F/AUTO","38.9094019768","-76.997555701",98,180,278,699,1239,1938,290,363,653
8803,"THEFT F/AUTO","38.9102841241","-76.9872479803",98,180,278,699,1239,1938,290,363,653
8803,"THEFT/OTHER","38.9164722705","-76.9827267784",98,180,278,699,1239,1938,290,363,653
8803,"THEFT/OTHER","38.9071769302","-76.99839742",98,180,278,699,1239,1938,290,363,653
8803,"ROBBERY","38.9064652765","-76.9988931932",98,180,278,699,1239,1938,290,363,653
8803,"BURGLARY","38.9098434028","-76.9986048962",98,180,278,699,1239,1938,290,363,653
8803,"THEFT F/AUTO","38.9142116212","-76.9860365766",98,180,278,699,1239,1938,290,363,653
8803,"THEFT F/AUTO","38.9151395418","-76.9865668043",98,180,278,699,1239,1938,290,363,653
8803,"MOTOR VEHICLE THEFT","38.9142116212","-76.9860365766",98,180,278,699,1239,1938,290,363,653
8803,"THEFT/OTHER","38.9098434028","-76.9986048962",98,180,278,699,1239,1938,290,363,653
8803,"ASSAULT W/DANGEROUS WEAPON","38.9151395418","-76.9865668043",98,180,278,699,1239,1938,290,363,653
8803,"THEFT F/AUTO","38.9076363656","-76.9994696464",98,180,278,699,1239,1938,290,363,653
8803,"MOTOR VEHICLE THEFT","38.9134909054","-76.9856331546",98,180,278,699,1239,1938,290,363,653
8803,"THEFT/OTHER","38.9164722705","-76.9827267784",98,180,278,699,1239,1938,290,363,653
8803,"THEFT F/AUTO","38.9099064145","-76.9964142341",98,180,278,699,1239,1938,290,363,653
8803,"THEFT/OTHER","38.9084741421","-76.9995618766",98,180,278,699,1239,1938,290,363,653
8803,"ROBBERY","38.9171835065","-76.9800744828",98,180,278,699,1239,1938,290,363,653
8803,"THEFT/OTHER","38.9164722705","-76.9827267784",98,180,278,699,1239,1938,290,363,653
8803,"THEFT F/AUTO","38.9075372666","-77.0014065881",98,180,278,699,1239,1938,290,363,653
8803,"THEFT/OTHER","38.9084741421","-76.9995618766",98,180,278,699,1239,1938,290,363,653
8803,"THEFT/OTHER","38.9164722705","-76.9827267784",98,180,278,699,1239,1938,290,363,653
8803,"THEFT F/AUTO","38.9142116212","-76.9860365766",98,180,278,699,1239,1938,290,363,653
8803,"THEFT F/AUTO","38.9126538449","-76.9937275504",98,180,278,699,1239,1938,290,363,653
8803,"THEFT/OTHER","38.9164722705","-76.9827267784",98,180,278,699,1239,1938,290,363,653
8803,"THEFT/OTHER","38.9147518517","-76.9839379057",98,180,278,699,1239,1938,290,363,653
8803,"THEFT F/AUTO","38.9144812014","-76.9812513523",98,180,278,699,1239,1938,290,363,653
8803,"THEFT F/AUTO","38.9144641257","-76.9885271218",98,180,278,699,1239,1938,290,363,653
8803,"THEFT F/AUTO","38.9092121275","-76.9872135829",98,180,278,699,1239,1938,290,363,653
8803,"THEFT F/AUTO","38.9120406542","-76.9863944359",98,180,278,699,1239,1938,290,363,653
8803,"THEFT/OTHER","38.9171835065","-76.9800744828",98,180,278,699,1239,1938,290,363,653
8803,"THEFT F/AUTO","38.9070688383","-76.9992044759",98,180,278,699,1239,1938,290,363,653
8803,"THEFT F/AUTO","38.9092121275","-76.9872135829",98,180,278,699,1239,1938,290,363,653
8803,"THEFT/OTHER","38.9099597248","-76.9863717732",98,180,278,699,1239,1938,290,363,653
8803,"ROBBERY","38.9153911752","-76.9820928528",98,180,278,699,1239,1938,290,363,653
8803,"THEFT/OTHER","38.9117706664","-76.9888734579",98,180,278,699,1239,1938,290,363,653
8803,"ASSAULT W/DANGEROUS WEAPON","38.9151395418","-76.9865668043",98,180,278,699,1239,1938,290,363,653
8803,"THEFT/OTHER","38.9164722705","-76.9827267784",98,180,278,699,1239,1938,290,363,653
8803,"THEFT/OTHER","38.9164722705","-76.9827267784",98,180,278,699,1239,1938,290,363,653
8803,"THEFT/OTHER","38.9151395418","-76.9865668043",98,180,278,699,1239,1938,290,363,653
8803,"THEFT/OTHER","38.9099064145","-76.9964142341",98,180,278,699,1239,1938,290,363,653
8803,"THEFT F/AUTO","38.9094019768","-76.997555701",98,180,278,699,1239,1938,290,363,653
8803,"THEFT F/AUTO","38.9117706664","-76.9888734579",98,180,278,699,1239,1938,290,363,653
8803,"THEFT/OTHER","38.9098434028","-76.9986048962",98,180,278,699,1239,1938,290,363,653
8803,"THEFT F/AUTO","38.9153911752","-76.9820928528",98,180,278,699,1239,1938,290,363,653
8803,"ASSAULT W/DANGEROUS WEAPON","38.9119236445","-76.9872707474",98,180,278,699,1239,1938,290,363,653
8803,"THEFT/OTHER","38.9126538449","-76.9937275504",98,180,278,699,1239,1938,290,363,653
8803,"THEFT F/AUTO","38.9098434028","-76.9986048962",98,180,278,699,1239,1938,290,363,653
8803,"THEFT F/AUTO","38.9076363656","-76.9994696464",98,180,278,699,1239,1938,290,363,653
8803,"THEFT/OTHER","38.9151395418","-76.9865668043",98,180,278,699,1239,1938,290,363,653
8803,"THEFT F/AUTO","38.9164722705","-76.9827267784",98,180,278,699,1239,1938,290,363,653
8803,"THEFT/OTHER","38.9151395418","-76.9865668043",98,180,278,699,1239,1938,290,363,653
8803,"THEFT F/AUTO","38.9098434028","-76.9986048962",98,180,278,699,1239,1938,290,363,653
8803,"THEFT/OTHER","38.9158419424","-76.9845487901",98,180,278,699,1239,1938,290,363,653
8803,"THEFT F/AUTO","38.9076363656","-76.9994696464",98,180,278,699,1239,1938,290,363,653
8803,"THEFT/OTHER","38.9098434028","-76.9986048962",98,180,278,699,1239,1938,290,363,653
8803,"ROBBERY","38.9108784442","-76.9852877823",98,180,278,699,1239,1938,290,363,653
8803,"THEFT F/AUTO","38.9098434028","-76.9986048962",98,180,278,699,1239,1938,290,363,653
8803,"MOTOR VEHICLE THEFT","38.9164722705","-76.9827267784",98,180,278,699,1239,1938,290,363,653
8803,"MOTOR VEHICLE THEFT","38.9171835065","-76.9800744828",98,180,278,699,1239,1938,290,363,653
8803,"THEFT/OTHER","38.9064652765","-76.9988931932",98,180,278,699,1239,1938,290,363,653
8803,"THEFT F/AUTO","38.9094019768","-76.997555701",98,180,278,699,1239,1938,290,363,653
8803,"THEFT/OTHER","38.9125180007","-76.9855987599",98,180,278,699,1239,1938,290,363,653
8803,"THEFT/OTHER","38.9084741421","-76.9995618766",98,180,278,699,1239,1938,290,363,653
8803,"THEFT F/AUTO","38.9147518517","-76.9839379057",98,180,278,699,1239,1938,290,363,653
8803,"THEFT/OTHER","38.9158419424","-76.9845487901",98,180,278,699,1239,1938,290,363,653
8803,"THEFT F/AUTO","38.9098434028","-76.9986048962",98,180,278,699,1239,1938,290,363,653
8803,"BURGLARY","38.9164722705","-76.9827267784",98,180,278,699,1239,1938,290,363,653
8803,"THEFT/OTHER","38.9075012414","-77.0002421175",98,180,278,699,1239,1938,290,363,653
8803,"THEFT/OTHER","38.9098434028","-76.9986048962",98,180,278,699,1239,1938,290,363,653
8803,"THEFT F/AUTO","38.9158419424","-76.9845487901",98,180,278,699,1239,1938,290,363,653
8803,"THEFT/OTHER","38.9119236445","-76.9872707474",98,180,278,699,1239,1938,290,363,653
8803,"THEFT/OTHER","38.9084741421","-76.9995618766",98,180,278,699,1239,1938,290,363,653
8803,"THEFT/OTHER","38.9099597248","-76.9863717732",98,180,278,699,1239,1938,290,363,653
8803,"THEFT F/AUTO","38.9117706664","-76.9888734579",98,180,278,699,1239,1938,290,363,653
8803,"THEFT F/AUTO","38.9117706664","-76.9888734579",98,180,278,699,1239,1938,290,363,653
8803,"THEFT/OTHER","38.9164722705","-76.9827267784",98,180,278,699,1239,1938,290,363,653
8803,"THEFT/OTHER","38.9164722705","-76.9827267784",98,180,278,699,1239,1938,290,363,653
8803,"THEFT/OTHER","38.9171835065","-76.9800744828",98,180,278,699,1239,1938,290,363,653
8803,"MOTOR VEHICLE THEFT","38.9076363656","-76.9994696464",98,180,278,699,1239,1938,290,363,653
8803,"THEFT/OTHER","38.9084741421","-76.9995618766",98,180,278,699,1239,1938,290,363,653
8803,"THEFT F/AUTO","38.9098434028","-76.9986048962",98,180,278,699,1239,1938,290,363,653
8803,"THEFT F/AUTO","38.9158419424","-76.9845487901",98,180,278,699,1239,1938,290,363,653
8803,"THEFT/OTHER","38.9119236445","-76.9872707474",98,180,278,699,1239,1938,290,363,653
8803,"MOTOR VEHICLE THEFT","38.9144812014","-76.9812513523",98,180,278,699,1239,1938,290,363,653
8803,"THEFT/OTHER","38.9126538449","-76.9937275504",98,180,278,699,1239,1938,290,363,653
8803,"THEFT/OTHER","38.9164722705","-76.9827267784",98,180,278,699,1239,1938,290,363,653
8803,"MOTOR VEHICLE THEFT","38.9098434028","-76.9986048962",98,180,278,699,1239,1938,290,363,653
8803,"THEFT F/AUTO","38.9125180007","-76.9855987599",98,180,278,699,1239,1938,290,363,653
8803,"THEFT/OTHER","38.9093473131","-76.9877785141",98,180,278,699,1239,1938,290,363,653
8803,"THEFT F/AUTO","38.9084741421","-76.9995618766",98,180,278,699,1239,1938,290,363,653
8803,"THEFT F/AUTO","38.9084741421","-76.9995618766",98,180,278,699,1239,1938,290,363,653
8803,"THEFT/OTHER","38.9164722705","-76.9827267784",98,180,278,699,1239,1938,290,363,653
8803,"THEFT/OTHER","38.9076363656","-76.9994696464",98,180,278,699,1239,1938,290,363,653
8803,"BURGLARY","38.9171835065","-76.9800744828",98,180,278,699,1239,1938,290,363,653
8803,"ROBBERY","38.9119236445","-76.9872707474",98,180,278,699,1239,1938,290,363,653
8803,"THEFT/OTHER","38.9071769302","-76.99839742",98,180,278,699,1239,1938,290,363,653
8803,"THEFT F/AUTO","38.9079696754","-77.0002536486",98,180,278,699,1239,1938,290,363,653
8803,"THEFT F/AUTO","38.9164722705","-76.9827267784",98,180,278,699,1239,1938,290,363,653
8803,"THEFT F/AUTO","38.9144812014","-76.9812513523",98,180,278,699,1239,1938,290,363,653
8803,"THEFT F/AUTO","38.9064652765","-76.9988931932",98,180,278,699,1239,1938,290,363,653
8803,"MOTOR VEHICLE THEFT","38.9099064145","-76.9964142341",98,180,278,699,1239,1938,290,363,653
8803,"THEFT/OTHER","38.9164722705","-76.9827267784",98,180,278,699,1239,1938,290,363,653
8803,"THEFT/OTHER","38.9129953404","-76.984791543",98,180,278,699,1239,1938,290,363,653
8803,"THEFT/OTHER","38.9094019768","-76.997555701",98,180,278,699,1239,1938,290,363,653
8803,"THEFT/OTHER","38.9147518517","-76.9839379057",98,180,278,699,1239,1938,290,363,653
8803,"THEFT F/AUTO","38.9075552627","-76.9973943524",98,180,278,699,1239,1938,290,363,653
8803,"THEFT/OTHER","38.9151393451","-76.9849525147",98,180,278,699,1239,1938,290,363,653
8803,"SEX ABUSE","38.9050238607","-76.9955382751",98,180,278,699,1239,1938,290,363,653
8803,"THEFT F/AUTO","38.9147518517","-76.9839379057",98,180,278,699,1239,1938,290,363,653
8803,"ASSAULT W/DANGEROUS WEAPON","38.9171835065","-76.9800744828",98,180,278,699,1239,1938,290,363,653
8803,"THEFT F/AUTO","38.9084741421","-76.9995618766",98,180,278,699,1239,1938,290,363,653
8803,"ASSAULT W/DANGEROUS WEAPON","38.9117706664","-76.9888734579",98,180,278,699,1239,1938,290,363,653
8803,"THEFT/OTHER","38.9164722705","-76.9827267784",98,180,278,699,1239,1938,290,363,653
8803,"THEFT/OTHER","38.9099597248","-76.9863717732",98,180,278,699,1239,1938,290,363,653
8803,"THEFT F/AUTO","38.9094019768","-76.997555701",98,180,278,699,1239,1938,290,363,653
8803,"THEFT F/AUTO","38.9094019768","-76.997555701",98,180,278,699,1239,1938,290,363,653
8803,"THEFT F/AUTO","38.9084741421","-76.9995618766",98,180,278,699,1239,1938,290,363,653
8803,"THEFT/OTHER","38.9084741421","-76.9995618766",98,180,278,699,1239,1938,290,363,653
8803,"THEFT/OTHER","38.9084741421","-76.9995618766",98,180,278,699,1239,1938,290,363,653
8803,"ASSAULT W/DANGEROUS WEAPON","38.9151395418","-76.9865668043",98,180,278,699,1239,1938,290,363,653
8803,"SEX ABUSE","38.9071769302","-76.99839742",98,180,278,699,1239,1938,290,363,653
8803,"THEFT/OTHER","38.9080237161","-76.9985011663",98,180,278,699,1239,1938,290,363,653
8803,"BURGLARY","38.9092121275","-76.9872135829",98,180,278,699,1239,1938,290,363,653
8803,"THEFT F/AUTO","38.9084741421","-76.9995618766",98,180,278,699,1239,1938,290,363,653
8803,"THEFT F/AUTO","38.9071769302","-76.99839742",98,180,278,699,1239,1938,290,363,653
8803,"ROBBERY","38.9098434028","-76.9986048962",98,180,278,699,1239,1938,290,363,653
8803,"BURGLARY","38.9151393451","-76.9849525147",98,180,278,699,1239,1938,290,363,653
8803,"MOTOR VEHICLE THEFT","38.9126538449","-76.9937275504",98,180,278,699,1239,1938,290,363,653
8803,"THEFT/OTHER","38.9119232608","-76.9841345547",98,180,278,699,1239,1938,290,363,653
8803,"THEFT/OTHER","38.9164722705","-76.9827267784",98,180,278,699,1239,1938,290,363,653
8803,"THEFT/OTHER","38.9158419424","-76.9845487901",98,180,278,699,1239,1938,290,363,653
8803,"THEFT/OTHER","38.9080237161","-76.9985011663",98,180,278,699,1239,1938,290,363,653
8803,"THEFT F/AUTO","38.9076363656","-76.9994696464",98,180,278,699,1239,1938,290,363,653
8803,"THEFT F/AUTO","38.9171835065","-76.9800744828",98,180,278,699,1239,1938,290,363,653
8803,"MOTOR VEHICLE THEFT","38.9129953404","-76.984791543",98,180,278,699,1239,1938,290,363,653
8803,"THEFT F/AUTO","38.9084741421","-76.9995618766",98,180,278,699,1239,1938,290,363,653
8803,"THEFT/OTHER","38.9153911752","-76.9820928528",98,180,278,699,1239,1938,290,363,653
8803,"BURGLARY","38.9158236757","-76.9827615277",98,180,278,699,1239,1938,290,363,653
8803,"THEFT/OTHER","38.9151393451","-76.9849525147",98,180,278,699,1239,1938,290,363,653
8803,"THEFT F/AUTO","38.9104733643","-76.9878590304",98,180,278,699,1239,1938,290,363,653
8803,"THEFT F/AUTO","38.9134636645","-76.9839727869",98,180,278,699,1239,1938,290,363,653
8803,"THEFT F/AUTO","38.9142564619","-76.9844453591",98,180,278,699,1239,1938,290,363,653
8803,"THEFT F/AUTO","38.9094019768","-76.997555701",98,180,278,699,1239,1938,290,363,653
8803,"THEFT F/AUTO","38.9142116212","-76.9860365766",98,180,278,699,1239,1938,290,363,653
8803,"THEFT F/AUTO","38.9094019768","-76.997555701",98,180,278,699,1239,1938,290,363,653
8803,"THEFT/OTHER","38.9084741421","-76.9995618766",98,180,278,699,1239,1938,290,363,653
8803,"THEFT/OTHER","38.9119236445","-76.9872707474",98,180,278,699,1239,1938,290,363,653
8803,"THEFT F/AUTO","38.9084741421","-76.9995618766",98,180,278,699,1239,1938,290,363,653
8803,"THEFT F/AUTO","38.9134636645","-76.9839727869",98,180,278,699,1239,1938,290,363,653
8803,"MOTOR VEHICLE THEFT","38.9119236445","-76.9872707474",98,180,278,699,1239,1938,290,363,653
8803,"THEFT/OTHER","38.9151395418","-76.9865668043",98,180,278,699,1239,1938,290,363,653
8803,"THEFT F/AUTO","38.9084741421","-76.9995618766",98,180,278,699,1239,1938,290,363,653
8803,"THEFT F/AUTO","38.9142116212","-76.9860365766",98,180,278,699,1239,1938,290,363,653
8803,"THEFT/OTHER","38.9164722705","-76.9827267784",98,180,278,699,1239,1938,290,363,653
8803,"THEFT/OTHER","38.9153911752","-76.9820928528",98,180,278,699,1239,1938,290,363,653
8803,"THEFT/OTHER","38.9171835065","-76.9800744828",98,180,278,699,1239,1938,290,363,653
8803,"THEFT/OTHER","38.9080237161","-76.9985011663",98,180,278,699,1239,1938,290,363,653
8803,"ASSAULT W/DANGEROUS WEAPON","38.9084741421","-76.9995618766",98,180,278,699,1239,1938,290,363,653
8803,"THEFT F/AUTO","38.9064652765","-76.9988931932",98,180,278,699,1239,1938,290,363,653
8803,"THEFT F/AUTO","38.9099597248","-76.9863717732",98,180,278,699,1239,1938,290,363,653
8803,"SEX ABUSE","38.9117706664","-76.9888734579",98,180,278,699,1239,1938,290,363,653
8803,"THEFT/OTHER","38.912652922","-76.9840306203",98,180,278,699,1239,1938,290,363,653
8803,"ASSAULT W/DANGEROUS WEAPON","38.9117706664","-76.9888734579",98,180,278,699,1239,1938,290,363,653
8803,"THEFT/OTHER","38.9164722705","-76.9827267784",98,180,278,699,1239,1938,290,363,653
8803,"THEFT F/AUTO","38.9064652765","-76.9988931932",98,180,278,699,1239,1938,290,363,653
8803,"THEFT/OTHER","38.9171835065","-76.9800744828",98,180,278,699,1239,1938,290,363,653
8803,"ASSAULT W/DANGEROUS WEAPON","38.9142116212","-76.9860365766",98,180,278,699,1239,1938,290,363,653
8803,"THEFT/OTHER","38.9098434028","-76.9986048962",98,180,278,699,1239,1938,290,363,653
8803,"BURGLARY","38.9147518517","-76.9839379057",98,180,278,699,1239,1938,290,363,653
8803,"ASSAULT W/DANGEROUS WEAPON","38.9129953404","-76.984791543",98,180,278,699,1239,1938,290,363,653
8803,"THEFT F/AUTO","38.9084741421","-76.9995618766",98,180,278,699,1239,1938,290,363,653
8803,"THEFT/OTHER","38.9117706664","-76.9888734579",98,180,278,699,1239,1938,290,363,653
8803,"THEFT F/AUTO","38.912652922","-76.9840306203",98,180,278,699,1239,1938,290,363,653
8803,"THEFT F/AUTO","38.9080237161","-76.9985011663",98,180,278,699,1239,1938,290,363,653
8803,"THEFT/OTHER","38.9151395418","-76.9865668043",98,180,278,699,1239,1938,290,363,653
8803,"THEFT/OTHER","38.9164722705","-76.9827267784",98,180,278,699,1239,1938,290,363,653
8803,"THEFT F/AUTO","38.9134636645","-76.9839727869",98,180,278,699,1239,1938,290,363,653
8803,"MOTOR VEHICLE THEFT","38.9120406542","-76.9863944359",98,180,278,699,1239,1938,290,363,653
8803,"THEFT/OTHER","38.9164722705","-76.9827267784",98,180,278,699,1239,1938,290,363,653
8803,"THEFT F/AUTO","38.9098434028","-76.9986048962",98,180,278,699,1239,1938,290,363,653
8803,"THEFT/OTHER","38.9164722705","-76.9827267784",98,180,278,699,1239,1938,290,363,653
8803,"THEFT F/AUTO","38.9164722705","-76.9827267784",98,180,278,699,1239,1938,290,363,653
8803,"THEFT/OTHER","38.9164722705","-76.9827267784",98,180,278,699,1239,1938,290,363,653
8803,"THEFT/OTHER","38.9171835065","-76.9800744828",98,180,278,699,1239,1938,290,363,653
8803,"THEFT/OTHER","38.9129953404","-76.984791543",98,180,278,699,1239,1938,290,363,653
8803,"THEFT F/AUTO","38.9126538449","-76.9937275504",98,180,278,699,1239,1938,290,363,653
8804,"THEFT/OTHER","38.9062022312","-76.9794434447",188,158,346,1014,752,1766,519,138,657
8804,"MOTOR VEHICLE THEFT","38.913020882","-76.9759593294",188,158,346,1014,752,1766,519,138,657
8804,"THEFT F/AUTO","38.9061123372","-76.980550272",188,158,346,1014,752,1766,519,138,657
8804,"THEFT F/AUTO","38.9119232608","-76.9841345547",188,158,346,1014,752,1766,519,138,657
8804,"ROBBERY","38.9080141576","-76.9885627477",188,158,346,1014,752,1766,519,138,657
8804,"THEFT/OTHER","38.9079689009","-76.9865450958",188,158,346,1014,752,1766,519,138,657
8804,"MOTOR VEHICLE THEFT","38.9051753912","-76.9800893663",188,158,346,1014,752,1766,519,138,657
8804,"THEFT/OTHER","38.9086444714","-76.9860722552",188,158,346,1014,752,1766,519,138,657
8804,"THEFT/OTHER","38.9095709531","-76.9772864124",188,158,346,1014,752,1766,519,138,657
8804,"THEFT F/AUTO","38.9074640139","-76.9832939005",188,158,346,1014,752,1766,519,138,657
8804,"THEFT F/AUTO","38.9095709531","-76.9772864124",188,158,346,1014,752,1766,519,138,657
8804,"ASSAULT W/DANGEROUS WEAPON","38.90912193","-76.986210518",188,158,346,1014,752,1766,519,138,657
8804,"ROBBERY","38.9074365872","-76.9806882636",188,158,346,1014,752,1766,519,138,657
8804,"THEFT/OTHER","38.9092930162","-76.9856109408",188,158,346,1014,752,1766,519,138,657
8804,"THEFT/OTHER","38.9086444714","-76.9860722552",188,158,346,1014,752,1766,519,138,657
8804,"THEFT/OTHER","38.906067665","-76.9829137648",188,158,346,1014,752,1766,519,138,657
8804,"MOTOR VEHICLE THEFT","38.9073383663","-76.9869833312",188,158,346,1014,752,1766,519,138,657
8804,"THEFT F/AUTO","38.9049864906","-76.9817726529",188,158,346,1014,752,1766,519,138,657
8804,"THEFT F/AUTO","38.9062022312","-76.9794434447",188,158,346,1014,752,1766,519,138,657
8804,"THEFT/OTHER","38.9080861569","-76.9878940252",188,158,346,1014,752,1766,519,138,657
8804,"THEFT F/AUTO","38.9062022312","-76.9794434447",188,158,346,1014,752,1766,519,138,657
8804,"MOTOR VEHICLE THEFT","38.9090315643","-76.9839968421",188,158,346,1014,752,1766,519,138,657
8804,"MOTOR VEHICLE THEFT","38.9086176481","-76.9878824054",188,158,346,1014,752,1766,519,138,657
8804,"MOTOR VEHICLE THEFT","38.9096801026","-76.9835470361",188,158,346,1014,752,1766,519,138,657
8804,"THEFT/OTHER","38.9087160453","-76.9824173575",188,158,346,1014,752,1766,519,138,657
8804,"THEFT/OTHER","38.9070589324","-76.9854960981",188,158,346,1014,752,1766,519,138,657
8804,"THEFT F/AUTO","38.9092930162","-76.9856109408",188,158,346,1014,752,1766,519,138,657
8804,"THEFT F/AUTO","38.9079689009","-76.9865450958",188,158,346,1014,752,1766,519,138,657
8804,"MOTOR VEHICLE THEFT","38.913020882","-76.9759593294",188,158,346,1014,752,1766,519,138,657
8804,"MOTOR VEHICLE THEFT","38.9062022312","-76.9794434447",188,158,346,1014,752,1766,519,138,657
8804,"THEFT F/AUTO","38.9108784442","-76.9852877823",188,158,346,1014,752,1766,519,138,657
8804,"THEFT/OTHER","38.9103379568","-76.9853916625",188,158,346,1014,752,1766,519,138,657
8804,"MOTOR VEHICLE THEFT","38.9080861569","-76.9878940252",188,158,346,1014,752,1766,519,138,657
8804,"THEFT/OTHER","38.9092930162","-76.9856109408",188,158,346,1014,752,1766,519,138,657
8804,"THEFT/OTHER","38.9099597248","-76.9863717732",188,158,346,1014,752,1766,519,138,657
8804,"THEFT F/AUTO","38.9099597248","-76.9863717732",188,158,346,1014,752,1766,519,138,657
8804,"THEFT/OTHER","38.9092930162","-76.9856109408",188,158,346,1014,752,1766,519,138,657
8804,"THEFT/OTHER","38.9070589324","-76.9854960981",188,158,346,1014,752,1766,519,138,657
8804,"THEFT F/AUTO","38.9077344824","-76.9848964297",188,158,346,1014,752,1766,519,138,657
8804,"THEFT/OTHER","38.9085905315","-76.987029221",188,158,346,1014,752,1766,519,138,657
8804,"THEFT/OTHER","38.9083740175","-76.9844581715",188,158,346,1014,752,1766,519,138,657
8804,"ROBBERY","38.9041935892","-76.9807352571",188,158,346,1014,752,1766,519,138,657
8804,"ASSAULT W/DANGEROUS WEAPON","38.9054281338","-76.9833404936",188,158,346,1014,752,1766,519,138,657
8804,"THEFT/OTHER","38.9096801026","-76.9835470361",188,158,346,1014,752,1766,519,138,657
8804,"THEFT/OTHER","38.9065995782","-76.9860841838",188,158,346,1014,752,1766,519,138,657
8804,"MOTOR VEHICLE THEFT","38.9092930162","-76.9856109408",188,158,346,1014,752,1766,519,138,657
8804,"ROBBERY","38.9062022312","-76.9794434447",188,158,346,1014,752,1766,519,138,657
8804,"THEFT/OTHER","38.9062022312","-76.9794434447",188,158,346,1014,752,1766,519,138,657
8804,"THEFT F/AUTO","38.9041486374","-76.9812886547",188,158,346,1014,752,1766,519,138,657
8804,"ASSAULT W/DANGEROUS WEAPON","38.9055086646","-76.9798817497",188,158,346,1014,752,1766,519,138,657
8804,"THEFT/OTHER","38.9061123372","-76.980550272",188,158,346,1014,752,1766,519,138,657
8804,"ASSAULT W/DANGEROUS WEAPON","38.9108784442","-76.9852877823",188,158,346,1014,752,1766,519,138,657
8804,"ASSAULT W/DANGEROUS WEAPON","38.9083740175","-76.9844581715",188,158,346,1014,752,1766,519,138,657
8804,"ASSAULT W/DANGEROUS WEAPON","38.9096801026","-76.9835470361",188,158,346,1014,752,1766,519,138,657
8804,"THEFT F/AUTO","38.9090315643","-76.9839968421",188,158,346,1014,752,1766,519,138,657
8804,"ROBBERY","38.9080141576","-76.9885627477",188,158,346,1014,752,1766,519,138,657
8804,"ASSAULT W/DANGEROUS WEAPON","38.9077344824","-76.9848964297",188,158,346,1014,752,1766,519,138,657
8804,"THEFT F/AUTO","38.9108784442","-76.9852877823",188,158,346,1014,752,1766,519,138,657
8804,"ASSAULT W/DANGEROUS WEAPON","38.9077344824","-76.9848964297",188,158,346,1014,752,1766,519,138,657
8804,"MOTOR VEHICLE THEFT","38.9079689009","-76.9865450958",188,158,346,1014,752,1766,519,138,657
8804,"THEFT/OTHER","38.9070671187","-76.9799389569",188,158,346,1014,752,1766,519,138,657
8804,"ASSAULT W/DANGEROUS WEAPON","38.906067665","-76.9829137648",188,158,346,1014,752,1766,519,138,657
8804,"ASSAULT W/DANGEROUS WEAPON","38.9090315643","-76.9839968421",188,158,346,1014,752,1766,519,138,657
8804,"MOTOR VEHICLE THEFT","38.9070589324","-76.9854960981",188,158,346,1014,752,1766,519,138,657
8804,"MOTOR VEHICLE THEFT","38.915327476","-76.9783108088",188,158,346,1014,752,1766,519,138,657
8804,"ASSAULT W/DANGEROUS WEAPON","38.9096801026","-76.9835470361",188,158,346,1014,752,1766,519,138,657
8804,"ASSAULT W/DANGEROUS WEAPON","38.9074640139","-76.9832939005",188,158,346,1014,752,1766,519,138,657
8804,"THEFT F/AUTO","38.9070671187","-76.9799389569",188,158,346,1014,752,1766,519,138,657
8804,"THEFT/OTHER","38.9083740175","-76.9844581715",188,158,346,1014,752,1766,519,138,657
8804,"MOTOR VEHICLE THEFT","38.91579617","-76.9797635403",188,158,346,1014,752,1766,519,138,657
8804,"BURGLARY","38.9081125479","-76.9828325684",188,158,346,1014,752,1766,519,138,657
8804,"THEFT/OTHER","38.9103379568","-76.9853916625",188,158,346,1014,752,1766,519,138,657
8804,"ROBBERY","38.9103379568","-76.9853916625",188,158,346,1014,752,1766,519,138,657
8804,"MOTOR VEHICLE THEFT","38.9108784442","-76.9852877823",188,158,346,1014,752,1766,519,138,657
8804,"THEFT/OTHER","38.9103379568","-76.9853916625",188,158,346,1014,752,1766,519,138,657
8804,"MOTOR VEHICLE THEFT","38.9081125479","-76.9828325684",188,158,346,1014,752,1766,519,138,657
8804,"MOTOR VEHICLE THEFT","38.913020882","-76.9759593294",188,158,346,1014,752,1766,519,138,657
8804,"MOTOR VEHICLE THEFT","38.9061939589","-76.9841704167",188,158,346,1014,752,1766,519,138,657
8804,"MOTOR VEHICLE THEFT","38.9041486374","-76.9812886547",188,158,346,1014,752,1766,519,138,657
8804,"ROBBERY","38.9080861569","-76.9878940252",188,158,346,1014,752,1766,519,138,657
8804,"BURGLARY","38.9079689009","-76.9865450958",188,158,346,1014,752,1766,519,138,657
8804,"THEFT F/AUTO","38.9099597248","-76.9863717732",188,158,346,1014,752,1766,519,138,657
8804,"BURGLARY","38.9083740175","-76.9844581715",188,158,346,1014,752,1766,519,138,657
8804,"THEFT F/AUTO","38.9090315643","-76.9839968421",188,158,346,1014,752,1766,519,138,657
8804,"THEFT/OTHER","38.9062022312","-76.9794434447",188,158,346,1014,752,1766,519,138,657
8804,"THEFT/OTHER","38.9077344824","-76.9848964297",188,158,346,1014,752,1766,519,138,657
8804,"MOTOR VEHICLE THEFT","38.9080861569","-76.9878940252",188,158,346,1014,752,1766,519,138,657
8804,"THEFT/OTHER","38.9070589324","-76.9854960981",188,158,346,1014,752,1766,519,138,657
8804,"MOTOR VEHICLE THEFT","38.9041486374","-76.9812886547",188,158,346,1014,752,1766,519,138,657
8804,"ROBBERY","38.9041486374","-76.9812886547",188,158,346,1014,752,1766,519,138,657
8804,"BURGLARY","38.9095709531","-76.9772864124",188,158,346,1014,752,1766,519,138,657
8804,"ASSAULT W/DANGEROUS WEAPON","38.9087160453","-76.9824173575",188,158,346,1014,752,1766,519,138,657
8804,"MOTOR VEHICLE THEFT","38.9096801026","-76.9835470361",188,158,346,1014,752,1766,519,138,657
8804,"THEFT/OTHER","38.9096801026","-76.9835470361",188,158,346,1014,752,1766,519,138,657
8804,"THEFT/OTHER","38.9062022312","-76.9794434447",188,158,346,1014,752,1766,519,138,657
8804,"THEFT/OTHER","38.9083740175","-76.9844581715",188,158,346,1014,752,1766,519,138,657
8804,"ASSAULT W/DANGEROUS WEAPON","38.9085905315","-76.987029221",188,158,346,1014,752,1766,519,138,657
8804,"THEFT/OTHER","38.9096801026","-76.9835470361",188,158,346,1014,752,1766,519,138,657
8804,"MOTOR VEHICLE THEFT","38.9096801026","-76.9835470361",188,158,346,1014,752,1766,519,138,657
8804,"THEFT/OTHER","38.9055086646","-76.9798817497",188,158,346,1014,752,1766,519,138,657
8804,"ASSAULT W/DANGEROUS WEAPON","38.9108784442","-76.9852877823",188,158,346,1014,752,1766,519,138,657
8804,"ROBBERY","38.9077344824","-76.9848964297",188,158,346,1014,752,1766,519,138,657
8804,"ASSAULT W/DANGEROUS WEAPON","38.9096801026","-76.9835470361",188,158,346,1014,752,1766,519,138,657
8804,"THEFT F/AUTO","38.9092930162","-76.9856109408",188,158,346,1014,752,1766,519,138,657
8804,"THEFT/OTHER","38.9073383663","-76.9869833312",188,158,346,1014,752,1766,519,138,657
8804,"THEFT/OTHER","38.9054281338","-76.9833404936",188,158,346,1014,752,1766,519,138,657
8804,"THEFT F/AUTO","38.9061939589","-76.9841704167",188,158,346,1014,752,1766,519,138,657
8804,"MOTOR VEHICLE THEFT","38.9057972385","-76.9817493874",188,158,346,1014,752,1766,519,138,657
8804,"THEFT F/AUTO","38.9074640139","-76.9832939005",188,158,346,1014,752,1766,519,138,657
8804,"THEFT/OTHER","38.9083740175","-76.9844581715",188,158,346,1014,752,1766,519,138,657
8804,"ROBBERY","38.9062022312","-76.9794434447",188,158,346,1014,752,1766,519,138,657
8804,"MOTOR VEHICLE THEFT","38.9099145386","-76.9851842129",188,158,346,1014,752,1766,519,138,657
8804,"THEFT F/AUTO","38.9081125479","-76.9828325684",188,158,346,1014,752,1766,519,138,657
8804,"THEFT/OTHER","38.9062022312","-76.9794434447",188,158,346,1014,752,1766,519,138,657
8804,"ASSAULT W/DANGEROUS WEAPON","38.9087160453","-76.9824173575",188,158,346,1014,752,1766,519,138,657
8804,"BURGLARY","38.9090315643","-76.9839968421",188,158,346,1014,752,1766,519,138,657
8804,"ROBBERY","38.9057972385","-76.9817493874",188,158,346,1014,752,1766,519,138,657
8804,"MOTOR VEHICLE THEFT","38.9077344824","-76.9848964297",188,158,346,1014,752,1766,519,138,657
8804,"BURGLARY","38.9096801026","-76.9835470361",188,158,346,1014,752,1766,519,138,657
8804,"MOTOR VEHICLE THEFT","38.913020882","-76.9759593294",188,158,346,1014,752,1766,519,138,657
8804,"MOTOR VEHICLE THEFT","38.913020882","-76.9759593294",188,158,346,1014,752,1766,519,138,657
8804,"MOTOR VEHICLE THEFT","38.9062022312","-76.9794434447",188,158,346,1014,752,1766,519,138,657
8804,"THEFT/OTHER","38.9103379568","-76.9853916625",188,158,346,1014,752,1766,519,138,657
8804,"THEFT F/AUTO","38.9090315643","-76.9839968421",188,158,346,1014,752,1766,519,138,657
8804,"THEFT F/AUTO","38.9108784442","-76.9852877823",188,158,346,1014,752,1766,519,138,657
8804,"ASSAULT W/DANGEROUS WEAPON","38.9065995782","-76.9860841838",188,158,346,1014,752,1766,519,138,657
8804,"THEFT/OTHER","38.91579617","-76.9797635403",188,158,346,1014,752,1766,519,138,657
8804,"ROBBERY","38.9052566349","-76.9811038994",188,158,346,1014,752,1766,519,138,657
8804,"THEFT/OTHER","38.9096801026","-76.9835470361",188,158,346,1014,752,1766,519,138,657
8804,"THEFT/OTHER","38.9051753912","-76.9800893663",188,158,346,1014,752,1766,519,138,657
8804,"MOTOR VEHICLE THEFT","38.9081125479","-76.9828325684",188,158,346,1014,752,1766,519,138,657
8804,"THEFT/OTHER","38.9096801026","-76.9835470361",188,158,346,1014,752,1766,519,138,657
8804,"THEFT F/AUTO","38.9096801026","-76.9835470361",188,158,346,1014,752,1766,519,138,657
8804,"ASSAULT W/DANGEROUS WEAPON","38.9068334914","-76.9837321614",188,158,346,1014,752,1766,519,138,657
8804,"ASSAULT W/DANGEROUS WEAPON","38.9096801026","-76.9835470361",188,158,346,1014,752,1766,519,138,657
8804,"ROBBERY","38.9062022312","-76.9794434447",188,158,346,1014,752,1766,519,138,657
8804,"THEFT/OTHER","38.9086176481","-76.9878824054",188,158,346,1014,752,1766,519,138,657
8804,"THEFT/OTHER","38.9077344824","-76.9848964297",188,158,346,1014,752,1766,519,138,657
8804,"MOTOR VEHICLE THEFT","38.9090315643","-76.9839968421",188,158,346,1014,752,1766,519,138,657
8804,"THEFT/OTHER","38.906067665","-76.9829137648",188,158,346,1014,752,1766,519,138,657
8804,"THEFT F/AUTO","38.9080861569","-76.9878940252",188,158,346,1014,752,1766,519,138,657
8804,"ROBBERY","38.9070589324","-76.9854960981",188,158,346,1014,752,1766,519,138,657
8804,"THEFT/OTHER","38.9096801026","-76.9835470361",188,158,346,1014,752,1766,519,138,657
8804,"THEFT/OTHER","38.9062022312","-76.9794434447",188,158,346,1014,752,1766,519,138,657
8804,"BURGLARY","38.9065995782","-76.9860841838",188,158,346,1014,752,1766,519,138,657
8804,"THEFT/OTHER","38.9070589324","-76.9854960981",188,158,346,1014,752,1766,519,138,657
8804,"MOTOR VEHICLE THEFT","38.9108784442","-76.9852877823",188,158,346,1014,752,1766,519,138,657
8804,"MOTOR VEHICLE THEFT","38.90912193","-76.986210518",188,158,346,1014,752,1766,519,138,657
8804,"MOTOR VEHICLE THEFT","38.913020882","-76.9759593294",188,158,346,1014,752,1766,519,138,657
8804,"THEFT F/AUTO","38.9085905315","-76.987029221",188,158,346,1014,752,1766,519,138,657
8804,"ROBBERY","38.9065995782","-76.9860841838",188,158,346,1014,752,1766,519,138,657
8804,"MOTOR VEHICLE THEFT","38.9090315643","-76.9839968421",188,158,346,1014,752,1766,519,138,657
8804,"MOTOR VEHICLE THEFT","38.9077344824","-76.9848964297",188,158,346,1014,752,1766,519,138,657
8804,"THEFT F/AUTO","38.9065995782","-76.9860841838",188,158,346,1014,752,1766,519,138,657
8804,"THEFT F/AUTO","38.9070671187","-76.9799389569",188,158,346,1014,752,1766,519,138,657
8804,"THEFT/OTHER","38.9077344824","-76.9848964297",188,158,346,1014,752,1766,519,138,657
8804,"ROBBERY","38.9096801026","-76.9835470361",188,158,346,1014,752,1766,519,138,657
8804,"MOTOR VEHICLE THEFT","38.9077344824","-76.9848964297",188,158,346,1014,752,1766,519,138,657
8804,"BURGLARY","38.9090315643","-76.9839968421",188,158,346,1014,752,1766,519,138,657
8804,"THEFT/OTHER","38.9070671187","-76.9799389569",188,158,346,1014,752,1766,519,138,657
8804,"BURGLARY","38.9065995782","-76.9860841838",188,158,346,1014,752,1766,519,138,657
8804,"THEFT F/AUTO","38.9086176481","-76.9878824054",188,158,346,1014,752,1766,519,138,657
8804,"THEFT F/AUTO","38.9065995782","-76.9860841838",188,158,346,1014,752,1766,519,138,657
8804,"BURGLARY","38.9087160453","-76.9824173575",188,158,346,1014,752,1766,519,138,657
8804,"THEFT F/AUTO","38.916624771","-76.9788293039",188,158,346,1014,752,1766,519,138,657
8804,"THEFT/OTHER","38.9103379568","-76.9853916625",188,158,346,1014,752,1766,519,138,657
8804,"THEFT/OTHER","38.9054281338","-76.9833404936",188,158,346,1014,752,1766,519,138,657
8804,"BURGLARY","38.9083740175","-76.9844581715",188,158,346,1014,752,1766,519,138,657
8804,"THEFT/OTHER","38.9108784442","-76.9852877823",188,158,346,1014,752,1766,519,138,657
8804,"ASSAULT W/DANGEROUS WEAPON","38.9074640139","-76.9832939005",188,158,346,1014,752,1766,519,138,657
8804,"ASSAULT W/DANGEROUS WEAPON","38.9083740175","-76.9844581715",188,158,346,1014,752,1766,519,138,657
8804,"THEFT F/AUTO","38.9084996658","-76.9812644541",188,158,346,1014,752,1766,519,138,657
8804,"THEFT F/AUTO","38.9054281338","-76.9833404936",188,158,346,1014,752,1766,519,138,657
8804,"MOTOR VEHICLE THEFT","38.906067665","-76.9829137648",188,158,346,1014,752,1766,519,138,657
8804,"MOTOR VEHICLE THEFT","38.9044730681","-76.9821186515",188,158,346,1014,752,1766,519,138,657
8804,"THEFT/OTHER","38.9051753912","-76.9800893663",188,158,346,1014,752,1766,519,138,657
8804,"THEFT F/AUTO","38.9099145386","-76.9851842129",188,158,346,1014,752,1766,519,138,657
8804,"BURGLARY","38.9046980013","-76.9804007812",188,158,346,1014,752,1766,519,138,657
8804,"THEFT F/AUTO","38.9099145386","-76.9851842129",188,158,346,1014,752,1766,519,138,657
8804,"THEFT/OTHER","38.9086444714","-76.9860722552",188,158,346,1014,752,1766,519,138,657
8804,"MOTOR VEHICLE THEFT","38.913020882","-76.9759593294",188,158,346,1014,752,1766,519,138,657
8804,"THEFT F/AUTO","38.9070671187","-76.9799389569",188,158,346,1014,752,1766,519,138,657
8804,"MOTOR VEHICLE THEFT","38.9108784442","-76.9852877823",188,158,346,1014,752,1766,519,138,657
8804,"THEFT F/AUTO","38.9096801026","-76.9835470361",188,158,346,1014,752,1766,519,138,657
8804,"THEFT F/AUTO","38.9052566349","-76.9811038994",188,158,346,1014,752,1766,519,138,657
8804,"MOTOR VEHICLE THEFT","38.9108784442","-76.9852877823",188,158,346,1014,752,1766,519,138,657
8804,"ASSAULT W/DANGEROUS WEAPON","38.9070671187","-76.9799389569",188,158,346,1014,752,1766,519,138,657
8804,"THEFT F/AUTO","38.9080861569","-76.9878940252",188,158,346,1014,752,1766,519,138,657
8804,"ASSAULT W/DANGEROUS WEAPON","38.9096801026","-76.9835470361",188,158,346,1014,752,1766,519,138,657
8804,"THEFT F/AUTO","38.9061939589","-76.9841704167",188,158,346,1014,752,1766,519,138,657
8804,"MOTOR VEHICLE THEFT","38.9108784442","-76.9852877823",188,158,346,1014,752,1766,519,138,657
8804,"THEFT/OTHER","38.9099145386","-76.9851842129",188,158,346,1014,752,1766,519,138,657
8804,"ROBBERY","38.9083740175","-76.9844581715",188,158,346,1014,752,1766,519,138,657
8804,"BURGLARY","38.9080141576","-76.9885627477",188,158,346,1014,752,1766,519,138,657
8804,"THEFT/OTHER","38.9096801026","-76.9835470361",188,158,346,1014,752,1766,519,138,657
8804,"THEFT F/AUTO","38.9108784442","-76.9852877823",188,158,346,1014,752,1766,519,138,657
8804,"SEX ABUSE","38.9099597248","-76.9863717732",188,158,346,1014,752,1766,519,138,657
8804,"THEFT F/AUTO","38.906067665","-76.9829137648",188,158,346,1014,752,1766,519,138,657
8804,"THEFT/OTHER","38.9049864906","-76.9817726529",188,158,346,1014,752,1766,519,138,657
8804,"THEFT/OTHER","38.9083740175","-76.9844581715",188,158,346,1014,752,1766,519,138,657
8804,"MOTOR VEHICLE THEFT","38.913020882","-76.9759593294",188,158,346,1014,752,1766,519,138,657
8804,"THEFT F/AUTO","38.9080141576","-76.9885627477",188,158,346,1014,752,1766,519,138,657
8804,"THEFT/OTHER","38.9108784442","-76.9852877823",188,158,346,1014,752,1766,519,138,657
8804,"THEFT/OTHER","38.9061939589","-76.9841704167",188,158,346,1014,752,1766,519,138,657
8804,"ROBBERY","38.9096801026","-76.9835470361",188,158,346,1014,752,1766,519,138,657
8804,"ROBBERY","38.9045720721","-76.9815537091",188,158,346,1014,752,1766,519,138,657
8804,"THEFT F/AUTO","38.9096801026","-76.9835470361",188,158,346,1014,752,1766,519,138,657
8804,"MOTOR VEHICLE THEFT","38.9096801026","-76.9835470361",188,158,346,1014,752,1766,519,138,657
8804,"ASSAULT W/DANGEROUS WEAPON","38.9077344824","-76.9848964297",188,158,346,1014,752,1766,519,138,657
8804,"ASSAULT W/DANGEROUS WEAPON","38.9096801026","-76.9835470361",188,158,346,1014,752,1766,519,138,657
8804,"BURGLARY","38.9079689009","-76.9865450958",188,158,346,1014,752,1766,519,138,657
8804,"THEFT/OTHER","38.9096801026","-76.9835470361",188,158,346,1014,752,1766,519,138,657
8804,"THEFT/OTHER","38.9083740175","-76.9844581715",188,158,346,1014,752,1766,519,138,657
8804,"BURGLARY","38.9081125479","-76.9828325684",188,158,346,1014,752,1766,519,138,657
8804,"THEFT/OTHER","38.9062022312","-76.9794434447",188,158,346,1014,752,1766,519,138,657
8804,"THEFT/OTHER","38.9083740175","-76.9844581715",188,158,346,1014,752,1766,519,138,657
8804,"MOTOR VEHICLE THEFT","38.9073383663","-76.9869833312",188,158,346,1014,752,1766,519,138,657
8804,"BURGLARY","38.9092930162","-76.9856109408",188,158,346,1014,752,1766,519,138,657
8804,"MOTOR VEHICLE THEFT","38.913020882","-76.9759593294",188,158,346,1014,752,1766,519,138,657
8804,"ASSAULT W/DANGEROUS WEAPON","38.9103379568","-76.9853916625",188,158,346,1014,752,1766,519,138,657
8903,"ROBBERY","38.904364191","-76.9776108795",59,73,132,1079,1087,2166,484,644,1128
8903,"ROBBERY","38.9025090538","-76.9808971124",59,73,132,1079,1087,2166,484,644,1128
8903,"THEFT/OTHER","38.9012751773","-76.9826151743",59,73,132,1079,1087,2166,484,644,1128
8903,"MOTOR VEHICLE THEFT","38.9034718775","-76.97520165",59,73,132,1079,1087,2166,484,644,1128
8903,"THEFT/OTHER","38.90562536","-76.9776104837",59,73,132,1079,1087,2166,484,644,1128
8903,"THEFT F/AUTO","38.9049681156","-76.9796052063",59,73,132,1079,1087,2166,484,644,1128
8903,"THEFT/OTHER","38.903706492","-76.9771499343",59,73,132,1079,1087,2166,484,644,1128
8903,"THEFT/OTHER","38.9012751773","-76.9826151743",59,73,132,1079,1087,2166,484,644,1128
8903,"THEFT F/AUTO","38.904364191","-76.9776108795",59,73,132,1079,1087,2166,484,644,1128
8903,"THEFT F/AUTO","38.9015449994","-76.9799405098",59,73,132,1079,1087,2166,484,644,1128
8903,"THEFT F/AUTO","38.9015449994","-76.9799405098",59,73,132,1079,1087,2166,484,644,1128
8903,"MOTOR VEHICLE THEFT","38.9041935892","-76.9807352571",59,73,132,1079,1087,2166,484,644,1128
8903,"THEFT/OTHER","38.9012751773","-76.9826151743",59,73,132,1079,1087,2166,484,644,1128
8903,"THEFT F/AUTO","38.904039617","-76.9762275199",59,73,132,1079,1087,2166,484,644,1128
8903,"THEFT/OTHER","38.905292308","-76.978994074",59,73,132,1079,1087,2166,484,644,1128
8903,"THEFT F/AUTO","38.903706492","-76.9771499343",59,73,132,1079,1087,2166,484,644,1128
8903,"MOTOR VEHICLE THEFT","38.9056155347","-76.9736905925",59,73,132,1079,1087,2166,484,644,1128
8903,"ROBBERY","38.9031034664","-76.9800668872",59,73,132,1079,1087,2166,484,644,1128
8903,"THEFT F/AUTO","38.9037067565","-76.9785449181",59,73,132,1079,1087,2166,484,644,1128
8903,"MOTOR VEHICLE THEFT","38.9027875878","-76.9768850698",59,73,132,1079,1087,2166,484,644,1128
8903,"THEFT/OTHER","38.9012751773","-76.9826151743",59,73,132,1079,1087,2166,484,644,1128
8903,"THEFT F/AUTO","38.9063190859","-76.9780483761",59,73,132,1079,1087,2166,484,644,1128
8903,"THEFT F/AUTO","38.9015449994","-76.9799405098",59,73,132,1079,1087,2166,484,644,1128
8903,"MOTOR VEHICLE THEFT","38.9047508411","-76.9741751278",59,73,132,1079,1087,2166,484,644,1128
8903,"ASSAULT W/DANGEROUS WEAPON","38.9031032786","-76.9789947187",59,73,132,1079,1087,2166,484,644,1128
8903,"THEFT/OTHER","38.9049677504","-76.9776106901",59,73,132,1079,1087,2166,484,644,1128
8903,"THEFT/OTHER","38.9012751773","-76.9826151743",59,73,132,1079,1087,2166,484,644,1128
8903,"ASSAULT W/DANGEROUS WEAPON","38.9040841151","-76.9736911573",59,73,132,1079,1087,2166,484,644,1128
8903,"ROBBERY","38.904039617","-76.9762275199",59,73,132,1079,1087,2166,484,644,1128
8903,"THEFT F/AUTO","38.9012751773","-76.9826151743",59,73,132,1079,1087,2166,484,644,1128
8903,"THEFT F/AUTO","38.9031031113","-76.9780839518",59,73,132,1079,1087,2166,484,644,1128
8903,"SEX ABUSE","38.9027875878","-76.9768850698",59,73,132,1079,1087,2166,484,644,1128
8903,"THEFT F/AUTO","38.9059493849","-76.9762153542",59,73,132,1079,1087,2166,484,644,1128
8903,"THEFT F/AUTO","38.9037071077","-76.9805509278",59,73,132,1079,1087,2166,484,644,1128
8903,"THEFT F/AUTO","38.9037069324","-76.9795248653",59,73,132,1079,1087,2166,484,644,1128
8903,"MOTOR VEHICLE THEFT","38.9047508411","-76.9741751278",59,73,132,1079,1087,2166,484,644,1128
8903,"THEFT/OTHER","38.9012751773","-76.9826151743",59,73,132,1079,1087,2166,484,644,1128
8903,"THEFT/OTHER","38.9012751773","-76.9826151743",59,73,132,1079,1087,2166,484,644,1128
8903,"ROBBERY","38.9012751773","-76.9826151743",59,73,132,1079,1087,2166,484,644,1128
8903,"MOTOR VEHICLE THEFT","38.9056161735","-76.9766996876",59,73,132,1079,1087,2166,484,644,1128
8903,"THEFT F/AUTO","38.9037069324","-76.9795248653",59,73,132,1079,1087,2166,484,644,1128
8903,"ROBBERY","38.9012751773","-76.9826151743",59,73,132,1079,1087,2166,484,644,1128
8903,"THEFT/OTHER","38.9015449994","-76.9799405098",59,73,132,1079,1087,2166,484,644,1128
8903,"THEFT/OTHER","38.9012751773","-76.9826151743",59,73,132,1079,1087,2166,484,644,1128
8903,"ROBBERY","38.9034718775","-76.97520165",59,73,132,1079,1087,2166,484,644,1128
8903,"ROBBERY","38.905625531","-76.9785212827",59,73,132,1079,1087,2166,484,644,1128
8903,"THEFT/OTHER","38.9012751773","-76.9826151743",59,73,132,1079,1087,2166,484,644,1128
8903,"THEFT F/AUTO","38.9049681156","-76.9796052063",59,73,132,1079,1087,2166,484,644,1128
8903,"BURGLARY","38.906129745","-76.9771837455",59,73,132,1079,1087,2166,484,644,1128
8903,"THEFT/OTHER","38.9015449994","-76.9799405098",59,73,132,1079,1087,2166,484,644,1128
8903,"THEFT F/AUTO","38.9049677504","-76.9776106901",59,73,132,1079,1087,2166,484,644,1128
8903,"THEFT F/AUTO","38.9056155347","-76.9736905925",59,73,132,1079,1087,2166,484,644,1128
8903,"THEFT F/AUTO","38.9012751773","-76.9826151743",59,73,132,1079,1087,2166,484,644,1128
8903,"THEFT F/AUTO","38.9012751773","-76.9826151743",59,73,132,1079,1087,2166,484,644,1128
8903,"THEFT F/AUTO","38.9049488068","-76.9732066207",59,73,132,1079,1087,2166,484,644,1128
8903,"THEFT F/AUTO","38.9025090538","-76.9808971124",59,73,132,1079,1087,2166,484,644,1128
8903,"ROBBERY","38.9047508411","-76.9741751278",59,73,132,1079,1087,2166,484,644,1128
8903,"THEFT/OTHER","38.903706492","-76.9771499343",59,73,132,1079,1087,2166,484,644,1128
8903,"THEFT F/AUTO","38.9049681156","-76.9796052063",59,73,132,1079,1087,2166,484,644,1128
8903,"THEFT F/AUTO","38.9037067565","-76.9785449181",59,73,132,1079,1087,2166,484,644,1128
8903,"ASSAULT W/DANGEROUS WEAPON","38.9043645902","-76.9798013701",59,73,132,1079,1087,2166,484,644,1128
8903,"MOTOR VEHICLE THEFT","38.9037071077","-76.9805509278",59,73,132,1079,1087,2166,484,644,1128
8903,"THEFT F/AUTO","38.9015449994","-76.9799405098",59,73,132,1079,1087,2166,484,644,1128
8903,"THEFT F/AUTO","38.9049677504","-76.9776106901",59,73,132,1079,1087,2166,484,644,1128
8903,"ASSAULT W/DANGEROUS WEAPON","38.9056157737","-76.9747743279",59,73,132,1079,1087,2166,484,644,1128
8903,"THEFT/OTHER","38.9012751773","-76.9826151743",59,73,132,1079,1087,2166,484,644,1128
8903,"MOTOR VEHICLE THEFT","38.9027875878","-76.9768850698",59,73,132,1079,1087,2166,484,644,1128
8903,"THEFT F/AUTO","38.9049681156","-76.9796052063",59,73,132,1079,1087,2166,484,644,1128
8903,"THEFT/OTHER","38.9037067565","-76.9785449181",59,73,132,1079,1087,2166,484,644,1128
8903,"THEFT/OTHER","38.9012751773","-76.9826151743",59,73,132,1079,1087,2166,484,644,1128
8903,"THEFT/OTHER","38.903706492","-76.9771499343",59,73,132,1079,1087,2166,484,644,1128
8903,"ROBBERY","38.904364191","-76.9776108795",59,73,132,1079,1087,2166,484,644,1128
8903,"BURGLARY","38.902499813","-76.9795252118",59,73,132,1079,1087,2166,484,644,1128
8903,"ASSAULT W/DANGEROUS WEAPON","38.9047508411","-76.9741751278",59,73,132,1079,1087,2166,484,644,1128
8903,"ASSAULT W/DANGEROUS WEAPON","38.9032027733","-76.9813696038",59,73,132,1079,1087,2166,484,644,1128
8903,"THEFT F/AUTO","38.9052917754","-76.9762155735",59,73,132,1079,1087,2166,484,644,1128
8903,"THEFT F/AUTO","38.9037069324","-76.9795248653",59,73,132,1079,1087,2166,484,644,1128
8903,"ASSAULT W/DANGEROUS WEAPON","38.9040841151","-76.9736911573",59,73,132,1079,1087,2166,484,644,1128
8903,"THEFT/OTHER","38.9063190859","-76.9780483761",59,73,132,1079,1087,2166,484,644,1128
8903,"ROBBERY","38.9056161735","-76.9766996876",59,73,132,1079,1087,2166,484,644,1128
8903,"THEFT/OTHER","38.9049677504","-76.9776106901",59,73,132,1079,1087,2166,484,644,1128
8903,"THEFT/OTHER","38.9012751773","-76.9826151743",59,73,132,1079,1087,2166,484,644,1128
8903,"MOTOR VEHICLE THEFT","38.9034718775","-76.97520165",59,73,132,1079,1087,2166,484,644,1128
8903,"THEFT/OTHER","38.9012751773","-76.9826151743",59,73,132,1079,1087,2166,484,644,1128
8903,"THEFT F/AUTO","38.904039617","-76.9762275199",59,73,132,1079,1087,2166,484,644,1128
8903,"THEFT/OTHER","38.9015449994","-76.9799405098",59,73,132,1079,1087,2166,484,644,1128
8903,"MOTOR VEHICLE THEFT","38.9056155347","-76.9736905925",59,73,132,1079,1087,2166,484,644,1128
8903,"HOMICIDE","38.904364191","-76.9776108795",59,73,132,1079,1087,2166,484,644,1128
8903,"THEFT F/AUTO","38.9012751773","-76.9826151743",59,73,132,1079,1087,2166,484,644,1128
8903,"ASSAULT W/DANGEROUS WEAPON","38.9015449994","-76.9799405098",59,73,132,1079,1087,2166,484,644,1128
8903,"ASSAULT W/DANGEROUS WEAPON","38.905625531","-76.9785212827",59,73,132,1079,1087,2166,484,644,1128
8903,"THEFT/OTHER","38.9015449994","-76.9799405098",59,73,132,1079,1087,2166,484,644,1128
8903,"THEFT/OTHER","38.9034718775","-76.97520165",59,73,132,1079,1087,2166,484,644,1128
8903,"MOTOR VEHICLE THEFT","38.9056155347","-76.9736905925",59,73,132,1079,1087,2166,484,644,1128
8903,"THEFT/OTHER","38.9034718775","-76.97520165",59,73,132,1079,1087,2166,484,644,1128
8903,"THEFT F/AUTO","38.904039617","-76.9762275199",59,73,132,1079,1087,2166,484,644,1128
8903,"ASSAULT W/DANGEROUS WEAPON","38.9038513078","-76.980954397",59,73,132,1079,1087,2166,484,644,1128
8903,"BURGLARY","38.9047508411","-76.9741751278",59,73,132,1079,1087,2166,484,644,1128
8903,"MOTOR VEHICLE THEFT","38.9056155347","-76.9736905925",59,73,132,1079,1087,2166,484,644,1128
8903,"THEFT/OTHER","38.9049677504","-76.9776106901",59,73,132,1079,1087,2166,484,644,1128
8903,"THEFT/OTHER","38.9049488068","-76.9732066207",59,73,132,1079,1087,2166,484,644,1128
8903,"ASSAULT W/DANGEROUS WEAPON","38.9056157737","-76.9747743279",59,73,132,1079,1087,2166,484,644,1128
8903,"BURGLARY","38.9061841345","-76.9789938114",59,73,132,1079,1087,2166,484,644,1128
8903,"MOTOR VEHICLE THEFT","38.9061841345","-76.9789938114",59,73,132,1079,1087,2166,484,644,1128
8903,"ASSAULT W/DANGEROUS WEAPON","38.9012751773","-76.9826151743",59,73,132,1079,1087,2166,484,644,1128
8903,"THEFT F/AUTO","38.9049677504","-76.9776106901",59,73,132,1079,1087,2166,484,644,1128
8903,"ROBBERY","38.9034718775","-76.97520165",59,73,132,1079,1087,2166,484,644,1128
8903,"THEFT F/AUTO","38.9034718775","-76.97520165",59,73,132,1079,1087,2166,484,644,1128
8903,"THEFT F/AUTO","38.9012751773","-76.9826151743",59,73,132,1079,1087,2166,484,644,1128
8903,"THEFT F/AUTO","38.9037069324","-76.9795248653",59,73,132,1079,1087,2166,484,644,1128
8903,"THEFT F/AUTO","38.9063190859","-76.9780483761",59,73,132,1079,1087,2166,484,644,1128
8903,"THEFT/OTHER","38.9012751773","-76.9826151743",59,73,132,1079,1087,2166,484,644,1128
8903,"ASSAULT W/DANGEROUS WEAPON","38.9047508411","-76.9741751278",59,73,132,1079,1087,2166,484,644,1128
8903,"THEFT/OTHER","38.9012751773","-76.9826151743",59,73,132,1079,1087,2166,484,644,1128
8903,"THEFT/OTHER","38.9031031113","-76.9780839518",59,73,132,1079,1087,2166,484,644,1128
8903,"ROBBERY","38.9012751773","-76.9826151743",59,73,132,1079,1087,2166,484,644,1128
8903,"ASSAULT W/DANGEROUS WEAPON","38.9047508411","-76.9741751278",59,73,132,1079,1087,2166,484,644,1128
8903,"THEFT/OTHER","38.9012751773","-76.9826151743",59,73,132,1079,1087,2166,484,644,1128
8903,"BURGLARY","38.9024999067","-76.9800670559",59,73,132,1079,1087,2166,484,644,1128
8903,"THEFT/OTHER","38.9012751773","-76.9826151743",59,73,132,1079,1087,2166,484,644,1128
8903,"ASSAULT W/DANGEROUS WEAPON","38.9047508411","-76.9741751278",59,73,132,1079,1087,2166,484,644,1128
8903,"THEFT F/AUTO","38.9056155347","-76.9736905925",59,73,132,1079,1087,2166,484,644,1128
8903,"THEFT/OTHER","38.9044262372","-76.9728378919",59,73,132,1079,1087,2166,484,644,1128
8903,"THEFT F/AUTO","38.904364191","-76.9776108795",59,73,132,1079,1087,2166,484,644,1128
8903,"BURGLARY","38.9047508411","-76.9741751278",59,73,132,1079,1087,2166,484,644,1128
8903,"MOTOR VEHICLE THEFT","38.9059493849","-76.9762153542",59,73,132,1079,1087,2166,484,644,1128
8903,"ROBBERY","38.9056157737","-76.9747743279",59,73,132,1079,1087,2166,484,644,1128
8903,"THEFT/OTHER","38.9056150713","-76.9717075873",59,73,132,1079,1087,2166,484,644,1128
8903,"BURGLARY","38.9015449994","-76.9799405098",59,73,132,1079,1087,2166,484,644,1128
8903,"THEFT F/AUTO","38.9095709531","-76.9772864124",59,73,132,1079,1087,2166,484,644,1128
8903,"THEFT F/AUTO","38.9056161735","-76.9766996876",59,73,132,1079,1087,2166,484,644,1128
8903,"BURGLARY","38.9037069324","-76.9795248653",59,73,132,1079,1087,2166,484,644,1128
8903,"THEFT F/AUTO","38.9059493849","-76.9762153542",59,73,132,1079,1087,2166,484,644,1128
8903,"THEFT F/AUTO","38.9034718775","-76.97520165",59,73,132,1079,1087,2166,484,644,1128
8903,"THEFT/OTHER","38.9012751773","-76.9826151743",59,73,132,1079,1087,2166,484,644,1128
8903,"THEFT F/AUTO","38.9031034664","-76.9800668872",59,73,132,1079,1087,2166,484,644,1128
8903,"MOTOR VEHICLE THEFT","38.9059493849","-76.9762153542",59,73,132,1079,1087,2166,484,644,1128
8903,"ROBBERY","38.9051753912","-76.9800893663",59,73,132,1079,1087,2166,484,644,1128
8903,"ASSAULT W/DANGEROUS WEAPON","38.9012751773","-76.9826151743",59,73,132,1079,1087,2166,484,644,1128
8903,"BURGLARY","38.9025090538","-76.9808971124",59,73,132,1079,1087,2166,484,644,1128
8903,"THEFT F/AUTO","38.9049677504","-76.9776106901",59,73,132,1079,1087,2166,484,644,1128
8903,"THEFT/OTHER","38.9047508411","-76.9741751278",59,73,132,1079,1087,2166,484,644,1128
8903,"THEFT F/AUTO","38.9037071077","-76.9805509278",59,73,132,1079,1087,2166,484,644,1128
8903,"ASSAULT W/DANGEROUS WEAPON","38.9012751773","-76.9826151743",59,73,132,1079,1087,2166,484,644,1128
8903,"ASSAULT W/DANGEROUS WEAPON","38.9047508411","-76.9741751278",59,73,132,1079,1087,2166,484,644,1128
8903,"MOTOR VEHICLE THEFT","38.9033910156","-76.976227736",59,73,132,1079,1087,2166,484,644,1128
8903,"MOTOR VEHICLE THEFT","38.9034718775","-76.97520165",59,73,132,1079,1087,2166,484,644,1128
8903,"HOMICIDE","38.9027875878","-76.9768850698",59,73,132,1079,1087,2166,484,644,1128
8904,"THEFT/OTHER","38.9015449994","-76.9799405098",267,562,829,1300,1396,2696,504,606,1110
8904,"BURGLARY","38.8996082789","-76.9803906515",267,562,829,1300,1396,2696,504,606,1110
8904,"THEFT/OTHER","38.9015449994","-76.9799405098",267,562,829,1300,1396,2696,504,606,1110
8904,"THEFT F/AUTO","38.8994901843","-76.9752030341",267,562,829,1300,1396,2696,504,606,1110
8904,"THEFT F/AUTO","38.9032551969","-76.973034326",267,562,829,1300,1396,2696,504,606,1110
8904,"THEFT F/AUTO","38.9025081947","-76.9762165017",267,562,829,1300,1396,2696,504,606,1110
8904,"ASSAULT W/DANGEROUS WEAPON","38.8989860818","-76.9769900539",267,562,829,1300,1396,2696,504,606,1110
8904,"THEFT/OTHER","38.8996082789","-76.9803906515",267,562,829,1300,1396,2696,504,606,1110
8904,"THEFT/OTHER","38.8989860818","-76.9769900539",267,562,829,1300,1396,2696,504,606,1110
8904,"ASSAULT W/DANGEROUS WEAPON","38.9034718775","-76.97520165",267,562,829,1300,1396,2696,504,606,1110
8904,"THEFT F/AUTO","38.9015449994","-76.9799405098",267,562,829,1300,1396,2696,504,606,1110
8904,"THEFT/OTHER","38.9001931768","-76.9768628541",267,562,829,1300,1396,2696,504,606,1110
8904,"THEFT/OTHER","38.9013736745","-76.978995228",267,562,829,1300,1396,2696,504,606,1110
8904,"THEFT/OTHER","38.9006330854","-76.9702339414",267,562,829,1300,1396,2696,504,606,1110
8904,"THEFT F/AUTO","38.9016975724","-76.9768623661",267,562,829,1300,1396,2696,504,606,1110
8904,"THEFT/OTHER","38.9034718775","-76.97520165",267,562,829,1300,1396,2696,504,606,1110
8904,"THEFT/OTHER","38.9014898199","-76.9741878368",267,562,829,1300,1396,2696,504,606,1110
8904,"THEFT F/AUTO","38.9006330854","-76.9702339414",267,562,829,1300,1396,2696,504,606,1110
8904,"ASSAULT W/DANGEROUS WEAPON","38.8992016945","-76.9741771367",267,562,829,1300,1396,2696,504,606,1110
8904,"ASSAULT W/DANGEROUS WEAPON","38.8992016945","-76.9741771367",267,562,829,1300,1396,2696,504,606,1110
8904,"THEFT F/AUTO","38.9006330854","-76.9702339414",267,562,829,1300,1396,2696,504,606,1110
8904,"THEFT/OTHER","38.8989860818","-76.9769900539",267,562,829,1300,1396,2696,504,606,1110
8904,"THEFT/OTHER","38.8996082789","-76.9803906515",267,562,829,1300,1396,2696,504,606,1110
8904,"ASSAULT W/DANGEROUS WEAPON","38.8992016945","-76.9741771367",267,562,829,1300,1396,2696,504,606,1110
8904,"THEFT/OTHER","38.9013736745","-76.978995228",267,562,829,1300,1396,2696,504,606,1110
8904,"HOMICIDE","38.9001834034","-76.9732775799",267,562,829,1300,1396,2696,504,606,1110
8904,"ROBBERY","38.8999689431","-76.9824656262",267,562,829,1300,1396,2696,504,606,1110
8904,"THEFT/OTHER","38.9015449994","-76.9799405098",267,562,829,1300,1396,2696,504,606,1110
8904,"THEFT/OTHER","38.9014091777","-76.9762283965",267,562,829,1300,1396,2696,504,606,1110
8904,"THEFT/OTHER","38.8989860818","-76.9769900539",267,562,829,1300,1396,2696,504,606,1110
8904,"THEFT/OTHER","38.9015449994","-76.9799405098",267,562,829,1300,1396,2696,504,606,1110
8904,"ASSAULT W/DANGEROUS WEAPON","38.9014898199","-76.9741878368",267,562,829,1300,1396,2696,504,606,1110
8904,"THEFT/OTHER","38.8996082789","-76.9803906515",267,562,829,1300,1396,2696,504,606,1110
8904,"ROBBERY","38.8999689431","-76.9824656262",267,562,829,1300,1396,2696,504,606,1110
8904,"ASSAULT W/DANGEROUS WEAPON","38.9033365299","-76.9741756398",267,562,829,1300,1396,2696,504,606,1110
8904,"THEFT F/AUTO","38.9001844407","-76.9782808283",267,562,829,1300,1396,2696,504,606,1110
8904,"THEFT F/AUTO","38.9013736745","-76.978995228",267,562,829,1300,1396,2696,504,606,1110
8904,"THEFT/OTHER","38.8999689431","-76.9824656262",267,562,829,1300,1396,2696,504,606,1110
8904,"THEFT/OTHER","38.8996082789","-76.9803906515",267,562,829,1300,1396,2696,504,606,1110
8904,"THEFT/OTHER","38.8996082789","-76.9803906515",267,562,829,1300,1396,2696,504,606,1110
8904,"THEFT F/AUTO","38.899175105","-76.976229141",267,562,829,1300,1396,2696,504,606,1110
8904,"THEFT F/AUTO","38.9005263588","-76.9762286907",267,562,829,1300,1396,2696,504,606,1110
8904,"ROBBERY","38.9033365299","-76.9741756398",267,562,829,1300,1396,2696,504,606,1110
8904,"THEFT/OTHER","38.8989860818","-76.9769900539",267,562,829,1300,1396,2696,504,606,1110
8904,"ASSAULT W/DANGEROUS WEAPON","38.899552601","-76.9723440384",267,562,829,1300,1396,2696,504,606,1110
8904,"THEFT/OTHER","38.8986072862","-76.974834446",267,562,829,1300,1396,2696,504,606,1110
8904,"THEFT/OTHER","38.8996082789","-76.9803906515",267,562,829,1300,1396,2696,504,606,1110
8904,"THEFT/OTHER","38.9015449994","-76.9799405098",267,562,829,1300,1396,2696,504,606,1110
8904,"THEFT F/AUTO","38.8996082789","-76.9803906515",267,562,829,1300,1396,2696,504,606,1110
8904,"THEFT/OTHER","38.8996082789","-76.9803906515",267,562,829,1300,1396,2696,504,606,1110
8904,"THEFT/OTHER","38.8996082789","-76.9803906515",267,562,829,1300,1396,2696,504,606,1110
8904,"THEFT/OTHER","38.9013736745","-76.978995228",267,562,829,1300,1396,2696,504,606,1110
8904,"THEFT/OTHER","38.8996082789","-76.9803906515",267,562,829,1300,1396,2696,504,606,1110
8904,"ASSAULT W/DANGEROUS WEAPON","38.9001834034","-76.9732775799",267,562,829,1300,1396,2696,504,606,1110
8904,"ASSAULT W/DANGEROUS WEAPON","38.9014898199","-76.9741878368",267,562,829,1300,1396,2696,504,606,1110
8904,"THEFT/OTHER","38.8989860818","-76.9769900539",267,562,829,1300,1396,2696,504,606,1110
8904,"THEFT/OTHER","38.9014898199","-76.9741878368",267,562,829,1300,1396,2696,504,606,1110
8904,"THEFT/OTHER","38.9014898199","-76.9741878368",267,562,829,1300,1396,2696,504,606,1110
8904,"THEFT/OTHER","38.8996082789","-76.9803906515",267,562,829,1300,1396,2696,504,606,1110
8904,"ASSAULT W/DANGEROUS WEAPON","38.9040841151","-76.9736911573",267,562,829,1300,1396,2696,504,606,1110
8904,"THEFT/OTHER","38.8994901843","-76.9752030341",267,562,829,1300,1396,2696,504,606,1110
8904,"THEFT F/AUTO","38.9006330854","-76.9702339414",267,562,829,1300,1396,2696,504,606,1110
8904,"BURGLARY","38.899552601","-76.9723440384",267,562,829,1300,1396,2696,504,606,1110
8904,"THEFT/OTHER","38.9024184198","-76.977784419",267,562,829,1300,1396,2696,504,606,1110
8904,"ASSAULT W/DANGEROUS WEAPON","38.9015449994","-76.9799405098",267,562,829,1300,1396,2696,504,606,1110
8904,"ASSAULT W/DANGEROUS WEAPON","38.8989860818","-76.9769900539",267,562,829,1300,1396,2696,504,606,1110
8904,"THEFT F/AUTO","38.9016975724","-76.9768623661",267,562,829,1300,1396,2696,504,606,1110
8904,"ASSAULT W/DANGEROUS WEAPON","38.9032551969","-76.973034326",267,562,829,1300,1396,2696,504,606,1110
8904,"ROBBERY","38.9014898199","-76.9741878368",267,562,829,1300,1396,2696,504,606,1110
8904,"ASSAULT W/DANGEROUS WEAPON","38.8996082789","-76.9803906515",267,562,829,1300,1396,2696,504,606,1110
8904,"ASSAULT W/DANGEROUS WEAPON","38.9032551969","-76.973034326",267,562,829,1300,1396,2696,504,606,1110
8904,"ASSAULT W/DANGEROUS WEAPON","38.8999689431","-76.9824656262",267,562,829,1300,1396,2696,504,606,1110
8904,"THEFT/OTHER","38.9014898199","-76.9741878368",267,562,829,1300,1396,2696,504,606,1110
8904,"MOTOR VEHICLE THEFT","38.901282845","-76.9751908826",267,562,829,1300,1396,2696,504,606,1110
8904,"THEFT/OTHER","38.8996082789","-76.9803906515",267,562,829,1300,1396,2696,504,606,1110
8904,"THEFT/OTHER","38.9014898199","-76.9741878368",267,562,829,1300,1396,2696,504,606,1110
8904,"THEFT F/AUTO","38.8996082789","-76.9803906515",267,562,829,1300,1396,2696,504,606,1110
8904,"THEFT/OTHER","38.8989860818","-76.9769900539",267,562,829,1300,1396,2696,504,606,1110
8904,"THEFT/OTHER","38.9014898199","-76.9741878368",267,562,829,1300,1396,2696,504,606,1110
8904,"ASSAULT W/DANGEROUS WEAPON","38.9014091777","-76.9762283965",267,562,829,1300,1396,2696,504,606,1110
8904,"THEFT F/AUTO","38.9016975724","-76.9768623661",267,562,829,1300,1396,2696,504,606,1110
8904,"THEFT/OTHER","38.8986072862","-76.974834446",267,562,829,1300,1396,2696,504,606,1110
8904,"THEFT F/AUTO","38.9032551969","-76.973034326",267,562,829,1300,1396,2696,504,606,1110
8904,"THEFT F/AUTO","38.9013736745","-76.978995228",267,562,829,1300,1396,2696,504,606,1110
8904,"THEFT/OTHER","38.8996082789","-76.9803906515",267,562,829,1300,1396,2696,504,606,1110
8904,"THEFT/OTHER","38.9015449994","-76.9799405098",267,562,829,1300,1396,2696,504,606,1110
8904,"THEFT/OTHER","38.8996082789","-76.9803906515",267,562,829,1300,1396,2696,504,606,1110
8904,"ASSAULT W/DANGEROUS WEAPON","38.9032551969","-76.973034326",267,562,829,1300,1396,2696,504,606,1110
8904,"THEFT/OTHER","38.8999689431","-76.9824656262",267,562,829,1300,1396,2696,504,606,1110
8904,"ASSAULT W/DANGEROUS WEAPON","38.9032551969","-76.973034326",267,562,829,1300,1396,2696,504,606,1110
8904,"THEFT/OTHER","38.8999689431","-76.9824656262",267,562,829,1300,1396,2696,504,606,1110
8904,"THEFT F/AUTO","38.9015449994","-76.9799405098",267,562,829,1300,1396,2696,504,606,1110
8904,"ASSAULT W/DANGEROUS WEAPON","38.8994901843","-76.9752030341",267,562,829,1300,1396,2696,504,606,1110
8904,"THEFT/OTHER","38.9014898199","-76.9741878368",267,562,829,1300,1396,2696,504,606,1110
8904,"MOTOR VEHICLE THEFT","38.8996082789","-76.9803906515",267,562,829,1300,1396,2696,504,606,1110
8904,"THEFT/OTHER","38.9006330854","-76.9702339414",267,562,829,1300,1396,2696,504,606,1110
8904,"THEFT F/AUTO","38.9007430378","-76.9819168035",267,562,829,1300,1396,2696,504,606,1110
8904,"BURGLARY","38.9016975724","-76.9768623661",267,562,829,1300,1396,2696,504,606,1110
8904,"HOMICIDE","38.9014091777","-76.9762283965",267,562,829,1300,1396,2696,504,606,1110
8904,"THEFT F/AUTO","38.9001844407","-76.9782808283",267,562,829,1300,1396,2696,504,606,1110
8904,"THEFT/OTHER","38.8989860818","-76.9769900539",267,562,829,1300,1396,2696,504,606,1110
8904,"THEFT/OTHER","38.9016975724","-76.9768623661",267,562,829,1300,1396,2696,504,606,1110
8904,"ROBBERY","38.9014898199","-76.9741878368",267,562,829,1300,1396,2696,504,606,1110
8904,"THEFT/OTHER","38.9041468237","-76.9721808531",267,562,829,1300,1396,2696,504,606,1110
8904,"THEFT F/AUTO","38.9016975724","-76.9768623661",267,562,829,1300,1396,2696,504,606,1110
8904,"THEFT/OTHER","38.8996082789","-76.9803906515",267,562,829,1300,1396,2696,504,606,1110
8904,"ROBBERY","38.9027875878","-76.9768850698",267,562,829,1300,1396,2696,504,606,1110
8904,"THEFT F/AUTO","38.9015449994","-76.9799405098",267,562,829,1300,1396,2696,504,606,1110
8904,"THEFT F/AUTO","38.8996082789","-76.9803906515",267,562,829,1300,1396,2696,504,606,1110
8904,"ASSAULT W/DANGEROUS WEAPON","38.9008688036","-76.9768626349",267,562,829,1300,1396,2696,504,606,1110
8904,"ROBBERY","38.9001834034","-76.9732775799",267,562,829,1300,1396,2696,504,606,1110
8904,"THEFT/OTHER","38.899247597","-76.9784194504",267,562,829,1300,1396,2696,504,606,1110
8904,"THEFT F/AUTO","38.9013736745","-76.978995228",267,562,829,1300,1396,2696,504,606,1110
8904,"ROBBERY","38.9025081947","-76.9762165017",267,562,829,1300,1396,2696,504,606,1110
8904,"THEFT/OTHER","38.8996082789","-76.9803906515",267,562,829,1300,1396,2696,504,606,1110
8904,"ASSAULT W/DANGEROUS WEAPON","38.8989860818","-76.9769900539",267,562,829,1300,1396,2696,504,606,1110
8904,"THEFT/OTHER","38.8989860818","-76.9769900539",267,562,829,1300,1396,2696,504,606,1110
8904,"THEFT/OTHER","38.8989860818","-76.9769900539",267,562,829,1300,1396,2696,504,606,1110
8904,"THEFT F/AUTO","38.9014091777","-76.9762283965",267,562,829,1300,1396,2696,504,606,1110
8904,"ASSAULT W/DANGEROUS WEAPON","38.900734571","-76.9819236074",267,562,829,1300,1396,2696,504,606,1110
8904,"ASSAULT W/DANGEROUS WEAPON","38.9001844407","-76.9782808283",267,562,829,1300,1396,2696,504,606,1110
8904,"ROBBERY","38.9024184198","-76.977784419",267,562,829,1300,1396,2696,504,606,1110
8904,"ASSAULT W/DANGEROUS WEAPON","38.899841288","-76.9741769052",267,562,829,1300,1396,2696,504,606,1110
8904,"ASSAULT W/DANGEROUS WEAPON","38.899841288","-76.9741769052",267,562,829,1300,1396,2696,504,606,1110
8904,"ROBBERY","38.8999689431","-76.9824656262",267,562,829,1300,1396,2696,504,606,1110
8904,"THEFT F/AUTO","38.8999689431","-76.9824656262",267,562,829,1300,1396,2696,504,606,1110
8904,"ASSAULT W/DANGEROUS WEAPON","38.8999689431","-76.9824656262",267,562,829,1300,1396,2696,504,606,1110
8904,"THEFT/OTHER","38.9008688036","-76.9768626349",267,562,829,1300,1396,2696,504,606,1110
8904,"ASSAULT W/DANGEROUS WEAPON","38.8986072862","-76.974834446",267,562,829,1300,1396,2696,504,606,1110
8904,"THEFT/OTHER","38.8996347825","-76.9774970826",267,562,829,1300,1396,2696,504,606,1110
8904,"THEFT F/AUTO","38.9001931768","-76.9768628541",267,562,829,1300,1396,2696,504,606,1110
8904,"HOMICIDE","38.8992016945","-76.9741771367",267,562,829,1300,1396,2696,504,606,1110
8904,"THEFT/OTHER","38.8989860818","-76.9769900539",267,562,829,1300,1396,2696,504,606,1110
8904,"HOMICIDE","38.9032551969","-76.973034326",267,562,829,1300,1396,2696,504,606,1110
8904,"THEFT/OTHER","38.9032551969","-76.973034326",267,562,829,1300,1396,2696,504,606,1110
8904,"THEFT/OTHER","38.8996082789","-76.9803906515",267,562,829,1300,1396,2696,504,606,1110
8904,"MOTOR VEHICLE THEFT","38.9040841151","-76.9736911573",267,562,829,1300,1396,2696,504,606,1110
8904,"THEFT F/AUTO","38.9001844407","-76.9782808283",267,562,829,1300,1396,2696,504,606,1110
8904,"THEFT F/AUTO","38.9006330854","-76.9702339414",267,562,829,1300,1396,2696,504,606,1110
8904,"BURGLARY","38.9033365299","-76.9741756398",267,562,829,1300,1396,2696,504,606,1110
8904,"BURGLARY","38.8999689431","-76.9824656262",267,562,829,1300,1396,2696,504,606,1110
8904,"THEFT/OTHER","38.8989860818","-76.9769900539",267,562,829,1300,1396,2696,504,606,1110
8904,"ASSAULT W/DANGEROUS WEAPON","38.9001834034","-76.9732775799",267,562,829,1300,1396,2696,504,606,1110
8904,"HOMICIDE","38.899552601","-76.9723440384",267,562,829,1300,1396,2696,504,606,1110
8904,"THEFT/OTHER","38.9025799418","-76.9746947012",267,562,829,1300,1396,2696,504,606,1110
8904,"THEFT/OTHER","38.9001931768","-76.9768628541",267,562,829,1300,1396,2696,504,606,1110
8904,"THEFT/OTHER","38.8989860818","-76.9769900539",267,562,829,1300,1396,2696,504,606,1110
8904,"THEFT F/AUTO","38.9032551969","-76.973034326",267,562,829,1300,1396,2696,504,606,1110
8904,"THEFT F/AUTO","38.8980660725","-76.9717221091",267,562,829,1300,1396,2696,504,606,1110
8904,"ASSAULT W/DANGEROUS WEAPON","38.8989860818","-76.9769900539",267,562,829,1300,1396,2696,504,606,1110
8904,"ASSAULT W/DANGEROUS WEAPON","38.9024184198","-76.977784419",267,562,829,1300,1396,2696,504,606,1110
8904,"ASSAULT W/DANGEROUS WEAPON","38.9033365299","-76.9741756398",267,562,829,1300,1396,2696,504,606,1110
8904,"THEFT/OTHER","38.9025799418","-76.9746947012",267,562,829,1300,1396,2696,504,606,1110
8904,"THEFT F/AUTO","38.9015449994","-76.9799405098",267,562,829,1300,1396,2696,504,606,1110
8904,"THEFT/OTHER","38.900734571","-76.9819236074",267,562,829,1300,1396,2696,504,606,1110
8904,"THEFT/OTHER","38.8996082789","-76.9803906515",267,562,829,1300,1396,2696,504,606,1110
8904,"THEFT F/AUTO","38.9034718775","-76.97520165",267,562,829,1300,1396,2696,504,606,1110
9000,"THEFT/OTHER","38.9198458716","-76.9528994141",227,122,349,1861,973,2834,978,309,1287
9000,"THEFT F/AUTO","38.9258093923","-76.9632232859",227,122,349,1861,973,2834,978,309,1287
9000,"THEFT F/AUTO","38.9198458716","-76.9528994141",227,122,349,1861,973,2834,978,309,1287
9000,"THEFT/OTHER","38.9205357239","-76.952663139",227,122,349,1861,973,2834,978,309,1287
9000,"THEFT F/AUTO","38.9205357239","-76.952663139",227,122,349,1861,973,2834,978,309,1287
9000,"MOTOR VEHICLE THEFT","38.9276656812","-76.9587424642",227,122,349,1861,973,2834,978,309,1287
9000,"THEFT F/AUTO","38.9252416929","-76.9626700295",227,122,349,1861,973,2834,978,309,1287
9000,"BURGLARY","38.9198458716","-76.9528994141",227,122,349,1861,973,2834,978,309,1287
9000,"THEFT F/AUTO","38.930519003","-76.9580655486",227,122,349,1861,973,2834,978,309,1287
9000,"THEFT F/AUTO","38.9205357239","-76.952663139",227,122,349,1861,973,2834,978,309,1287
9000,"THEFT F/AUTO","38.9205357239","-76.952663139",227,122,349,1861,973,2834,978,309,1287
9000,"THEFT F/AUTO","38.9205357239","-76.952663139",227,122,349,1861,973,2834,978,309,1287
9000,"THEFT F/AUTO","38.9221497446","-76.9566059346",227,122,349,1861,973,2834,978,309,1287
9000,"THEFT/OTHER","38.9241960583","-76.9606293943",227,122,349,1861,973,2834,978,309,1287
9000,"THEFT F/AUTO","38.9205357239","-76.952663139",227,122,349,1861,973,2834,978,309,1287
9000,"MOTOR VEHICLE THEFT","38.9297263256","-76.9582159437",227,122,349,1861,973,2834,978,309,1287
9000,"THEFT/OTHER","38.9205357239","-76.952663139",227,122,349,1861,973,2834,978,309,1287
9000,"THEFT F/AUTO","38.9198458716","-76.9528994141",227,122,349,1861,973,2834,978,309,1287
9000,"THEFT F/AUTO","38.9221497446","-76.9566059346",227,122,349,1861,973,2834,978,309,1287
9000,"THEFT/OTHER","38.9245894783","-76.9531331516",227,122,349,1861,973,2834,978,309,1287
9000,"ROBBERY","38.9245894783","-76.9531331516",227,122,349,1861,973,2834,978,309,1287
9000,"THEFT F/AUTO","38.9205357239","-76.952663139",227,122,349,1861,973,2834,978,309,1287
9000,"THEFT/OTHER","38.9198458716","-76.9528994141",227,122,349,1861,973,2834,978,309,1287
9000,"ROBBERY","38.9221497446","-76.9566059346",227,122,349,1861,973,2834,978,309,1287
9000,"THEFT F/AUTO","38.9291504548","-76.9601076779",227,122,349,1861,973,2834,978,309,1287
9000,"THEFT F/AUTO","38.9198458716","-76.9528994141",227,122,349,1861,973,2834,978,309,1287
9000,"THEFT/OTHER","38.9205357239","-76.952663139",227,122,349,1861,973,2834,978,309,1287
9000,"THEFT F/AUTO","38.9205357239","-76.952663139",227,122,349,1861,973,2834,978,309,1287
9000,"THEFT F/AUTO","38.9288972319","-76.9573053332",227,122,349,1861,973,2834,978,309,1287
9000,"THEFT/OTHER","38.9198458716","-76.9528994141",227,122,349,1861,973,2834,978,309,1287
9000,"THEFT/OTHER","38.9198458716","-76.9528994141",227,122,349,1861,973,2834,978,309,1287
9000,"THEFT F/AUTO","38.9198458716","-76.9528994141",227,122,349,1861,973,2834,978,309,1287
9000,"THEFT/OTHER","38.9198458716","-76.9528994141",227,122,349,1861,973,2834,978,309,1287
9000,"SEX ABUSE","38.9205357239","-76.952663139",227,122,349,1861,973,2834,978,309,1287
9000,"MOTOR VEHICLE THEFT","38.9291504548","-76.9601076779",227,122,349,1861,973,2834,978,309,1287
9000,"THEFT F/AUTO","38.9264196699","-76.9565572063",227,122,349,1861,973,2834,978,309,1287
9000,"THEFT F/AUTO","38.9236360659","-76.956466646",227,122,349,1861,973,2834,978,309,1287
9000,"THEFT/OTHER","38.9198458716","-76.9528994141",227,122,349,1861,973,2834,978,309,1287
9000,"MOTOR VEHICLE THEFT","38.9262270372","-76.9594686867",227,122,349,1861,973,2834,978,309,1287
9000,"THEFT/OTHER","38.9291504548","-76.9601076779",227,122,349,1861,973,2834,978,309,1287
9000,"THEFT F/AUTO","38.9262270372","-76.9594686867",227,122,349,1861,973,2834,978,309,1287
9000,"THEFT F/AUTO","38.9285912952","-76.9582627401",227,122,349,1861,973,2834,978,309,1287
9000,"THEFT/OTHER","38.9245894783","-76.9531331516",227,122,349,1861,973,2834,978,309,1287
9000,"THEFT/OTHER","38.9198458716","-76.9528994141",227,122,349,1861,973,2834,978,309,1287
9000,"BURGLARY","38.9291504548","-76.9601076779",227,122,349,1861,973,2834,978,309,1287
9000,"THEFT/OTHER","38.9198458716","-76.9528994141",227,122,349,1861,973,2834,978,309,1287
9000,"THEFT F/AUTO","38.9245894783","-76.9531331516",227,122,349,1861,973,2834,978,309,1287
9000,"THEFT F/AUTO","38.9205357239","-76.952663139",227,122,349,1861,973,2834,978,309,1287
9000,"ASSAULT W/DANGEROUS WEAPON","38.9245894783","-76.9531331516",227,122,349,1861,973,2834,978,309,1287
9000,"THEFT/OTHER","38.9221497446","-76.9566059346",227,122,349,1861,973,2834,978,309,1287
9000,"MOTOR VEHICLE THEFT","38.9245894783","-76.9531331516",227,122,349,1861,973,2834,978,309,1287
9000,"THEFT F/AUTO","38.9198421808","-76.9529057588",227,122,349,1861,973,2834,978,309,1287
9000,"THEFT/OTHER","38.9198458716","-76.9528994141",227,122,349,1861,973,2834,978,309,1287
9000,"THEFT F/AUTO","38.9221497446","-76.9566059346",227,122,349,1861,973,2834,978,309,1287
9000,"THEFT/OTHER","38.9198458716","-76.9528994141",227,122,349,1861,973,2834,978,309,1287
9000,"THEFT F/AUTO","38.926338196","-76.959980549",227,122,349,1861,973,2834,978,309,1287
9000,"THEFT F/AUTO","38.9233635553","-76.9507700185",227,122,349,1861,973,2834,978,309,1287
9000,"THEFT/OTHER","38.9198458716","-76.9528994141",227,122,349,1861,973,2834,978,309,1287
9000,"THEFT F/AUTO","38.926232184","-76.9613663459",227,122,349,1861,973,2834,978,309,1287
9000,"MOTOR VEHICLE THEFT","38.9225983425","-76.9519583271",227,122,349,1861,973,2834,978,309,1287
9000,"THEFT/OTHER","38.9198458716","-76.9528994141",227,122,349,1861,973,2834,978,309,1287
9000,"THEFT/OTHER","38.9198458716","-76.9528994141",227,122,349,1861,973,2834,978,309,1287
9000,"THEFT F/AUTO","38.9233635553","-76.9507700185",227,122,349,1861,973,2834,978,309,1287
9000,"ASSAULT W/DANGEROUS WEAPON","38.9228512829","-76.9537110038",227,122,349,1861,973,2834,978,309,1287
9000,"THEFT F/AUTO","38.9264196699","-76.9565572063",227,122,349,1861,973,2834,978,309,1287
9000,"MOTOR VEHICLE THEFT","38.9205357239","-76.952663139",227,122,349,1861,973,2834,978,309,1287
9000,"THEFT F/AUTO","38.9288972319","-76.9573053332",227,122,349,1861,973,2834,978,309,1287
9000,"THEFT F/AUTO","38.9221497446","-76.9566059346",227,122,349,1861,973,2834,978,309,1287
9000,"THEFT F/AUTO","38.9227617618","-76.9551525461",227,122,349,1861,973,2834,978,309,1287
9000,"THEFT F/AUTO","38.9205357239","-76.952663139",227,122,349,1861,973,2834,978,309,1287
9000,"MOTOR VEHICLE THEFT","38.9291504548","-76.9601076779",227,122,349,1861,973,2834,978,309,1287
9000,"THEFT/OTHER","38.9245894783","-76.9531331516",227,122,349,1861,973,2834,978,309,1287
9000,"BURGLARY","38.9291504548","-76.9601076779",227,122,349,1861,973,2834,978,309,1287
9000,"THEFT/OTHER","38.9198458716","-76.9528994141",227,122,349,1861,973,2834,978,309,1287
9000,"THEFT/OTHER","38.9279879753","-76.9589319909",227,122,349,1861,973,2834,978,309,1287
9000,"THEFT F/AUTO","38.9198458716","-76.9528994141",227,122,349,1861,973,2834,978,309,1287
9000,"THEFT F/AUTO","38.9264196699","-76.9565572063",227,122,349,1861,973,2834,978,309,1287
9000,"MOTOR VEHICLE THEFT","38.9276823806","-76.9609388514",227,122,349,1861,973,2834,978,309,1287
9000,"MOTOR VEHICLE THEFT","38.9291504548","-76.9601076779",227,122,349,1861,973,2834,978,309,1287
9000,"THEFT F/AUTO","38.9262270372","-76.9594686867",227,122,349,1861,973,2834,978,309,1287
9000,"THEFT/OTHER","38.9198458716","-76.9528994141",227,122,349,1861,973,2834,978,309,1287
9000,"MOTOR VEHICLE THEFT","38.9264196699","-76.9565572063",227,122,349,1861,973,2834,978,309,1287
9000,"MOTOR VEHICLE THEFT","38.9215739888","-76.9587511778",227,122,349,1861,973,2834,978,309,1287
9000,"ROBBERY","38.9233635553","-76.9507700185",227,122,349,1861,973,2834,978,309,1287
9000,"THEFT/OTHER","38.9205357239","-76.952663139",227,122,349,1861,973,2834,978,309,1287
9000,"MOTOR VEHICLE THEFT","38.9205357239","-76.952663139",227,122,349,1861,973,2834,978,309,1287
9000,"ROBBERY","38.9233635553","-76.9507700185",227,122,349,1861,973,2834,978,309,1287
9000,"BURGLARY","38.926943932","-76.9616427415",227,122,349,1861,973,2834,978,309,1287
9000,"THEFT F/AUTO","38.9205357239","-76.952663139",227,122,349,1861,973,2834,978,309,1287
9000,"ROBBERY","38.9198458716","-76.9528994141",227,122,349,1861,973,2834,978,309,1287
9000,"THEFT F/AUTO","38.9233935469","-76.958404166",227,122,349,1861,973,2834,978,309,1287
9000,"THEFT F/AUTO","38.9198458716","-76.9528994141",227,122,349,1861,973,2834,978,309,1287
9000,"THEFT/OTHER","38.9245894783","-76.9531331516",227,122,349,1861,973,2834,978,309,1287
9000,"THEFT F/AUTO","38.9237546681","-76.9533351649",227,122,349,1861,973,2834,978,309,1287
9000,"THEFT F/AUTO","38.9279879753","-76.9589319909",227,122,349,1861,973,2834,978,309,1287
9000,"MOTOR VEHICLE THEFT","38.9198458716","-76.9528994141",227,122,349,1861,973,2834,978,309,1287
9000,"THEFT/OTHER","38.9205357239","-76.952663139",227,122,349,1861,973,2834,978,309,1287
9000,"THEFT/OTHER","38.9205357239","-76.952663139",227,122,349,1861,973,2834,978,309,1287
9000,"THEFT F/AUTO","38.9198458716","-76.9528994141",227,122,349,1861,973,2834,978,309,1287
9000,"MOTOR VEHICLE THEFT","38.9205357239","-76.952663139",227,122,349,1861,973,2834,978,309,1287
9000,"THEFT/OTHER","38.9198458716","-76.9528994141",227,122,349,1861,973,2834,978,309,1287
9000,"THEFT/OTHER","38.9198458716","-76.9528994141",227,122,349,1861,973,2834,978,309,1287
9000,"THEFT F/AUTO","38.9198458716","-76.9528994141",227,122,349,1861,973,2834,978,309,1287
9000,"THEFT/OTHER","38.9291504548","-76.9601076779",227,122,349,1861,973,2834,978,309,1287
9000,"THEFT/OTHER","38.9198458716","-76.9528994141",227,122,349,1861,973,2834,978,309,1287
9000,"THEFT F/AUTO","38.9258093923","-76.9632232859",227,122,349,1861,973,2834,978,309,1287
9000,"ASSAULT W/DANGEROUS WEAPON","38.9252416929","-76.9626700295",227,122,349,1861,973,2834,978,309,1287
9000,"ROBBERY","38.9250256761","-76.9632467546",227,122,349,1861,973,2834,978,309,1287
9000,"THEFT/OTHER","38.9228512829","-76.9537110038",227,122,349,1861,973,2834,978,309,1287
9000,"ASSAULT W/DANGEROUS WEAPON","38.9258093923","-76.9632232859",227,122,349,1861,973,2834,978,309,1287
9000,"THEFT F/AUTO","38.9221497446","-76.9566059346",227,122,349,1861,973,2834,978,309,1287
9000,"THEFT F/AUTO","38.9291504548","-76.9601076779",227,122,349,1861,973,2834,978,309,1287
9000,"THEFT F/AUTO","38.9264196699","-76.9565572063",227,122,349,1861,973,2834,978,309,1287
9000,"MOTOR VEHICLE THEFT","38.9221497446","-76.9566059346",227,122,349,1861,973,2834,978,309,1287
9000,"THEFT/OTHER","38.9221497446","-76.9566059346",227,122,349,1861,973,2834,978,309,1287
9000,"ROBBERY","38.9233935469","-76.958404166",227,122,349,1861,973,2834,978,309,1287
9000,"THEFT F/AUTO","38.9205357239","-76.952663139",227,122,349,1861,973,2834,978,309,1287
9000,"ROBBERY","38.9245894783","-76.9531331516",227,122,349,1861,973,2834,978,309,1287
9000,"THEFT F/AUTO","38.9285912952","-76.9582627401",227,122,349,1861,973,2834,978,309,1287
9000,"THEFT/OTHER","38.9198458716","-76.9528994141",227,122,349,1861,973,2834,978,309,1287
9000,"THEFT/OTHER","38.9291504548","-76.9601076779",227,122,349,1861,973,2834,978,309,1287
9000,"THEFT F/AUTO","38.9264196699","-76.9565572063",227,122,349,1861,973,2834,978,309,1287
9000,"THEFT/OTHER","38.9198458716","-76.9528994141",227,122,349,1861,973,2834,978,309,1287
9000,"THEFT F/AUTO","38.9205434196","-76.9495265617",227,122,349,1861,973,2834,978,309,1287
9000,"THEFT F/AUTO","38.9241960583","-76.9606293943",227,122,349,1861,973,2834,978,309,1287
9000,"THEFT F/AUTO","38.9236360659","-76.956466646",227,122,349,1861,973,2834,978,309,1287
9000,"THEFT/OTHER","38.9198458716","-76.9528994141",227,122,349,1861,973,2834,978,309,1287
9000,"THEFT/OTHER","38.9198458716","-76.9528994141",227,122,349,1861,973,2834,978,309,1287
9000,"THEFT/OTHER","38.9205357239","-76.952663139",227,122,349,1861,973,2834,978,309,1287
9000,"THEFT F/AUTO","38.9198458716","-76.9528994141",227,122,349,1861,973,2834,978,309,1287
9000,"THEFT F/AUTO","38.9258093923","-76.9632232859",227,122,349,1861,973,2834,978,309,1287
9000,"MOTOR VEHICLE THEFT","38.9237546681","-76.9533351649",227,122,349,1861,973,2834,978,309,1287
9000,"THEFT/OTHER","38.9198458716","-76.9528994141",227,122,349,1861,973,2834,978,309,1287
9000,"THEFT F/AUTO","38.9221497446","-76.9566059346",227,122,349,1861,973,2834,978,309,1287
9000,"THEFT F/AUTO","38.9221497446","-76.9566059346",227,122,349,1861,973,2834,978,309,1287
9000,"THEFT/OTHER","38.9198458716","-76.9528994141",227,122,349,1861,973,2834,978,309,1287
9000,"THEFT F/AUTO","38.9205357239","-76.952663139",227,122,349,1861,973,2834,978,309,1287
9000,"THEFT/OTHER","38.9205357239","-76.952663139",227,122,349,1861,973,2834,978,309,1287
9000,"THEFT/OTHER","38.9198458716","-76.9528994141",227,122,349,1861,973,2834,978,309,1287
9000,"THEFT/OTHER","38.9198458716","-76.9528994141",227,122,349,1861,973,2834,978,309,1287
9000,"THEFT F/AUTO","38.9198458716","-76.9528994141",227,122,349,1861,973,2834,978,309,1287
9000,"THEFT/OTHER","38.9221497446","-76.9566059346",227,122,349,1861,973,2834,978,309,1287
9000,"THEFT/OTHER","38.9205357239","-76.952663139",227,122,349,1861,973,2834,978,309,1287
9000,"THEFT/OTHER","38.9205357239","-76.952663139",227,122,349,1861,973,2834,978,309,1287
9000,"THEFT F/AUTO","38.9198458716","-76.9528994141",227,122,349,1861,973,2834,978,309,1287
9000,"BURGLARY","38.9291504548","-76.9601076779",227,122,349,1861,973,2834,978,309,1287
9000,"THEFT F/AUTO","38.9221497446","-76.9566059346",227,122,349,1861,973,2834,978,309,1287
9000,"THEFT F/AUTO","38.9198458716","-76.9528994141",227,122,349,1861,973,2834,978,309,1287
9000,"THEFT/OTHER","38.9205357239","-76.952663139",227,122,349,1861,973,2834,978,309,1287
9000,"THEFT F/AUTO","38.9198458716","-76.9528994141",227,122,349,1861,973,2834,978,309,1287
9000,"THEFT F/AUTO","38.9245894783","-76.9531331516",227,122,349,1861,973,2834,978,309,1287
9000,"ASSAULT W/DANGEROUS WEAPON","38.9245894783","-76.9531331516",227,122,349,1861,973,2834,978,309,1287
9000,"THEFT F/AUTO","38.9241960583","-76.9606293943",227,122,349,1861,973,2834,978,309,1287
9000,"ROBBERY","38.9232648869","-76.9517848987",227,122,349,1861,973,2834,978,309,1287
9000,"THEFT F/AUTO","38.926943932","-76.9616427415",227,122,349,1861,973,2834,978,309,1287
9000,"THEFT/OTHER","38.9198458716","-76.9528994141",227,122,349,1861,973,2834,978,309,1287
9000,"THEFT/OTHER","38.9198458716","-76.9528994141",227,122,349,1861,973,2834,978,309,1287
9000,"THEFT/OTHER","38.9205357239","-76.952663139",227,122,349,1861,973,2834,978,309,1287
9000,"THEFT F/AUTO","38.9264196699","-76.9565572063",227,122,349,1861,973,2834,978,309,1287
9000,"THEFT/OTHER","38.9205357239","-76.952663139",227,122,349,1861,973,2834,978,309,1287
9000,"THEFT/OTHER","38.9205357239","-76.952663139",227,122,349,1861,973,2834,978,309,1287
9000,"ASSAULT W/DANGEROUS WEAPON","38.9250256761","-76.9632467546",227,122,349,1861,973,2834,978,309,1287
9000,"THEFT/OTHER","38.9291504548","-76.9601076779",227,122,349,1861,973,2834,978,309,1287
9000,"THEFT F/AUTO","38.9205357239","-76.952663139",227,122,349,1861,973,2834,978,309,1287
9000,"THEFT F/AUTO","38.9259802041","-76.9621391528",227,122,349,1861,973,2834,978,309,1287
9000,"THEFT F/AUTO","38.9236360659","-76.956466646",227,122,349,1861,973,2834,978,309,1287
9000,"THEFT/OTHER","38.9233635553","-76.9507700185",227,122,349,1861,973,2834,978,309,1287
9000,"THEFT F/AUTO","38.9241235415","-76.9593147756",227,122,349,1861,973,2834,978,309,1287
9000,"THEFT F/AUTO","38.9241960583","-76.9606293943",227,122,349,1861,973,2834,978,309,1287
9000,"THEFT/OTHER","38.9198458716","-76.9528994141",227,122,349,1861,973,2834,978,309,1287
9000,"THEFT F/AUTO","38.9252416929","-76.9626700295",227,122,349,1861,973,2834,978,309,1287
9000,"THEFT F/AUTO","38.9259802041","-76.9621391528",227,122,349,1861,973,2834,978,309,1287
9000,"THEFT/OTHER","38.9198458716","-76.9528994141",227,122,349,1861,973,2834,978,309,1287
9000,"THEFT/OTHER","38.9198458716","-76.9528994141",227,122,349,1861,973,2834,978,309,1287
9000,"THEFT/OTHER","38.9198458716","-76.9528994141",227,122,349,1861,973,2834,978,309,1287
9000,"THEFT F/AUTO","38.9250256761","-76.9632467546",227,122,349,1861,973,2834,978,309,1287
9000,"THEFT/OTHER","38.9221497446","-76.9566059346",227,122,349,1861,973,2834,978,309,1287
9000,"THEFT/OTHER","38.9198458716","-76.9528994141",227,122,349,1861,973,2834,978,309,1287
9000,"THEFT F/AUTO","38.9241235415","-76.9593147756",227,122,349,1861,973,2834,978,309,1287
9000,"THEFT F/AUTO","38.9250256761","-76.9632467546",227,122,349,1861,973,2834,978,309,1287
9000,"THEFT/OTHER","38.9205357239","-76.952663139",227,122,349,1861,973,2834,978,309,1287
9000,"THEFT F/AUTO","38.9245894783","-76.9531331516",227,122,349,1861,973,2834,978,309,1287
9000,"THEFT F/AUTO","38.9291504548","-76.9601076779",227,122,349,1861,973,2834,978,309,1287
9000,"THEFT/OTHER","38.9198421808","-76.9529057588",227,122,349,1861,973,2834,978,309,1287
9000,"THEFT F/AUTO","38.9250256761","-76.9632467546",227,122,349,1861,973,2834,978,309,1287
9000,"THEFT F/AUTO","38.9232211728","-76.9551176613",227,122,349,1861,973,2834,978,309,1287
9000,"MOTOR VEHICLE THEFT","38.9198458716","-76.9528994141",227,122,349,1861,973,2834,978,309,1287
9000,"BURGLARY","38.9291504548","-76.9601076779",227,122,349,1861,973,2834,978,309,1287
9000,"THEFT/OTHER","38.9205357239","-76.952663139",227,122,349,1861,973,2834,978,309,1287
9000,"THEFT F/AUTO","38.9264196699","-76.9565572063",227,122,349,1861,973,2834,978,309,1287
9000,"THEFT F/AUTO","38.9232648869","-76.9517848987",227,122,349,1861,973,2834,978,309,1287
9000,"THEFT/OTHER","38.9198458716","-76.9528994141",227,122,349,1861,973,2834,978,309,1287
9000,"THEFT F/AUTO","38.9221566483","-76.9512667181",227,122,349,1861,973,2834,978,309,1287
9000,"THEFT F/AUTO","38.9221497446","-76.9566059346",227,122,349,1861,973,2834,978,309,1287
9000,"THEFT F/AUTO","38.9205357239","-76.952663139",227,122,349,1861,973,2834,978,309,1287
9000,"THEFT F/AUTO","38.9250256761","-76.9632467546",227,122,349,1861,973,2834,978,309,1287
9000,"THEFT F/AUTO","38.9205357239","-76.952663139",227,122,349,1861,973,2834,978,309,1287
9000,"THEFT/OTHER","38.9198458716","-76.9528994141",227,122,349,1861,973,2834,978,309,1287
9000,"MOTOR VEHICLE THEFT","38.9198421808","-76.9529057588",227,122,349,1861,973,2834,978,309,1287
9000,"THEFT F/AUTO","38.9205357239","-76.952663139",227,122,349,1861,973,2834,978,309,1287
9000,"THEFT F/AUTO","38.9205357239","-76.952663139",227,122,349,1861,973,2834,978,309,1287
9000,"MOTOR VEHICLE THEFT","38.9302128811","-76.9585155187",227,122,349,1861,973,2834,978,309,1287
9000,"THEFT F/AUTO","38.9233635553","-76.9507700185",227,122,349,1861,973,2834,978,309,1287
9102,"THEFT F/AUTO","38.9219312016","-76.9819643614",262,300,562,1541,1243,2784,598,633,1231
9102,"ROBBERY","38.9250388806","-76.9807642223",262,300,562,1541,1243,2784,598,633,1231
9102,"MOTOR VEHICLE THEFT","38.9223458029","-76.9834403276",262,300,562,1541,1243,2784,598,633,1231
9102,"ASSAULT W/DANGEROUS WEAPON","38.9239404709","-76.9848814652",262,300,562,1541,1243,2784,598,633,1231
9102,"MOTOR VEHICLE THEFT","38.9215811022","-76.9937613603",262,300,562,1541,1243,2784,598,633,1231
9102,"THEFT/OTHER","38.9215811022","-76.9937613603",262,300,562,1541,1243,2784,598,633,1231
9102,"THEFT F/AUTO","38.9171835065","-76.9800744828",262,300,562,1541,1243,2784,598,633,1231
9102,"THEFT/OTHER","38.9215811022","-76.9937613603",262,300,562,1541,1243,2784,598,633,1231
9102,"THEFT/OTHER","38.9222116506","-76.9931501206",262,300,562,1541,1243,2784,598,633,1231
9102,"THEFT F/AUTO","38.9222116506","-76.9931501206",262,300,562,1541,1243,2784,598,633,1231
9102,"THEFT/OTHER","38.9222116506","-76.9931501206",262,300,562,1541,1243,2784,598,633,1231
9102,"THEFT F/AUTO","38.9215811022","-76.9937613603",262,300,562,1541,1243,2784,598,633,1231
9102,"THEFT/OTHER","38.9215811022","-76.9937613603",262,300,562,1541,1243,2784,598,633,1231
9102,"MOTOR VEHICLE THEFT","38.9215811022","-76.9937613603",262,300,562,1541,1243,2784,598,633,1231
9102,"ASSAULT W/DANGEROUS WEAPON","38.9219312016","-76.9819643614",262,300,562,1541,1243,2784,598,633,1231
9102,"THEFT/OTHER","38.9222116506","-76.9931501206",262,300,562,1541,1243,2784,598,633,1231
9102,"THEFT F/AUTO","38.9222116506","-76.9931501206",262,300,562,1541,1243,2784,598,633,1231
9102,"THEFT/OTHER","38.9215811022","-76.9937613603",262,300,562,1541,1243,2784,598,633,1231
9102,"THEFT F/AUTO","38.918247953","-76.9925854753",262,300,562,1541,1243,2784,598,633,1231
9102,"THEFT/OTHER","38.9215811022","-76.9937613603",262,300,562,1541,1243,2784,598,633,1231
9102,"THEFT/OTHER","38.9222116506","-76.9931501206",262,300,562,1541,1243,2784,598,633,1231
9102,"THEFT/OTHER","38.9215811022","-76.9937613603",262,300,562,1541,1243,2784,598,633,1231
9102,"THEFT F/AUTO","38.9222116506","-76.9931501206",262,300,562,1541,1243,2784,598,633,1231
9102,"THEFT/OTHER","38.9249673922","-76.9846736674",262,300,562,1541,1243,2784,598,633,1231
9102,"THEFT/OTHER","38.9215811022","-76.9937613603",262,300,562,1541,1243,2784,598,633,1231
9102,"THEFT/OTHER","38.9222116506","-76.9931501206",262,300,562,1541,1243,2784,598,633,1231
9102,"THEFT/OTHER","38.9201485438","-76.9903135821",262,300,562,1541,1243,2784,598,633,1231
9102,"THEFT F/AUTO","38.9222116506","-76.9931501206",262,300,562,1541,1243,2784,598,633,1231
9102,"THEFT/OTHER","38.9222116506","-76.9931501206",262,300,562,1541,1243,2784,598,633,1231
9102,"THEFT/OTHER","38.9126538449","-76.9937275504",262,300,562,1541,1243,2784,598,633,1231
9102,"THEFT/OTHER","38.9215811022","-76.9937613603",262,300,562,1541,1243,2784,598,633,1231
9102,"MOTOR VEHICLE THEFT","38.9220044151","-76.992435172",262,300,562,1541,1243,2784,598,633,1231
9102,"THEFT F/AUTO","38.918247953","-76.9925854753",262,300,562,1541,1243,2784,598,633,1231
9102,"THEFT F/AUTO","38.925579232","-76.9798876196",262,300,562,1541,1243,2784,598,633,1231
9102,"THEFT/OTHER","38.9222116506","-76.9931501206",262,300,562,1541,1243,2784,598,633,1231
9102,"THEFT/OTHER","38.9265523766","-76.9813750358",262,300,562,1541,1243,2784,598,633,1231
9102,"THEFT/OTHER","38.9215811022","-76.9937613603",262,300,562,1541,1243,2784,598,633,1231
9102,"MOTOR VEHICLE THEFT","38.9215811022","-76.9937613603",262,300,562,1541,1243,2784,598,633,1231
9102,"THEFT/OTHER","38.9215811022","-76.9937613603",262,300,562,1541,1243,2784,598,633,1231
9102,"THEFT/OTHER","38.9201485438","-76.9903135821",262,300,562,1541,1243,2784,598,633,1231
9102,"THEFT/OTHER","38.9210762427","-76.9885606528",262,300,562,1541,1243,2784,598,633,1231
9102,"THEFT/OTHER","38.9215811022","-76.9937613603",262,300,562,1541,1243,2784,598,633,1231
9102,"THEFT/OTHER","38.9222116506","-76.9931501206",262,300,562,1541,1243,2784,598,633,1231
9102,"THEFT/OTHER","38.9222116506","-76.9931501206",262,300,562,1541,1243,2784,598,633,1231
9102,"ASSAULT W/DANGEROUS WEAPON","38.9171835065","-76.9800744828",262,300,562,1541,1243,2784,598,633,1231
9102,"ROBBERY","38.9144641257","-76.9885271218",262,300,562,1541,1243,2784,598,633,1231
9102,"THEFT F/AUTO","38.9229856304","-76.9852045611",262,300,562,1541,1243,2784,598,633,1231
9102,"THEFT/OTHER","38.9222116506","-76.9931501206",262,300,562,1541,1243,2784,598,633,1231
9102,"THEFT/OTHER","38.9222116506","-76.9931501206",262,300,562,1541,1243,2784,598,633,1231
9102,"THEFT/OTHER","38.9215811022","-76.9937613603",262,300,562,1541,1243,2784,598,633,1231
9102,"THEFT F/AUTO","38.9222116506","-76.9931501206",262,300,562,1541,1243,2784,598,633,1231
9102,"THEFT/OTHER","38.9215811022","-76.9937613603",262,300,562,1541,1243,2784,598,633,1231
9102,"THEFT F/AUTO","38.9222116506","-76.9931501206",262,300,562,1541,1243,2784,598,633,1231
9102,"THEFT F/AUTO","38.918247953","-76.9925854753",262,300,562,1541,1243,2784,598,633,1231
9102,"THEFT/OTHER","38.9215811022","-76.9937613603",262,300,562,1541,1243,2784,598,633,1231
9102,"THEFT F/AUTO","38.9261198785","-76.9807639307",262,300,562,1541,1243,2784,598,633,1231
9102,"ROBBERY","38.9222116506","-76.9931501206",262,300,562,1541,1243,2784,598,633,1231
9102,"THEFT/OTHER","38.9215811022","-76.9937613603",262,300,562,1541,1243,2784,598,633,1231
9102,"THEFT/OTHER","38.9215811022","-76.9937613603",262,300,562,1541,1243,2784,598,633,1231
9102,"THEFT/OTHER","38.9215811022","-76.9937613603",262,300,562,1541,1243,2784,598,633,1231
9102,"THEFT/OTHER","38.9222116506","-76.9931501206",262,300,562,1541,1243,2784,598,633,1231
9102,"MOTOR VEHICLE THEFT","38.9164373828","-76.9944651921",262,300,562,1541,1243,2784,598,633,1231
9102,"THEFT/OTHER","38.9215811022","-76.9937613603",262,300,562,1541,1243,2784,598,633,1231
9102,"THEFT/OTHER","38.9222116506","-76.9931501206",262,300,562,1541,1243,2784,598,633,1231
9102,"THEFT F/AUTO","38.920508252","-76.9845131846",262,300,562,1541,1243,2784,598,633,1231
9102,"THEFT/OTHER","38.9222116506","-76.9931501206",262,300,562,1541,1243,2784,598,633,1231
9102,"THEFT F/AUTO","38.925579232","-76.9798876196",262,300,562,1541,1243,2784,598,633,1231
9102,"ASSAULT W/DANGEROUS WEAPON","38.9201933726","-76.988018816",262,300,562,1541,1243,2784,598,633,1231
9102,"BURGLARY","38.9215811022","-76.9937613603",262,300,562,1541,1243,2784,598,633,1231
9102,"THEFT/OTHER","38.9265523766","-76.9813750358",262,300,562,1541,1243,2784,598,633,1231
9102,"THEFT/OTHER","38.9215811022","-76.9937613603",262,300,562,1541,1243,2784,598,633,1231
9102,"THEFT/OTHER","38.9215811022","-76.9937613603",262,300,562,1541,1243,2784,598,633,1231
9102,"MOTOR VEHICLE THEFT","38.9212106456","-76.9826910358",262,300,562,1541,1243,2784,598,633,1231
9102,"THEFT/OTHER","38.9222116506","-76.9931501206",262,300,562,1541,1243,2784,598,633,1231
9102,"THEFT/OTHER","38.9222116506","-76.9931501206",262,300,562,1541,1243,2784,598,633,1231
9102,"THEFT/OTHER","38.918247953","-76.9925854753",262,300,562,1541,1243,2784,598,633,1231
9102,"MOTOR VEHICLE THEFT","38.9191660923","-76.9851361658",262,300,562,1541,1243,2784,598,633,1231
9102,"THEFT/OTHER","38.9191660923","-76.9851361658",262,300,562,1541,1243,2784,598,633,1231
9102,"THEFT/OTHER","38.9201485438","-76.9903135821",262,300,562,1541,1243,2784,598,633,1231
9102,"THEFT/OTHER","38.9201485438","-76.9903135821",262,300,562,1541,1243,2784,598,633,1231
9102,"THEFT/OTHER","38.9222116506","-76.9931501206",262,300,562,1541,1243,2784,598,633,1231
9102,"THEFT/OTHER","38.9201485438","-76.9903135821",262,300,562,1541,1243,2784,598,633,1231
9102,"THEFT/OTHER","38.9201485438","-76.9903135821",262,300,562,1541,1243,2784,598,633,1231
9102,"THEFT/OTHER","38.9222116506","-76.9931501206",262,300,562,1541,1243,2784,598,633,1231
9102,"THEFT/OTHER","38.9222116506","-76.9931501206",262,300,562,1541,1243,2784,598,633,1231
9102,"ASSAULT W/DANGEROUS WEAPON","38.9171835065","-76.9800744828",262,300,562,1541,1243,2784,598,633,1231
9102,"THEFT/OTHER","38.9265523766","-76.9813750358",262,300,562,1541,1243,2784,598,633,1231
9102,"MOTOR VEHICLE THEFT","38.9210760304","-76.9865656861",262,300,562,1541,1243,2784,598,633,1231
9102,"ASSAULT W/DANGEROUS WEAPON","38.9216882976","-76.984178509",262,300,562,1541,1243,2784,598,633,1231
9102,"THEFT/OTHER","38.9201485438","-76.9903135821",262,300,562,1541,1243,2784,598,633,1231
9102,"THEFT/OTHER","38.9215811022","-76.9937613603",262,300,562,1541,1243,2784,598,633,1231
9102,"THEFT/OTHER","38.9215811022","-76.9937613603",262,300,562,1541,1243,2784,598,633,1231
9102,"THEFT/OTHER","38.9222116506","-76.9931501206",262,300,562,1541,1243,2784,598,633,1231
9102,"THEFT F/AUTO","38.9250388806","-76.9807642223",262,300,562,1541,1243,2784,598,633,1231
9102,"THEFT F/AUTO","38.9171835065","-76.9800744828",262,300,562,1541,1243,2784,598,633,1231
9102,"ASSAULT W/DANGEROUS WEAPON","38.9234814291","-76.9882027754",262,300,562,1541,1243,2784,598,633,1231
9102,"THEFT F/AUTO","38.9164373828","-76.9944651921",262,300,562,1541,1243,2784,598,633,1231
9102,"THEFT/OTHER","38.9201485438","-76.9903135821",262,300,562,1541,1243,2784,598,633,1231
9102,"THEFT/OTHER","38.9266422112","-76.9798757873",262,300,562,1541,1243,2784,598,633,1231
9102,"THEFT/OTHER","38.9215811022","-76.9937613603",262,300,562,1541,1243,2784,598,633,1231
9102,"THEFT/OTHER","38.9201485438","-76.9903135821",262,300,562,1541,1243,2784,598,633,1231
9102,"ROBBERY","38.9222116506","-76.9931501206",262,300,562,1541,1243,2784,598,633,1231
9102,"THEFT/OTHER","38.9201485438","-76.9903135821",262,300,562,1541,1243,2784,598,633,1231
9102,"MOTOR VEHICLE THEFT","38.924507613","-76.9821712885",262,300,562,1541,1243,2784,598,633,1231
9102,"THEFT F/AUTO","38.918247953","-76.9925854753",262,300,562,1541,1243,2784,598,633,1231
9102,"THEFT/OTHER","38.9215811022","-76.9937613603",262,300,562,1541,1243,2784,598,633,1231
9102,"ROBBERY","38.9144641257","-76.9885271218",262,300,562,1541,1243,2784,598,633,1231
9102,"THEFT F/AUTO","38.9215811022","-76.9937613603",262,300,562,1541,1243,2784,598,633,1231
9102,"THEFT/OTHER","38.9210760304","-76.9865656861",262,300,562,1541,1243,2784,598,633,1231
9102,"ASSAULT W/DANGEROUS WEAPON","38.9201485438","-76.9903135821",262,300,562,1541,1243,2784,598,633,1231
9102,"BURGLARY","38.9201485438","-76.9903135821",262,300,562,1541,1243,2784,598,633,1231
9102,"THEFT/OTHER","38.9222116506","-76.9931501206",262,300,562,1541,1243,2784,598,633,1231
9901,"ROBBERY","38.8752007383","-76.9641943516",70,92,162,1052,999,2051,554,541,1095
9102,"ASSAULT W/DANGEROUS WEAPON","38.9205714757","-76.9858162324",262,300,562,1541,1243,2784,598,633,1231
9102,"THEFT/OTHER","38.9215811022","-76.9937613603",262,300,562,1541,1243,2784,598,633,1231
9102,"THEFT/OTHER","38.9215811022","-76.9937613603",262,300,562,1541,1243,2784,598,633,1231
9102,"THEFT/OTHER","38.9222116506","-76.9931501206",262,300,562,1541,1243,2784,598,633,1231
9102,"THEFT/OTHER","38.9201485438","-76.9903135821",262,300,562,1541,1243,2784,598,633,1231
9102,"THEFT/OTHER","38.9222116506","-76.9931501206",262,300,562,1541,1243,2784,598,633,1231
9102,"THEFT/OTHER","38.9222116506","-76.9931501206",262,300,562,1541,1243,2784,598,633,1231
9102,"ASSAULT W/DANGEROUS WEAPON","38.9206336978","-76.9800850504",262,300,562,1541,1243,2784,598,633,1231
9102,"THEFT F/AUTO","38.918247953","-76.9925854753",262,300,562,1541,1243,2784,598,633,1231
9102,"THEFT/OTHER","38.9215811022","-76.9937613603",262,300,562,1541,1243,2784,598,633,1231
9102,"THEFT/OTHER","38.9222116506","-76.9931501206",262,300,562,1541,1243,2784,598,633,1231
9102,"THEFT/OTHER","38.9222116506","-76.9931501206",262,300,562,1541,1243,2784,598,633,1231
9102,"THEFT/OTHER","38.9222116506","-76.9931501206",262,300,562,1541,1243,2784,598,633,1231
9102,"THEFT/OTHER","38.9215811022","-76.9937613603",262,300,562,1541,1243,2784,598,633,1231
9102,"ASSAULT W/DANGEROUS WEAPON","38.9222116506","-76.9931501206",262,300,562,1541,1243,2784,598,633,1231
9102,"ASSAULT W/DANGEROUS WEAPON","38.9215811022","-76.9937613603",262,300,562,1541,1243,2784,598,633,1231
9102,"THEFT/OTHER","38.9215811022","-76.9937613603",262,300,562,1541,1243,2784,598,633,1231
9102,"THEFT/OTHER","38.9222116506","-76.9931501206",262,300,562,1541,1243,2784,598,633,1231
9102,"THEFT F/AUTO","38.9206336978","-76.9800850504",262,300,562,1541,1243,2784,598,633,1231
9102,"THEFT/OTHER","38.9222116506","-76.9931501206",262,300,562,1541,1243,2784,598,633,1231
9102,"THEFT/OTHER","38.9222116506","-76.9931501206",262,300,562,1541,1243,2784,598,633,1231
9102,"THEFT F/AUTO","38.9202466218","-76.9818148784",262,300,562,1541,1243,2784,598,633,1231
9102,"THEFT/OTHER","38.9215811022","-76.9937613603",262,300,562,1541,1243,2784,598,633,1231
9102,"THEFT/OTHER","38.9255796307","-76.9823555378",262,300,562,1541,1243,2784,598,633,1231
9102,"THEFT/OTHER","38.9215811022","-76.9937613603",262,300,562,1541,1243,2784,598,633,1231
9102,"THEFT/OTHER","38.9201485438","-76.9903135821",262,300,562,1541,1243,2784,598,633,1231
9102,"THEFT F/AUTO","38.9201485438","-76.9903135821",262,300,562,1541,1243,2784,598,633,1231
9102,"MOTOR VEHICLE THEFT","38.918247953","-76.9925854753",262,300,562,1541,1243,2784,598,633,1231
9102,"THEFT F/AUTO","38.9222116506","-76.9931501206",262,300,562,1541,1243,2784,598,633,1231
9102,"THEFT/OTHER","38.9215811022","-76.9937613603",262,300,562,1541,1243,2784,598,633,1231
9102,"THEFT/OTHER","38.9222116506","-76.9931501206",262,300,562,1541,1243,2784,598,633,1231
9102,"THEFT/OTHER","38.9222116506","-76.9931501206",262,300,562,1541,1243,2784,598,633,1231
9102,"ASSAULT W/DANGEROUS WEAPON","38.9222116506","-76.9931501206",262,300,562,1541,1243,2784,598,633,1231
9102,"THEFT/OTHER","38.9249673922","-76.9846736674",262,300,562,1541,1243,2784,598,633,1231
9102,"THEFT/OTHER","38.9215811022","-76.9937613603",262,300,562,1541,1243,2784,598,633,1231
9102,"THEFT F/AUTO","38.9234355355","-76.9816064895",262,300,562,1541,1243,2784,598,633,1231
9102,"ROBBERY","38.9212106456","-76.9826910358",262,300,562,1541,1243,2784,598,633,1231
9102,"THEFT F/AUTO","38.9219592983","-76.9913511929",262,300,562,1541,1243,2784,598,633,1231
9102,"THEFT/OTHER","38.9215811022","-76.9937613603",262,300,562,1541,1243,2784,598,633,1231
9102,"THEFT/OTHER","38.9222116506","-76.9931501206",262,300,562,1541,1243,2784,598,633,1231
9102,"THEFT F/AUTO","38.9201485438","-76.9903135821",262,300,562,1541,1243,2784,598,633,1231
9102,"THEFT F/AUTO","38.9144641257","-76.9885271218",262,300,562,1541,1243,2784,598,633,1231
9102,"THEFT/OTHER","38.9215811022","-76.9937613603",262,300,562,1541,1243,2784,598,633,1231
9102,"THEFT/OTHER","38.9222116506","-76.9931501206",262,300,562,1541,1243,2784,598,633,1231
9102,"THEFT/OTHER","38.9215811022","-76.9937613603",262,300,562,1541,1243,2784,598,633,1231
9102,"THEFT/OTHER","38.918247953","-76.9925854753",262,300,562,1541,1243,2784,598,633,1231
9102,"THEFT/OTHER","38.9215811022","-76.9937613603",262,300,562,1541,1243,2784,598,633,1231
9102,"BURGLARY","38.9212106456","-76.9826910358",262,300,562,1541,1243,2784,598,633,1231
9102,"THEFT F/AUTO","38.9222116506","-76.9931501206",262,300,562,1541,1243,2784,598,633,1231
9102,"THEFT F/AUTO","38.9210762427","-76.9885606528",262,300,562,1541,1243,2784,598,633,1231
9102,"THEFT/OTHER","38.9215811022","-76.9937613603",262,300,562,1541,1243,2784,598,633,1231
9102,"THEFT/OTHER","38.9126538449","-76.9937275504",262,300,562,1541,1243,2784,598,633,1231
9102,"THEFT/OTHER","38.9222116506","-76.9931501206",262,300,562,1541,1243,2784,598,633,1231
9102,"THEFT/OTHER","38.9222116506","-76.9931501206",262,300,562,1541,1243,2784,598,633,1231
9102,"THEFT/OTHER","38.9222116506","-76.9931501206",262,300,562,1541,1243,2784,598,633,1231
9102,"THEFT/OTHER","38.9265523766","-76.9813750358",262,300,562,1541,1243,2784,598,633,1231
9102,"ASSAULT W/DANGEROUS WEAPON","38.918247953","-76.9925854753",262,300,562,1541,1243,2784,598,633,1231
9102,"THEFT/OTHER","38.9215811022","-76.9937613603",262,300,562,1541,1243,2784,598,633,1231
9102,"THEFT/OTHER","38.918247953","-76.9925854753",262,300,562,1541,1243,2784,598,633,1231
9102,"THEFT/OTHER","38.9222116506","-76.9931501206",262,300,562,1541,1243,2784,598,633,1231
9102,"THEFT F/AUTO","38.9212106456","-76.9826910358",262,300,562,1541,1243,2784,598,633,1231
9102,"THEFT/OTHER","38.9222116506","-76.9931501206",262,300,562,1541,1243,2784,598,633,1231
9102,"THEFT F/AUTO","38.9191660923","-76.9851361658",262,300,562,1541,1243,2784,598,633,1231
9102,"THEFT/OTHER","38.9215811022","-76.9937613603",262,300,562,1541,1243,2784,598,633,1231
9102,"THEFT/OTHER","38.9201485438","-76.9903135821",262,300,562,1541,1243,2784,598,633,1231
9102,"ROBBERY","38.9207506163","-76.9790010522",262,300,562,1541,1243,2784,598,633,1231
9102,"THEFT/OTHER","38.9215811022","-76.9937613603",262,300,562,1541,1243,2784,598,633,1231
9102,"THEFT/OTHER","38.9215811022","-76.9937613603",262,300,562,1541,1243,2784,598,633,1231
9102,"THEFT F/AUTO","38.9215811022","-76.9937613603",262,300,562,1541,1243,2784,598,633,1231
9102,"THEFT F/AUTO","38.9222116506","-76.9931501206",262,300,562,1541,1243,2784,598,633,1231
9102,"THEFT F/AUTO","38.9201933726","-76.988018816",262,300,562,1541,1243,2784,598,633,1231
9102,"MOTOR VEHICLE THEFT","38.9210760304","-76.9865656861",262,300,562,1541,1243,2784,598,633,1231
9102,"MOTOR VEHICLE THEFT","38.9222116506","-76.9931501206",262,300,562,1541,1243,2784,598,633,1231
9102,"THEFT/OTHER","38.9215811022","-76.9937613603",262,300,562,1541,1243,2784,598,633,1231
9102,"ASSAULT W/DANGEROUS WEAPON","38.9250388806","-76.9807642223",262,300,562,1541,1243,2784,598,633,1231
9102,"ROBBERY","38.9126538449","-76.9937275504",262,300,562,1541,1243,2784,598,633,1231
9102,"THEFT/OTHER","38.9215811022","-76.9937613603",262,300,562,1541,1243,2784,598,633,1231
9102,"THEFT/OTHER","38.9215811022","-76.9937613603",262,300,562,1541,1243,2784,598,633,1231
9102,"THEFT/OTHER","38.9201485438","-76.9903135821",262,300,562,1541,1243,2784,598,633,1231
9102,"THEFT F/AUTO","38.9222116506","-76.9931501206",262,300,562,1541,1243,2784,598,633,1231
9102,"THEFT F/AUTO","38.9222116506","-76.9931501206",262,300,562,1541,1243,2784,598,633,1231
9102,"BURGLARY","38.9272547865","-76.9799332774",262,300,562,1541,1243,2784,598,633,1231
9102,"ASSAULT W/DANGEROUS WEAPON","38.9163832974","-76.993761815",262,300,562,1541,1243,2784,598,633,1231
9102,"THEFT/OTHER","38.9222116506","-76.9931501206",262,300,562,1541,1243,2784,598,633,1231
9102,"BURGLARY","38.9201485438","-76.9903135821",262,300,562,1541,1243,2784,598,633,1231
9102,"THEFT/OTHER","38.9265523766","-76.9813750358",262,300,562,1541,1243,2784,598,633,1231
9102,"THEFT/OTHER","38.9201485438","-76.9903135821",262,300,562,1541,1243,2784,598,633,1231
9102,"THEFT/OTHER","38.9222116506","-76.9931501206",262,300,562,1541,1243,2784,598,633,1231
9102,"THEFT/OTHER","38.9201485438","-76.9903135821",262,300,562,1541,1243,2784,598,633,1231
9102,"BURGLARY","38.925579232","-76.9798876196",262,300,562,1541,1243,2784,598,633,1231
9102,"MOTOR VEHICLE THEFT","38.9191660923","-76.9851361658",262,300,562,1541,1243,2784,598,633,1231
9102,"THEFT/OTHER","38.9215811022","-76.9937613603",262,300,562,1541,1243,2784,598,633,1231
9102,"THEFT/OTHER","38.9222116506","-76.9931501206",262,300,562,1541,1243,2784,598,633,1231
9102,"THEFT/OTHER","38.9215811022","-76.9937613603",262,300,562,1541,1243,2784,598,633,1231
9102,"THEFT F/AUTO","38.9163832974","-76.993761815",262,300,562,1541,1243,2784,598,633,1231
9102,"THEFT/OTHER","38.9215811022","-76.9937613603",262,300,562,1541,1243,2784,598,633,1231
9102,"THEFT/OTHER","38.9215811022","-76.9937613603",262,300,562,1541,1243,2784,598,633,1231
9102,"BURGLARY","38.9215811022","-76.9937613603",262,300,562,1541,1243,2784,598,633,1231
9102,"THEFT F/AUTO","38.9222116506","-76.9931501206",262,300,562,1541,1243,2784,598,633,1231
9102,"THEFT F/AUTO","38.9220399922","-76.9871997511",262,300,562,1541,1243,2784,598,633,1231
9102,"THEFT/OTHER","38.9222116506","-76.9931501206",262,300,562,1541,1243,2784,598,633,1231
9102,"THEFT/OTHER","38.9215811022","-76.9937613603",262,300,562,1541,1243,2784,598,633,1231
9102,"THEFT/OTHER","38.9249673922","-76.9846736674",262,300,562,1541,1243,2784,598,633,1231
9102,"THEFT/OTHER","38.9212106456","-76.9826910358",262,300,562,1541,1243,2784,598,633,1231
9102,"ROBBERY","38.9215811022","-76.9937613603",262,300,562,1541,1243,2784,598,633,1231
9102,"THEFT/OTHER","38.9222116506","-76.9931501206",262,300,562,1541,1243,2784,598,633,1231
9102,"ASSAULT W/DANGEROUS WEAPON","38.9210760304","-76.9865656861",262,300,562,1541,1243,2784,598,633,1231
9102,"THEFT/OTHER","38.9222116506","-76.9931501206",262,300,562,1541,1243,2784,598,633,1231
9102,"THEFT/OTHER","38.9201485438","-76.9903135821",262,300,562,1541,1243,2784,598,633,1231
9102,"THEFT/OTHER","38.9215811022","-76.9937613603",262,300,562,1541,1243,2784,598,633,1231
9102,"THEFT/OTHER","38.9201485438","-76.9903135821",262,300,562,1541,1243,2784,598,633,1231
9102,"THEFT/OTHER","38.9215811022","-76.9937613603",262,300,562,1541,1243,2784,598,633,1231
9102,"THEFT/OTHER","38.9215811022","-76.9937613603",262,300,562,1541,1243,2784,598,633,1231
9102,"THEFT F/AUTO","38.9205085671","-76.9871077739",262,300,562,1541,1243,2784,598,633,1231
9102,"BURGLARY","38.9215811022","-76.9937613603",262,300,562,1541,1243,2784,598,633,1231
9102,"THEFT/OTHER","38.9201485438","-76.9903135821",262,300,562,1541,1243,2784,598,633,1231
9102,"THEFT/OTHER","38.9215811022","-76.9937613603",262,300,562,1541,1243,2784,598,633,1231
9102,"THEFT F/AUTO","38.9191747521","-76.9826108109",262,300,562,1541,1243,2784,598,633,1231
9102,"ASSAULT W/DANGEROUS WEAPON","38.9219312016","-76.9819643614",262,300,562,1541,1243,2784,598,633,1231
9102,"THEFT/OTHER","38.9222116506","-76.9931501206",262,300,562,1541,1243,2784,598,633,1231
9102,"THEFT/OTHER","38.9215811022","-76.9937613603",262,300,562,1541,1243,2784,598,633,1231
9102,"THEFT/OTHER","38.9201485438","-76.9903135821",262,300,562,1541,1243,2784,598,633,1231
9102,"ROBBERY","38.9215811022","-76.9937613603",262,300,562,1541,1243,2784,598,633,1231
9102,"THEFT/OTHER","38.9201485438","-76.9903135821",262,300,562,1541,1243,2784,598,633,1231
9102,"MOTOR VEHICLE THEFT","38.923256027","-76.98641536",262,300,562,1541,1243,2784,598,633,1231
9102,"THEFT/OTHER","38.9222116506","-76.9931501206",262,300,562,1541,1243,2784,598,633,1231
9102,"THEFT/OTHER","38.9222116506","-76.9931501206",262,300,562,1541,1243,2784,598,633,1231
9102,"THEFT/OTHER","38.9215811022","-76.9937613603",262,300,562,1541,1243,2784,598,633,1231
9102,"THEFT F/AUTO","38.9222116506","-76.9931501206",262,300,562,1541,1243,2784,598,633,1231
9102,"THEFT/OTHER","38.9222116506","-76.9931501206",262,300,562,1541,1243,2784,598,633,1231
9102,"THEFT F/AUTO","38.918247953","-76.9925854753",262,300,562,1541,1243,2784,598,633,1231
9102,"THEFT F/AUTO","38.9222116506","-76.9931501206",262,300,562,1541,1243,2784,598,633,1231
9102,"THEFT/OTHER","38.9201485438","-76.9903135821",262,300,562,1541,1243,2784,598,633,1231
9102,"THEFT/OTHER","38.9249673922","-76.9846736674",262,300,562,1541,1243,2784,598,633,1231
9102,"THEFT/OTHER","38.9222116506","-76.9931501206",262,300,562,1541,1243,2784,598,633,1231
9102,"THEFT/OTHER","38.9249673922","-76.9846736674",262,300,562,1541,1243,2784,598,633,1231
9102,"THEFT F/AUTO","38.9215811022","-76.9937613603",262,300,562,1541,1243,2784,598,633,1231
9102,"THEFT/OTHER","38.9210760304","-76.9865656861",262,300,562,1541,1243,2784,598,633,1231
9102,"THEFT/OTHER","38.9222116506","-76.9931501206",262,300,562,1541,1243,2784,598,633,1231
9102,"THEFT/OTHER","38.9201485438","-76.9903135821",262,300,562,1541,1243,2784,598,633,1231
9102,"ROBBERY","38.918247953","-76.9925854753",262,300,562,1541,1243,2784,598,633,1231
9102,"THEFT/OTHER","38.923256027","-76.98641536",262,300,562,1541,1243,2784,598,633,1231
9102,"ROBBERY","38.9223458029","-76.9834403276",262,300,562,1541,1243,2784,598,633,1231
9102,"THEFT/OTHER","38.9249673922","-76.9846736674",262,300,562,1541,1243,2784,598,633,1231
9102,"MOTOR VEHICLE THEFT","38.9215811022","-76.9937613603",262,300,562,1541,1243,2784,598,633,1231
9102,"THEFT/OTHER","38.9222116506","-76.9931501206",262,300,562,1541,1243,2784,598,633,1231
9102,"BURGLARY","38.9201485438","-76.9903135821",262,300,562,1541,1243,2784,598,633,1231
9102,"THEFT/OTHER","38.9255796307","-76.9823555378",262,300,562,1541,1243,2784,598,633,1231
9102,"THEFT/OTHER","38.922903909","-76.9807647982",262,300,562,1541,1243,2784,598,633,1231
9102,"THEFT/OTHER","38.9222116506","-76.9931501206",262,300,562,1541,1243,2784,598,633,1231
9102,"THEFT/OTHER","38.9215811022","-76.9937613603",262,300,562,1541,1243,2784,598,633,1231
9102,"THEFT F/AUTO","38.9215811022","-76.9937613603",262,300,562,1541,1243,2784,598,633,1231
9102,"THEFT/OTHER","38.9222116506","-76.9931501206",262,300,562,1541,1243,2784,598,633,1231
9102,"BURGLARY","38.9215811022","-76.9937613603",262,300,562,1541,1243,2784,598,633,1231
9102,"THEFT/OTHER","38.9222116506","-76.9931501206",262,300,562,1541,1243,2784,598,633,1231
9102,"THEFT F/AUTO","38.9201485438","-76.9903135821",262,300,562,1541,1243,2784,598,633,1231
9102,"THEFT/OTHER","38.9265523766","-76.9813750358",262,300,562,1541,1243,2784,598,633,1231
9102,"THEFT/OTHER","38.9222116506","-76.9931501206",262,300,562,1541,1243,2784,598,633,1231
9102,"THEFT/OTHER","38.9197960902","-76.9810885155",262,300,562,1541,1243,2784,598,633,1231
9102,"THEFT/OTHER","38.9211387946","-76.9842132258",262,300,562,1541,1243,2784,598,633,1231
9102,"BURGLARY","38.9212106456","-76.9826910358",262,300,562,1541,1243,2784,598,633,1231
9102,"THEFT/OTHER","38.9164373828","-76.9944651921",262,300,562,1541,1243,2784,598,633,1231
9102,"THEFT/OTHER","38.9215811022","-76.9937613603",262,300,562,1541,1243,2784,598,633,1231
9102,"BURGLARY","38.9255796307","-76.9823555378",262,300,562,1541,1243,2784,598,633,1231
9102,"BURGLARY","38.9215811022","-76.9937613603",262,300,562,1541,1243,2784,598,633,1231
9102,"THEFT/OTHER","38.9215811022","-76.9937613603",262,300,562,1541,1243,2784,598,633,1231
9102,"THEFT F/AUTO","38.9222116506","-76.9931501206",262,300,562,1541,1243,2784,598,633,1231
9102,"ASSAULT W/DANGEROUS WEAPON","38.918247953","-76.9925854753",262,300,562,1541,1243,2784,598,633,1231
9102,"THEFT/OTHER","38.9249673922","-76.9846736674",262,300,562,1541,1243,2784,598,633,1231
9102,"THEFT/OTHER","38.9222116506","-76.9931501206",262,300,562,1541,1243,2784,598,633,1231
9102,"THEFT/OTHER","38.9215811022","-76.9937613603",262,300,562,1541,1243,2784,598,633,1231
9102,"THEFT/OTHER","38.9222116506","-76.9931501206",262,300,562,1541,1243,2784,598,633,1231
9102,"THEFT F/AUTO","38.9222116506","-76.9931501206",262,300,562,1541,1243,2784,598,633,1231
9102,"THEFT/OTHER","38.9215811022","-76.9937613603",262,300,562,1541,1243,2784,598,633,1231
9102,"MOTOR VEHICLE THEFT","38.9222116506","-76.9931501206",262,300,562,1541,1243,2784,598,633,1231
9102,"THEFT F/AUTO","38.9191745712","-76.9814346191",262,300,562,1541,1243,2784,598,633,1231
9102,"THEFT F/AUTO","38.9222116506","-76.9931501206",262,300,562,1541,1243,2784,598,633,1231
9102,"THEFT/OTHER","38.9222116506","-76.9931501206",262,300,562,1541,1243,2784,598,633,1231
9102,"ASSAULT W/DANGEROUS WEAPON","38.9216882976","-76.984178509",262,300,562,1541,1243,2784,598,633,1231
9102,"MOTOR VEHICLE THEFT","38.9196521133","-76.9820802515",262,300,562,1541,1243,2784,598,633,1231
9102,"THEFT/OTHER","38.9215811022","-76.9937613603",262,300,562,1541,1243,2784,598,633,1231
9102,"THEFT/OTHER","38.9201485438","-76.9903135821",262,300,562,1541,1243,2784,598,633,1231
9102,"THEFT F/AUTO","38.9222116506","-76.9931501206",262,300,562,1541,1243,2784,598,633,1231
9102,"THEFT F/AUTO","38.9222116506","-76.9931501206",262,300,562,1541,1243,2784,598,633,1231
9102,"THEFT/OTHER","38.9222116506","-76.9931501206",262,300,562,1541,1243,2784,598,633,1231
9102,"THEFT/OTHER","38.9215811022","-76.9937613603",262,300,562,1541,1243,2784,598,633,1231
9102,"THEFT/OTHER","38.9222116506","-76.9931501206",262,300,562,1541,1243,2784,598,633,1231
9102,"THEFT/OTHER","38.9201485438","-76.9903135821",262,300,562,1541,1243,2784,598,633,1231
9102,"THEFT/OTHER","38.9215811022","-76.9937613603",262,300,562,1541,1243,2784,598,633,1231
9102,"THEFT/OTHER","38.9201485438","-76.9903135821",262,300,562,1541,1243,2784,598,633,1231
9102,"THEFT/OTHER","38.9222116506","-76.9931501206",262,300,562,1541,1243,2784,598,633,1231
9102,"MOTOR VEHICLE THEFT","38.9261105665","-76.9789994738",262,300,562,1541,1243,2784,598,633,1231
9102,"THEFT/OTHER","38.9222116506","-76.9931501206",262,300,562,1541,1243,2784,598,633,1231
9102,"THEFT/OTHER","38.9215811022","-76.9937613603",262,300,562,1541,1243,2784,598,633,1231
9102,"THEFT/OTHER","38.9201485438","-76.9903135821",262,300,562,1541,1243,2784,598,633,1231
9102,"THEFT F/AUTO","38.9201485438","-76.9903135821",262,300,562,1541,1243,2784,598,633,1231
9102,"THEFT/OTHER","38.9222116506","-76.9931501206",262,300,562,1541,1243,2784,598,633,1231
9102,"THEFT/OTHER","38.9201485438","-76.9903135821",262,300,562,1541,1243,2784,598,633,1231
9102,"THEFT/OTHER","38.9215811022","-76.9937613603",262,300,562,1541,1243,2784,598,633,1231
9102,"THEFT/OTHER","38.9222116506","-76.9931501206",262,300,562,1541,1243,2784,598,633,1231
9102,"THEFT/OTHER","38.9215811022","-76.9937613603",262,300,562,1541,1243,2784,598,633,1231
9102,"THEFT/OTHER","38.9191660923","-76.9851361658",262,300,562,1541,1243,2784,598,633,1231
9102,"THEFT/OTHER","38.9222116506","-76.9931501206",262,300,562,1541,1243,2784,598,633,1231
9102,"THEFT/OTHER","38.9210760304","-76.9865656861",262,300,562,1541,1243,2784,598,633,1231
9102,"THEFT F/AUTO","38.9201485438","-76.9903135821",262,300,562,1541,1243,2784,598,633,1231
9102,"MOTOR VEHICLE THEFT","38.9224886541","-76.9894810121",262,300,562,1541,1243,2784,598,633,1231
9102,"ROBBERY","38.9215811022","-76.9937613603",262,300,562,1541,1243,2784,598,633,1231
9102,"THEFT/OTHER","38.9222116506","-76.9931501206",262,300,562,1541,1243,2784,598,633,1231
9102,"THEFT F/AUTO","38.9222116506","-76.9931501206",262,300,562,1541,1243,2784,598,633,1231
9102,"THEFT F/AUTO","38.9163832974","-76.993761815",262,300,562,1541,1243,2784,598,633,1231
9102,"THEFT/OTHER","38.9201485438","-76.9903135821",262,300,562,1541,1243,2784,598,633,1231
9102,"ASSAULT W/DANGEROUS WEAPON","38.9201485438","-76.9903135821",262,300,562,1541,1243,2784,598,633,1231
9102,"THEFT/OTHER","38.9212106456","-76.9826910358",262,300,562,1541,1243,2784,598,633,1231
9102,"THEFT F/AUTO","38.9222116506","-76.9931501206",262,300,562,1541,1243,2784,598,633,1231
9102,"THEFT/OTHER","38.9201485438","-76.9903135821",262,300,562,1541,1243,2784,598,633,1231
9102,"THEFT/OTHER","38.9222116506","-76.9931501206",262,300,562,1541,1243,2784,598,633,1231
9102,"ASSAULT W/DANGEROUS WEAPON","38.9201485438","-76.9903135821",262,300,562,1541,1243,2784,598,633,1231
9102,"THEFT/OTHER","38.9222116506","-76.9931501206",262,300,562,1541,1243,2784,598,633,1231
9102,"THEFT/OTHER","38.9201485438","-76.9903135821",262,300,562,1541,1243,2784,598,633,1231
9102,"THEFT/OTHER","38.922589633","-76.9884796872",262,300,562,1541,1243,2784,598,633,1231
9102,"THEFT/OTHER","38.9201485438","-76.9903135821",262,300,562,1541,1243,2784,598,633,1231
9102,"THEFT F/AUTO","38.9239668908","-76.9807645115",262,300,562,1541,1243,2784,598,633,1231
9102,"THEFT/OTHER","38.9222116506","-76.9931501206",262,300,562,1541,1243,2784,598,633,1231
9102,"THEFT/OTHER","38.9215811022","-76.9937613603",262,300,562,1541,1243,2784,598,633,1231
9102,"MOTOR VEHICLE THEFT","38.9215811022","-76.9937613603",262,300,562,1541,1243,2784,598,633,1231
9102,"THEFT/OTHER","38.9222116506","-76.9931501206",262,300,562,1541,1243,2784,598,633,1231
9102,"THEFT/OTHER","38.9222116506","-76.9931501206",262,300,562,1541,1243,2784,598,633,1231
9102,"ASSAULT W/DANGEROUS WEAPON","38.9210760304","-76.9865656861",262,300,562,1541,1243,2784,598,633,1231
9102,"THEFT/OTHER","38.9249673922","-76.9846736674",262,300,562,1541,1243,2784,598,633,1231
9102,"THEFT F/AUTO","38.9222116506","-76.9931501206",262,300,562,1541,1243,2784,598,633,1231
9102,"THEFT/OTHER","38.9222116506","-76.9931501206",262,300,562,1541,1243,2784,598,633,1231
9102,"ROBBERY","38.924507613","-76.9821712885",262,300,562,1541,1243,2784,598,633,1231
9102,"THEFT/OTHER","38.9215811022","-76.9937613603",262,300,562,1541,1243,2784,598,633,1231
9102,"THEFT/OTHER","38.9215811022","-76.9937613603",262,300,562,1541,1243,2784,598,633,1231
9102,"THEFT/OTHER","38.9205714757","-76.9858162324",262,300,562,1541,1243,2784,598,633,1231
9102,"THEFT/OTHER","38.9222116506","-76.9931501206",262,300,562,1541,1243,2784,598,633,1231
9102,"MOTOR VEHICLE THEFT","38.9259670246","-76.9825976221",262,300,562,1541,1243,2784,598,633,1231
9102,"THEFT F/AUTO","38.9224816277","-76.9894829736",262,300,562,1541,1243,2784,598,633,1231
9102,"THEFT/OTHER","38.9249673922","-76.9846736674",262,300,562,1541,1243,2784,598,633,1231
9102,"THEFT/OTHER","38.9220399922","-76.9871997511",262,300,562,1541,1243,2784,598,633,1231
9102,"THEFT/OTHER","38.9215811022","-76.9937613603",262,300,562,1541,1243,2784,598,633,1231
9102,"THEFT/OTHER","38.9222116506","-76.9931501206",262,300,562,1541,1243,2784,598,633,1231
9102,"THEFT/OTHER","38.9199766972","-76.9840405117",262,300,562,1541,1243,2784,598,633,1231
9102,"THEFT/OTHER","38.9215811022","-76.9937613603",262,300,562,1541,1243,2784,598,633,1231
9102,"THEFT F/AUTO","38.918247953","-76.9925854753",262,300,562,1541,1243,2784,598,633,1231
9102,"THEFT/OTHER","38.9215811022","-76.9937613603",262,300,562,1541,1243,2784,598,633,1231
9102,"THEFT/OTHER","38.9171835065","-76.9800744828",262,300,562,1541,1243,2784,598,633,1231
9102,"THEFT/OTHER","38.9219312016","-76.9819643614",262,300,562,1541,1243,2784,598,633,1231
9102,"BURGLARY","38.9272547865","-76.9799332774",262,300,562,1541,1243,2784,598,633,1231
9102,"THEFT/OTHER","38.9222116506","-76.9931501206",262,300,562,1541,1243,2784,598,633,1231
9102,"BURGLARY","38.9272547865","-76.9799332774",262,300,562,1541,1243,2784,598,633,1231
9102,"MOTOR VEHICLE THEFT","38.9215811022","-76.9937613603",262,300,562,1541,1243,2784,598,633,1231
9102,"THEFT/OTHER","38.9191660923","-76.9851361658",262,300,562,1541,1243,2784,598,633,1231
9102,"THEFT/OTHER","38.9249673922","-76.9846736674",262,300,562,1541,1243,2784,598,633,1231
9102,"THEFT/OTHER","38.9215811022","-76.9937613603",262,300,562,1541,1243,2784,598,633,1231
9102,"MOTOR VEHICLE THEFT","38.919976898","-76.9855857222",262,300,562,1541,1243,2784,598,633,1231
9102,"THEFT/OTHER","38.9215811022","-76.9937613603",262,300,562,1541,1243,2784,598,633,1231
9102,"THEFT/OTHER","38.9201485438","-76.9903135821",262,300,562,1541,1243,2784,598,633,1231
9102,"THEFT/OTHER","38.9222116506","-76.9931501206",262,300,562,1541,1243,2784,598,633,1231
9102,"THEFT/OTHER","38.9215811022","-76.9937613603",262,300,562,1541,1243,2784,598,633,1231
9102,"SEX ABUSE","38.925579232","-76.9798876196",262,300,562,1541,1243,2784,598,633,1231
9102,"THEFT/OTHER","38.9215811022","-76.9937613603",262,300,562,1541,1243,2784,598,633,1231
9102,"THEFT/OTHER","38.9222116506","-76.9931501206",262,300,562,1541,1243,2784,598,633,1231
9102,"THEFT/OTHER","38.9222116506","-76.9931501206",262,300,562,1541,1243,2784,598,633,1231
9102,"THEFT/OTHER","38.9215811022","-76.9937613603",262,300,562,1541,1243,2784,598,633,1231
9102,"THEFT/OTHER","38.9222116506","-76.9931501206",262,300,562,1541,1243,2784,598,633,1231
9102,"ROBBERY","38.9222116506","-76.9931501206",262,300,562,1541,1243,2784,598,633,1231
9102,"MOTOR VEHICLE THEFT","38.9144641257","-76.9885271218",262,300,562,1541,1243,2784,598,633,1231
9102,"THEFT/OTHER","38.9222116506","-76.9931501206",262,300,562,1541,1243,2784,598,633,1231
9102,"THEFT/OTHER","38.9215811022","-76.9937613603",262,300,562,1541,1243,2784,598,633,1231
9102,"THEFT/OTHER","38.9215811022","-76.9937613603",262,300,562,1541,1243,2784,598,633,1231
9102,"THEFT/OTHER","38.9222116506","-76.9931501206",262,300,562,1541,1243,2784,598,633,1231
9102,"THEFT/OTHER","38.9199766972","-76.9840405117",262,300,562,1541,1243,2784,598,633,1231
9102,"THEFT/OTHER","38.9222116506","-76.9931501206",262,300,562,1541,1243,2784,598,633,1231
9102,"THEFT/OTHER","38.9215811022","-76.9937613603",262,300,562,1541,1243,2784,598,633,1231
9102,"THEFT F/AUTO","38.924507613","-76.9821712885",262,300,562,1541,1243,2784,598,633,1231
9102,"THEFT/OTHER","38.9234814291","-76.9882027754",262,300,562,1541,1243,2784,598,633,1231
9102,"THEFT/OTHER","38.9215811022","-76.9937613603",262,300,562,1541,1243,2784,598,633,1231
9102,"THEFT/OTHER","38.9222116506","-76.9931501206",262,300,562,1541,1243,2784,598,633,1231
9102,"THEFT/OTHER","38.9222116506","-76.9931501206",262,300,562,1541,1243,2784,598,633,1231
9102,"THEFT/OTHER","38.9222116506","-76.9931501206",262,300,562,1541,1243,2784,598,633,1231
9102,"THEFT/OTHER","38.9222116506","-76.9931501206",262,300,562,1541,1243,2784,598,633,1231
9102,"THEFT/OTHER","38.9206336978","-76.9800850504",262,300,562,1541,1243,2784,598,633,1231
9102,"THEFT/OTHER","38.9201485438","-76.9903135821",262,300,562,1541,1243,2784,598,633,1231
9102,"SEX ABUSE","38.9171835065","-76.9800744828",262,300,562,1541,1243,2784,598,633,1231
9102,"MOTOR VEHICLE THEFT","38.9192914018","-76.9797625485",262,300,562,1541,1243,2784,598,633,1231
9102,"ROBBERY","38.9191660923","-76.9851361658",262,300,562,1541,1243,2784,598,633,1231
9102,"THEFT F/AUTO","38.9222116506","-76.9931501206",262,300,562,1541,1243,2784,598,633,1231
9102,"THEFT/OTHER","38.9222116506","-76.9931501206",262,300,562,1541,1243,2784,598,633,1231
9102,"THEFT/OTHER","38.9222116506","-76.9931501206",262,300,562,1541,1243,2784,598,633,1231
9102,"THEFT/OTHER","38.9222116506","-76.9931501206",262,300,562,1541,1243,2784,598,633,1231
9102,"THEFT/OTHER","38.9215811022","-76.9937613603",262,300,562,1541,1243,2784,598,633,1231
9102,"THEFT/OTHER","38.9215811022","-76.9937613603",262,300,562,1541,1243,2784,598,633,1231
9102,"THEFT F/AUTO","38.9215811022","-76.9937613603",262,300,562,1541,1243,2784,598,633,1231
9102,"THEFT/OTHER","38.9222116506","-76.9931501206",262,300,562,1541,1243,2784,598,633,1231
9102,"THEFT F/AUTO","38.9215811022","-76.9937613603",262,300,562,1541,1243,2784,598,633,1231
9102,"THEFT/OTHER","38.9215811022","-76.9937613603",262,300,562,1541,1243,2784,598,633,1231
9102,"HOMICIDE","38.9171835065","-76.9800744828",262,300,562,1541,1243,2784,598,633,1231
9102,"THEFT F/AUTO","38.9201485438","-76.9903135821",262,300,562,1541,1243,2784,598,633,1231
9102,"THEFT F/AUTO","38.9222116506","-76.9931501206",262,300,562,1541,1243,2784,598,633,1231
9102,"THEFT/OTHER","38.9222116506","-76.9931501206",262,300,562,1541,1243,2784,598,633,1231
9102,"THEFT F/AUTO","38.9222116506","-76.9931501206",262,300,562,1541,1243,2784,598,633,1231
9102,"THEFT/OTHER","38.9222116506","-76.9931501206",262,300,562,1541,1243,2784,598,633,1231
9102,"THEFT F/AUTO","38.925579232","-76.9798876196",262,300,562,1541,1243,2784,598,633,1231
9102,"THEFT/OTHER","38.9171835065","-76.9800744828",262,300,562,1541,1243,2784,598,633,1231
9102,"THEFT/OTHER","38.9215811022","-76.9937613603",262,300,562,1541,1243,2784,598,633,1231
9102,"THEFT/OTHER","38.9215811022","-76.9937613603",262,300,562,1541,1243,2784,598,633,1231
9102,"THEFT/OTHER","38.9222116506","-76.9931501206",262,300,562,1541,1243,2784,598,633,1231
9102,"THEFT/OTHER","38.9201485438","-76.9903135821",262,300,562,1541,1243,2784,598,633,1231
9102,"ASSAULT W/DANGEROUS WEAPON","38.9229856304","-76.9852045611",262,300,562,1541,1243,2784,598,633,1231
9102,"THEFT/OTHER","38.920508252","-76.9845131846",262,300,562,1541,1243,2784,598,633,1231
9102,"THEFT/OTHER","38.9222116506","-76.9931501206",262,300,562,1541,1243,2784,598,633,1231
9102,"BURGLARY","38.9215811022","-76.9937613603",262,300,562,1541,1243,2784,598,633,1231
9102,"BURGLARY","38.9144641257","-76.9885271218",262,300,562,1541,1243,2784,598,633,1231
9102,"THEFT/OTHER","38.9222116506","-76.9931501206",262,300,562,1541,1243,2784,598,633,1231
9102,"MOTOR VEHICLE THEFT","38.9215811022","-76.9937613603",262,300,562,1541,1243,2784,598,633,1231
9102,"THEFT/OTHER","38.9222116506","-76.9931501206",262,300,562,1541,1243,2784,598,633,1231
9102,"THEFT/OTHER","38.9222116506","-76.9931501206",262,300,562,1541,1243,2784,598,633,1231
9102,"THEFT F/AUTO","38.9201485438","-76.9903135821",262,300,562,1541,1243,2784,598,633,1231
9102,"THEFT F/AUTO","38.9222116506","-76.9931501206",262,300,562,1541,1243,2784,598,633,1231
9102,"THEFT/OTHER","38.9222116506","-76.9931501206",262,300,562,1541,1243,2784,598,633,1231
9102,"THEFT/OTHER","38.9249673922","-76.9846736674",262,300,562,1541,1243,2784,598,633,1231
9102,"ASSAULT W/DANGEROUS WEAPON","38.9229856304","-76.9852045611",262,300,562,1541,1243,2784,598,633,1231
9102,"ROBBERY","38.9222116506","-76.9931501206",262,300,562,1541,1243,2784,598,633,1231
9102,"MOTOR VEHICLE THEFT","38.9126538449","-76.9937275504",262,300,562,1541,1243,2784,598,633,1231
9102,"THEFT F/AUTO","38.9199766972","-76.9840405117",262,300,562,1541,1243,2784,598,633,1231
9102,"THEFT/OTHER","38.9265523766","-76.9813750358",262,300,562,1541,1243,2784,598,633,1231
9102,"THEFT/OTHER","38.9222116506","-76.9931501206",262,300,562,1541,1243,2784,598,633,1231
9102,"THEFT/OTHER","38.9265523766","-76.9813750358",262,300,562,1541,1243,2784,598,633,1231
9102,"THEFT F/AUTO","38.9237510513","-76.9830940403",262,300,562,1541,1243,2784,598,633,1231
9102,"THEFT/OTHER","38.9222116506","-76.9931501206",262,300,562,1541,1243,2784,598,633,1231
9102,"MOTOR VEHICLE THEFT","38.9215811022","-76.9937613603",262,300,562,1541,1243,2784,598,633,1231
9102,"THEFT/OTHER","38.9215811022","-76.9937613603",262,300,562,1541,1243,2784,598,633,1231
9102,"THEFT/OTHER","38.9201485438","-76.9903135821",262,300,562,1541,1243,2784,598,633,1231
9102,"THEFT F/AUTO","38.9219592983","-76.9913511929",262,300,562,1541,1243,2784,598,633,1231
9102,"THEFT/OTHER","38.9201485438","-76.9903135821",262,300,562,1541,1243,2784,598,633,1231
9102,"THEFT/OTHER","38.9222116506","-76.9931501206",262,300,562,1541,1243,2784,598,633,1231
9102,"ROBBERY","38.920932635","-76.9971632321",262,300,562,1541,1243,2784,598,633,1231
9102,"THEFT/OTHER","38.9171835065","-76.9800744828",262,300,562,1541,1243,2784,598,633,1231
9102,"THEFT/OTHER","38.9215811022","-76.9937613603",262,300,562,1541,1243,2784,598,633,1231
9102,"ROBBERY","38.9215811022","-76.9937613603",262,300,562,1541,1243,2784,598,633,1231
9102,"THEFT/OTHER","38.9201485438","-76.9903135821",262,300,562,1541,1243,2784,598,633,1231
9102,"THEFT/OTHER","38.9215811022","-76.9937613603",262,300,562,1541,1243,2784,598,633,1231
9102,"THEFT/OTHER","38.9255796307","-76.9823555378",262,300,562,1541,1243,2784,598,633,1231
9102,"THEFT/OTHER","38.9255796307","-76.9823555378",262,300,562,1541,1243,2784,598,633,1231
9102,"THEFT/OTHER","38.9222116506","-76.9931501206",262,300,562,1541,1243,2784,598,633,1231
9102,"THEFT/OTHER","38.9215811022","-76.9937613603",262,300,562,1541,1243,2784,598,633,1231
9102,"THEFT/OTHER","38.9215811022","-76.9937613603",262,300,562,1541,1243,2784,598,633,1231
9102,"THEFT F/AUTO","38.918247953","-76.9925854753",262,300,562,1541,1243,2784,598,633,1231
9102,"THEFT/OTHER","38.9222116506","-76.9931501206",262,300,562,1541,1243,2784,598,633,1231
9102,"THEFT/OTHER","38.9222116506","-76.9931501206",262,300,562,1541,1243,2784,598,633,1231
9102,"THEFT/OTHER","38.9215811022","-76.9937613603",262,300,562,1541,1243,2784,598,633,1231
9102,"THEFT F/AUTO","38.9163832974","-76.993761815",262,300,562,1541,1243,2784,598,633,1231
9102,"THEFT/OTHER","38.9215811022","-76.9937613603",262,300,562,1541,1243,2784,598,633,1231
9102,"THEFT/OTHER","38.9222116506","-76.9931501206",262,300,562,1541,1243,2784,598,633,1231
9102,"THEFT/OTHER","38.9215811022","-76.9937613603",262,300,562,1541,1243,2784,598,633,1231
9102,"THEFT/OTHER","38.9201485438","-76.9903135821",262,300,562,1541,1243,2784,598,633,1231
9102,"THEFT F/AUTO","38.918247953","-76.9925854753",262,300,562,1541,1243,2784,598,633,1231
9102,"THEFT/OTHER","38.9222116506","-76.9931501206",262,300,562,1541,1243,2784,598,633,1231
9102,"THEFT/OTHER","38.9201933726","-76.988018816",262,300,562,1541,1243,2784,598,633,1231
9102,"BURGLARY","38.9210760304","-76.9865656861",262,300,562,1541,1243,2784,598,633,1231
9102,"ASSAULT W/DANGEROUS WEAPON","38.9220399922","-76.9871997511",262,300,562,1541,1243,2784,598,633,1231
9102,"THEFT/OTHER","38.9222116506","-76.9931501206",262,300,562,1541,1243,2784,598,633,1231
9102,"THEFT F/AUTO","38.922779053","-76.9913164979",262,300,562,1541,1243,2784,598,633,1231
9102,"THEFT/OTHER","38.9222116506","-76.9931501206",262,300,562,1541,1243,2784,598,633,1231
9102,"ASSAULT W/DANGEROUS WEAPON","38.9164373828","-76.9944651921",262,300,562,1541,1243,2784,598,633,1231
9102,"THEFT/OTHER","38.9222116506","-76.9931501206",262,300,562,1541,1243,2784,598,633,1231
9102,"BURGLARY","38.918247953","-76.9925854753",262,300,562,1541,1243,2784,598,633,1231
9102,"THEFT F/AUTO","38.9237510513","-76.9830940403",262,300,562,1541,1243,2784,598,633,1231
9102,"THEFT/OTHER","38.9222116506","-76.9931501206",262,300,562,1541,1243,2784,598,633,1231
9102,"THEFT/OTHER","38.9201485438","-76.9903135821",262,300,562,1541,1243,2784,598,633,1231
9102,"THEFT/OTHER","38.9249673922","-76.9846736674",262,300,562,1541,1243,2784,598,633,1231
9102,"THEFT/OTHER","38.9201485438","-76.9903135821",262,300,562,1541,1243,2784,598,633,1231
9102,"THEFT/OTHER","38.9171835065","-76.9800744828",262,300,562,1541,1243,2784,598,633,1231
9102,"THEFT F/AUTO","38.920508252","-76.9845131846",262,300,562,1541,1243,2784,598,633,1231
9102,"THEFT/OTHER","38.9249673922","-76.9846736674",262,300,562,1541,1243,2784,598,633,1231
9102,"THEFT/OTHER","38.9201485438","-76.9903135821",262,300,562,1541,1243,2784,598,633,1231
9102,"BURGLARY","38.9164373828","-76.9944651921",262,300,562,1541,1243,2784,598,633,1231
9102,"THEFT/OTHER","38.9222116506","-76.9931501206",262,300,562,1541,1243,2784,598,633,1231
9102,"THEFT/OTHER","38.918247953","-76.9925854753",262,300,562,1541,1243,2784,598,633,1231
9102,"ASSAULT W/DANGEROUS WEAPON","38.9199766972","-76.9840405117",262,300,562,1541,1243,2784,598,633,1231
9102,"MOTOR VEHICLE THEFT","38.9239404709","-76.9848814652",262,300,562,1541,1243,2784,598,633,1231
9102,"THEFT F/AUTO","38.9222116506","-76.9931501206",262,300,562,1541,1243,2784,598,633,1231
9102,"BURGLARY","38.9219312016","-76.9819643614",262,300,562,1541,1243,2784,598,633,1231
9102,"THEFT/OTHER","38.9215811022","-76.9937613603",262,300,562,1541,1243,2784,598,633,1231
9102,"THEFT/OTHER","38.9215811022","-76.9937613603",262,300,562,1541,1243,2784,598,633,1231
9102,"MOTOR VEHICLE THEFT","38.9163832974","-76.993761815",262,300,562,1541,1243,2784,598,633,1231
9102,"BURGLARY","38.9212106456","-76.9826910358",262,300,562,1541,1243,2784,598,633,1231
9102,"ASSAULT W/DANGEROUS WEAPON","38.9210762427","-76.9885606528",262,300,562,1541,1243,2784,598,633,1231
9102,"THEFT/OTHER","38.9222116506","-76.9931501206",262,300,562,1541,1243,2784,598,633,1231
9102,"ASSAULT W/DANGEROUS WEAPON","38.9212106456","-76.9826910358",262,300,562,1541,1243,2784,598,633,1231
9102,"THEFT F/AUTO","38.918247953","-76.9925854753",262,300,562,1541,1243,2784,598,633,1231
9102,"THEFT/OTHER","38.9215811022","-76.9937613603",262,300,562,1541,1243,2784,598,633,1231
9102,"THEFT/OTHER","38.9249673922","-76.9846736674",262,300,562,1541,1243,2784,598,633,1231
9102,"THEFT/OTHER","38.9249673922","-76.9846736674",262,300,562,1541,1243,2784,598,633,1231
9102,"THEFT/OTHER","38.9222116506","-76.9931501206",262,300,562,1541,1243,2784,598,633,1231
9102,"THEFT/OTHER","38.9222116506","-76.9931501206",262,300,562,1541,1243,2784,598,633,1231
9102,"THEFT/OTHER","38.9215811022","-76.9937613603",262,300,562,1541,1243,2784,598,633,1231
9102,"THEFT/OTHER","38.9201485438","-76.9903135821",262,300,562,1541,1243,2784,598,633,1231
9102,"THEFT/OTHER","38.9201485438","-76.9903135821",262,300,562,1541,1243,2784,598,633,1231
9102,"THEFT/OTHER","38.9205085671","-76.9871077739",262,300,562,1541,1243,2784,598,633,1231
9102,"ROBBERY","38.9215811022","-76.9937613603",262,300,562,1541,1243,2784,598,633,1231
9102,"THEFT F/AUTO","38.9222116506","-76.9931501206",262,300,562,1541,1243,2784,598,633,1231
9102,"THEFT/OTHER","38.9215811022","-76.9937613603",262,300,562,1541,1243,2784,598,633,1231
9102,"BURGLARY","38.9212106456","-76.9826910358",262,300,562,1541,1243,2784,598,633,1231
9102,"THEFT/OTHER","38.9215811022","-76.9937613603",262,300,562,1541,1243,2784,598,633,1231
9102,"THEFT/OTHER","38.9222116506","-76.9931501206",262,300,562,1541,1243,2784,598,633,1231
9102,"ROBBERY","38.9211387946","-76.9842132258",262,300,562,1541,1243,2784,598,633,1231
9102,"THEFT/OTHER","38.9201485438","-76.9903135821",262,300,562,1541,1243,2784,598,633,1231
9102,"ROBBERY","38.9191660923","-76.9851361658",262,300,562,1541,1243,2784,598,633,1231
9102,"THEFT F/AUTO","38.921192933","-76.9848820477",262,300,562,1541,1243,2784,598,633,1231
9102,"THEFT/OTHER","38.9222116506","-76.9931501206",262,300,562,1541,1243,2784,598,633,1231
9201,"MOTOR VEHICLE THEFT","38.9304003258","-76.9955712866",67,76,143,930,929,1859,741,789,1530
9201,"MOTOR VEHICLE THEFT","38.930886796","-76.9961825153",67,76,143,930,929,1859,741,789,1530
9201,"THEFT/OTHER","38.930886796","-76.9961825153",67,76,143,930,929,1859,741,789,1530
9201,"THEFT F/AUTO","38.92649978","-76.9973129329",67,76,143,930,929,1859,741,789,1530
9201,"THEFT F/AUTO","38.9323640917","-76.996990814",67,76,143,930,929,1859,741,789,1530
9201,"ASSAULT W/DANGEROUS WEAPON","38.92649978","-76.9973129329",67,76,143,930,929,1859,741,789,1530
9201,"MOTOR VEHICLE THEFT","38.9279140538","-76.9961826744",67,76,143,930,929,1859,741,789,1530
9201,"THEFT F/AUTO","38.9323641371","-76.995582698",67,76,143,930,929,1859,741,789,1530
9201,"THEFT/OTHER","38.930886796","-76.9961825153",67,76,143,930,929,1859,741,789,1530
9201,"THEFT F/AUTO","38.92649978","-76.9973129329",67,76,143,930,929,1859,741,789,1530
9201,"THEFT/OTHER","38.9323641371","-76.995582698",67,76,143,930,929,1859,741,789,1530
9201,"ASSAULT W/DANGEROUS WEAPON","38.9287968441","-77.0044978109",67,76,143,930,929,1859,741,789,1530
9201,"THEFT/OTHER","38.931373223","-76.9955712262",67,76,143,930,929,1859,741,789,1530
9201,"THEFT/OTHER","38.9323641371","-76.995582698",67,76,143,930,929,1859,741,789,1530
9201,"THEFT F/AUTO","38.9323640917","-76.996990814",67,76,143,930,929,1859,741,789,1530
9201,"THEFT F/AUTO","38.9270673333","-76.9994349041",67,76,143,930,929,1859,741,789,1530
9201,"THEFT F/AUTO","38.9323640917","-76.996990814",67,76,143,930,929,1859,741,789,1530
9201,"ROBBERY","38.9323640917","-76.996990814",67,76,143,930,929,1859,741,789,1530
9201,"THEFT/OTHER","38.9328075718","-76.9970384286",67,76,143,930,929,1859,741,789,1530
9201,"THEFT F/AUTO","38.9318686561","-76.9949829948",67,76,143,930,929,1859,741,789,1530
9201,"THEFT/OTHER","38.931373223","-76.9955712262",67,76,143,930,929,1859,741,789,1530
9201,"THEFT F/AUTO","38.9323641371","-76.995582698",67,76,143,930,929,1859,741,789,1530
9201,"THEFT/OTHER","38.9323640917","-76.996990814",67,76,143,930,929,1859,741,789,1530
9201,"MOTOR VEHICLE THEFT","38.9261034436","-77.0005766206",67,76,143,930,929,1859,741,789,1530
9201,"THEFT/OTHER","38.9328075718","-76.9970384286",67,76,143,930,929,1859,741,789,1530
9201,"THEFT/OTHER","38.9264997027","-76.99497184",67,76,143,930,929,1859,741,789,1530
9201,"THEFT/OTHER","38.9274186195","-76.9969669195",67,76,143,930,929,1859,741,789,1530
9201,"THEFT F/AUTO","38.9304003258","-76.9955712866",67,76,143,930,929,1859,741,789,1530
9201,"THEFT F/AUTO","38.9299048904","-76.9961825678",67,76,143,930,929,1859,741,789,1530
9201,"THEFT F/AUTO","38.9323640917","-76.996990814",67,76,143,930,929,1859,741,789,1530
9201,"ASSAULT W/DANGEROUS WEAPON","38.9274186195","-76.9969669195",67,76,143,930,929,1859,741,789,1530
9201,"MOTOR VEHICLE THEFT","38.9294004415","-76.9967246433",67,76,143,930,929,1859,741,789,1530
9201,"THEFT F/AUTO","38.9323640917","-76.996990814",67,76,143,930,929,1859,741,789,1530
9201,"THEFT F/AUTO","38.9323640917","-76.996990814",67,76,143,930,929,1859,741,789,1530
9201,"THEFT F/AUTO","38.9261034436","-77.0005766206",67,76,143,930,929,1859,741,789,1530
9201,"BURGLARY","38.9255809318","-76.9973129675",67,76,143,930,929,1859,741,789,1530
9201,"THEFT F/AUTO","38.9285717207","-76.9992964985",67,76,143,930,929,1859,741,789,1530
9201,"THEFT F/AUTO","38.9323640917","-76.996990814",67,76,143,930,929,1859,741,789,1530
9201,"ROBBERY","38.9293914557","-76.9976588122",67,76,143,930,929,1859,741,789,1530
9201,"THEFT F/AUTO","38.9255809318","-76.9973129675",67,76,143,930,929,1859,741,789,1530
9201,"ROBBERY","38.9259412943","-76.9995156398",67,76,143,930,929,1859,741,789,1530
9201,"THEFT/OTHER","38.9279140538","-76.9961826744",67,76,143,930,929,1859,741,789,1530
9201,"BURGLARY","38.9264997027","-76.99497184",67,76,143,930,929,1859,741,789,1530
9201,"THEFT F/AUTO","38.9306255787","-76.9969898493",67,76,143,930,929,1859,741,789,1530
9201,"THEFT F/AUTO","38.9294004035","-76.9955713487",67,76,143,930,929,1859,741,789,1530
9201,"THEFT F/AUTO","38.9255809583","-76.9989851551",67,76,143,930,929,1859,741,789,1530
9201,"THEFT/OTHER","38.927418575","-76.9955714718",67,76,143,930,929,1859,741,789,1530
9201,"THEFT F/AUTO","38.9323641371","-76.995582698",67,76,143,930,929,1859,741,789,1530
9201,"MOTOR VEHICLE THEFT","38.9323640917","-76.996990814",67,76,143,930,929,1859,741,789,1530
9201,"THEFT F/AUTO","38.9308867502","-76.9949715307",67,76,143,930,929,1859,741,789,1530
9201,"MOTOR VEHICLE THEFT","38.9284094893","-76.9955714102",67,76,143,930,929,1859,741,789,1530
9201,"THEFT/OTHER","38.9323640917","-76.996990814",67,76,143,930,929,1859,741,789,1530
9201,"THEFT/OTHER","38.9260403245","-76.9961827747",67,76,143,930,929,1859,741,789,1530
9201,"ROBBERY","38.9274186195","-76.9969669195",67,76,143,930,929,1859,741,789,1530
9201,"THEFT F/AUTO","38.9285717207","-76.9992964985",67,76,143,930,929,1859,741,789,1530
9201,"THEFT/OTHER","38.9323640917","-76.996990814",67,76,143,930,929,1859,741,789,1530
9201,"THEFT F/AUTO","38.9260403766","-76.998454658",67,76,143,930,929,1859,741,789,1530
9201,"THEFT F/AUTO","38.9308867502","-76.9949715307",67,76,143,930,929,1859,741,789,1530
9201,"THEFT/OTHER","38.9261034436","-77.0005766206",67,76,143,930,929,1859,741,789,1530
9201,"THEFT F/AUTO","38.9323640917","-76.996990814",67,76,143,930,929,1859,741,789,1530
9201,"THEFT F/AUTO","38.9318686561","-76.9949829948",67,76,143,930,929,1859,741,789,1530
9201,"ROBBERY","38.9319671312","-76.9991240412",67,76,143,930,929,1859,741,789,1530
9201,"THEFT/OTHER","38.9323641371","-76.995582698",67,76,143,930,929,1859,741,789,1530
9201,"THEFT F/AUTO","38.9308867502","-76.9949715307",67,76,143,930,929,1859,741,789,1530
9201,"THEFT/OTHER","38.92649978","-76.9973129329",67,76,143,930,929,1859,741,789,1530
9201,"THEFT/OTHER","38.9323640917","-76.996990814",67,76,143,930,929,1859,741,789,1530
9201,"THEFT F/AUTO","38.92649978","-76.9973129329",67,76,143,930,929,1859,741,789,1530
9201,"THEFT F/AUTO","38.9323640917","-76.996990814",67,76,143,930,929,1859,741,789,1530
9201,"ROBBERY","38.9264997027","-76.99497184",67,76,143,930,929,1859,741,789,1530
9201,"THEFT/OTHER","38.9279140538","-76.9961826744",67,76,143,930,929,1859,741,789,1530
9201,"THEFT F/AUTO","38.9323641371","-76.995582698",67,76,143,930,929,1859,741,789,1530
9201,"THEFT/OTHER","38.9328075718","-76.9970384286",67,76,143,930,929,1859,741,789,1530
9201,"THEFT F/AUTO","38.9323640917","-76.996990814",67,76,143,930,929,1859,741,789,1530
9201,"MOTOR VEHICLE THEFT","38.9323640917","-76.996990814",67,76,143,930,929,1859,741,789,1530
9201,"ASSAULT W/DANGEROUS WEAPON","38.92649978","-76.9973129329",67,76,143,930,929,1859,741,789,1530
9201,"THEFT F/AUTO","38.9304003258","-76.9955712866",67,76,143,930,929,1859,741,789,1530
9201,"THEFT/OTHER","38.9323640917","-76.996990814",67,76,143,930,929,1859,741,789,1530
9201,"THEFT/OTHER","38.9279140538","-76.9961826744",67,76,143,930,929,1859,741,789,1530
9201,"THEFT/OTHER","38.9279140538","-76.9961826744",67,76,143,930,929,1859,741,789,1530
9201,"BURGLARY","38.9287698838","-76.9977395625",67,76,143,930,929,1859,741,789,1530
9201,"THEFT F/AUTO","38.931373223","-76.9955712262",67,76,143,930,929,1859,741,789,1530
9201,"THEFT F/AUTO","38.9323641371","-76.995582698",67,76,143,930,929,1859,741,789,1530
9201,"THEFT F/AUTO","38.9323641371","-76.995582698",67,76,143,930,929,1859,741,789,1530
9201,"THEFT F/AUTO","38.9299048904","-76.9961825678",67,76,143,930,929,1859,741,789,1530
9201,"THEFT F/AUTO","38.9279140538","-76.9961826744",67,76,143,930,929,1859,741,789,1530
9201,"THEFT/OTHER","38.9328075718","-76.9970384286",67,76,143,930,929,1859,741,789,1530
9201,"THEFT/OTHER","38.9308867502","-76.9949715307",67,76,143,930,929,1859,741,789,1530
9201,"THEFT F/AUTO","38.9323640917","-76.996990814",67,76,143,930,929,1859,741,789,1530
9201,"THEFT/OTHER","38.9279140538","-76.9961826744",67,76,143,930,929,1859,741,789,1530
9201,"THEFT F/AUTO","38.9279140074","-76.9949602076",67,76,143,930,929,1859,741,789,1530
9201,"HOMICIDE","38.9323641371","-76.995582698",67,76,143,930,929,1859,741,789,1530
9201,"THEFT F/AUTO","38.9279140538","-76.9961826744",67,76,143,930,929,1859,741,789,1530
9201,"THEFT/OTHER","38.927878061","-76.9977395908",67,76,143,930,929,1859,741,789,1530
9201,"THEFT F/AUTO","38.9293914557","-76.9976588122",67,76,143,930,929,1859,741,789,1530
9201,"THEFT/OTHER","38.9323640917","-76.996990814",67,76,143,930,929,1859,741,789,1530
9201,"MOTOR VEHICLE THEFT","38.9279140074","-76.9949602076",67,76,143,930,929,1859,741,789,1530
9201,"THEFT F/AUTO","38.9287968441","-77.0044978109",67,76,143,930,929,1859,741,789,1530
9201,"THEFT F/AUTO","38.9313822716","-76.9968052851",67,76,143,930,929,1859,741,789,1530
9201,"THEFT F/AUTO","38.9323640917","-76.996990814",67,76,143,930,929,1859,741,789,1530
9201,"BURGLARY","38.927878061","-76.9977395908",67,76,143,930,929,1859,741,789,1530
9201,"MOTOR VEHICLE THEFT","38.9323641371","-76.995582698",67,76,143,930,929,1859,741,789,1530
9201,"THEFT/OTHER","38.9323640917","-76.996990814",67,76,143,930,929,1859,741,789,1530
9201,"THEFT F/AUTO","38.9323640917","-76.996990814",67,76,143,930,929,1859,741,789,1530
9201,"THEFT F/AUTO","38.9285807297","-77.0005766407",67,76,143,930,929,1859,741,789,1530
9201,"THEFT F/AUTO","38.9279140538","-76.9961826744",67,76,143,930,929,1859,741,789,1530
9201,"THEFT F/AUTO","38.9285717207","-76.9992964985",67,76,143,930,929,1859,741,789,1530
9201,"THEFT F/AUTO","38.9293914557","-76.9976588122",67,76,143,930,929,1859,741,789,1530
9201,"THEFT F/AUTO","38.9318686561","-76.9949829948",67,76,143,930,929,1859,741,789,1530
9201,"ROBBERY","38.9287968441","-77.0044978109",67,76,143,930,929,1859,741,789,1530
9201,"THEFT F/AUTO","38.9284094893","-76.9955714102",67,76,143,930,929,1859,741,789,1530
9201,"THEFT F/AUTO","38.9293914557","-76.9976588122",67,76,143,930,929,1859,741,789,1530
9201,"THEFT/OTHER","38.9328075718","-76.9970384286",67,76,143,930,929,1859,741,789,1530
9201,"THEFT/OTHER","38.9328075718","-76.9970384286",67,76,143,930,929,1859,741,789,1530
9201,"THEFT F/AUTO","38.9279140538","-76.9961826744",67,76,143,930,929,1859,741,789,1530
9203,"THEFT/OTHER","38.9268869504","-77.007138642",74,62,136,1389,1029,2418,690,632,1322
9203,"ASSAULT W/DANGEROUS WEAPON","38.9194913302","-77.0013030418",74,62,136,1389,1029,2418,690,632,1322
9203,"THEFT F/AUTO","38.920220979","-77.0027675508",74,62,136,1389,1029,2418,690,632,1322
9203,"ROBBERY","38.9199866343","-77.0061347174",74,62,136,1389,1029,2418,690,632,1322
9203,"THEFT/OTHER","38.9254815215","-77.0090413329",74,62,136,1389,1029,2418,690,632,1322
9203,"THEFT/OTHER","38.9257520469","-77.0041516482",74,62,136,1389,1029,2418,690,632,1322
9203,"THEFT F/AUTO","38.9199866343","-77.0061347174",74,62,136,1389,1029,2418,690,632,1322
9203,"ASSAULT W/DANGEROUS WEAPON","38.9218244921","-77.000576586",74,62,136,1389,1029,2418,690,632,1322
9203,"ASSAULT W/DANGEROUS WEAPON","38.9218244409","-77.0035056432",74,62,136,1389,1029,2418,690,632,1322
9203,"THEFT/OTHER","38.9212929696","-77.0027675924",74,62,136,1389,1029,2418,690,632,1322
9203,"THEFT/OTHER","38.9257520469","-77.0041516482",74,62,136,1389,1029,2418,690,632,1322
9203,"MOTOR VEHICLE THEFT","38.9228964507","-77.0027791865",74,62,136,1389,1029,2418,690,632,1322
9203,"THEFT/OTHER","38.920220979","-77.0027675508",74,62,136,1389,1029,2418,690,632,1322
9203,"THEFT/OTHER","38.9218244921","-77.000576586",74,62,136,1389,1029,2418,690,632,1322
9203,"THEFT/OTHER","38.9254815215","-77.0090413329",74,62,136,1389,1029,2418,690,632,1322
9203,"BURGLARY","38.9218244757","-77.0020411146",74,62,136,1389,1029,2418,690,632,1322
9203,"THEFT F/AUTO","38.9223559514","-77.0027791655",74,62,136,1389,1029,2418,690,632,1322
9203,"MOTOR VEHICLE THEFT","38.9189778297","-77.0027790338",74,62,136,1389,1029,2418,690,632,1322
9203,"THEFT F/AUTO","38.9166281407","-77.0090417095",74,62,136,1389,1029,2418,690,632,1322
9203,"MOTOR VEHICLE THEFT","38.9212929696","-77.0027675924",74,62,136,1389,1029,2418,690,632,1322
9203,"THEFT/OTHER","38.9268869504","-77.007138642",74,62,136,1389,1029,2418,690,632,1322
9203,"THEFT F/AUTO","38.9202210045","-77.0013030552",74,62,136,1389,1029,2418,690,632,1322
9203,"ASSAULT W/DANGEROUS WEAPON","38.9166281407","-77.0090417095",74,62,136,1389,1029,2418,690,632,1322
9203,"THEFT F/AUTO","38.920220979","-77.0027675508",74,62,136,1389,1029,2418,690,632,1322
9203,"THEFT/OTHER","38.9181037857","-77.0079334101",74,62,136,1389,1029,2418,690,632,1322
9203,"THEFT/OTHER","38.9189778297","-77.0027790338",74,62,136,1389,1029,2418,690,632,1322
9203,"THEFT F/AUTO","38.9166281407","-77.0090417095",74,62,136,1389,1029,2418,690,632,1322
9203,"ROBBERY","38.9181038772","-77.0064458957",74,62,136,1389,1029,2418,690,632,1322
9203,"MOTOR VEHICLE THEFT","38.9234369757","-77.0013031139",74,62,136,1389,1029,2418,690,632,1322
9203,"THEFT/OTHER","38.9218331512","-77.009052402",74,62,136,1389,1029,2418,690,632,1322
9203,"THEFT F/AUTO","38.9189778297","-77.0027790338",74,62,136,1389,1029,2418,690,632,1322
9203,"THEFT/OTHER","38.9189778297","-77.0027790338",74,62,136,1389,1029,2418,690,632,1322
9203,"THEFT/OTHER","38.9189778297","-77.0027790338",74,62,136,1389,1029,2418,690,632,1322
9203,"THEFT F/AUTO","38.9218244409","-77.0035056432",74,62,136,1389,1029,2418,690,632,1322
9203,"ROBBERY","38.9257520469","-77.0041516482",74,62,136,1389,1029,2418,690,632,1322
9203,"ASSAULT W/DANGEROUS WEAPON","38.9210227001","-77.0035056037",74,62,136,1389,1029,2418,690,632,1322
9203,"MOTOR VEHICLE THEFT","38.9181038772","-77.0064458957",74,62,136,1389,1029,2418,690,632,1322
9203,"ASSAULT W/DANGEROUS WEAPON","38.9226712743","-77.0005765929",74,62,136,1389,1029,2418,690,632,1322
9203,"THEFT F/AUTO","38.9199866343","-77.0061347174",74,62,136,1389,1029,2418,690,632,1322
9203,"THEFT F/AUTO","38.9202210045","-77.0013030552",74,62,136,1389,1029,2418,690,632,1322
9203,"THEFT F/AUTO","38.9205092256","-77.0035055785",74,62,136,1389,1029,2418,690,632,1322
9203,"THEFT F/AUTO","38.9266167603","-77.0060891578",74,62,136,1389,1029,2418,690,632,1322
9203,"ROBBERY","38.9207525016","-77.0005765774",74,62,136,1389,1029,2418,690,632,1322
9203,"ASSAULT W/DANGEROUS WEAPON","38.9212929696","-77.0027675924",74,62,136,1389,1029,2418,690,632,1322
9203,"THEFT/OTHER","38.9204912439","-77.0020295449",74,62,136,1389,1029,2418,690,632,1322
9203,"BURGLARY","38.9223559514","-77.0027791655",74,62,136,1389,1029,2418,690,632,1322
9203,"BURGLARY","38.920220979","-77.0027675508",74,62,136,1389,1029,2418,690,632,1322
9203,"ASSAULT W/DANGEROUS WEAPON","38.9189778297","-77.0027790338",74,62,136,1389,1029,2418,690,632,1322
9203,"MOTOR VEHICLE THEFT","38.9204912439","-77.0020295449",74,62,136,1389,1029,2418,690,632,1322
9203,"THEFT F/AUTO","38.9267247088","-77.0085109949",74,62,136,1389,1029,2418,690,632,1322
9203,"THEFT F/AUTO","38.9199866343","-77.0061347174",74,62,136,1389,1029,2418,690,632,1322
9203,"ROBBERY","38.9218244921","-77.000576586",74,62,136,1389,1029,2418,690,632,1322
9203,"THEFT F/AUTO","38.9267247088","-77.0085109949",74,62,136,1389,1029,2418,690,632,1322
9203,"THEFT F/AUTO","38.9189778297","-77.0027790338",74,62,136,1389,1029,2418,690,632,1322
9203,"THEFT/OTHER","38.9252383678","-77.0080725911",74,62,136,1389,1029,2418,690,632,1322
9203,"THEFT F/AUTO","38.9218331512","-77.009052402",74,62,136,1389,1029,2418,690,632,1322
9203,"THEFT/OTHER","38.9194913302","-77.0013030418",74,62,136,1389,1029,2418,690,632,1322
9203,"THEFT/OTHER","38.9229051424","-77.0090410062",74,62,136,1389,1029,2418,690,632,1322
9203,"MOTOR VEHICLE THEFT","38.9260401545","-77.0073692053",74,62,136,1389,1029,2418,690,632,1322
9203,"THEFT F/AUTO","38.9213017166","-77.0082912466",74,62,136,1389,1029,2418,690,632,1322
9203,"THEFT F/AUTO","38.9202210045","-77.0013030552",74,62,136,1389,1029,2418,690,632,1322
9203,"MOTOR VEHICLE THEFT","38.9257520469","-77.0041516482",74,62,136,1389,1029,2418,690,632,1322
9203,"THEFT F/AUTO","38.9268869504","-77.007138642",74,62,136,1389,1029,2418,690,632,1322
9203,"THEFT/OTHER","38.9257520469","-77.0041516482",74,62,136,1389,1029,2418,690,632,1322
9203,"THEFT F/AUTO","38.9199866343","-77.0061347174",74,62,136,1389,1029,2418,690,632,1322
9203,"MOTOR VEHICLE THEFT","38.9177705803","-77.0062383064",74,62,136,1389,1029,2418,690,632,1322
9203,"THEFT/OTHER","38.9260401545","-77.0073692053",74,62,136,1389,1029,2418,690,632,1322
9203,"THEFT F/AUTO","38.9252383678","-77.0080725911",74,62,136,1389,1029,2418,690,632,1322
9203,"ROBBERY","38.9212929952","-77.0013030748",74,62,136,1389,1029,2418,690,632,1322
9203,"THEFT/OTHER","38.9218244921","-77.000576586",74,62,136,1389,1029,2418,690,632,1322
9203,"ASSAULT W/DANGEROUS WEAPON","38.9202210045","-77.0013030552",74,62,136,1389,1029,2418,690,632,1322
9203,"BURGLARY","38.9229051424","-77.0090410062",74,62,136,1389,1029,2418,690,632,1322
9203,"THEFT F/AUTO","38.9218244757","-77.0020411146",74,62,136,1389,1029,2418,690,632,1322
9203,"THEFT/OTHER","38.9223649855","-77.0013030943",74,62,136,1389,1029,2418,690,632,1322
9203,"MOTOR VEHICLE THEFT","38.9166281407","-77.0090417095",74,62,136,1389,1029,2418,690,632,1322
9203,"THEFT/OTHER","38.920220979","-77.0027675508",74,62,136,1389,1029,2418,690,632,1322
9203,"MOTOR VEHICLE THEFT","38.9229051424","-77.0090410062",74,62,136,1389,1029,2418,690,632,1322
9203,"THEFT F/AUTO","38.9189778297","-77.0027790338",74,62,136,1389,1029,2418,690,632,1322
9203,"THEFT F/AUTO","38.9189778297","-77.0027790338",74,62,136,1389,1029,2418,690,632,1322
9203,"MOTOR VEHICLE THEFT","38.9223649855","-77.0013030943",74,62,136,1389,1029,2418,690,632,1322
9203,"THEFT F/AUTO","38.9189778297","-77.0027790338",74,62,136,1389,1029,2418,690,632,1322
9203,"THEFT F/AUTO","38.9199866343","-77.0061347174",74,62,136,1389,1029,2418,690,632,1322
9203,"BURGLARY","38.9252383678","-77.0080725911",74,62,136,1389,1029,2418,690,632,1322
9203,"THEFT F/AUTO","38.9172570166","-77.0077257582",74,62,136,1389,1029,2418,690,632,1322
9203,"THEFT/OTHER","38.9207614785","-77.0027675718",74,62,136,1389,1029,2418,690,632,1322
9203,"BURGLARY","38.9239771324","-77.0090411421",74,62,136,1389,1029,2418,690,632,1322
9203,"ROBBERY","38.9257520469","-77.0041516482",74,62,136,1389,1029,2418,690,632,1322
9203,"THEFT F/AUTO","38.9194913302","-77.0013030418",74,62,136,1389,1029,2418,690,632,1322
9203,"THEFT/OTHER","38.9257520469","-77.0041516482",74,62,136,1389,1029,2418,690,632,1322
9203,"THEFT/OTHER","38.9189778297","-77.0027790338",74,62,136,1389,1029,2418,690,632,1322
9203,"ASSAULT W/DANGEROUS WEAPON","38.9213017166","-77.0082912466",74,62,136,1389,1029,2418,690,632,1322
9203,"THEFT/OTHER","38.9207525016","-77.0005765774",74,62,136,1389,1029,2418,690,632,1322
9203,"MOTOR VEHICLE THEFT","38.9229051424","-77.0090410062",74,62,136,1389,1029,2418,690,632,1322
9203,"ASSAULT W/DANGEROUS WEAPON","38.9218244921","-77.000576586",74,62,136,1389,1029,2418,690,632,1322
9204,"THEFT/OTHER","38.9242387047","-76.9979126878",387,190,577,850,834,1684,266,186,452
9204,"THEFT/OTHER","38.9244999636","-76.9995156495",387,190,577,850,834,1684,266,186,452
9204,"THEFT/OTHER","38.9239684724","-77.0005766034",387,190,577,850,834,1684,266,186,452
9204,"THEFT/OTHER","38.920932635","-76.9971632321",387,190,577,850,834,1684,266,186,452
9204,"THEFT F/AUTO","38.9244999636","-76.9995156495",387,190,577,850,834,1684,266,186,452
9204,"ASSAULT W/DANGEROUS WEAPON","38.9253376758","-76.9961828123",387,190,577,850,834,1684,266,186,452
9204,"THEFT F/AUTO","38.9239594477","-77.0020411757",387,190,577,850,834,1684,266,186,452
9204,"ROBBERY","38.920932635","-76.9971632321",387,190,577,850,834,1684,266,186,452
9204,"ASSAULT W/DANGEROUS WEAPON","38.9207525016","-77.0005765774",387,190,577,850,834,1684,266,186,452
9204,"THEFT/OTHER","38.920932635","-76.9971632321",387,190,577,850,834,1684,266,186,452
9204,"ASSAULT W/DANGEROUS WEAPON","38.9237072284","-76.9990082458",387,190,577,850,834,1684,266,186,452
9204,"MOTOR VEHICLE THEFT","38.9237072284","-76.9990082458",387,190,577,850,834,1684,266,186,452
9204,"THEFT F/AUTO","38.9244638576","-76.9958484268",387,190,577,850,834,1684,266,186,452
9204,"MOTOR VEHICLE THEFT","38.9250494706","-77.0005766121",387,190,577,850,834,1684,266,186,452
9204,"ROBBERY","38.9242387047","-76.9979126878",387,190,577,850,834,1684,266,186,452
9204,"THEFT F/AUTO","38.9245089657","-77.0013031335",387,190,577,850,834,1684,266,186,452
9204,"THEFT/OTHER","38.9207525016","-77.0005765774",387,190,577,850,834,1684,266,186,452
9204,"THEFT F/AUTO","38.920932635","-76.9971632321",387,190,577,850,834,1684,266,186,452
9204,"THEFT/OTHER","38.920932635","-76.9971632321",387,190,577,850,834,1684,266,186,452
9204,"MOTOR VEHICLE THEFT","38.9242387047","-76.9979126878",387,190,577,850,834,1684,266,186,452
9204,"THEFT/OTHER","38.9255899612","-77.0015107352",387,190,577,850,834,1684,266,186,452
9204,"ASSAULT W/DANGEROUS WEAPON","38.9207525016","-77.0005765774",387,190,577,850,834,1684,266,186,452
9204,"ROBBERY","38.9244638576","-76.9958484268",387,190,577,850,834,1684,266,186,452
9204,"THEFT/OTHER","38.920932635","-76.9971632321",387,190,577,850,834,1684,266,186,452
9204,"THEFT/OTHER","38.920932635","-76.9971632321",387,190,577,850,834,1684,266,186,452
9204,"THEFT F/AUTO","38.920932635","-76.9971632321",387,190,577,850,834,1684,266,186,452
9204,"THEFT/OTHER","38.9207525016","-77.0005765774",387,190,577,850,834,1684,266,186,452
9204,"THEFT F/AUTO","38.9244999636","-76.9995156495",387,190,577,850,834,1684,266,186,452
9204,"MOTOR VEHICLE THEFT","38.920932635","-76.9971632321",387,190,577,850,834,1684,266,186,452
9204,"MOTOR VEHICLE THEFT","38.9242387047","-76.9979126878",387,190,577,850,834,1684,266,186,452
9204,"ROBBERY","38.9207525016","-77.0005765774",387,190,577,850,834,1684,266,186,452
9204,"THEFT/OTHER","38.920932635","-76.9971632321",387,190,577,850,834,1684,266,186,452
9204,"ROBBERY","38.9239684724","-77.0005766034",387,190,577,850,834,1684,266,186,452
9204,"THEFT F/AUTO","38.9242387047","-76.9979126878",387,190,577,850,834,1684,266,186,452
9204,"THEFT/OTHER","38.920932635","-76.9971632321",387,190,577,850,834,1684,266,186,452
9204,"ASSAULT W/DANGEROUS WEAPON","38.9237072284","-76.9990082458",387,190,577,850,834,1684,266,186,452
9204,"ROBBERY","38.9254187159","-76.9952371592",387,190,577,850,834,1684,266,186,452
9204,"THEFT/OTHER","38.9237072284","-76.9990082458",387,190,577,850,834,1684,266,186,452
9204,"THEFT/OTHER","38.9237072284","-76.9990082458",387,190,577,850,834,1684,266,186,452
9204,"ROBBERY","38.9244638576","-76.9958484268",387,190,577,850,834,1684,266,186,452
9204,"THEFT/OTHER","38.9244999636","-76.9995156495",387,190,577,850,834,1684,266,186,452
9204,"MOTOR VEHICLE THEFT","38.9244638576","-76.9958484268",387,190,577,850,834,1684,266,186,452
9204,"THEFT F/AUTO","38.920932635","-76.9971632321",387,190,577,850,834,1684,266,186,452
9204,"BURGLARY","38.9250404535","-76.9984546797",387,190,577,850,834,1684,266,186,452
9204,"ROBBERY","38.9199327454","-77.0000576571",387,190,577,850,834,1684,266,186,452
9204,"ASSAULT W/DANGEROUS WEAPON","38.9237072284","-76.9990082458",387,190,577,850,834,1684,266,186,452
9204,"THEFT/OTHER","38.9255899612","-77.0015107352",387,190,577,850,834,1684,266,186,452
9204,"THEFT/OTHER","38.920932635","-76.9971632321",387,190,577,850,834,1684,266,186,452
9204,"ASSAULT W/DANGEROUS WEAPON","38.9255899612","-77.0015107352",387,190,577,850,834,1684,266,186,452
9204,"THEFT/OTHER","38.9237072284","-76.9990082458",387,190,577,850,834,1684,266,186,452
9204,"THEFT F/AUTO","38.9239594477","-77.0020411757",387,190,577,850,834,1684,266,186,452
9204,"THEFT/OTHER","38.9207525016","-77.0005765774",387,190,577,850,834,1684,266,186,452
9204,"THEFT/OTHER","38.920932635","-76.9971632321",387,190,577,850,834,1684,266,186,452
9204,"THEFT F/AUTO","38.9237072284","-76.9990082458",387,190,577,850,834,1684,266,186,452
9204,"MOTOR VEHICLE THEFT","38.9242387047","-76.9979126878",387,190,577,850,834,1684,266,186,452
9204,"THEFT/OTHER","38.920932635","-76.9971632321",387,190,577,850,834,1684,266,186,452
9204,"THEFT F/AUTO","38.9237072284","-76.9990082458",387,190,577,850,834,1684,266,186,452
9204,"THEFT/OTHER","38.920932635","-76.9971632321",387,190,577,850,834,1684,266,186,452
9204,"ASSAULT W/DANGEROUS WEAPON","38.9207525016","-77.0005765774",387,190,577,850,834,1684,266,186,452
9204,"BURGLARY","38.9207525016","-77.0005765774",387,190,577,850,834,1684,266,186,452
9204,"THEFT/OTHER","38.920932635","-76.9971632321",387,190,577,850,834,1684,266,186,452
9204,"THEFT/OTHER","38.9242387047","-76.9979126878",387,190,577,850,834,1684,266,186,452
9204,"THEFT/OTHER","38.9255809583","-76.9989851551",387,190,577,850,834,1684,266,186,452
9204,"THEFT/OTHER","38.9242387047","-76.9979126878",387,190,577,850,834,1684,266,186,452
9204,"THEFT/OTHER","38.920932635","-76.9971632321",387,190,577,850,834,1684,266,186,452
9204,"BURGLARY","38.9207525016","-77.0005765774",387,190,577,850,834,1684,266,186,452
9204,"THEFT F/AUTO","38.9199327454","-77.0000576571",387,190,577,850,834,1684,266,186,452
9204,"ROBBERY","38.9244999636","-76.9995156495",387,190,577,850,834,1684,266,186,452
9204,"THEFT/OTHER","38.920932635","-76.9971632321",387,190,577,850,834,1684,266,186,452
9204,"THEFT/OTHER","38.9255899612","-77.0015107352",387,190,577,850,834,1684,266,186,452
9204,"BURGLARY","38.9207525016","-77.0005765774",387,190,577,850,834,1684,266,186,452
9204,"THEFT F/AUTO","38.9237072284","-76.9990082458",387,190,577,850,834,1684,266,186,452
9204,"THEFT F/AUTO","38.9239594477","-77.0020411757",387,190,577,850,834,1684,266,186,452
9204,"MOTOR VEHICLE THEFT","38.9242387047","-76.9979126878",387,190,577,850,834,1684,266,186,452
9204,"ASSAULT W/DANGEROUS WEAPON","38.9234369494","-77.0028022715",387,190,577,850,834,1684,266,186,452
9204,"THEFT/OTHER","38.920932635","-76.9971632321",387,190,577,850,834,1684,266,186,452
9204,"THEFT/OTHER","38.9239684724","-77.0005766034",387,190,577,850,834,1684,266,186,452
9204,"ASSAULT W/DANGEROUS WEAPON","38.9237072284","-76.9990082458",387,190,577,850,834,1684,266,186,452
9204,"ROBBERY","38.9255899612","-77.0015107352",387,190,577,850,834,1684,266,186,452
9204,"THEFT/OTHER","38.9237072284","-76.9990082458",387,190,577,850,834,1684,266,186,452
9204,"THEFT/OTHER","38.9242387047","-76.9979126878",387,190,577,850,834,1684,266,186,452
9204,"THEFT/OTHER","38.920932635","-76.9971632321",387,190,577,850,834,1684,266,186,452
9204,"THEFT/OTHER","38.920932635","-76.9971632321",387,190,577,850,834,1684,266,186,452
9204,"ASSAULT W/DANGEROUS WEAPON","38.9207525016","-77.0005765774",387,190,577,850,834,1684,266,186,452
9204,"ROBBERY","38.9207525016","-77.0005765774",387,190,577,850,834,1684,266,186,452
9204,"MOTOR VEHICLE THEFT","38.920932635","-76.9971632321",387,190,577,850,834,1684,266,186,452
9204,"THEFT/OTHER","38.9199327454","-77.0000576571",387,190,577,850,834,1684,266,186,452
9204,"ASSAULT W/DANGEROUS WEAPON","38.9207525016","-77.0005765774",387,190,577,850,834,1684,266,186,452
9204,"THEFT F/AUTO","38.9244999636","-76.9995156495",387,190,577,850,834,1684,266,186,452
9204,"THEFT/OTHER","38.920932635","-76.9971632321",387,190,577,850,834,1684,266,186,452
9204,"THEFT/OTHER","38.920932635","-76.9971632321",387,190,577,850,834,1684,266,186,452
9204,"THEFT/OTHER","38.9207525016","-77.0005765774",387,190,577,850,834,1684,266,186,452
9204,"THEFT/OTHER","38.9237072284","-76.9990082458",387,190,577,850,834,1684,266,186,452
9204,"THEFT/OTHER","38.9255899612","-77.0015107352",387,190,577,850,834,1684,266,186,452
9204,"THEFT/OTHER","38.920932635","-76.9971632321",387,190,577,850,834,1684,266,186,452
9204,"MOTOR VEHICLE THEFT","38.9250494706","-77.0005766121",387,190,577,850,834,1684,266,186,452
9204,"THEFT/OTHER","38.920932635","-76.9971632321",387,190,577,850,834,1684,266,186,452
9204,"MOTOR VEHICLE THEFT","38.9207525016","-77.0005765774",387,190,577,850,834,1684,266,186,452
9204,"THEFT/OTHER","38.9207525016","-77.0005765774",387,190,577,850,834,1684,266,186,452
9204,"THEFT F/AUTO","38.920932635","-76.9971632321",387,190,577,850,834,1684,266,186,452
9204,"THEFT/OTHER","38.9237072284","-76.9990082458",387,190,577,850,834,1684,266,186,452
9301,"THEFT/OTHER","38.9340124027","-76.991119057",0,118,118,1327,1443,2770,931,941,1872
9301,"THEFT F/AUTO","38.9307330348","-76.9873711879",0,118,118,1327,1443,2770,931,941,1872
9301,"THEFT/OTHER","38.9249673922","-76.9846736674",0,118,118,1327,1443,2770,931,941,1872
9301,"ROBBERY","38.9329495301","-76.9926646811",0,118,118,1327,1443,2770,931,941,1872
9301,"THEFT/OTHER","38.9340124027","-76.991119057",0,118,118,1327,1443,2770,931,941,1872
9301,"THEFT/OTHER","38.9287601976","-76.9872100775",0,118,118,1327,1443,2770,931,941,1872
9301,"ROBBERY","38.9339753255","-76.9820305169",0,118,118,1327,1443,2770,931,941,1872
9301,"THEFT F/AUTO","38.9284438995","-76.9800252051",0,118,118,1327,1443,2770,931,941,1872
9301,"THEFT/OTHER","38.9339314409","-76.9927568496",0,118,118,1327,1443,2770,931,941,1872
9301,"THEFT/OTHER","38.9272547865","-76.9799332774",0,118,118,1327,1443,2770,931,941,1872
9301,"ASSAULT W/DANGEROUS WEAPON","38.9340124027","-76.991119057",0,118,118,1327,1443,2770,931,941,1872
9301,"THEFT/OTHER","38.9293095767","-76.9860912846",0,118,118,1327,1443,2770,931,941,1872
9301,"THEFT F/AUTO","38.9308408859","-76.9852490638",0,118,118,1327,1443,2770,931,941,1872
9301,"THEFT/OTHER","38.9336967931","-76.9876128694",0,118,118,1327,1443,2770,931,941,1872
9301,"THEFT/OTHER","38.9340124027","-76.991119057",0,118,118,1327,1443,2770,931,941,1872
9301,"ASSAULT W/DANGEROUS WEAPON","38.9289318881","-76.9937491843",0,118,118,1327,1443,2770,931,941,1872
9301,"ROBBERY","38.9345066995","-76.9812922215",0,118,118,1327,1443,2770,931,941,1872
9301,"ROBBERY","38.9278771212","-76.9850074903",0,118,118,1327,1443,2770,931,941,1872
9301,"THEFT/OTHER","38.9280039551","-76.9924460682",0,118,118,1327,1443,2770,931,941,1872
9301,"THEFT/OTHER","38.9340124027","-76.991119057",0,118,118,1327,1443,2770,931,941,1872
9301,"THEFT/OTHER","38.9287601976","-76.9872100775",0,118,118,1327,1443,2770,931,941,1872
9301,"THEFT F/AUTO","38.930922715","-76.9935760119",0,118,118,1327,1443,2770,931,941,1872
9301,"THEFT/OTHER","38.9336967931","-76.9876128694",0,118,118,1327,1443,2770,931,941,1872
9301,"THEFT/OTHER","38.9273905393","-76.9840042545",0,118,118,1327,1443,2770,931,941,1872
9301,"THEFT F/AUTO","38.9277415448","-76.9818244996",0,118,118,1327,1443,2770,931,941,1872
9301,"THEFT/OTHER","38.9307330348","-76.9873711879",0,118,118,1327,1443,2770,931,941,1872
9301,"THEFT F/AUTO","38.9276523986","-76.989447613",0,118,118,1327,1443,2770,931,941,1872
9301,"THEFT F/AUTO","38.9334809698","-76.9919034085",0,118,118,1327,1443,2770,931,941,1872
9301,"THEFT F/AUTO","38.9269309074","-76.9825512567",0,118,118,1327,1443,2770,931,941,1872
9301,"THEFT/OTHER","38.9329843998","-76.9819500319",0,118,118,1327,1443,2770,931,941,1872
9301,"THEFT F/AUTO","38.9296342415","-76.9896087814",0,118,118,1327,1443,2770,931,941,1872
9301,"THEFT/OTHER","38.930922715","-76.9935760119",0,118,118,1327,1443,2770,931,941,1872
9301,"BURGLARY","38.9324900499","-76.9918112534",0,118,118,1327,1443,2770,931,941,1872
9301,"THEFT F/AUTO","38.9276523986","-76.989447613",0,118,118,1327,1443,2770,931,941,1872
9301,"THEFT F/AUTO","38.9309676927","-76.9925034202",0,118,118,1327,1443,2770,931,941,1872
9301,"THEFT F/AUTO","38.9285073344","-76.9823663461",0,118,118,1327,1443,2770,931,941,1872
9301,"ROBBERY","38.9265523766","-76.9813750358",0,118,118,1327,1443,2770,931,941,1872
9301,"THEFT F/AUTO","38.9285443939","-76.9915695176",0,118,118,1327,1443,2770,931,941,1872
9301,"THEFT/OTHER","38.9324900499","-76.9918112534",0,118,118,1327,1443,2770,931,941,1872
9301,"THEFT F/AUTO","38.9349572427","-76.9821110063",0,118,118,1327,1443,2770,931,941,1872
9301,"THEFT F/AUTO","38.9338944911","-76.9836683189",0,118,118,1327,1443,2770,931,941,1872
9301,"THEFT/OTHER","38.9289663934","-76.980094256",0,118,118,1327,1443,2770,931,941,1872
9301,"MOTOR VEHICLE THEFT","38.9284174979","-76.9840847536",0,118,118,1327,1443,2770,931,941,1872
9301,"ROBBERY","38.9320395727","-76.9909693689",0,118,118,1327,1443,2770,931,941,1872
9301,"ASSAULT W/DANGEROUS WEAPON","38.9317239572","-76.9874517457",0,118,118,1327,1443,2770,931,941,1872
9301,"THEFT F/AUTO","38.9343450284","-76.9845678479",0,118,118,1327,1443,2770,931,941,1872
9301,"THEFT F/AUTO","38.931057661","-76.9908887608",0,118,118,1327,1443,2770,931,941,1872
9301,"THEFT F/AUTO","38.9281286047","-76.9800022279",0,118,118,1327,1443,2770,931,941,1872
9301,"THEFT F/AUTO","38.9305610138","-76.9809933953",0,118,118,1327,1443,2770,931,941,1872
9301,"THEFT/OTHER","38.9289948693","-76.9924459632",0,118,118,1327,1443,2770,931,941,1872
9301,"THEFT F/AUTO","38.9320024839","-76.9818810803",0,118,118,1327,1443,2770,931,941,1872
9301,"ROBBERY","38.9295263022","-76.9916040004",0,118,118,1327,1443,2770,931,941,1872
9301,"THEFT F/AUTO","38.9316070752","-76.9897699602",0,118,118,1327,1443,2770,931,941,1872
9301,"ROBBERY","38.9320024839","-76.9818810803",0,118,118,1327,1443,2770,931,941,1872
9301,"MOTOR VEHICLE THEFT","38.9349572427","-76.9821110063",0,118,118,1327,1443,2770,931,941,1872
9301,"BURGLARY","38.9303005003","-76.986171823",0,118,118,1327,1443,2770,931,941,1872
9301,"THEFT F/AUTO","38.9286433202","-76.9895281961",0,118,118,1327,1443,2770,931,941,1872
9301,"THEFT F/AUTO","38.9345066995","-76.9812922215",0,118,118,1327,1443,2770,931,941,1872
9301,"ROBBERY","38.9339314409","-76.9927568496",0,118,118,1327,1443,2770,931,941,1872
9301,"THEFT F/AUTO","38.9345785063","-76.9797351419",0,118,118,1327,1443,2770,931,941,1872
9301,"THEFT/OTHER","38.9249673922","-76.9846736674",0,118,118,1327,1443,2770,931,941,1872
9301,"ROBBERY","38.9300667409","-76.990808156",0,118,118,1327,1443,2770,931,941,1872
9301,"THEFT/OTHER","38.9340124027","-76.991119057",0,118,118,1327,1443,2770,931,941,1872
9301,"ASSAULT W/DANGEROUS WEAPON","38.9268141299","-76.9849269861",0,118,118,1327,1443,2770,931,941,1872
9301,"THEFT F/AUTO","38.9280939081","-76.990646952",0,118,118,1327,1443,2770,931,941,1872
9301,"MOTOR VEHICLE THEFT","38.9253819147","-76.9857806787",0,118,118,1327,1443,2770,931,941,1872
9301,"THEFT/OTHER","38.9249673922","-76.9846736674",0,118,118,1327,1443,2770,931,941,1872
9301,"BURGLARY","38.9265523766","-76.9813750358",0,118,118,1327,1443,2770,931,941,1872
9301,"THEFT F/AUTO","38.9338944911","-76.9836683189",0,118,118,1327,1443,2770,931,941,1872
9301,"THEFT F/AUTO","38.9281286047","-76.9800022279",0,118,118,1327,1443,2770,931,941,1872
9301,"MOTOR VEHICLE THEFT","38.9286332092","-76.9808324496",0,118,118,1327,1443,2770,931,941,1872
9301,"THEFT F/AUTO","38.9279759647","-76.9831853004",0,118,118,1327,1443,2770,931,941,1872
9301,"THEFT/OTHER","38.9340124027","-76.991119057",0,118,118,1327,1443,2770,931,941,1872
9301,"THEFT F/AUTO","38.9338944911","-76.9836683189",0,118,118,1327,1443,2770,931,941,1872
9301,"THEFT/OTHER","38.9259670246","-76.9825976221",0,118,118,1327,1443,2770,931,941,1872
9301,"THEFT/OTHER","38.9249673922","-76.9846736674",0,118,118,1327,1443,2770,931,941,1872
9301,"THEFT/OTHER","38.9303993479","-76.9842457748",0,118,118,1327,1443,2770,931,941,1872
9301,"THEFT F/AUTO","38.9296342415","-76.9896087814",0,118,118,1327,1443,2770,931,941,1872
9301,"THEFT/OTHER","38.9340124027","-76.991119057",0,118,118,1327,1443,2770,931,941,1872
9301,"THEFT/OTHER","38.9340124027","-76.991119057",0,118,118,1327,1443,2770,931,941,1872
9301,"THEFT/OTHER","38.9340124027","-76.991119057",0,118,118,1327,1443,2770,931,941,1872
9301,"THEFT/OTHER","38.9340124027","-76.991119057",0,118,118,1327,1443,2770,931,941,1872
9301,"THEFT F/AUTO","38.9309676927","-76.9925034202",0,118,118,1327,1443,2770,931,941,1872
9301,"ROBBERY","38.9336967931","-76.9876128694",0,118,118,1327,1443,2770,931,941,1872
9301,"THEFT F/AUTO","38.9288680458","-76.9850880119",0,118,118,1327,1443,2770,931,941,1872
9301,"BURGLARY","38.9330304915","-76.9910384446",0,118,118,1327,1443,2770,931,941,1872
9301,"THEFT/OTHER","38.9340124027","-76.991119057",0,118,118,1327,1443,2770,931,941,1872
9301,"THEFT F/AUTO","38.9276523986","-76.989447613",0,118,118,1327,1443,2770,931,941,1872
9301,"MOTOR VEHICLE THEFT","38.9285443939","-76.9915695176",0,118,118,1327,1443,2770,931,941,1872
9301,"THEFT F/AUTO","38.9340124027","-76.991119057",0,118,118,1327,1443,2770,931,941,1872
9301,"THEFT F/AUTO","38.9348764056","-76.9837372969",0,118,118,1327,1443,2770,931,941,1872
9301,"THEFT F/AUTO","38.9335965874","-76.9796546856",0,118,118,1327,1443,2770,931,941,1872
9301,"THEFT/OTHER","38.9249673922","-76.9846736674",0,118,118,1327,1443,2770,931,941,1872
9301,"THEFT F/AUTO","38.9320395727","-76.9909693689",0,118,118,1327,1443,2770,931,941,1872
9301,"THEFT F/AUTO","38.9265523766","-76.9813750358",0,118,118,1327,1443,2770,931,941,1872
9301,"THEFT F/AUTO","38.9287601976","-76.9872100775",0,118,118,1327,1443,2770,931,941,1872
9301,"THEFT/OTHER","38.9349572427","-76.9821110063",0,118,118,1327,1443,2770,931,941,1872
9301,"THEFT/OTHER","38.9326146703","-76.979585765",0,118,118,1327,1443,2770,931,941,1872
9301,"THEFT F/AUTO","38.9296342415","-76.9896087814",0,118,118,1327,1443,2770,931,941,1872
9301,"THEFT F/AUTO","38.929408423","-76.9841652631",0,118,118,1327,1443,2770,931,941,1872
9301,"THEFT F/AUTO","38.9318318098","-76.9853295922",0,118,118,1327,1443,2770,931,941,1872
9301,"ROBBERY","38.9306161543","-76.9896893703",0,118,118,1327,1443,2770,931,941,1872
9301,"BURGLARY","38.9326146703","-76.979585765",0,118,118,1327,1443,2770,931,941,1872
9301,"BURGLARY","38.9290758204","-76.9907275535",0,118,118,1327,1443,2770,931,941,1872
9301,"THEFT F/AUTO","38.9320395727","-76.9909693689",0,118,118,1327,1443,2770,931,941,1872
9301,"THEFT F/AUTO","38.931057661","-76.9908887608",0,118,118,1327,1443,2770,931,941,1872
9301,"ASSAULT W/DANGEROUS WEAPON","38.9249673922","-76.9846736674",0,118,118,1327,1443,2770,931,941,1872
9301,"THEFT F/AUTO","38.9259670246","-76.9825976221",0,118,118,1327,1443,2770,931,941,1872
9301,"MOTOR VEHICLE THEFT","38.9332642613","-76.9864134532",0,118,118,1327,1443,2770,931,941,1872
9301,"THEFT/OTHER","38.9330652256","-76.9804045172",0,118,118,1327,1443,2770,931,941,1872
9301,"THEFT/OTHER","38.9340124027","-76.991119057",0,118,118,1327,1443,2770,931,941,1872
9301,"THEFT/OTHER","38.9289663934","-76.980094256",0,118,118,1327,1443,2770,931,941,1872
9301,"THEFT/OTHER","38.9259670246","-76.9825976221",0,118,118,1327,1443,2770,931,941,1872
9301,"THEFT F/AUTO","38.9285073344","-76.9823663461",0,118,118,1327,1443,2770,931,941,1872
9301,"THEFT F/AUTO","38.9335157752","-76.9812232799",0,118,118,1327,1443,2770,931,941,1872
9301,"THEFT F/AUTO","38.9268141299","-76.9849269861",0,118,118,1327,1443,2770,931,941,1872
9301,"THEFT F/AUTO","38.928463419","-76.993091856",0,118,118,1327,1443,2770,931,941,1872
9301,"THEFT/OTHER","38.9340124027","-76.991119057",0,118,118,1327,1443,2770,931,941,1872
9301,"THEFT/OTHER","38.9340124027","-76.991119057",0,118,118,1327,1443,2770,931,941,1872
9301,"MOTOR VEHICLE THEFT","38.9287601976","-76.9872100775",0,118,118,1327,1443,2770,931,941,1872
9301,"THEFT F/AUTO","38.9281286047","-76.9800022279",0,118,118,1327,1443,2770,931,941,1872
9301,"THEFT F/AUTO","38.9329035665","-76.9835878113",0,118,118,1327,1443,2770,931,941,1872
9301,"THEFT F/AUTO","38.9346787041","-76.9876703679",0,118,118,1327,1443,2770,931,941,1872
9301,"THEFT/OTHER","38.9340124027","-76.991119057",0,118,118,1327,1443,2770,931,941,1872
9301,"THEFT F/AUTO","38.9259670246","-76.9825976221",0,118,118,1327,1443,2770,931,941,1872
9301,"THEFT/OTHER","38.9340124027","-76.991119057",0,118,118,1327,1443,2770,931,941,1872
9301,"THEFT F/AUTO","38.9249673922","-76.9846736674",0,118,118,1327,1443,2770,931,941,1872
9301,"THEFT F/AUTO","38.9306161543","-76.9896893703",0,118,118,1327,1443,2770,931,941,1872
9301,"MOTOR VEHICLE THEFT","38.9284438995","-76.9800252051",0,118,118,1327,1443,2770,931,941,1872
9301,"MOTOR VEHICLE THEFT","38.9345785063","-76.9797351419",0,118,118,1327,1443,2770,931,941,1872
9301,"THEFT/OTHER","38.9340124027","-76.991119057",0,118,118,1327,1443,2770,931,941,1872
9301,"THEFT F/AUTO","38.9348764056","-76.9837372969",0,118,118,1327,1443,2770,931,941,1872
9301,"THEFT/OTHER","38.9340124027","-76.991119057",0,118,118,1327,1443,2770,931,941,1872
9301,"THEFT F/AUTO","38.9320395727","-76.9909693689",0,118,118,1327,1443,2770,931,941,1872
9301,"THEFT/OTHER","38.9340124027","-76.991119057",0,118,118,1327,1443,2770,931,941,1872
9301,"THEFT F/AUTO","38.9320395727","-76.9909693689",0,118,118,1327,1443,2770,931,941,1872
9301,"THEFT/OTHER","38.9289663934","-76.980094256",0,118,118,1327,1443,2770,931,941,1872
9301,"THEFT F/AUTO","38.9335965874","-76.9796546856",0,118,118,1327,1443,2770,931,941,1872
9301,"THEFT F/AUTO","38.9335965874","-76.9796546856",0,118,118,1327,1443,2770,931,941,1872
9301,"THEFT F/AUTO","38.9305172203","-76.9916615493",0,118,118,1327,1443,2770,931,941,1872
9301,"THEFT F/AUTO","38.9284438995","-76.9800252051",0,118,118,1327,1443,2770,931,941,1872
9301,"THEFT F/AUTO","38.9335799078","-76.9899311478",0,118,118,1327,1443,2770,931,941,1872
9301,"THEFT/OTHER","38.9340124027","-76.991119057",0,118,118,1327,1443,2770,931,941,1872
9301,"THEFT/OTHER","38.9319046248","-76.9936566568",0,118,118,1327,1443,2770,931,941,1872
9301,"THEFT/OTHER","38.9340124027","-76.991119057",0,118,118,1327,1443,2770,931,941,1872
9301,"THEFT/OTHER","38.9340124027","-76.991119057",0,118,118,1327,1443,2770,931,941,1872
9301,"THEFT/OTHER","38.9276523986","-76.989447613",0,118,118,1327,1443,2770,931,941,1872
9301,"THEFT/OTHER","38.9340124027","-76.991119057",0,118,118,1327,1443,2770,931,941,1872
9301,"THEFT F/AUTO","38.9296342415","-76.9896087814",0,118,118,1327,1443,2770,931,941,1872
9301,"THEFT F/AUTO","38.9290758204","-76.9907275535",0,118,118,1327,1443,2770,931,941,1872
9301,"THEFT/OTHER","38.9249673922","-76.9846736674",0,118,118,1327,1443,2770,931,941,1872
9301,"THEFT F/AUTO","38.9320395727","-76.9909693689",0,118,118,1327,1443,2770,931,941,1872
9301,"THEFT/OTHER","38.9340124027","-76.991119057",0,118,118,1327,1443,2770,931,941,1872
9301,"THEFT F/AUTO","38.928463419","-76.993091856",0,118,118,1327,1443,2770,931,941,1872
9301,"ROBBERY","38.9330304915","-76.9910384446",0,118,118,1327,1443,2770,931,941,1872
9301,"ASSAULT W/DANGEROUS WEAPON","38.9289663934","-76.980094256",0,118,118,1327,1443,2770,931,941,1872
9301,"THEFT F/AUTO","38.9340124027","-76.991119057",0,118,118,1327,1443,2770,931,941,1872
9301,"ROBBERY","38.9317239572","-76.9874517457",0,118,118,1327,1443,2770,931,941,1872
9301,"THEFT/OTHER","38.9341293125","-76.9888123003",0,118,118,1327,1443,2770,931,941,1872
9301,"THEFT F/AUTO","38.9340124027","-76.991119057",0,118,118,1327,1443,2770,931,941,1872
9301,"BURGLARY","38.9265523766","-76.9813750358",0,118,118,1327,1443,2770,931,941,1872
9301,"THEFT F/AUTO","38.9290758204","-76.9907275535",0,118,118,1327,1443,2770,931,941,1872
9301,"THEFT/OTHER","38.9249673922","-76.9846736674",0,118,118,1327,1443,2770,931,941,1872
9301,"THEFT F/AUTO","38.9288680458","-76.9850880119",0,118,118,1327,1443,2770,931,941,1872
9301,"THEFT/OTHER","38.9249673922","-76.9846736674",0,118,118,1327,1443,2770,931,941,1872
9301,"THEFT F/AUTO","38.9323730917","-76.9943370874",0,118,118,1327,1443,2770,931,941,1872
9301,"THEFT F/AUTO","38.9309307248","-76.9834268006",0,118,118,1327,1443,2770,931,941,1872
9301,"THEFT/OTHER","38.9340124027","-76.991119057",0,118,118,1327,1443,2770,931,941,1872
9301,"THEFT F/AUTO","38.9286433202","-76.9895281961",0,118,118,1327,1443,2770,931,941,1872
9301,"THEFT/OTHER","38.9281286047","-76.9800022279",0,118,118,1327,1443,2770,931,941,1872
9301,"THEFT/OTHER","38.9340124027","-76.991119057",0,118,118,1327,1443,2770,931,941,1872
9301,"THEFT/OTHER","38.9259670246","-76.9825976221",0,118,118,1327,1443,2770,931,941,1872
9301,"ROBBERY","38.9319046248","-76.9936566568",0,118,118,1327,1443,2770,931,941,1872
9301,"THEFT F/AUTO","38.9320833069","-76.9803240534",0,118,118,1327,1443,2770,931,941,1872
9301,"THEFT F/AUTO","38.9285073344","-76.9823663461",0,118,118,1327,1443,2770,931,941,1872
9301,"THEFT/OTHER","38.9340124027","-76.991119057",0,118,118,1327,1443,2770,931,941,1872
9301,"THEFT F/AUTO","38.9320395727","-76.9909693689",0,118,118,1327,1443,2770,931,941,1872
9301,"THEFT F/AUTO","38.9280939081","-76.990646952",0,118,118,1327,1443,2770,931,941,1872
9301,"THEFT F/AUTO","38.9281286047","-76.9800022279",0,118,118,1327,1443,2770,931,941,1872
9301,"ROBBERY","38.9306328167","-76.9794364015",0,118,118,1327,1443,2770,931,941,1872
9301,"BURGLARY","38.9330304915","-76.9910384446",0,118,118,1327,1443,2770,931,941,1872
9301,"ASSAULT W/DANGEROUS WEAPON","38.9285073344","-76.9823663461",0,118,118,1327,1443,2770,931,941,1872
9301,"THEFT/OTHER","38.9285073344","-76.9823663461",0,118,118,1327,1443,2770,931,941,1872
9301,"THEFT/OTHER","38.9259670246","-76.9825976221",0,118,118,1327,1443,2770,931,941,1872
9301,"ROBBERY","38.9319586115","-76.9925840496",0,118,118,1327,1443,2770,931,941,1872
9301,"THEFT F/AUTO","38.9284438995","-76.9800252051",0,118,118,1327,1443,2770,931,941,1872
9301,"HOMICIDE","38.9289663934","-76.980094256",0,118,118,1327,1443,2770,931,941,1872
9301,"MOTOR VEHICLE THEFT","38.9336967931","-76.9876128694",0,118,118,1327,1443,2770,931,941,1872
9301,"THEFT F/AUTO","38.9320833069","-76.9803240534",0,118,118,1327,1443,2770,931,941,1872
9301,"ASSAULT W/DANGEROUS WEAPON","38.9328137251","-76.9854101247",0,118,118,1327,1443,2770,931,941,1872
9301,"MOTOR VEHICLE THEFT","38.9336967931","-76.9876128694",0,118,118,1327,1443,2770,931,941,1872
9301,"THEFT F/AUTO","38.9285073344","-76.9823663461",0,118,118,1327,1443,2770,931,941,1872
9301,"THEFT F/AUTO","38.9272547865","-76.9799332774",0,118,118,1327,1443,2770,931,941,1872
9301,"HOMICIDE","38.928463419","-76.993091856",0,118,118,1327,1443,2770,931,941,1872
9301,"BURGLARY","38.9340124027","-76.991119057",0,118,118,1327,1443,2770,931,941,1872
9301,"HOMICIDE","38.9289663934","-76.980094256",0,118,118,1327,1443,2770,931,941,1872
9301,"MOTOR VEHICLE THEFT","38.9296342415","-76.9896087814",0,118,118,1327,1443,2770,931,941,1872
9301,"MOTOR VEHICLE THEFT","38.9272547865","-76.9799332774",0,118,118,1327,1443,2770,931,941,1872
9301,"THEFT F/AUTO","38.9320395727","-76.9909693689",0,118,118,1327,1443,2770,931,941,1872
9302,"THEFT F/AUTO","38.9256342847","-76.9869569268",102,89,191,577,719,1296,387,332,719
9302,"THEFT F/AUTO","38.9245087681","-76.993080707",102,89,191,577,719,1296,387,332,719
9302,"THEFT F/AUTO","38.9229683055","-76.9924350697",102,89,191,577,719,1296,387,332,719
9302,"THEFT F/AUTO","38.9229683055","-76.9924350697",102,89,191,577,719,1296,387,332,719
9302,"ASSAULT W/DANGEROUS WEAPON","38.9222116506","-76.9931501206",102,89,191,577,719,1296,387,332,719
9302,"THEFT F/AUTO","38.9229683055","-76.9924350697",102,89,191,577,719,1296,387,332,719
9302,"ROBBERY","38.9250402188","-76.9924348499",102,89,191,577,719,1296,387,332,719
9302,"THEFT/OTHER","38.9222116506","-76.9931501206",102,89,191,577,719,1296,387,332,719
9302,"HOMICIDE","38.9247063461","-76.9862421009",102,89,191,577,719,1296,387,332,719
9302,"THEFT F/AUTO","38.922779053","-76.9913164979",102,89,191,577,719,1296,387,332,719
9302,"THEFT F/AUTO","38.9227071679","-76.9942571319",102,89,191,577,719,1296,387,332,719
9302,"THEFT F/AUTO","38.9260401419","-76.9924347438",102,89,191,577,719,1296,387,332,719
9302,"ROBBERY","38.9244544235","-76.989194379",102,89,191,577,719,1296,387,332,719
9302,"THEFT/OTHER","38.9239500567","-76.9903245977",102,89,191,577,719,1296,387,332,719
9302,"THEFT F/AUTO","38.9275534762","-76.9915235041",102,89,191,577,719,1296,387,332,719
9302,"MOTOR VEHICLE THEFT","38.9250398553","-76.9880756629",102,89,191,577,719,1296,387,332,719
9302,"THEFT F/AUTO","38.9260401419","-76.9924347438",102,89,191,577,719,1296,387,332,719
9302,"ROBBERY","38.9267062845","-76.9870489908",102,89,191,577,719,1296,387,332,719
9302,"MOTOR VEHICLE THEFT","38.9229683055","-76.9924350697",102,89,191,577,719,1296,387,332,719
9302,"THEFT/OTHER","38.9229683055","-76.9924350697",102,89,191,577,719,1296,387,332,719
9302,"ROBBERY","38.9245087681","-76.993080707",102,89,191,577,719,1296,387,332,719
9302,"THEFT F/AUTO","38.9260401419","-76.9924347438",102,89,191,577,719,1296,387,332,719
9302,"ASSAULT W/DANGEROUS WEAPON","38.9255808238","-76.9943030298",102,89,191,577,719,1296,387,332,719
9302,"THEFT F/AUTO","38.9235087303","-76.991362537",102,89,191,577,719,1296,387,332,719
9302,"MOTOR VEHICLE THEFT","38.9247063461","-76.9862421009",102,89,191,577,719,1296,387,332,719
9302,"THEFT F/AUTO","38.9260401419","-76.9924347438",102,89,191,577,719,1296,387,332,719
9302,"THEFT/OTHER","38.9275534762","-76.9915235041",102,89,191,577,719,1296,387,332,719
9302,"THEFT F/AUTO","38.9243374982","-76.991397033",102,89,191,577,719,1296,387,332,719
9302,"MOTOR VEHICLE THEFT","38.9227071679","-76.9942571319",102,89,191,577,719,1296,387,332,719
9302,"BURGLARY","38.9270579456","-76.99056636",102,89,191,577,719,1296,387,332,719
9302,"THEFT F/AUTO","38.9275534762","-76.9915235041",102,89,191,577,719,1296,387,332,719
9302,"ASSAULT W/DANGEROUS WEAPON","38.9247063461","-76.9862421009",102,89,191,577,719,1296,387,332,719
9302,"THEFT F/AUTO","38.9264904918","-76.9914775006",102,89,191,577,719,1296,387,332,719
9302,"THEFT F/AUTO","38.9255174134","-76.9892864764",102,89,191,577,719,1296,387,332,719
9302,"THEFT F/AUTO","38.9229683055","-76.9924350697",102,89,191,577,719,1296,387,332,719
9302,"THEFT F/AUTO","38.9260219829","-76.9904857702",102,89,191,577,719,1296,387,332,719
9302,"MOTOR VEHICLE THEFT","38.9276523986","-76.989447613",102,89,191,577,719,1296,387,332,719
9302,"ROBBERY","38.9235087303","-76.991362537",102,89,191,577,719,1296,387,332,719
9302,"ASSAULT W/DANGEROUS WEAPON","38.9270579456","-76.99056636",102,89,191,577,719,1296,387,332,719
9302,"MOTOR VEHICLE THEFT","38.924958995","-76.9904051864",102,89,191,577,719,1296,387,332,719
9302,"THEFT F/AUTO","38.9265894103","-76.9893670428",102,89,191,577,719,1296,387,332,719
9302,"THEFT/OTHER","38.9270579456","-76.99056636",102,89,191,577,719,1296,387,332,719
9302,"THEFT/OTHER","38.9270040316","-76.9924346416",102,89,191,577,719,1296,387,332,719
9302,"THEFT/OTHER","38.9222116506","-76.9931501206",102,89,191,577,719,1296,387,332,719
9302,"MOTOR VEHICLE THEFT","38.922779053","-76.9913164979",102,89,191,577,719,1296,387,332,719
9302,"THEFT F/AUTO","38.9270040316","-76.9924346416",102,89,191,577,719,1296,387,332,719
9302,"THEFT F/AUTO","38.9270040316","-76.9924346416",102,89,191,577,719,1296,387,332,719
9302,"MOTOR VEHICLE THEFT","38.9267062845","-76.9870489908",102,89,191,577,719,1296,387,332,719
9302,"ROBBERY","38.9276523986","-76.989447613",102,89,191,577,719,1296,387,332,719
9302,"THEFT F/AUTO","38.9260401419","-76.9924347438",102,89,191,577,719,1296,387,332,719
9302,"THEFT F/AUTO","38.9227071679","-76.9942571319",102,89,191,577,719,1296,387,332,719
9302,"THEFT/OTHER","38.9270040316","-76.9924346416",102,89,191,577,719,1296,387,332,719
9302,"THEFT F/AUTO","38.9235087303","-76.991362537",102,89,191,577,719,1296,387,332,719
9302,"MOTOR VEHICLE THEFT","38.9227071679","-76.9942571319",102,89,191,577,719,1296,387,332,719
9302,"THEFT F/AUTO","38.9265894103","-76.9893670428",102,89,191,577,719,1296,387,332,719
9302,"ROBBERY","38.9247063461","-76.9862421009",102,89,191,577,719,1296,387,332,719
9302,"ROBBERY","38.9260401419","-76.9924347438",102,89,191,577,719,1296,387,332,719
9302,"ASSAULT W/DANGEROUS WEAPON","38.9229683055","-76.9924350697",102,89,191,577,719,1296,387,332,719
9302,"THEFT F/AUTO","38.9227071679","-76.9942571319",102,89,191,577,719,1296,387,332,719
9302,"THEFT/OTHER","38.9247063461","-76.9862421009",102,89,191,577,719,1296,387,332,719
9302,"ROBBERY","38.9231573033","-76.9900710027",102,89,191,577,719,1296,387,332,719
9302,"ASSAULT W/DANGEROUS WEAPON","38.9256342847","-76.9869569268",102,89,191,577,719,1296,387,332,719
9302,"MOTOR VEHICLE THEFT","38.9260219829","-76.9904857702",102,89,191,577,719,1296,387,332,719
9302,"BURGLARY","38.9275534762","-76.9915235041",102,89,191,577,719,1296,387,332,719
9302,"ROBBERY","38.9255808238","-76.9943030298",102,89,191,577,719,1296,387,332,719
9302,"ROBBERY","38.9255806486","-76.99143148",102,89,191,577,719,1296,387,332,719
9302,"THEFT F/AUTO","38.9229683055","-76.9924350697",102,89,191,577,719,1296,387,332,719
9302,"THEFT F/AUTO","38.9275534762","-76.9915235041",102,89,191,577,719,1296,387,332,719
9302,"THEFT F/AUTO","38.9260401419","-76.9924347438",102,89,191,577,719,1296,387,332,719
9302,"ROBBERY","38.9260219829","-76.9904857702",102,89,191,577,719,1296,387,332,719
9400,"THEFT F/AUTO","38.9458386327","-76.9784053463",136,184,320,2071,1728,3799,1409,791,2200
9400,"THEFT/OTHER","38.9435415055","-76.9783252955",136,184,320,2071,1728,3799,1409,791,2200
9400,"THEFT F/AUTO","38.927714036","-76.9789413382",136,184,320,2071,1728,3799,1409,791,2200
9400,"THEFT/OTHER","38.9396497254","-76.9772768297",136,184,320,2071,1728,3799,1409,791,2200
9400,"THEFT F/AUTO","38.9290290073","-76.9776377337",136,184,320,2071,1728,3799,1409,791,2200
9400,"MOTOR VEHICLE THEFT","38.942324981","-76.9762378236",136,184,320,2071,1728,3799,1409,791,2200
9400,"THEFT F/AUTO","38.9301545501","-76.9751808371",136,184,320,2071,1728,3799,1409,791,2200
9400,"THEFT/OTHER","38.9377663502","-76.9741862376",136,184,320,2071,1728,3799,1409,791,2200
9400,"THEFT F/AUTO","38.9285785049","-76.9771880953",136,184,320,2071,1728,3799,1409,791,2200
9400,"ASSAULT W/DANGEROUS WEAPON","38.9355117242","-76.9644639464",136,184,320,2071,1728,3799,1409,791,2200
9400,"THEFT F/AUTO","38.9428567784","-76.9778064231",136,184,320,2071,1728,3799,1409,791,2200
9400,"THEFT F/AUTO","38.9331083929","-76.9713276044",136,184,320,2071,1728,3799,1409,791,2200
9400,"ROBBERY","38.9380825411","-76.9786499169",136,184,320,2071,1728,3799,1409,791,2200
9400,"THEFT F/AUTO","38.9350826584","-76.9780049187",136,184,320,2071,1728,3799,1409,791,2200
9400,"THEFT/OTHER","38.9423167335","-76.9803327641",136,184,320,2071,1728,3799,1409,791,2200
9400,"THEFT F/AUTO","38.9301452681","-76.9739237361",136,184,320,2071,1728,3799,1409,791,2200
9400,"THEFT F/AUTO","38.9331078134","-76.969055496",136,184,320,2071,1728,3799,1409,791,2200
9400,"ROBBERY","38.9423247654","-76.9751996703",136,184,320,2071,1728,3799,1409,791,2200
9400,"THEFT F/AUTO","38.9335396112","-76.9668639215",136,184,320,2071,1728,3799,1409,791,2200
9400,"THEFT/OTHER","38.9458386327","-76.9784053463",136,184,320,2071,1728,3799,1409,791,2200
9400,"THEFT F/AUTO","38.9382976137","-76.9731825537",136,184,320,2071,1728,3799,1409,791,2200
9400,"THEFT/OTHER","38.9340917366","-76.9779590896",136,184,320,2071,1728,3799,1409,791,2200
9400,"THEFT F/AUTO","38.9377665724","-76.9752127902",136,184,320,2071,1728,3799,1409,791,2200
9400,"THEFT F/AUTO","38.9340917366","-76.9779590896",136,184,320,2071,1728,3799,1409,791,2200
9400,"THEFT/OTHER","38.9345849364","-76.9681667535",136,184,320,2071,1728,3799,1409,791,2200
9400,"THEFT F/AUTO","38.9396409969","-76.9787647962",136,184,320,2071,1728,3799,1409,791,2200
9400,"THEFT/OTHER","38.9428570616","-76.9793521296",136,184,320,2071,1728,3799,1409,791,2200
9400,"ASSAULT W/DANGEROUS WEAPON","38.9345868541","-76.9762288687",136,184,320,2071,1728,3799,1409,791,2200
9400,"THEFT F/AUTO","38.9435413084","-76.9772871245",136,184,320,2071,1728,3799,1409,791,2200
9400,"THEFT F/AUTO","38.9345854569","-76.9701390306",136,184,320,2071,1728,3799,1409,791,2200
9400,"THEFT/OTHER","38.9428561381","-76.9746573347",136,184,320,2071,1728,3799,1409,791,2200
9400,"THEFT F/AUTO","38.931540874","-76.9710283692",136,184,320,2071,1728,3799,1409,791,2200
9400,"THEFT F/AUTO","38.9423515705","-76.9741845773",136,184,320,2071,1728,3799,1409,791,2200
9400,"THEFT F/AUTO","38.9397841619","-76.9739778837",136,184,320,2071,1728,3799,1409,791,2200
9400,"THEFT F/AUTO","38.9361630932","-76.9752018136",136,184,320,2071,1728,3799,1409,791,2200
9400,"THEFT/OTHER","38.9382976137","-76.9731825537",136,184,320,2071,1728,3799,1409,791,2200
9400,"THEFT F/AUTO","38.9282274001","-76.9783414833",136,184,320,2071,1728,3799,1409,791,2200
9400,"THEFT F/AUTO","38.9423251897","-76.977287512",136,184,320,2071,1728,3799,1409,791,2200
9400,"ASSAULT W/DANGEROUS WEAPON","38.9290290073","-76.9776377337",136,184,320,2071,1728,3799,1409,791,2200
9400,"THEFT F/AUTO","38.9350726407","-76.9731722328",136,184,320,2071,1728,3799,1409,791,2200
9400,"MOTOR VEHICLE THEFT","38.9345299173","-76.9647873815",136,184,320,2071,1728,3799,1409,791,2200
9400,"MOTOR VEHICLE THEFT","38.9401994284","-76.9783147769",136,184,320,2071,1728,3799,1409,791,2200
9400,"ROBBERY","38.9305777232","-76.9741773069",136,184,320,2071,1728,3799,1409,791,2200
9400,"MOTOR VEHICLE THEFT","38.9345299173","-76.9647873815",136,184,320,2071,1728,3799,1409,791,2200
9400,"THEFT/OTHER","38.9285785049","-76.9771880953",136,184,320,2071,1728,3799,1409,791,2200
9400,"ROBBERY","38.9345299173","-76.9647873815",136,184,320,2071,1728,3799,1409,791,2200
9400,"THEFT F/AUTO","38.940720897","-76.9734123377",136,184,320,2071,1728,3799,1409,791,2200
9400,"THEFT F/AUTO","38.944946441","-76.9764791945",136,184,320,2071,1728,3799,1409,791,2200
9400,"THEFT/OTHER","38.9290290073","-76.9776377337",136,184,320,2071,1728,3799,1409,791,2200
9400,"THEFT F/AUTO","38.9389734617","-76.9741858005",136,184,320,2071,1728,3799,1409,791,2200
9400,"MOTOR VEHICLE THEFT","38.9377658898","-76.9721792696",136,184,320,2071,1728,3799,1409,791,2200
9400,"THEFT F/AUTO","38.9345868541","-76.9762288687",136,184,320,2071,1728,3799,1409,791,2200
9400,"MOTOR VEHICLE THEFT","38.9345299173","-76.9647873815",136,184,320,2071,1728,3799,1409,791,2200
9400,"THEFT/OTHER","38.9354155468","-76.9758825749",136,184,320,2071,1728,3799,1409,791,2200
9400,"MOTOR VEHICLE THEFT","38.9350826584","-76.9780049187",136,184,320,2071,1728,3799,1409,791,2200
9400,"THEFT/OTHER","38.9306314885","-76.9729201746",136,184,320,2071,1728,3799,1409,791,2200
9400,"MOTOR VEHICLE THEFT","38.9340892861","-76.9674634187",136,184,320,2071,1728,3799,1409,791,2200
9400,"THEFT F/AUTO","38.9290290073","-76.9776377337",136,184,320,2071,1728,3799,1409,791,2200
9400,"THEFT/OTHER","38.9306314885","-76.9729201746",136,184,320,2071,1728,3799,1409,791,2200
9400,"MOTOR VEHICLE THEFT","38.9389738947","-76.976227406",136,184,320,2071,1728,3799,1409,791,2200
9400,"THEFT F/AUTO","38.9396494123","-76.9757196582",136,184,320,2071,1728,3799,1409,791,2200
9400,"THEFT/OTHER","38.9423251897","-76.977287512",136,184,320,2071,1728,3799,1409,791,2200
9400,"THEFT/OTHER","38.9356219124","-76.9721685722",136,184,320,2071,1728,3799,1409,791,2200
9400,"THEFT F/AUTO","38.9331098251","-76.9779247925",136,184,320,2071,1728,3799,1409,791,2200
9400,"MOTOR VEHICLE THEFT","38.9340917366","-76.9779590896",136,184,320,2071,1728,3799,1409,791,2200
9400,"THEFT F/AUTO","38.9374400497","-76.9663199991",136,184,320,2071,1728,3799,1409,791,2200
9400,"ASSAULT W/DANGEROUS WEAPON","38.9411096072","-76.9802408184",136,184,320,2071,1728,3799,1409,791,2200
9400,"THEFT/OTHER","38.9350795583","-76.9652369308",136,184,320,2071,1728,3799,1409,791,2200
9400,"ASSAULT W/DANGEROUS WEAPON","38.9364340208","-76.9786388765",136,184,320,2071,1728,3799,1409,791,2200
9400,"MOTOR VEHICLE THEFT","38.9290290073","-76.9776377337",136,184,320,2071,1728,3799,1409,791,2200
9400,"THEFT/OTHER","38.9331083929","-76.9713276044",136,184,320,2071,1728,3799,1409,791,2200
9400,"BURGLARY","38.9340912184","-76.9753640061",136,184,320,2071,1728,3799,1409,791,2200
9400,"THEFT F/AUTO","38.9377949729","-76.9706499248",136,184,320,2071,1728,3799,1409,791,2200
9400,"THEFT F/AUTO","38.942324981","-76.9762378236",136,184,320,2071,1728,3799,1409,791,2200
9400,"THEFT/OTHER","38.9403160235","-76.9757078964",136,184,320,2071,1728,3799,1409,791,2200
9400,"ROBBERY","38.9374400497","-76.9663199991",136,184,320,2071,1728,3799,1409,791,2200
9400,"THEFT/OTHER","38.9412525593","-76.9741849753",136,184,320,2071,1728,3799,1409,791,2200
9400,"ASSAULT W/DANGEROUS WEAPON","38.9331089775","-76.9738188502",136,184,320,2071,1728,3799,1409,791,2200
9400,"THEFT F/AUTO","38.9290290073","-76.9776377337",136,184,320,2071,1728,3799,1409,791,2200
9400,"BURGLARY","38.9331083929","-76.9713276044",136,184,320,2071,1728,3799,1409,791,2200
9400,"THEFT F/AUTO","38.9458386327","-76.9784053463",136,184,320,2071,1728,3799,1409,791,2200
9400,"THEFT F/AUTO","38.9428570616","-76.9793521296",136,184,320,2071,1728,3799,1409,791,2200
9400,"THEFT/OTHER","38.9282274001","-76.9783414833",136,184,320,2071,1728,3799,1409,791,2200
9400,"THEFT F/AUTO","38.9321189051","-76.9778904991",136,184,320,2071,1728,3799,1409,791,2200
9400,"MOTOR VEHICLE THEFT","38.934088936","-76.9662293124",136,184,320,2071,1728,3799,1409,791,2200
9400,"THEFT F/AUTO","38.9345859579","-76.9721689766",136,184,320,2071,1728,3799,1409,791,2200
9400,"THEFT/OTHER","38.9321273742","-76.9752032172",136,184,320,2071,1728,3799,1409,791,2200
9400,"THEFT F/AUTO","38.9372256266","-76.9731829569",136,184,320,2071,1728,3799,1409,791,2200
9400,"THEFT/OTHER","38.9345299173","-76.9647873815",136,184,320,2071,1728,3799,1409,791,2200
9400,"THEFT/OTHER","38.9458386327","-76.9784053463",136,184,320,2071,1728,3799,1409,791,2200
9400,"THEFT F/AUTO","38.9458386327","-76.9784053463",136,184,320,2071,1728,3799,1409,791,2200
9400,"THEFT F/AUTO","38.9331078134","-76.969055496",136,184,320,2071,1728,3799,1409,791,2200
9400,"MOTOR VEHICLE THEFT","38.9345868541","-76.9762288687",136,184,320,2071,1728,3799,1409,791,2200
9400,"THEFT F/AUTO","38.9326140359","-76.9762295265",136,184,320,2071,1728,3799,1409,791,2200
9400,"MOTOR VEHICLE THEFT","38.9361626449","-76.9731718227",136,184,320,2071,1728,3799,1409,791,2200
9400,"MOTOR VEHICLE THEFT","38.9423515705","-76.9741845773",136,184,320,2071,1728,3799,1409,791,2200
9400,"ROBBERY","38.9377925424","-76.970656731",136,184,320,2071,1728,3799,1409,791,2200
9400,"THEFT F/AUTO","38.9458386327","-76.9784053463",136,184,320,2071,1728,3799,1409,791,2200
9400,"THEFT/OTHER","38.9282274001","-76.9783414833",136,184,320,2071,1728,3799,1409,791,2200
9400,"THEFT/OTHER","38.9340917366","-76.9779590896",136,184,320,2071,1728,3799,1409,791,2200
9400,"THEFT F/AUTO","38.9350826584","-76.9780049187",136,184,320,2071,1728,3799,1409,791,2200
9400,"BURGLARY","38.9458386327","-76.9784053463",136,184,320,2071,1728,3799,1409,791,2200
9400,"THEFT F/AUTO","38.9389734617","-76.9741858005",136,184,320,2071,1728,3799,1409,791,2200
9400,"THEFT F/AUTO","38.9372349718","-76.9746939354",136,184,320,2071,1728,3799,1409,791,2200
9400,"THEFT F/AUTO","38.9389734617","-76.9741858005",136,184,320,2071,1728,3799,1409,791,2200
9400,"THEFT F/AUTO","38.9335396112","-76.9668639215",136,184,320,2071,1728,3799,1409,791,2200
9400,"THEFT/OTHER","38.9326136029","-76.9741881031",136,184,320,2071,1728,3799,1409,791,2200
9400,"THEFT/OTHER","38.9372351895","-76.9757204803",136,184,320,2071,1728,3799,1409,791,2200
9400,"THEFT F/AUTO","38.9290290073","-76.9776377337",136,184,320,2071,1728,3799,1409,791,2200
9400,"MOTOR VEHICLE THEFT","38.9311364605","-76.9752035618",136,184,320,2071,1728,3799,1409,791,2200
9400,"THEFT F/AUTO","38.9435415055","-76.9783252955",136,184,320,2071,1728,3799,1409,791,2200
9400,"THEFT F/AUTO","38.9320450653","-76.9699440271",136,184,320,2071,1728,3799,1409,791,2200
9400,"HOMICIDE","38.934090736","-76.9731726023",136,184,320,2071,1728,3799,1409,791,2200
9400,"THEFT F/AUTO","38.9311369932","-76.9778562039",136,184,320,2071,1728,3799,1409,791,2200
9400,"ROBBERY","38.9320450653","-76.9699440271",136,184,320,2071,1728,3799,1409,791,2200
9400,"THEFT F/AUTO","38.9350801766","-76.9673822295",136,184,320,2071,1728,3799,1409,791,2200
9400,"THEFT F/AUTO","38.9305777232","-76.9741773069",136,184,320,2071,1728,3799,1409,791,2200
9400,"BURGLARY","38.9293709026","-76.9755386311",136,184,320,2071,1728,3799,1409,791,2200
9400,"THEFT F/AUTO","38.9367551633","-76.9654437283",136,184,320,2071,1728,3799,1409,791,2200
9400,"BURGLARY","38.9458386327","-76.9784053463",136,184,320,2071,1728,3799,1409,791,2200
9400,"THEFT F/AUTO","38.9331078134","-76.969055496",136,184,320,2071,1728,3799,1409,791,2200
9400,"THEFT F/AUTO","38.9435413084","-76.9772871245",136,184,320,2071,1728,3799,1409,791,2200
9400,"THEFT/OTHER","38.9356223755","-76.9741870138",136,184,320,2071,1728,3799,1409,791,2200
9400,"THEFT F/AUTO","38.928182464","-76.9789181344",136,184,320,2071,1728,3799,1409,791,2200
9400,"THEFT/OTHER","38.9382976137","-76.9731825537",136,184,320,2071,1728,3799,1409,791,2200
9400,"THEFT F/AUTO","38.9345854569","-76.9701390306",136,184,320,2071,1728,3799,1409,791,2200
9400,"ROBBERY","38.9340917366","-76.9779590896",136,184,320,2071,1728,3799,1409,791,2200
9400,"THEFT F/AUTO","38.9364340208","-76.9786388765",136,184,320,2071,1728,3799,1409,791,2200
9400,"THEFT F/AUTO","38.9377925424","-76.970656731",136,184,320,2071,1728,3799,1409,791,2200
9400,"THEFT F/AUTO","38.9423515705","-76.9741845773",136,184,320,2071,1728,3799,1409,791,2200
9400,"THEFT/OTHER","38.934088936","-76.9662293124",136,184,320,2071,1728,3799,1409,791,2200
9400,"THEFT F/AUTO","38.9428561381","-76.9746573347",136,184,320,2071,1728,3799,1409,791,2200
9400,"THEFT F/AUTO","38.9417850672","-76.9793063003",136,184,320,2071,1728,3799,1409,791,2200
9400,"THEFT/OTHER","38.9321175105","-76.9714548701",136,184,320,2071,1728,3799,1409,791,2200
9400,"ASSAULT W/DANGEROUS WEAPON","38.9321189051","-76.9778904991",136,184,320,2071,1728,3799,1409,791,2200
9400,"THEFT F/AUTO","38.9374400497","-76.9663199991",136,184,320,2071,1728,3799,1409,791,2200
9400,"MOTOR VEHICLE THEFT","38.9326133238","-76.9729540223",136,184,320,2071,1728,3799,1409,791,2200
9400,"ASSAULT W/DANGEROUS WEAPON","38.9458386327","-76.9784053463",136,184,320,2071,1728,3799,1409,791,2200
9400,"THEFT F/AUTO","38.9321273742","-76.9752032172",136,184,320,2071,1728,3799,1409,791,2200
9400,"ROBBERY","38.9401994284","-76.9783147769",136,184,320,2071,1728,3799,1409,791,2200
9400,"THEFT F/AUTO","38.9306314885","-76.9729201746",136,184,320,2071,1728,3799,1409,791,2200
9400,"THEFT/OTHER","38.9320450653","-76.9699440271",136,184,320,2071,1728,3799,1409,791,2200
9400,"MOTOR VEHICLE THEFT","38.9285785049","-76.9771880953",136,184,320,2071,1728,3799,1409,791,2200
9400,"MOTOR VEHICLE THEFT","38.9285785049","-76.9771880953",136,184,320,2071,1728,3799,1409,791,2200
9400,"MOTOR VEHICLE THEFT","38.9311360043","-76.9731391143",136,184,320,2071,1728,3799,1409,791,2200
9400,"MOTOR VEHICLE THEFT","38.9356219124","-76.9721685722",136,184,320,2071,1728,3799,1409,791,2200
9400,"THEFT F/AUTO","38.9290290073","-76.9776377337",136,184,320,2071,1728,3799,1409,791,2200
9400,"THEFT F/AUTO","38.9331098251","-76.9779247925",136,184,320,2071,1728,3799,1409,791,2200
9400,"THEFT F/AUTO","38.9377829696","-76.9684882861",136,184,320,2071,1728,3799,1409,791,2200
9400,"MOTOR VEHICLE THEFT","38.936972656","-76.9701380307",136,184,320,2071,1728,3799,1409,791,2200
9400,"THEFT F/AUTO","38.9410644082","-76.9793295791",136,184,320,2071,1728,3799,1409,791,2200
9400,"THEFT F/AUTO","38.936972656","-76.9701380307",136,184,320,2071,1728,3799,1409,791,2200
9400,"THEFT F/AUTO","38.9458386327","-76.9784053463",136,184,320,2071,1728,3799,1409,791,2200
9400,"THEFT F/AUTO","38.9301452681","-76.9739237361",136,184,320,2071,1728,3799,1409,791,2200
9400,"MOTOR VEHICLE THEFT","38.9389734617","-76.9741858005",136,184,320,2071,1728,3799,1409,791,2200
9400,"MOTOR VEHICLE THEFT","38.9458386327","-76.9784053463",136,184,320,2071,1728,3799,1409,791,2200
9400,"THEFT F/AUTO","38.9452530278","-76.9780479229",136,184,320,2071,1728,3799,1409,791,2200
9400,"THEFT/OTHER","38.9345299173","-76.9647873815",136,184,320,2071,1728,3799,1409,791,2200
9400,"THEFT F/AUTO","38.9403160235","-76.9757078964",136,184,320,2071,1728,3799,1409,791,2200
9400,"BURGLARY","38.9345299173","-76.9647873815",136,184,320,2071,1728,3799,1409,791,2200
9503,"MOTOR VEHICLE THEFT","38.9469197356","-76.9790048794",78,41,119,1187,912,2099,763,471,1234
9503,"THEFT F/AUTO","38.9372370251","-76.9873354332",78,41,119,1187,912,2099,763,471,1234
9503,"MOTOR VEHICLE THEFT","38.9410655282","-76.987138661",78,41,119,1187,912,2099,763,471,1234
9503,"BURGLARY","38.9427045805","-76.9835048092",78,41,119,1187,912,2099,763,471,1234
9503,"ROBBERY","38.9407137584","-76.9835744785",78,41,119,1187,912,2099,763,471,1234
9503,"THEFT/OTHER","38.9425871411","-76.9813016362",78,41,119,1187,912,2099,763,471,1234
9503,"THEFT/OTHER","38.9494517336","-76.9831571622",78,41,119,1187,912,2099,763,471,1234
9503,"THEFT F/AUTO","38.9469197356","-76.9790048794",78,41,119,1187,912,2099,763,471,1234
9503,"THEFT F/AUTO","38.9347865591","-76.985536593",78,41,119,1187,912,2099,763,471,1234
9503,"THEFT F/AUTO","38.9442268589","-76.9826623768",78,41,119,1187,912,2099,763,471,1234
9503,"THEFT/OTHER","38.9502628829","-76.9862487048",78,41,119,1187,912,2099,763,471,1234
9503,"ROBBERY","38.9407133366","-76.9808061323",78,41,119,1187,912,2099,763,471,1234
9503,"THEFT F/AUTO","38.9386424213","-76.9883156111",78,41,119,1187,912,2099,763,471,1234
9503,"THEFT/OTHER","38.9407143122","-76.9881537847",78,41,119,1187,912,2099,763,471,1234
9503,"THEFT F/AUTO","38.9502631338","-76.9885790417",78,41,119,1187,912,2099,763,471,1234
9503,"THEFT F/AUTO","38.950947767","-76.9886250777",78,41,119,1187,912,2099,763,471,1234
9503,"THEFT F/AUTO","38.94663168","-76.9802046806",78,41,119,1187,912,2099,763,471,1234
9503,"THEFT F/AUTO","38.9389756046","-76.987139038",78,41,119,1187,912,2099,763,471,1234
9503,"THEFT/OTHER","38.9407137584","-76.9835744785",78,41,119,1187,912,2099,763,471,1234
9503,"THEFT F/AUTO","38.9370019083","-76.9807379264",78,41,119,1187,912,2099,763,471,1234
9503,"THEFT F/AUTO","38.9349572427","-76.9821110063",78,41,119,1187,912,2099,763,471,1234
9503,"THEFT F/AUTO","38.950037432","-76.9843106524",78,41,119,1187,912,2099,763,471,1234
9503,"THEFT F/AUTO","38.9479743763","-76.9831575113",78,41,119,1187,912,2099,763,471,1234
9503,"THEFT F/AUTO","38.9383089959","-76.9871852958",78,41,119,1187,912,2099,763,471,1234
9503,"THEFT F/AUTO","38.94663168","-76.9802046806",78,41,119,1187,912,2099,763,471,1234
9503,"MOTOR VEHICLE THEFT","38.9487938656","-76.981415369",78,41,119,1187,912,2099,763,471,1234
9503,"ROBBERY","38.9349572427","-76.9821110063",78,41,119,1187,912,2099,763,471,1234
9503,"THEFT/OTHER","38.9447397748","-76.9792477654",78,41,119,1187,912,2099,763,471,1234
9503,"ROBBERY","38.9372458849","-76.9860320653",78,41,119,1187,912,2099,763,471,1234
9503,"THEFT F/AUTO","38.9372269819","-76.9799420049",78,41,119,1187,912,2099,763,471,1234
9503,"THEFT F/AUTO","38.9458386327","-76.9784053463",78,41,119,1187,912,2099,763,471,1234
9503,"THEFT F/AUTO","38.94354282","-76.9872535664",78,41,119,1187,912,2099,763,471,1234
9503,"ROBBERY","38.9382991799","-76.9812104857",78,41,119,1187,912,2099,763,471,1234
9503,"ASSAULT W/DANGEROUS WEAPON","38.9435429297","-76.9883032727",78,41,119,1187,912,2099,763,471,1234
9503,"ROBBERY","38.9372269819","-76.9799420049",78,41,119,1187,912,2099,763,471,1234
9503,"THEFT/OTHER","38.9382990512","-76.9804261475",78,41,119,1187,912,2099,763,471,1234
9503,"THEFT/OTHER","38.9428581021","-76.9864693004",78,41,119,1187,912,2099,763,471,1234
9503,"ROBBERY","38.9372370251","-76.9873354332",78,41,119,1187,912,2099,763,471,1234
9503,"MOTOR VEHICLE THEFT","38.9407141267","-76.9864466378",78,41,119,1187,912,2099,763,471,1234
9503,"THEFT/OTHER","38.9447397748","-76.9792477654",78,41,119,1187,912,2099,763,471,1234
9503,"THEFT F/AUTO","38.9361650551","-76.9874971002",78,41,119,1187,912,2099,763,471,1234
9503,"ROBBERY","38.9423267013","-76.9872537838",78,41,119,1187,912,2099,763,471,1234
9503,"MOTOR VEHICLE THEFT","38.9483534617","-76.9894560846",78,41,119,1187,912,2099,763,471,1234
9503,"THEFT/OTHER","38.944226544","-76.9806552269",78,41,119,1187,912,2099,763,471,1234
9503,"THEFT/OTHER","38.9349572427","-76.9821110063",78,41,119,1187,912,2099,763,471,1234
9503,"THEFT/OTHER","38.9347865591","-76.985536593",78,41,119,1187,912,2099,763,471,1234
9503,"THEFT F/AUTO","38.9434069967","-76.9819473931",78,41,119,1187,912,2099,763,471,1234
9503,"THEFT F/AUTO","38.94354282","-76.9872535664",78,41,119,1187,912,2099,763,471,1234
9503,"THEFT/OTHER","38.9502631338","-76.9885790417",78,41,119,1187,912,2099,763,471,1234
9503,"THEFT F/AUTO","38.9469197356","-76.9790048794",78,41,119,1187,912,2099,763,471,1234
9503,"THEFT F/AUTO","38.9512901665","-76.9895364056",78,41,119,1187,912,2099,763,471,1234
9503,"THEFT F/AUTO","38.94663168","-76.9802046806",78,41,119,1187,912,2099,763,471,1234
9503,"MOTOR VEHICLE THEFT","38.9435429297","-76.9883032727",78,41,119,1187,912,2099,763,471,1234
9503,"THEFT F/AUTO","38.936993023","-76.9814991843",78,41,119,1187,912,2099,763,471,1234
9503,"THEFT F/AUTO","38.9469197356","-76.9790048794",78,41,119,1187,912,2099,763,471,1234
9503,"THEFT F/AUTO","38.9494523501","-76.9881869411",78,41,119,1187,912,2099,763,471,1234
9503,"MOTOR VEHICLE THEFT","38.9498398345","-76.9895366185",78,41,119,1187,912,2099,763,471,1234
9503,"THEFT/OTHER","38.944226544","-76.9806552269",78,41,119,1187,912,2099,763,471,1234
9503,"THEFT F/AUTO","38.9479922121","-76.9819462319",78,41,119,1187,912,2099,763,471,1234
9503,"THEFT F/AUTO","38.936993023","-76.9814991843",78,41,119,1187,912,2099,763,471,1234
9503,"THEFT/OTHER","38.9422094825","-76.9862733282",78,41,119,1187,912,2099,763,471,1234
9503,"THEFT F/AUTO","38.9435429297","-76.9883032727",78,41,119,1187,912,2099,763,471,1234
9503,"MOTOR VEHICLE THEFT","38.9425513331","-76.9827666",78,41,119,1187,912,2099,763,471,1234
9503,"THEFT F/AUTO","38.9435429297","-76.9883032727",78,41,119,1187,912,2099,763,471,1234
9503,"THEFT F/AUTO","38.9452444164","-76.9802742789",78,41,119,1187,912,2099,763,471,1234
9503,"THEFT F/AUTO","38.9469197356","-76.9790048794",78,41,119,1187,912,2099,763,471,1234
9503,"THEFT F/AUTO","38.9479922121","-76.9819462319",78,41,119,1187,912,2099,763,471,1234
9503,"THEFT/OTHER","38.9435605187","-76.984611994",78,41,119,1187,912,2099,763,471,1234
9503,"THEFT F/AUTO","38.94663168","-76.9802046806",78,41,119,1187,912,2099,763,471,1234
9504,"THEFT/OTHER","38.9399217755","-76.9902416877",124,37,161,1430,1069,2499,945,590,1535
9504,"THEFT/OTHER","38.9428584374","-76.9897683456",124,37,161,1430,1069,2499,945,590,1535
9504,"ROBBERY","38.9404534404","-76.9926408396",124,37,161,1430,1069,2499,945,590,1535
9504,"THEFT/OTHER","38.9367058593","-76.990795766",124,37,161,1430,1069,2499,945,590,1535
9504,"THEFT/OTHER","38.9377778169","-76.9904265299",124,37,161,1430,1069,2499,945,590,1535
9504,"THEFT F/AUTO","38.942326905","-76.9892839504",124,37,161,1430,1069,2499,945,590,1535
9504,"THEFT/OTHER","38.9457591454","-76.9902408886",124,37,161,1430,1069,2499,945,590,1535
9504,"THEFT F/AUTO","38.9367058593","-76.990795766",124,37,161,1430,1069,2499,945,590,1535
9504,"ROBBERY","38.935345639","-76.9912226962",124,37,161,1430,1069,2499,945,590,1535
9504,"ROBBERY","38.9377686247","-76.9883964944",124,37,161,1430,1069,2499,945,590,1535
9504,"THEFT F/AUTO","38.9359402752","-76.9924913634",124,37,161,1430,1069,2499,945,590,1535
9504,"THEFT F/AUTO","38.9344628803","-76.9919840333",124,37,161,1430,1069,2499,945,590,1535
9504,"THEFT F/AUTO","38.9365979385","-76.9934486253",124,37,161,1430,1069,2499,945,590,1535
9504,"THEFT F/AUTO","38.942326905","-76.9892839504",124,37,161,1430,1069,2499,945,590,1535
9504,"BURGLARY","38.9367058593","-76.990795766",124,37,161,1430,1069,2499,945,590,1535
9504,"ASSAULT W/DANGEROUS WEAPON","38.9423268122","-76.9883150072",124,37,161,1430,1069,2499,945,590,1535
9504,"ROBBERY","38.9393274161","-76.9928370432",124,37,161,1430,1069,2499,945,590,1535
9504,"THEFT/OTHER","38.9383092072","-76.9892845542",124,37,161,1430,1069,2499,945,590,1535
9504,"THEFT F/AUTO","38.9450028197","-76.9970469196",124,37,161,1430,1069,2499,945,590,1535
9504,"THEFT F/AUTO","38.9400752018","-76.9946594464",124,37,161,1430,1069,2499,945,590,1535
9504,"THEFT F/AUTO","38.935345639","-76.9912226962",124,37,161,1430,1069,2499,945,590,1535
9504,"MOTOR VEHICLE THEFT","38.9365979385","-76.9934486253",124,37,161,1430,1069,2499,945,590,1535
9504,"THEFT F/AUTO","38.9361653327","-76.9904382805",124,37,161,1430,1069,2499,945,590,1535
9504,"THEFT F/AUTO","38.9367058593","-76.990795766",124,37,161,1430,1069,2499,945,590,1535
9504,"THEFT/OTHER","38.9367058593","-76.990795766",124,37,161,1430,1069,2499,945,590,1535
9504,"MOTOR VEHICLE THEFT","38.9413184089","-76.9962857705",124,37,161,1430,1069,2499,945,590,1535
9504,"ROBBERY","38.9400752018","-76.9946594464",124,37,161,1430,1069,2499,945,590,1535
9504,"MOTOR VEHICLE THEFT","38.939408598","-76.9948786531",124,37,161,1430,1069,2499,945,590,1535
9504,"THEFT F/AUTO","38.9352736713","-76.9926529081",124,37,161,1430,1069,2499,945,590,1535
9504,"THEFT F/AUTO","38.9367058593","-76.990795766",124,37,161,1430,1069,2499,945,590,1535
9504,"THEFT/OTHER","38.9377778169","-76.9904265299",124,37,161,1430,1069,2499,945,590,1535
9504,"THEFT F/AUTO","38.9417953695","-76.9887880274",124,37,161,1430,1069,2499,945,590,1535
9504,"THEFT/OTHER","38.9399760579","-76.9936098001",124,37,161,1430,1069,2499,945,590,1535
9504,"THEFT/OTHER","38.9392011121","-76.9902417863",124,37,161,1430,1069,2499,945,590,1535
9504,"ROBBERY","38.9367058593","-76.990795766",124,37,161,1430,1069,2499,945,590,1535
9504,"THEFT F/AUTO","38.9428585718","-76.9914409385",124,37,161,1430,1069,2499,945,590,1535
9504,"THEFT/OTHER","38.9359402752","-76.9924913634",124,37,161,1430,1069,2499,945,590,1535
9504,"THEFT/OTHER","38.9367058593","-76.990795766",124,37,161,1430,1069,2499,945,590,1535
9504,"MOTOR VEHICLE THEFT","38.9365979385","-76.9934486253",124,37,161,1430,1069,2499,945,590,1535
9504,"THEFT/OTHER","38.9427325945","-76.993609553",124,37,161,1430,1069,2499,945,590,1535
9504,"ROBBERY","38.9412549176","-76.9892725766",124,37,161,1430,1069,2499,945,590,1535
9504,"THEFT F/AUTO","38.9367058593","-76.990795766",124,37,161,1430,1069,2499,945,590,1535
9504,"SEX ABUSE","38.9377778169","-76.9904265299",124,37,161,1430,1069,2499,945,590,1535
9504,"MOTOR VEHICLE THEFT","38.9372373851","-76.9912686001",124,37,161,1430,1069,2499,945,590,1535
9504,"THEFT F/AUTO","38.9393274161","-76.9928370432",124,37,161,1430,1069,2499,945,590,1535
9504,"ROBBERY","38.945245602","-76.9894219377",124,37,161,1430,1069,2499,945,590,1535
9504,"THEFT/OTHER","38.9372465755","-76.9941982897",124,37,161,1430,1069,2499,945,590,1535
9504,"THEFT F/AUTO","38.9462638523","-76.9938053429",124,37,161,1430,1069,2499,945,590,1535
9504,"THEFT/OTHER","38.9377778169","-76.9904265299",124,37,161,1430,1069,2499,945,590,1535
9504,"THEFT F/AUTO","38.9367058593","-76.990795766",124,37,161,1430,1069,2499,945,590,1535
9504,"THEFT F/AUTO","38.940003174","-76.9955822247",124,37,161,1430,1069,2499,945,590,1535
9504,"THEFT F/AUTO","38.935345639","-76.9912226962",124,37,161,1430,1069,2499,945,590,1535
9504,"THEFT F/AUTO","38.9378409435","-76.9913031291",124,37,161,1430,1069,2499,945,590,1535
9504,"THEFT F/AUTO","38.9462639483","-76.9960086567",124,37,161,1430,1069,2499,945,590,1535
9504,"THEFT F/AUTO","38.9384085975","-76.9932985117",124,37,161,1430,1069,2499,945,590,1535
9504,"THEFT/OTHER","38.9413184089","-76.9962857705",124,37,161,1430,1069,2499,945,590,1535
9504,"MOTOR VEHICLE THEFT","38.940003174","-76.9955822247",124,37,161,1430,1069,2499,945,590,1535
9504,"THEFT F/AUTO","38.9427325945","-76.993609553",124,37,161,1430,1069,2499,945,590,1535
9504,"THEFT/OTHER","38.9367058593","-76.990795766",124,37,161,1430,1069,2499,945,590,1535
9504,"THEFT/OTHER","38.9458406161","-76.9983850152",124,37,161,1430,1069,2499,945,590,1535
9504,"THEFT F/AUTO","38.9387600088","-76.995063251",124,37,161,1430,1069,2499,945,590,1535
9504,"ASSAULT W/DANGEROUS WEAPON","38.9407147719","-76.9942672161",124,37,161,1430,1069,2499,945,590,1535
9504,"MOTOR VEHICLE THEFT","38.9365979385","-76.9934486253",124,37,161,1430,1069,2499,945,590,1535
9504,"THEFT/OTHER","38.935345639","-76.9912226962",124,37,161,1430,1069,2499,945,590,1535
9504,"BURGLARY","38.9349674434","-76.9935756474",124,37,161,1430,1069,2499,945,590,1535
9504,"THEFT/OTHER","38.9367058593","-76.990795766",124,37,161,1430,1069,2499,945,590,1535
9504,"MOTOR VEHICLE THEFT","38.940003174","-76.9955822247",124,37,161,1430,1069,2499,945,590,1535
9504,"ROBBERY","38.9367058593","-76.990795766",124,37,161,1430,1069,2499,945,590,1535
9504,"THEFT F/AUTO","38.9379582222","-76.9940252168",124,37,161,1430,1069,2499,945,590,1535
9504,"THEFT F/AUTO","38.9361653327","-76.9904382805",124,37,161,1430,1069,2499,945,590,1535
9504,"THEFT/OTHER","38.935345639","-76.9912226962",124,37,161,1430,1069,2499,945,590,1535
9504,"THEFT/OTHER","38.935345639","-76.9912226962",124,37,161,1430,1069,2499,945,590,1535
9504,"THEFT/OTHER","38.9367058593","-76.990795766",124,37,161,1430,1069,2499,945,590,1535
9504,"THEFT F/AUTO","38.9367058593","-76.990795766",124,37,161,1430,1069,2499,945,590,1535
9504,"THEFT/OTHER","38.9377778169","-76.9904265299",124,37,161,1430,1069,2499,945,590,1535
9504,"MOTOR VEHICLE THEFT","38.9428584374","-76.9897683456",124,37,161,1430,1069,2499,945,590,1535
9504,"THEFT/OTHER","38.935345639","-76.9912226962",124,37,161,1430,1069,2499,945,590,1535
9504,"BURGLARY","38.9435164409","-76.9966086425",124,37,161,1430,1069,2499,945,590,1535
9504,"THEFT/OTHER","38.9435164409","-76.9966086425",124,37,161,1430,1069,2499,945,590,1535
9504,"THEFT F/AUTO","38.9428585718","-76.9914409385",124,37,161,1430,1069,2499,945,590,1535
9504,"THEFT/OTHER","38.9377778169","-76.9904265299",124,37,161,1430,1069,2499,945,590,1535
9504,"THEFT F/AUTO","38.9428585718","-76.9914409385",124,37,161,1430,1069,2499,945,590,1535
9504,"THEFT F/AUTO","38.9367058593","-76.990795766",124,37,161,1430,1069,2499,945,590,1535
9504,"THEFT F/AUTO","38.9383092072","-76.9892845542",124,37,161,1430,1069,2499,945,590,1535
9504,"THEFT F/AUTO","38.9407147719","-76.9942672161",124,37,161,1430,1069,2499,945,590,1535
9504,"THEFT F/AUTO","38.9428585718","-76.9914409385",124,37,161,1430,1069,2499,945,590,1535
9504,"THEFT F/AUTO","38.9359402752","-76.9924913634",124,37,161,1430,1069,2499,945,590,1535
9504,"BURGLARY","38.9349674434","-76.9935756474",124,37,161,1430,1069,2499,945,590,1535
9504,"MOTOR VEHICLE THEFT","38.9372465755","-76.9941982897",124,37,161,1430,1069,2499,945,590,1535
9504,"THEFT F/AUTO","38.9413184089","-76.9962857705",124,37,161,1430,1069,2499,945,590,1535
9504,"THEFT F/AUTO","38.9357871738","-76.9931372824",124,37,161,1430,1069,2499,945,590,1535
9504,"ROBBERY","38.9367058593","-76.990795766",124,37,161,1430,1069,2499,945,590,1535
9504,"THEFT F/AUTO","38.940714711","-76.993136808",124,37,161,1430,1069,2499,945,590,1535
9504,"ROBBERY","38.9399760579","-76.9936098001",124,37,161,1430,1069,2499,945,590,1535
9504,"MOTOR VEHICLE THEFT","38.9357871738","-76.9931372824",124,37,161,1430,1069,2499,945,590,1535
9504,"THEFT F/AUTO","38.9428585718","-76.9914409385",124,37,161,1430,1069,2499,945,590,1535
9504,"THEFT F/AUTO","38.9412550965","-76.991441131",124,37,161,1430,1069,2499,945,590,1535
9504,"THEFT/OTHER","38.9377778169","-76.9904265299",124,37,161,1430,1069,2499,945,590,1535
9504,"BURGLARY","38.9377778169","-76.9904265299",124,37,161,1430,1069,2499,945,590,1535
9504,"THEFT/OTHER","38.935345639","-76.9912226962",124,37,161,1430,1069,2499,945,590,1535
9504,"MOTOR VEHICLE THEFT","38.9448226756","-76.9980851168",124,37,161,1430,1069,2499,945,590,1535
9504,"THEFT/OTHER","38.9377778169","-76.9904265299",124,37,161,1430,1069,2499,945,590,1535
9504,"THEFT/OTHER","38.935399484","-76.9888236349",124,37,161,1430,1069,2499,945,590,1535
9504,"MOTOR VEHICLE THEFT","38.935345639","-76.9912226962",124,37,161,1430,1069,2499,945,590,1535
9504,"THEFT/OTHER","38.9367058593","-76.990795766",124,37,161,1430,1069,2499,945,590,1535
9504,"THEFT F/AUTO","38.9428585718","-76.9914409385",124,37,161,1430,1069,2499,945,590,1535
9504,"THEFT F/AUTO","38.9367058593","-76.990795766",124,37,161,1430,1069,2499,945,590,1535
9504,"THEFT F/AUTO","38.9359402752","-76.9924913634",124,37,161,1430,1069,2499,945,590,1535
9504,"THEFT F/AUTO","38.9428584374","-76.9897683456",124,37,161,1430,1069,2499,945,590,1535
9504,"BURGLARY","38.9367058593","-76.990795766",124,37,161,1430,1069,2499,945,590,1535
9504,"THEFT F/AUTO","38.9349674434","-76.9935756474",124,37,161,1430,1069,2499,945,590,1535
9504,"THEFT/OTHER","38.9377778169","-76.9904265299",124,37,161,1430,1069,2499,945,590,1535
9504,"ROBBERY","38.9386879033","-76.9942097069",124,37,161,1430,1069,2499,945,590,1535
9504,"THEFT F/AUTO","38.9367058593","-76.990795766",124,37,161,1430,1069,2499,945,590,1535
9504,"THEFT/OTHER","38.9361653327","-76.9904382805",124,37,161,1430,1069,2499,945,590,1535
9504,"THEFT F/AUTO","38.9462639483","-76.9960086567",124,37,161,1430,1069,2499,945,590,1535
9504,"THEFT F/AUTO","38.935345639","-76.9912226962",124,37,161,1430,1069,2499,945,590,1535
9504,"THEFT/OTHER","38.9361653327","-76.9904382805",124,37,161,1430,1069,2499,945,590,1535
9504,"THEFT F/AUTO","38.9425795298","-76.9952014075",124,37,161,1430,1069,2499,945,590,1535
9504,"THEFT F/AUTO","38.9344628803","-76.9919840333",124,37,161,1430,1069,2499,945,590,1535
9504,"THEFT F/AUTO","38.9367058593","-76.990795766",124,37,161,1430,1069,2499,945,590,1535
9504,"BURGLARY","38.9377778169","-76.9904265299",124,37,161,1430,1069,2499,945,590,1535
9504,"THEFT/OTHER","38.935345639","-76.9912226962",124,37,161,1430,1069,2499,945,590,1535
9504,"THEFT/OTHER","38.9367058593","-76.990795766",124,37,161,1430,1069,2499,945,590,1535
9504,"THEFT F/AUTO","38.9448226756","-76.9980851168",124,37,161,1430,1069,2499,945,590,1535
9504,"MOTOR VEHICLE THEFT","38.9365979385","-76.9934486253",124,37,161,1430,1069,2499,945,590,1535
9504,"THEFT F/AUTO","38.9377778169","-76.9904265299",124,37,161,1430,1069,2499,945,590,1535
9504,"THEFT F/AUTO","38.9361653327","-76.9904382805",124,37,161,1430,1069,2499,945,590,1535
9504,"BURGLARY","38.9365979385","-76.9934486253",124,37,161,1430,1069,2499,945,590,1535
9504,"THEFT/OTHER","38.9377778169","-76.9904265299",124,37,161,1430,1069,2499,945,590,1535
9504,"THEFT F/AUTO","38.9367058593","-76.990795766",124,37,161,1430,1069,2499,945,590,1535
9504,"THEFT F/AUTO","38.9367058593","-76.990795766",124,37,161,1430,1069,2499,945,590,1535
9504,"THEFT/OTHER","38.940003174","-76.9955822247",124,37,161,1430,1069,2499,945,590,1535
9504,"THEFT/OTHER","38.9367058593","-76.990795766",124,37,161,1430,1069,2499,945,590,1535
9504,"ASSAULT W/DANGEROUS WEAPON","38.9433903473","-76.9974968596",124,37,161,1430,1069,2499,945,590,1535
9505,"THEFT/OTHER","38.9577945906","-77.001707556",115,143,258,1759,1176,2935,745,543,1288
9505,"THEFT F/AUTO","38.9653795214","-77.0027116106",115,143,258,1759,1176,2935,745,543,1288
9505,"THEFT/OTHER","38.9577945906","-77.001707556",115,143,258,1759,1176,2935,745,543,1288
9505,"THEFT F/AUTO","38.9577945906","-77.001707556",115,143,258,1759,1176,2935,745,543,1288
9505,"THEFT F/AUTO","38.958758449","-77.0029767257",115,143,258,1759,1176,2935,745,543,1288
9505,"THEFT F/AUTO","38.9641003808","-77.0004269268",115,143,258,1759,1176,2935,745,543,1288
9505,"THEFT/OTHER","38.9668746906","-77.0073503497",115,143,258,1759,1176,2935,745,543,1288
9505,"THEFT/OTHER","38.9577945906","-77.001707556",115,143,258,1759,1176,2935,745,543,1288
9505,"THEFT/OTHER","38.9561367321","-77.0090567586",115,143,258,1759,1176,2935,745,543,1288
9505,"MOTOR VEHICLE THEFT","38.9668746906","-77.0073503497",115,143,258,1759,1176,2935,745,543,1288
9505,"THEFT F/AUTO","38.9560649702","-77.0032996565",115,143,258,1759,1176,2935,745,543,1288
9505,"ROBBERY","38.959848476","-77.0015345371",115,143,258,1759,1176,2935,745,543,1288
9505,"THEFT/OTHER","38.9596410196","-77.0080418741",115,143,258,1759,1176,2935,745,543,1288
9505,"THEFT F/AUTO","38.9626860824","-77.0009461433",115,143,258,1759,1176,2935,745,543,1288
9505,"THEFT F/AUTO","38.9663974317","-77.0035193746",115,143,258,1759,1176,2935,745,543,1288
9505,"THEFT F/AUTO","38.9668746906","-77.0073503497",115,143,258,1759,1176,2935,745,543,1288
9505,"THEFT/OTHER","38.9652984614","-77.0020077434",115,143,258,1759,1176,2935,745,543,1288
9505,"MOTOR VEHICLE THEFT","38.9616857293","-77.01015359",115,143,258,1759,1176,2935,745,543,1288
9505,"THEFT/OTHER","38.9577945906","-77.001707556",115,143,258,1759,1176,2935,745,543,1288
9505,"THEFT/OTHER","38.9588755359","-77.0036920689",115,143,258,1759,1176,2935,745,543,1288
9505,"THEFT F/AUTO","38.9639830984","-77.0064154295",115,143,258,1759,1176,2935,745,543,1288
9505,"MOTOR VEHICLE THEFT","38.9664153617","-77.0057117734",115,143,258,1759,1176,2935,745,543,1288
9505,"THEFT/OTHER","38.9596410196","-77.0080418741",115,143,258,1759,1176,2935,745,543,1288
9505,"THEFT/OTHER","38.9573891937","-77.002965131",115,143,258,1759,1176,2935,745,543,1288
9505,"THEFT/OTHER","38.9597673588","-77.0035190472",115,143,258,1759,1176,2935,745,543,1288
9505,"THEFT/OTHER","38.9577945906","-77.001707556",115,143,258,1759,1176,2935,745,543,1288
9505,"THEFT/OTHER","38.9588755359","-77.0036920689",115,143,258,1759,1176,2935,745,543,1288
9505,"THEFT/OTHER","38.9577945906","-77.001707556",115,143,258,1759,1176,2935,745,543,1288
9505,"MOTOR VEHICLE THEFT","38.9652984614","-77.0020077434",115,143,258,1759,1176,2935,745,543,1288
9505,"THEFT F/AUTO","38.9634337703","-76.9995730772",115,143,258,1759,1176,2935,745,543,1288
9505,"THEFT/OTHER","38.9577945906","-77.001707556",115,143,258,1759,1176,2935,745,543,1288
9505,"THEFT F/AUTO","38.9577945906","-77.001707556",115,143,258,1759,1176,2935,745,543,1288
9505,"THEFT F/AUTO","38.9631904674","-77.0043499821",115,143,258,1759,1176,2935,745,543,1288
9505,"THEFT/OTHER","38.9577945906","-77.001707556",115,143,258,1759,1176,2935,745,543,1288
9505,"MOTOR VEHICLE THEFT","38.9612627748","-76.9986846564",115,143,258,1759,1176,2935,745,543,1288
9505,"THEFT/OTHER","38.9577945906","-77.001707556",115,143,258,1759,1176,2935,745,543,1288
9505,"THEFT/OTHER","38.9577945906","-77.001707556",115,143,258,1759,1176,2935,745,543,1288
9505,"THEFT F/AUTO","38.9577945906","-77.001707556",115,143,258,1759,1176,2935,745,543,1288
9505,"MOTOR VEHICLE THEFT","38.9626860824","-77.0009461433",115,143,258,1759,1176,2935,745,543,1288
9505,"THEFT F/AUTO","38.9577945906","-77.001707556",115,143,258,1759,1176,2935,745,543,1288
9505,"THEFT/OTHER","38.9577945906","-77.001707556",115,143,258,1759,1176,2935,745,543,1288
9505,"THEFT/OTHER","38.957118815","-77.0062763625",115,143,258,1759,1176,2935,745,543,1288
9505,"MOTOR VEHICLE THEFT","38.9641993808","-77.0046269695",115,143,258,1759,1176,2935,745,543,1288
9505,"BURGLARY","38.9616857293","-77.01015359",115,143,258,1759,1176,2935,745,543,1288
9505,"THEFT/OTHER","38.9652984614","-77.0020077434",115,143,258,1759,1176,2935,745,543,1288
9505,"THEFT/OTHER","38.9612627822","-77.0000576905",115,143,258,1759,1176,2935,745,543,1288
9505,"MOTOR VEHICLE THEFT","38.9616857293","-77.01015359",115,143,258,1759,1176,2935,745,543,1288
9505,"THEFT/OTHER","38.9577945906","-77.001707556",115,143,258,1759,1176,2935,745,543,1288
9505,"ROBBERY","38.9603349306","-77.0005538217",115,143,258,1759,1176,2935,745,543,1288
9505,"ROBBERY","38.9565871968","-77.0083645752",115,143,258,1759,1176,2935,745,543,1288
9505,"THEFT F/AUTO","38.9647127093","-77.0073847427",115,143,258,1759,1176,2935,745,543,1288
9505,"THEFT F/AUTO","38.9659918394","-77.0080079741",115,143,258,1759,1176,2935,745,543,1288
9505,"MOTOR VEHICLE THEFT","38.9673340663","-77.0080312031",115,143,258,1759,1176,2935,745,543,1288
9505,"THEFT/OTHER","38.9647127093","-77.0073847427",115,143,258,1759,1176,2935,745,543,1288
9505,"ROBBERY","38.9643525991","-77.0017769447",115,143,258,1759,1176,2935,745,543,1288
9505,"THEFT/OTHER","38.9577945906","-77.001707556",115,143,258,1759,1176,2935,745,543,1288
9505,"THEFT/OTHER","38.9652984614","-77.0020077434",115,143,258,1759,1176,2935,745,543,1288
9505,"THEFT F/AUTO","38.9653795214","-77.0027116106",115,143,258,1759,1176,2935,745,543,1288
9505,"THEFT/OTHER","38.9647127093","-77.0073847427",115,143,258,1759,1176,2935,745,543,1288
9505,"ROBBERY","38.9626949746","-77.0052960952",115,143,258,1759,1176,2935,745,543,1288
9505,"THEFT F/AUTO","38.9577945906","-77.001707556",115,143,258,1759,1176,2935,745,543,1288
9505,"THEFT/OTHER","38.9577945906","-77.001707556",115,143,258,1759,1176,2935,745,543,1288
9505,"THEFT F/AUTO","38.9653795214","-77.0027116106",115,143,258,1759,1176,2935,745,543,1288
9505,"THEFT/OTHER","38.9577945906","-77.001707556",115,143,258,1759,1176,2935,745,543,1288
9505,"THEFT/OTHER","38.9577945906","-77.001707556",115,143,258,1759,1176,2935,745,543,1288
9505,"MOTOR VEHICLE THEFT","38.9653795214","-77.0027116106",115,143,258,1759,1176,2935,745,543,1288
9505,"MOTOR VEHICLE THEFT","38.963262497","-77.0052384452",115,143,258,1759,1176,2935,745,543,1288
9505,"MOTOR VEHICLE THEFT","38.9560649702","-77.0032996565",115,143,258,1759,1176,2935,745,543,1288
9505,"THEFT F/AUTO","38.9653795214","-77.0027116106",115,143,258,1759,1176,2935,745,543,1288
9505,"THEFT F/AUTO","38.9654785726","-77.0040731909",115,143,258,1759,1176,2935,745,543,1288
9505,"THEFT F/AUTO","38.9653795214","-77.0027116106",115,143,258,1759,1176,2935,745,543,1288
9505,"THEFT F/AUTO","38.963262497","-77.0052384452",115,143,258,1759,1176,2935,745,543,1288
9505,"THEFT F/AUTO","38.9653795214","-77.0027116106",115,143,258,1759,1176,2935,745,543,1288
9505,"THEFT/OTHER","38.9577945906","-77.001707556",115,143,258,1759,1176,2935,745,543,1288
9505,"ASSAULT W/DANGEROUS WEAPON","38.9588755359","-77.0036920689",115,143,258,1759,1176,2935,745,543,1288
9505,"THEFT F/AUTO","38.9626950347","-77.0037384201",115,143,258,1759,1176,2935,745,543,1288
9505,"THEFT/OTHER","38.9577945906","-77.001707556",115,143,258,1759,1176,2935,745,543,1288
9505,"THEFT/OTHER","38.9577945906","-77.001707556",115,143,258,1759,1176,2935,745,543,1288
9505,"THEFT/OTHER","38.9577945906","-77.001707556",115,143,258,1759,1176,2935,745,543,1288
9505,"THEFT F/AUTO","38.9604970197","-77.0037729188",115,143,258,1759,1176,2935,745,543,1288
9505,"THEFT/OTHER","38.9577945906","-77.001707556",115,143,258,1759,1176,2935,745,543,1288
9505,"MOTOR VEHICLE THEFT","38.9616857293","-77.01015359",115,143,258,1759,1176,2935,745,543,1288
9505,"MOTOR VEHICLE THEFT","38.9616857293","-77.01015359",115,143,258,1759,1176,2935,745,543,1288
9505,"MOTOR VEHICLE THEFT","38.9616857293","-77.01015359",115,143,258,1759,1176,2935,745,543,1288
9505,"THEFT F/AUTO","38.9701626026","-77.0087469735",115,143,258,1759,1176,2935,745,543,1288
9505,"THEFT/OTHER","38.9623437692","-76.9991000144",115,143,258,1759,1176,2935,745,543,1288
9505,"THEFT F/AUTO","38.9577945906","-77.001707556",115,143,258,1759,1176,2935,745,543,1288
9505,"THEFT/OTHER","38.9577945906","-77.001707556",115,143,258,1759,1176,2935,745,543,1288
9505,"THEFT F/AUTO","38.9653795214","-77.0027116106",115,143,258,1759,1176,2935,745,543,1288
9505,"THEFT F/AUTO","38.9620014553","-77.0009345959",115,143,258,1759,1176,2935,745,543,1288
9505,"MOTOR VEHICLE THEFT","38.9637216324","-77.0097038785",115,143,258,1759,1176,2935,745,543,1288
9505,"THEFT/OTHER","38.9577945906","-77.001707556",115,143,258,1759,1176,2935,745,543,1288
9505,"MOTOR VEHICLE THEFT","38.9673340663","-77.0080312031",115,143,258,1759,1176,2935,745,543,1288
9505,"THEFT F/AUTO","38.9626860824","-77.0009461433",115,143,258,1759,1176,2935,745,543,1288
9505,"THEFT F/AUTO","38.9597673588","-77.0035190472",115,143,258,1759,1176,2935,745,543,1288
9505,"ROBBERY","38.9626949285","-77.0062307002",115,143,258,1759,1176,2935,745,543,1288
9505,"MOTOR VEHICLE THEFT","38.9577945906","-77.001707556",115,143,258,1759,1176,2935,745,543,1288
9505,"MOTOR VEHICLE THEFT","38.9625867608","-77.007407599",115,143,258,1759,1176,2935,745,543,1288
9505,"MOTOR VEHICLE THEFT","38.9655054218","-77.007592523",115,143,258,1759,1176,2935,745,543,1288
9505,"SEX ABUSE","38.9651630364","-77.0086309726",115,143,258,1759,1176,2935,745,543,1288
9505,"THEFT F/AUTO","38.958758449","-77.0029767257",115,143,258,1759,1176,2935,745,543,1288
9505,"THEFT F/AUTO","38.9668746906","-77.0073503497",115,143,258,1759,1176,2935,745,543,1288
9505,"THEFT/OTHER","38.9641003808","-77.0004269268",115,143,258,1759,1176,2935,745,543,1288
9505,"THEFT/OTHER","38.959848476","-77.0015345371",115,143,258,1759,1176,2935,745,543,1288
9505,"MOTOR VEHICLE THEFT","38.9686491955","-77.0090468095",115,143,258,1759,1176,2935,745,543,1288
9505,"THEFT/OTHER","38.9577945906","-77.001707556",115,143,258,1759,1176,2935,745,543,1288
9505,"THEFT F/AUTO","38.958758449","-77.0029767257",115,143,258,1759,1176,2935,745,543,1288
9505,"THEFT F/AUTO","38.9604519364","-77.0049036375",115,143,258,1759,1176,2935,745,543,1288
9505,"THEFT F/AUTO","38.9560649702","-77.0032996565",115,143,258,1759,1176,2935,745,543,1288
9505,"THEFT F/AUTO","38.9647759356","-77.003888532",115,143,258,1759,1176,2935,745,543,1288
9505,"THEFT/OTHER","38.9577945906","-77.001707556",115,143,258,1759,1176,2935,745,543,1288
9505,"ASSAULT W/DANGEROUS WEAPON","38.9651630364","-77.0086309726",115,143,258,1759,1176,2935,745,543,1288
9505,"THEFT/OTHER","38.9577945906","-77.001707556",115,143,258,1759,1176,2935,745,543,1288
9505,"THEFT F/AUTO","38.9560649702","-77.0032996565",115,143,258,1759,1176,2935,745,543,1288
9505,"THEFT F/AUTO","38.967334198","-77.0058041597",115,143,258,1759,1176,2935,745,543,1288
9505,"THEFT F/AUTO","38.9641003808","-77.0004269268",115,143,258,1759,1176,2935,745,543,1288
9505,"THEFT/OTHER","38.9644336366","-77.0034269687",115,143,258,1759,1176,2935,745,543,1288
9505,"THEFT/OTHER","38.9577945906","-77.001707556",115,143,258,1759,1176,2935,745,543,1288
9505,"THEFT F/AUTO","38.9612627669","-77.0018922487",115,143,258,1759,1176,2935,745,543,1288
9505,"THEFT/OTHER","38.9577945906","-77.001707556",115,143,258,1759,1176,2935,745,543,1288
9505,"ASSAULT W/DANGEROUS WEAPON","38.9577945906","-77.001707556",115,143,258,1759,1176,2935,745,543,1288
9505,"THEFT/OTHER","38.9651630364","-77.0086309726",115,143,258,1759,1176,2935,745,543,1288
9505,"THEFT/OTHER","38.9595601888","-77.0027806161",115,143,258,1759,1176,2935,745,543,1288
9505,"THEFT F/AUTO","38.9652984614","-77.0020077434",115,143,258,1759,1176,2935,745,543,1288
9505,"THEFT F/AUTO","38.9604970197","-77.0037729188",115,143,258,1759,1176,2935,745,543,1288
9505,"THEFT F/AUTO","38.9623526752","-77.004972998",115,143,258,1759,1176,2935,745,543,1288
9505,"THEFT F/AUTO","38.959848476","-77.0015345371",115,143,258,1759,1176,2935,745,543,1288
9505,"THEFT/OTHER","38.9681989961","-77.0056657594",115,143,258,1759,1176,2935,745,543,1288
9505,"ROBBERY","38.9641003808","-77.0004269268",115,143,258,1759,1176,2935,745,543,1288
9505,"THEFT F/AUTO","38.9577945906","-77.001707556",115,143,258,1759,1176,2935,745,543,1288
9505,"THEFT F/AUTO","38.9604970197","-77.0037729188",115,143,258,1759,1176,2935,745,543,1288
9505,"THEFT/OTHER","38.9588755359","-77.0036920689",115,143,258,1759,1176,2935,745,543,1288
9505,"THEFT F/AUTO","38.9635416281","-77.007523083",115,143,258,1759,1176,2935,745,543,1288
9505,"THEFT F/AUTO","38.9599563446","-77.0074996288",115,143,258,1759,1176,2935,745,543,1288
9505,"THEFT F/AUTO","38.9617220769","-77.005434481",115,143,258,1759,1176,2935,745,543,1288
9505,"THEFT F/AUTO","38.9653795214","-77.0027116106",115,143,258,1759,1176,2935,745,543,1288
9505,"THEFT F/AUTO","38.9612627669","-77.0018922487",115,143,258,1759,1176,2935,745,543,1288
9505,"THEFT F/AUTO","38.9576502478","-77.0072224857",115,143,258,1759,1176,2935,745,543,1288
9505,"THEFT F/AUTO","38.958758449","-77.0029767257",115,143,258,1759,1176,2935,745,543,1288
9505,"ASSAULT W/DANGEROUS WEAPON","38.9668746906","-77.0073503497",115,143,258,1759,1176,2935,745,543,1288
9505,"THEFT/OTHER","38.9577945906","-77.001707556",115,143,258,1759,1176,2935,745,543,1288
9505,"THEFT/OTHER","38.9577945906","-77.001707556",115,143,258,1759,1176,2935,745,543,1288
9505,"ROBBERY","38.9668928696","-77.0040040377",115,143,258,1759,1176,2935,745,543,1288
9505,"THEFT F/AUTO","38.9577945906","-77.001707556",115,143,258,1759,1176,2935,745,543,1288
9505,"THEFT F/AUTO","38.958758449","-77.0029767257",115,143,258,1759,1176,2935,745,543,1288
9505,"MOTOR VEHICLE THEFT","38.9695229949","-77.0090469204",115,143,258,1759,1176,2935,745,543,1288
9505,"BURGLARY","38.9560649702","-77.0032996565",115,143,258,1759,1176,2935,745,543,1288
9505,"THEFT F/AUTO","38.9626860824","-77.0009461433",115,143,258,1759,1176,2935,745,543,1288
9505,"THEFT F/AUTO","38.9627581476","-76.998961549",115,143,258,1759,1176,2935,745,543,1288
9505,"THEFT/OTHER","38.9612627056","-77.0042344834",115,143,258,1759,1176,2935,745,543,1288
9505,"THEFT F/AUTO","38.9654785726","-77.0040731909",115,143,258,1759,1176,2935,745,543,1288
9505,"THEFT F/AUTO","38.9576502478","-77.0072224857",115,143,258,1759,1176,2935,745,543,1288
9505,"THEFT F/AUTO","38.9559837739","-77.0062762626",115,143,258,1759,1176,2935,745,543,1288
9505,"THEFT F/AUTO","38.9664152011","-77.0083772676",115,143,258,1759,1176,2935,745,543,1288
9505,"THEFT F/AUTO","38.9577945906","-77.001707556",115,143,258,1759,1176,2935,745,543,1288
9505,"THEFT F/AUTO","38.9664153617","-77.0057117734",115,143,258,1759,1176,2935,745,543,1288
9505,"THEFT F/AUTO","38.9653795214","-77.0027116106",115,143,258,1759,1176,2935,745,543,1288
9505,"MOTOR VEHICLE THEFT","38.967334198","-77.0058041597",115,143,258,1759,1176,2935,745,543,1288
9505,"THEFT/OTHER","38.9577945906","-77.001707556",115,143,258,1759,1176,2935,745,543,1288
9505,"MOTOR VEHICLE THEFT","38.9616857293","-77.01015359",115,143,258,1759,1176,2935,745,543,1288
9505,"THEFT F/AUTO","38.9597673588","-77.0035190472",115,143,258,1759,1176,2935,745,543,1288
9505,"THEFT F/AUTO","38.9620013905","-77.0040037629",115,143,258,1759,1176,2935,745,543,1288
9505,"THEFT F/AUTO","38.9604970197","-77.0037729188",115,143,258,1759,1176,2935,745,543,1288
9505,"THEFT/OTHER","38.9577945906","-77.001707556",115,143,258,1759,1176,2935,745,543,1288
9505,"MOTOR VEHICLE THEFT","38.9616857293","-77.01015359",115,143,258,1759,1176,2935,745,543,1288
9505,"THEFT F/AUTO","38.9596410196","-77.0080418741",115,143,258,1759,1176,2935,745,543,1288
9505,"THEFT F/AUTO","38.9608934394","-77.0010153477",115,143,258,1759,1176,2935,745,543,1288
9505,"THEFT F/AUTO","38.9611094006","-77.0075112882",115,143,258,1759,1176,2935,745,543,1288
9505,"THEFT F/AUTO","38.9641003808","-77.0004269268",115,143,258,1759,1176,2935,745,543,1288
9505,"THEFT/OTHER","38.9577945906","-77.001707556",115,143,258,1759,1176,2935,745,543,1288
9505,"THEFT/OTHER","38.9653795214","-77.0027116106",115,143,258,1759,1176,2935,745,543,1288
9505,"THEFT F/AUTO","38.9577945906","-77.001707556",115,143,258,1759,1176,2935,745,543,1288
9505,"THEFT F/AUTO","38.9625867608","-77.007407599",115,143,258,1759,1176,2935,745,543,1288
9505,"THEFT/OTHER","38.9577945906","-77.001707556",115,143,258,1759,1176,2935,745,543,1288
9505,"ROBBERY","38.9599111859","-77.0091495413",115,143,258,1759,1176,2935,745,543,1288
9505,"THEFT F/AUTO","38.9552539222","-77.0090566465",115,143,258,1759,1176,2935,745,543,1288
9505,"THEFT F/AUTO","38.9577945906","-77.001707556",115,143,258,1759,1176,2935,745,543,1288
9505,"THEFT/OTHER","38.9577945906","-77.001707556",115,143,258,1759,1176,2935,745,543,1288
9505,"THEFT F/AUTO","38.9653795214","-77.0027116106",115,143,258,1759,1176,2935,745,543,1288
9505,"MOTOR VEHICLE THEFT","38.9616857293","-77.01015359",115,143,258,1759,1176,2935,745,543,1288
9505,"THEFT/OTHER","38.9653795214","-77.0027116106",115,143,258,1759,1176,2935,745,543,1288
9505,"THEFT F/AUTO","38.9610826137","-76.9991000303",115,143,258,1759,1176,2935,745,543,1288
9505,"THEFT F/AUTO","38.959848476","-77.0015345371",115,143,258,1759,1176,2935,745,543,1288
9505,"BURGLARY","38.9605150814","-77.0019153048",115,143,258,1759,1176,2935,745,543,1288
9505,"THEFT F/AUTO","38.9695229949","-77.0090469204",115,143,258,1759,1176,2935,745,543,1288
9505,"THEFT/OTHER","38.9576502478","-77.0072224857",115,143,258,1759,1176,2935,745,543,1288
9505,"THEFT F/AUTO","38.9664152011","-77.0083772676",115,143,258,1759,1176,2935,745,543,1288
9505,"THEFT F/AUTO","38.9626860824","-77.0009461433",115,143,258,1759,1176,2935,745,543,1288
9507,"THEFT/OTHER","38.9598394774","-77.0003230604",70,96,166,674,644,1318,264,163,427
9507,"THEFT F/AUTO","38.9598124071","-76.9967232457",70,96,166,674,644,1318,264,163,427
9507,"BURGLARY","38.9560469933","-77.0012690983",70,96,166,674,644,1318,264,163,427
9507,"SEX ABUSE","38.9572630402","-76.9958003666",70,96,166,674,644,1318,264,163,427
9507,"THEFT F/AUTO","38.9572630402","-76.9958003666",70,96,166,674,644,1318,264,163,427
9507,"THEFT/OTHER","38.9577945906","-77.001707556",70,96,166,674,644,1318,264,163,427
9507,"THEFT/OTHER","38.9560469933","-77.0012690983",70,96,166,674,644,1318,264,163,427
9507,"THEFT F/AUTO","38.9584071639","-77.0004615056",70,96,166,674,644,1318,264,163,427
9507,"MOTOR VEHICLE THEFT","38.9575423481","-76.9976463501",70,96,166,674,644,1318,264,163,427
9507,"THEFT/OTHER","38.9560469933","-77.0012690983",70,96,166,674,644,1318,264,163,427
9507,"THEFT/OTHER","38.9560469933","-77.0012690983",70,96,166,674,644,1318,264,163,427
9507,"THEFT F/AUTO","38.958181946","-76.9983039723",70,96,166,674,644,1318,264,163,427
9507,"ROBBERY","38.9560469933","-77.0012690983",70,96,166,674,644,1318,264,163,427
9507,"THEFT/OTHER","38.9560469933","-77.0012690983",70,96,166,674,644,1318,264,163,427
9507,"THEFT F/AUTO","38.9604879964","-76.9957886386",70,96,166,674,644,1318,264,163,427
9507,"THEFT/OTHER","38.9560469933","-77.0012690983",70,96,166,674,644,1318,264,163,427
9507,"THEFT/OTHER","38.9560469933","-77.0012690983",70,96,166,674,644,1318,264,163,427
9507,"MOTOR VEHICLE THEFT","38.958181946","-76.9983039723",70,96,166,674,644,1318,264,163,427
9507,"MOTOR VEHICLE THEFT","38.9576321904","-76.9921429528",70,96,166,674,644,1318,264,163,427
9507,"THEFT/OTHER","38.9560469933","-77.0012690983",70,96,166,674,644,1318,264,163,427
9507,"THEFT F/AUTO","38.9587944823","-76.9970348105",70,96,166,674,644,1318,264,163,427
9507,"THEFT F/AUTO","38.9560469933","-77.0012690983",70,96,166,674,644,1318,264,163,427
9507,"ROBBERY","38.9598394774","-77.0003230604",70,96,166,674,644,1318,264,163,427
9507,"ASSAULT W/DANGEROUS WEAPON","38.9560469933","-77.0012690983",70,96,166,674,644,1318,264,163,427
9507,"MOTOR VEHICLE THEFT","38.9575423481","-76.9976463501",70,96,166,674,644,1318,264,163,427
9507,"THEFT F/AUTO","38.9584071639","-77.0004615056",70,96,166,674,644,1318,264,163,427
9507,"THEFT/OTHER","38.9560469933","-77.0012690983",70,96,166,674,644,1318,264,163,427
9507,"ASSAULT W/DANGEROUS WEAPON","38.9580016326","-76.9938735482",70,96,166,674,644,1318,264,163,427
9507,"THEFT/OTHER","38.9560469933","-77.0012690983",70,96,166,674,644,1318,264,163,427
9507,"THEFT F/AUTO","38.9564703883","-77.0002653585",70,96,166,674,644,1318,264,163,427
9507,"BURGLARY","38.9580016326","-76.9938735482",70,96,166,674,644,1318,264,163,427
9508,"THEFT F/AUTO","38.9540201037","-76.9970696199",200,134,334,1919,1279,3198,576,426,1002
9508,"THEFT F/AUTO","38.955452348","-76.9950044091",200,134,334,1919,1279,3198,576,426,1002
9508,"THEFT/OTHER","38.9534165771","-77.0014882513",200,134,334,1919,1279,3198,576,426,1002
9508,"THEFT/OTHER","38.9538219563","-76.9992731755",200,134,334,1919,1279,3198,576,426,1002
9508,"THEFT/OTHER","38.9534165771","-77.0014882513",200,134,334,1919,1279,3198,576,426,1002
9508,"THEFT F/AUTO","38.9549657231","-77.0081682545",200,134,334,1919,1279,3198,576,426,1002
9508,"THEFT/OTHER","38.9534165771","-77.0014882513",200,134,334,1919,1279,3198,576,426,1002
9508,"ROBBERY","38.9540738859","-76.9915664981",200,134,334,1919,1279,3198,576,426,1002
9508,"ROBBERY","38.9534165771","-77.0014882513",200,134,334,1919,1279,3198,576,426,1002
9508,"THEFT/OTHER","38.9525427805","-76.9990424547",200,134,334,1919,1279,3198,576,426,1002
9508,"THEFT F/AUTO","38.9534165771","-77.0014882513",200,134,334,1919,1279,3198,576,426,1002
9508,"THEFT F/AUTO","38.9537042366","-76.9880131833",200,134,334,1919,1279,3198,576,426,1002
9508,"THEFT/OTHER","38.9534165771","-77.0014882513",200,134,334,1919,1279,3198,576,426,1002
9508,"MOTOR VEHICLE THEFT","38.9572630402","-76.9958003666",200,134,334,1919,1279,3198,576,426,1002
9508,"MOTOR VEHICLE THEFT","38.9544974857","-76.9953390492",200,134,334,1919,1279,3198,576,426,1002
9508,"THEFT/OTHER","38.9537407871","-76.9952352668",200,134,334,1919,1279,3198,576,426,1002
9508,"THEFT F/AUTO","38.9549657231","-77.0081682545",200,134,334,1919,1279,3198,576,426,1002
9508,"THEFT/OTHER","38.9525427805","-76.9990424547",200,134,334,1919,1279,3198,576,426,1002
9508,"THEFT F/AUTO","38.9535783489","-76.990493629",200,134,334,1919,1279,3198,576,426,1002
9508,"MOTOR VEHICLE THEFT","38.9537042366","-76.9880131833",200,134,334,1919,1279,3198,576,426,1002
9508,"THEFT/OTHER","38.9552811016","-77.0067722975",200,134,334,1919,1279,3198,576,426,1002
9508,"THEFT F/AUTO","38.9523624321","-76.9933894931",200,134,334,1919,1279,3198,576,426,1002
9508,"THEFT F/AUTO","38.9563622244","-76.9961003897",200,134,334,1919,1279,3198,576,426,1002
9508,"THEFT/OTHER","38.9525337347","-77.003114906",200,134,334,1919,1279,3198,576,426,1002
9508,"THEFT/OTHER","38.9525337347","-77.003114906",200,134,334,1919,1279,3198,576,426,1002
9508,"THEFT F/AUTO","38.9550017373","-76.9915663884",200,134,334,1919,1279,3198,576,426,1002
9508,"THEFT F/AUTO","38.9534703336","-77.0084103568",200,134,334,1919,1279,3198,576,426,1002
9508,"THEFT F/AUTO","38.9545153923","-76.9931124052",200,134,334,1919,1279,3198,576,426,1002
9508,"THEFT F/AUTO","38.9548308579","-76.9975079949",200,134,334,1919,1279,3198,576,426,1002
9508,"THEFT F/AUTO","38.9545692913","-76.9909088295",200,134,334,1919,1279,3198,576,426,1002
9508,"THEFT F/AUTO","38.954866363","-76.9886129153",200,134,334,1919,1279,3198,576,426,1002
9508,"THEFT/OTHER","38.952920781","-77.00905635",200,134,334,1919,1279,3198,576,426,1002
9508,"THEFT/OTHER","38.9534165771","-77.0014882513",200,134,334,1919,1279,3198,576,426,1002
9508,"BURGLARY","38.9550020415","-76.9999077033",200,134,334,1919,1279,3198,576,426,1002
9508,"THEFT F/AUTO","38.9542093128","-77.0005422371",200,134,334,1919,1279,3198,576,426,1002
9508,"MOTOR VEHICLE THEFT","38.9534165771","-77.0014882513",200,134,334,1919,1279,3198,576,426,1002
9508,"THEFT/OTHER","38.9534165771","-77.0014882513",200,134,334,1919,1279,3198,576,426,1002
9508,"MOTOR VEHICLE THEFT","38.9540738859","-76.9915664981",200,134,334,1919,1279,3198,576,426,1002
9508,"THEFT F/AUTO","38.9557134091","-76.9918316598",200,134,334,1919,1279,3198,576,426,1002
9508,"ROBBERY","38.9530832789","-77.0006345228",200,134,334,1919,1279,3198,576,426,1002
9508,"THEFT/OTHER","38.9534165771","-77.0014882513",200,134,334,1919,1279,3198,576,426,1002
9508,"THEFT F/AUTO","38.9535334565","-76.9925471944",200,134,334,1919,1279,3198,576,426,1002
9508,"ROBBERY","38.9542811485","-77.007360588",200,134,334,1919,1279,3198,576,426,1002
9508,"ROBBERY","38.9525427805","-76.9990424547",200,134,334,1919,1279,3198,576,426,1002
9508,"THEFT/OTHER","38.9534165771","-77.0014882513",200,134,334,1919,1279,3198,576,426,1002
9508,"BURGLARY","38.9563622244","-76.9961003897",200,134,334,1919,1279,3198,576,426,1002
9508,"THEFT F/AUTO","38.9542811485","-77.007360588",200,134,334,1919,1279,3198,576,426,1002
9508,"THEFT F/AUTO","38.9542093128","-77.0005422371",200,134,334,1919,1279,3198,576,426,1002
9508,"THEFT F/AUTO","38.955452348","-76.9950044091",200,134,334,1919,1279,3198,576,426,1002
9508,"THEFT F/AUTO","38.9525427805","-76.9990424547",200,134,334,1919,1279,3198,576,426,1002
9508,"THEFT F/AUTO","38.9554344305","-76.9986501525",200,134,334,1919,1279,3198,576,426,1002
9508,"THEFT F/AUTO","38.9540201037","-76.9970696199",200,134,334,1919,1279,3198,576,426,1002
9508,"THEFT/OTHER","38.9534165771","-77.0014882513",200,134,334,1919,1279,3198,576,426,1002
9508,"THEFT/OTHER","38.9523893617","-77.0081218126",200,134,334,1919,1279,3198,576,426,1002
9508,"THEFT F/AUTO","38.9563440652","-76.9930314674",200,134,334,1919,1279,3198,576,426,1002
9508,"THEFT F/AUTO","38.9563622244","-76.9961003897",200,134,334,1919,1279,3198,576,426,1002
9508,"ROBBERY","38.9552811016","-77.0067722975",200,134,334,1919,1279,3198,576,426,1002
9508,"THEFT/OTHER","38.9525427805","-76.9990424547",200,134,334,1919,1279,3198,576,426,1002
9508,"THEFT F/AUTO","38.9528753764","-76.9870788464",200,134,334,1919,1279,3198,576,426,1002
9508,"THEFT F/AUTO","38.9545153923","-76.9931124052",200,134,334,1919,1279,3198,576,426,1002
9508,"MOTOR VEHICLE THEFT","38.954866363","-76.9886129153",200,134,334,1919,1279,3198,576,426,1002
9508,"MOTOR VEHICLE THEFT","38.954866363","-76.9886129153",200,134,334,1919,1279,3198,576,426,1002
9508,"ROBBERY","38.9525427805","-76.9990424547",200,134,334,1919,1279,3198,576,426,1002
9508,"THEFT/OTHER","38.9534165771","-77.0014882513",200,134,334,1919,1279,3198,576,426,1002
9508,"THEFT F/AUTO","38.9534165771","-77.0014882513",200,134,334,1919,1279,3198,576,426,1002
9508,"THEFT/OTHER","38.9564880335","-76.9906778382",200,134,334,1919,1279,3198,576,426,1002
9508,"ROBBERY","38.9525337347","-77.003114906",200,134,334,1919,1279,3198,576,426,1002
9508,"THEFT/OTHER","38.9534165771","-77.0014882513",200,134,334,1919,1279,3198,576,426,1002
9508,"THEFT F/AUTO","38.9542093128","-77.0005422371",200,134,334,1919,1279,3198,576,426,1002
9508,"THEFT F/AUTO","38.9540738859","-76.9915664981",200,134,334,1919,1279,3198,576,426,1002
9508,"ROBBERY","38.9540738859","-76.9915664981",200,134,334,1919,1279,3198,576,426,1002
9508,"ROBBERY","38.9551010423","-77.0045917676",200,134,334,1919,1279,3198,576,426,1002
9508,"MOTOR VEHICLE THEFT","38.9544525345","-76.99919241",200,134,334,1919,1279,3198,576,426,1002
9508,"THEFT F/AUTO","38.955452348","-76.9950044091",200,134,334,1919,1279,3198,576,426,1002
9508,"ASSAULT W/DANGEROUS WEAPON","38.9563440652","-76.9930314674",200,134,334,1919,1279,3198,576,426,1002
9508,"THEFT F/AUTO","38.9552448097","-76.9896858078",200,134,334,1919,1279,3198,576,426,1002
9508,"THEFT F/AUTO","38.9563440652","-76.9930314674",200,134,334,1919,1279,3198,576,426,1002
9508,"THEFT F/AUTO","38.9542093128","-77.0005422371",200,134,334,1919,1279,3198,576,426,1002
9508,"THEFT F/AUTO","38.9537042366","-76.9880131833",200,134,334,1919,1279,3198,576,426,1002
9508,"THEFT F/AUTO","38.9563622244","-76.9961003897",200,134,334,1919,1279,3198,576,426,1002
9508,"ROBBERY","38.9537407871","-76.9952352668",200,134,334,1919,1279,3198,576,426,1002
9508,"THEFT/OTHER","38.9539210399","-76.9985002012",200,134,334,1919,1279,3198,576,426,1002
9508,"MOTOR VEHICLE THEFT","38.9544974857","-76.9953390492",200,134,334,1919,1279,3198,576,426,1002
9508,"THEFT/OTHER","38.9525427805","-76.9990424547",200,134,334,1919,1279,3198,576,426,1002
9508,"THEFT/OTHER","38.9537042366","-76.9880131833",200,134,334,1919,1279,3198,576,426,1002
9508,"THEFT/OTHER","38.9534165771","-77.0014882513",200,134,334,1919,1279,3198,576,426,1002
9508,"THEFT/OTHER","38.955452348","-76.9950044091",200,134,334,1919,1279,3198,576,426,1002
9508,"THEFT/OTHER","38.9534165771","-77.0014882513",200,134,334,1919,1279,3198,576,426,1002
9508,"THEFT F/AUTO","38.9541998396","-76.9895590524",200,134,334,1919,1279,3198,576,426,1002
9508,"THEFT F/AUTO","38.9563622244","-76.9961003897",200,134,334,1919,1279,3198,576,426,1002
9508,"THEFT/OTHER","38.9539210399","-76.9985002012",200,134,334,1919,1279,3198,576,426,1002
9508,"THEFT F/AUTO","38.9542811485","-77.007360588",200,134,334,1919,1279,3198,576,426,1002
9508,"ASSAULT W/DANGEROUS WEAPON","38.9550017373","-76.9915663884",200,134,334,1919,1279,3198,576,426,1002
9508,"THEFT F/AUTO","38.9523893617","-77.0081218126",200,134,334,1919,1279,3198,576,426,1002
9509,"THEFT F/AUTO","38.9462640031","-76.9982350418",169,198,367,1319,883,2202,692,299,991
9509,"THEFT F/AUTO","38.9506055378","-76.9895365061",169,198,367,1319,883,2202,692,299,991
9509,"MOTOR VEHICLE THEFT","38.947281884","-76.9960085997",169,198,367,1319,883,2202,692,299,991
9509,"MOTOR VEHICLE THEFT","38.9488223133","-76.9964353487",169,198,367,1319,883,2202,692,299,991
9509,"THEFT/OTHER","38.9485050844","-76.9983426176",169,198,367,1319,883,2202,692,299,991
9509,"MOTOR VEHICLE THEFT","38.9512901665","-76.9895364056",169,198,367,1319,883,2202,692,299,991
9509,"MOTOR VEHICLE THEFT","38.947281884","-76.9960085997",169,198,367,1319,883,2202,692,299,991
9509,"THEFT/OTHER","38.947281788","-76.9938052544",169,198,367,1319,883,2202,692,299,991
9509,"THEFT/OTHER","38.951335381","-76.9916937236",169,198,367,1319,883,2202,692,299,991
9509,"THEFT F/AUTO","38.9472814777","-76.989467779",169,198,367,1319,883,2202,692,299,991
9509,"THEFT F/AUTO","38.9520378489","-76.9894901494",169,198,367,1319,883,2202,692,299,991
9509,"THEFT F/AUTO","38.9462638523","-76.9938053429",169,198,367,1319,883,2202,692,299,991
9509,"THEFT F/AUTO","38.9513352952","-76.9905631471",169,198,367,1319,883,2202,692,299,991
9509,"THEFT F/AUTO","38.9514796522","-76.9939548644",169,198,367,1319,883,2202,692,299,991
9509,"THEFT F/AUTO","38.949317583","-76.9925130267",169,198,367,1319,883,2202,692,299,991
9509,"THEFT F/AUTO","38.950326586","-76.9938165262",169,198,367,1319,883,2202,692,299,991
9509,"THEFT/OTHER","38.949317583","-76.9925130267",169,198,367,1319,883,2202,692,299,991
9509,"ROBBERY","38.950326586","-76.9938165262",169,198,367,1319,883,2202,692,299,991
9509,"THEFT F/AUTO","38.9467773798","-76.994958874",169,198,367,1319,883,2202,692,299,991
9509,"ROBBERY","38.947281788","-76.9938052544",169,198,367,1319,883,2202,692,299,991
9509,"ROBBERY","38.950326586","-76.9938165262",169,198,367,1319,883,2202,692,299,991
9509,"THEFT F/AUTO","38.9494976932","-76.9916939377",169,198,367,1319,883,2202,692,299,991
9509,"MOTOR VEHICLE THEFT","38.9494799714","-76.9997346675",169,198,367,1319,883,2202,692,299,991
9509,"BURGLARY","38.9472816396","-76.9914519433",169,198,367,1319,883,2202,692,299,991
9509,"ROBBERY","38.9483534617","-76.9894560846",169,198,367,1319,883,2202,692,299,991
9509,"THEFT/OTHER","38.9503447491","-76.9980042141",169,198,367,1319,883,2202,692,299,991
9509,"ASSAULT W/DANGEROUS WEAPON","38.9509572056","-76.9946355583",169,198,367,1319,883,2202,692,299,991
9509,"THEFT F/AUTO","38.947281884","-76.9960085997",169,198,367,1319,883,2202,692,299,991
9509,"THEFT F/AUTO","38.9477503456","-76.9970583417",169,198,367,1319,883,2202,692,299,991
9509,"THEFT F/AUTO","38.9462640098","-76.9987541472",169,198,367,1319,883,2202,692,299,991
9509,"THEFT F/AUTO","38.9506509898","-76.9963314298",169,198,367,1319,883,2202,692,299,991
9509,"MOTOR VEHICLE THEFT","38.9494976932","-76.9916939377",169,198,367,1319,883,2202,692,299,991
9509,"MOTOR VEHICLE THEFT","38.9484887471","-76.9914287265",169,198,367,1319,883,2202,692,299,991
9509,"THEFT F/AUTO","38.9509573118","-76.9980157334",169,198,367,1319,883,2202,692,299,991
9509,"THEFT F/AUTO","38.9518581174","-76.9970004893",169,198,367,1319,883,2202,692,299,991
9509,"THEFT/OTHER","38.951380619","-76.995200815",169,198,367,1319,883,2202,692,299,991
9509,"THEFT/OTHER","38.9470903426","-76.9991113967",169,198,367,1319,883,2202,692,299,991
9509,"THEFT/OTHER","38.949317583","-76.9925130267",169,198,367,1319,883,2202,692,299,991
9509,"MOTOR VEHICLE THEFT","38.9500384318","-76.996481433",169,198,367,1319,883,2202,692,299,991
9509,"THEFT F/AUTO","38.9494976932","-76.9916939377",169,198,367,1319,883,2202,692,299,991
9509,"THEFT/OTHER","38.9515338413","-76.9980157173",169,198,367,1319,883,2202,692,299,991
9509,"THEFT/OTHER","38.949317583","-76.9925130267",169,198,367,1319,883,2202,692,299,991
9509,"THEFT F/AUTO","38.9462635513","-76.9895717505",169,198,367,1319,883,2202,692,299,991
9509,"THEFT/OTHER","38.950326586","-76.9938165262",169,198,367,1319,883,2202,692,299,991
9509,"THEFT/OTHER","38.951335381","-76.9916937236",169,198,367,1319,883,2202,692,299,991
9509,"THEFT/OTHER","38.9513352952","-76.9905631471",169,198,367,1319,883,2202,692,299,991
9509,"THEFT F/AUTO","38.9494976932","-76.9916939377",169,198,367,1319,883,2202,692,299,991
9510,"ASSAULT W/DANGEROUS WEAPON","38.9407419297","-77.0013380346",237,794,1031,1648,1194,2842,382,394,776
9510,"THEFT/OTHER","38.9407419297","-77.0013380346",237,794,1031,1648,1194,2842,382,394,776
9510,"THEFT F/AUTO","38.9493265006","-77.0087905615",237,794,1031,1648,1194,2842,382,394,776
9510,"THEFT F/AUTO","38.9456152443","-77.0064137766",237,794,1031,1648,1194,2842,382,394,776
9510,"HOMICIDE","38.9493265006","-77.0087905615",237,794,1031,1648,1194,2842,382,394,776
9510,"ROBBERY","38.9418229308","-77.0005421429",237,794,1031,1648,1194,2842,382,394,776
9510,"THEFT F/AUTO","38.9500923356","-77.0068179497",237,794,1031,1648,1194,2842,382,394,776
9510,"MOTOR VEHICLE THEFT","38.9500923356","-77.0068179497",237,794,1031,1648,1194,2842,382,394,776
9510,"THEFT/OTHER","38.9418229308","-77.0005421429",237,794,1031,1648,1194,2842,382,394,776
9510,"THEFT F/AUTO","38.9435793425","-77.0069326792",237,794,1031,1648,1194,2842,382,394,776
9510,"THEFT F/AUTO","38.9500923356","-77.0068179497",237,794,1031,1648,1194,2842,382,394,776
9510,"THEFT/OTHER","38.9466061357","-77.0067599376",237,794,1031,1648,1194,2842,382,394,776
9510,"THEFT F/AUTO","38.9500923356","-77.0068179497",237,794,1031,1648,1194,2842,382,394,776
9510,"MOTOR VEHICLE THEFT","38.9437864959","-77.0075325336",237,794,1031,1648,1194,2842,382,394,776
9510,"THEFT F/AUTO","38.9437864959","-77.0075325336",237,794,1031,1648,1194,2842,382,394,776
9510,"THEFT F/AUTO","38.9493265006","-77.0087905615",237,794,1031,1648,1194,2842,382,394,776
9510,"THEFT F/AUTO","38.9441648951","-77.0066904941",237,794,1031,1648,1194,2842,382,394,776
9510,"ROBBERY","38.9418229308","-77.0005421429",237,794,1031,1648,1194,2842,382,394,776
9510,"ROBBERY","38.9421561261","-77.0051330793",237,794,1031,1648,1194,2842,382,394,776
9510,"MOTOR VEHICLE THEFT","38.9435704685","-77.0040834744",237,794,1031,1648,1194,2842,382,394,776
9510,"THEFT F/AUTO","38.9444441823","-77.0061368221",237,794,1031,1648,1194,2842,382,394,776
9510,"THEFT/OTHER","38.9418229308","-77.0005421429",237,794,1031,1648,1194,2842,382,394,776
9510,"ROBBERY","38.9418229308","-77.0005421429",237,794,1031,1648,1194,2842,382,394,776
9510,"THEFT F/AUTO","38.9437864959","-77.0075325336",237,794,1031,1648,1194,2842,382,394,776
9510,"THEFT F/AUTO","38.9493265006","-77.0087905615",237,794,1031,1648,1194,2842,382,394,776
9510,"THEFT F/AUTO","38.9462098346","-77.0055601908",237,794,1031,1648,1194,2842,382,394,776
9510,"THEFT/OTHER","38.9434443782","-77.0032644667",237,794,1031,1648,1194,2842,382,394,776
9510,"THEFT/OTHER","38.9500923356","-77.0068179497",237,794,1031,1648,1194,2842,382,394,776
9510,"THEFT/OTHER","38.9493265006","-77.0087905615",237,794,1031,1648,1194,2842,382,394,776
9510,"THEFT F/AUTO","38.9493265006","-77.0087905615",237,794,1031,1648,1194,2842,382,394,776
9510,"THEFT/OTHER","38.9428587022","-77.0065404149",237,794,1031,1648,1194,2842,382,394,776
9510,"THEFT/OTHER","38.9474348604","-77.007371417",237,794,1031,1648,1194,2842,382,394,776
9510,"ASSAULT W/DANGEROUS WEAPON","38.9407328708","-77.0036911294",237,794,1031,1648,1194,2842,382,394,776
9510,"THEFT F/AUTO","38.9441648951","-77.0066904941",237,794,1031,1648,1194,2842,382,394,776
9510,"THEFT/OTHER","38.9418229308","-77.0005421429",237,794,1031,1648,1194,2842,382,394,776
9510,"THEFT F/AUTO","38.9421561261","-77.0051330793",237,794,1031,1648,1194,2842,382,394,776
9510,"ROBBERY","38.9500923356","-77.0068179497",237,794,1031,1648,1194,2842,382,394,776
9510,"THEFT F/AUTO","38.9407419297","-77.0013380346",237,794,1031,1648,1194,2842,382,394,776
9510,"THEFT F/AUTO","38.9435793425","-77.0069326792",237,794,1031,1648,1194,2842,382,394,776
9510,"THEFT F/AUTO","38.9444441823","-77.0061368221",237,794,1031,1648,1194,2842,382,394,776
9510,"THEFT F/AUTO","38.9517226881","-77.0089639053",237,794,1031,1648,1194,2842,382,394,776
9510,"ROBBERY","38.951065112","-77.0085946562",237,794,1031,1648,1194,2842,382,394,776
9510,"THEFT/OTHER","38.9434443782","-77.0032644667",237,794,1031,1648,1194,2842,382,394,776
9510,"THEFT/OTHER","38.9441648951","-77.0066904941",237,794,1031,1648,1194,2842,382,394,776
9510,"THEFT F/AUTO","38.9500923356","-77.0068179497",237,794,1031,1648,1194,2842,382,394,776
9510,"THEFT/OTHER","38.9500923356","-77.0068179497",237,794,1031,1648,1194,2842,382,394,776
9510,"MOTOR VEHICLE THEFT","38.9431020297","-77.0043026157",237,794,1031,1648,1194,2842,382,394,776
9510,"THEFT F/AUTO","38.9434713404","-77.005029357",237,794,1031,1648,1194,2842,382,394,776
9510,"THEFT/OTHER","38.9407419297","-77.0013380346",237,794,1031,1648,1194,2842,382,394,776
9510,"THEFT/OTHER","38.9441648951","-77.0066904941",237,794,1031,1648,1194,2842,382,394,776
9510,"THEFT/OTHER","38.9418229308","-77.0005421429",237,794,1031,1648,1194,2842,382,394,776
9510,"THEFT/OTHER","38.9418229308","-77.0005421429",237,794,1031,1648,1194,2842,382,394,776
9510,"ROBBERY","38.9493265006","-77.0087905615",237,794,1031,1648,1194,2842,382,394,776
9510,"THEFT/OTHER","38.9407328708","-77.0036911294",237,794,1031,1648,1194,2842,382,394,776
9510,"ROBBERY","38.9418229308","-77.0005421429",237,794,1031,1648,1194,2842,382,394,776
9510,"THEFT F/AUTO","38.9438766752","-77.005848391",237,794,1031,1648,1194,2842,382,394,776
9510,"THEFT/OTHER","38.9418229308","-77.0005421429",237,794,1031,1648,1194,2842,382,394,776
9510,"THEFT/OTHER","38.9500923356","-77.0068179497",237,794,1031,1648,1194,2842,382,394,776
9510,"THEFT/OTHER","38.9407328708","-77.0036911294",237,794,1031,1648,1194,2842,382,394,776
9510,"MOTOR VEHICLE THEFT","38.9441289915","-77.0038066585",237,794,1031,1648,1194,2842,382,394,776
9510,"THEFT F/AUTO","38.9482185748","-77.0074637859",237,794,1031,1648,1194,2842,382,394,776
9510,"ROBBERY","38.9456152443","-77.0064137766",237,794,1031,1648,1194,2842,382,394,776
9510,"THEFT F/AUTO","38.9462098346","-77.0055601908",237,794,1031,1648,1194,2842,382,394,776
9510,"THEFT F/AUTO","38.9500923356","-77.0068179497",237,794,1031,1648,1194,2842,382,394,776
9510,"ROBBERY","38.951065112","-77.0085946562",237,794,1031,1648,1194,2842,382,394,776
9510,"ROBBERY","38.9500923356","-77.0068179497",237,794,1031,1648,1194,2842,382,394,776
9510,"THEFT F/AUTO","38.9500923356","-77.0068179497",237,794,1031,1648,1194,2842,382,394,776
9510,"MOTOR VEHICLE THEFT","38.9482185748","-77.0074637859",237,794,1031,1648,1194,2842,382,394,776
9510,"THEFT/OTHER","38.9407419297","-77.0013380346",237,794,1031,1648,1194,2842,382,394,776
9510,"THEFT/OTHER","38.9418229308","-77.0005421429",237,794,1031,1648,1194,2842,382,394,776
9510,"MOTOR VEHICLE THEFT","38.9440839145","-77.0047756231",237,794,1031,1648,1194,2842,382,394,776
9510,"MOTOR VEHICLE THEFT","38.9437957218","-77.0024224077",237,794,1031,1648,1194,2842,382,394,776
9510,"THEFT F/AUTO","38.9434443782","-77.0032644667",237,794,1031,1648,1194,2842,382,394,776
9510,"ROBBERY","38.9418229308","-77.0005421429",237,794,1031,1648,1194,2842,382,394,776
9510,"MOTOR VEHICLE THEFT","38.9482185748","-77.0074637859",237,794,1031,1648,1194,2842,382,394,776
9510,"MOTOR VEHICLE THEFT","38.9474348604","-77.007371417",237,794,1031,1648,1194,2842,382,394,776
9510,"ROBBERY","38.951065112","-77.0085946562",237,794,1031,1648,1194,2842,382,394,776
9510,"THEFT F/AUTO","38.9500923356","-77.0068179497",237,794,1031,1648,1194,2842,382,394,776
9510,"THEFT F/AUTO","38.9456152443","-77.0064137766",237,794,1031,1648,1194,2842,382,394,776
9510,"THEFT F/AUTO","38.9407328708","-77.0036911294",237,794,1031,1648,1194,2842,382,394,776
9510,"THEFT F/AUTO","38.9474348604","-77.007371417",237,794,1031,1648,1194,2842,382,394,776
9510,"THEFT/OTHER","38.9421561261","-77.0051330793",237,794,1031,1648,1194,2842,382,394,776
9510,"MOTOR VEHICLE THEFT","38.9500923356","-77.0068179497",237,794,1031,1648,1194,2842,382,394,776
9510,"THEFT F/AUTO","38.9437957218","-77.0024224077",237,794,1031,1648,1194,2842,382,394,776
9510,"THEFT/OTHER","38.9428588273","-77.0036797043",237,794,1031,1648,1194,2842,382,394,776
9510,"MOTOR VEHICLE THEFT","38.9462098346","-77.0055601908",237,794,1031,1648,1194,2842,382,394,776
9510,"MOTOR VEHICLE THEFT","38.9408769439","-77.0052483352",237,794,1031,1648,1194,2842,382,394,776
9510,"MOTOR VEHICLE THEFT","38.9437957218","-77.0024224077",237,794,1031,1648,1194,2842,382,394,776
9510,"ROBBERY","38.9462098346","-77.0055601908",237,794,1031,1648,1194,2842,382,394,776
9510,"THEFT/OTHER","38.9418229308","-77.0005421429",237,794,1031,1648,1194,2842,382,394,776
9510,"MOTOR VEHICLE THEFT","38.9500923356","-77.0068179497",237,794,1031,1648,1194,2842,382,394,776
9510,"ROBBERY","38.9462098346","-77.0055601908",237,794,1031,1648,1194,2842,382,394,776
9510,"THEFT/OTHER","38.9418229308","-77.0005421429",237,794,1031,1648,1194,2842,382,394,776
9510,"THEFT F/AUTO","38.9456152443","-77.0064137766",237,794,1031,1648,1194,2842,382,394,776
9510,"THEFT/OTHER","38.9444441823","-77.0061368221",237,794,1031,1648,1194,2842,382,394,776
9510,"MOTOR VEHICLE THEFT","38.9500923356","-77.0068179497",237,794,1031,1648,1194,2842,382,394,776
9510,"MOTOR VEHICLE THEFT","38.9493265006","-77.0087905615",237,794,1031,1648,1194,2842,382,394,776
9510,"ROBBERY","38.9493265006","-77.0087905615",237,794,1031,1648,1194,2842,382,394,776
9510,"MOTOR VEHICLE THEFT","38.9523893617","-77.0081218126",237,794,1031,1648,1194,2842,382,394,776
9510,"ROBBERY","38.9437864959","-77.0075325336",237,794,1031,1648,1194,2842,382,394,776
9510,"ROBBERY","38.951065112","-77.0085946562",237,794,1031,1648,1194,2842,382,394,776
9510,"BURGLARY","38.9418229308","-77.0005421429",237,794,1031,1648,1194,2842,382,394,776
9510,"THEFT/OTHER","38.9418229308","-77.0005421429",237,794,1031,1648,1194,2842,382,394,776
9510,"THEFT F/AUTO","38.9456152443","-77.0064137766",237,794,1031,1648,1194,2842,382,394,776
9510,"THEFT/OTHER","38.9418229308","-77.0005421429",237,794,1031,1648,1194,2842,382,394,776
9510,"ROBBERY","38.9444441823","-77.0061368221",237,794,1031,1648,1194,2842,382,394,776
9510,"THEFT F/AUTO","38.9407419297","-77.0013380346",237,794,1031,1648,1194,2842,382,394,776
9510,"THEFT/OTHER","38.9500923356","-77.0068179497",237,794,1031,1648,1194,2842,382,394,776
9510,"ASSAULT W/DANGEROUS WEAPON","38.9500923356","-77.0068179497",237,794,1031,1648,1194,2842,382,394,776
9510,"MOTOR VEHICLE THEFT","38.9478763356","-77.0061717254",237,794,1031,1648,1194,2842,382,394,776
9510,"THEFT F/AUTO","38.9500923356","-77.0068179497",237,794,1031,1648,1194,2842,382,394,776
9510,"THEFT/OTHER","38.9493265006","-77.0087905615",237,794,1031,1648,1194,2842,382,394,776
9510,"THEFT F/AUTO","38.9441648951","-77.0066904941",237,794,1031,1648,1194,2842,382,394,776
9510,"BURGLARY","38.9407419297","-77.0013380346",237,794,1031,1648,1194,2842,382,394,776
9510,"MOTOR VEHICLE THEFT","38.9500923356","-77.0068179497",237,794,1031,1648,1194,2842,382,394,776
9510,"MOTOR VEHICLE THEFT","38.9456152443","-77.0064137766",237,794,1031,1648,1194,2842,382,394,776
9511,"THEFT/OTHER","38.9403635677","-76.9977622644",7,0,7,78,125,203,47,117,164
9511,"THEFT F/AUTO","38.9319671312","-76.9991240412",7,0,7,78,125,203,47,117,164
9511,"THEFT F/AUTO","38.9384447945","-77.0025721732",7,0,7,78,125,203,47,117,164
9511,"THEFT F/AUTO","38.9384447945","-77.0025721732",7,0,7,78,125,203,47,117,164
9511,"THEFT F/AUTO","38.9319671312","-76.9991240412",7,0,7,78,125,203,47,117,164
9511,"THEFT F/AUTO","38.9319671312","-76.9991240412",7,0,7,78,125,203,47,117,164
9511,"THEFT F/AUTO","38.9319671312","-76.9991240412",7,0,7,78,125,203,47,117,164
9511,"THEFT F/AUTO","38.9384447945","-77.0025721732",7,0,7,78,125,203,47,117,164
9511,"THEFT/OTHER","38.9319671312","-76.9991240412",7,0,7,78,125,203,47,117,164
9511,"THEFT F/AUTO","38.9328075718","-76.9970384286",7,0,7,78,125,203,47,117,164
9511,"THEFT F/AUTO","38.9328075718","-76.9970384286",7,0,7,78,125,203,47,117,164
9511,"THEFT/OTHER","38.9328075718","-76.9970384286",7,0,7,78,125,203,47,117,164
9511,"ROBBERY","38.9407328708","-77.0036911294",7,0,7,78,125,203,47,117,164
9511,"THEFT F/AUTO","38.9319671312","-76.9991240412",7,0,7,78,125,203,47,117,164
9601,"ASSAULT W/DANGEROUS WEAPON","38.9107106263","-76.9396177835",131,100,231,942,392,1334,268,139,407
9601,"THEFT/OTHER","38.905613426","-76.9426427233",131,100,231,942,392,1334,268,139,407
9601,"THEFT/OTHER","38.9117460564","-76.9386022587",131,100,231,942,392,1334,268,139,407
9601,"THEFT/OTHER","38.9117460564","-76.9386022587",131,100,231,942,392,1334,268,139,407
9601,"SEX ABUSE","38.9096630045","-76.9346839343",131,100,231,942,392,1334,268,139,407
9601,"ROBBERY","38.9103120724","-76.9355250198",131,100,231,942,392,1334,268,139,407
9601,"MOTOR VEHICLE THEFT","38.9103120724","-76.9355250198",131,100,231,942,392,1334,268,139,407
9601,"ROBBERY","38.9117460564","-76.9386022587",131,100,231,942,392,1334,268,139,407
9601,"THEFT/OTHER","38.9117460564","-76.9386022587",131,100,231,942,392,1334,268,139,407
9601,"THEFT F/AUTO","38.9128452427","-76.93892416",131,100,231,942,392,1334,268,139,407
9601,"THEFT F/AUTO","38.9124571405","-76.9375178069",131,100,231,942,392,1334,268,139,407
9601,"ASSAULT W/DANGEROUS WEAPON","38.9107106263","-76.9396177835",131,100,231,942,392,1334,268,139,407
9601,"ASSAULT W/DANGEROUS WEAPON","38.9107106263","-76.9396177835",131,100,231,942,392,1334,268,139,407
9601,"THEFT F/AUTO","38.9103120724","-76.9355250198",131,100,231,942,392,1334,268,139,407
9601,"ASSAULT W/DANGEROUS WEAPON","38.9117460564","-76.9386022587",131,100,231,942,392,1334,268,139,407
9601,"THEFT/OTHER","38.905613426","-76.9426427233",131,100,231,942,392,1334,268,139,407
9601,"THEFT F/AUTO","38.9117980516","-76.9348088102",131,100,231,942,392,1334,268,139,407
9601,"THEFT F/AUTO","38.9096630045","-76.9346839343",131,100,231,942,392,1334,268,139,407
9601,"MOTOR VEHICLE THEFT","38.9106627622","-76.9343832408",131,100,231,942,392,1334,268,139,407
9601,"HOMICIDE","38.9115915227","-76.9360081261",131,100,231,942,392,1334,268,139,407
9601,"HOMICIDE","38.9107162117","-76.9333224383",131,100,231,942,392,1334,268,139,407
9601,"THEFT F/AUTO","38.9090804545","-76.9402763544",131,100,231,942,392,1334,268,139,407
9601,"HOMICIDE","38.9124571405","-76.9375178069",131,100,231,942,392,1334,268,139,407
9601,"THEFT/OTHER","38.9084572461","-76.9371638944",131,100,231,942,392,1334,268,139,407
9601,"ROBBERY","38.9084572461","-76.9371638944",131,100,231,942,392,1334,268,139,407
9601,"THEFT/OTHER","38.908540445","-76.9412452909",131,100,231,942,392,1334,268,139,407
9601,"THEFT/OTHER","38.9037044482","-76.9442813471",131,100,231,942,392,1334,268,139,407
9601,"MOTOR VEHICLE THEFT","38.9117460564","-76.9386022587",131,100,231,942,392,1334,268,139,407
9601,"ASSAULT W/DANGEROUS WEAPON","38.9078186854","-76.9391129355",131,100,231,942,392,1334,268,139,407
9601,"THEFT/OTHER","38.9117980516","-76.9348088102",131,100,231,942,392,1334,268,139,407
9601,"ASSAULT W/DANGEROUS WEAPON","38.9115915227","-76.9360081261",131,100,231,942,392,1334,268,139,407
9601,"BURGLARY","38.9084572461","-76.9371638944",131,100,231,942,392,1334,268,139,407
9601,"THEFT/OTHER","38.9107106263","-76.9396177835",131,100,231,942,392,1334,268,139,407
9601,"THEFT/OTHER","38.9124571405","-76.9375178069",131,100,231,942,392,1334,268,139,407
9601,"THEFT/OTHER","38.9117460564","-76.9386022587",131,100,231,942,392,1334,268,139,407
9601,"ROBBERY","38.9103120724","-76.9355250198",131,100,231,942,392,1334,268,139,407
9601,"THEFT/OTHER","38.9103120724","-76.9355250198",131,100,231,942,392,1334,268,139,407
9601,"THEFT F/AUTO","38.904640428","-76.9424475137",131,100,231,942,392,1334,268,139,407
9601,"THEFT F/AUTO","38.9116350819","-76.9333561695",131,100,231,942,392,1334,268,139,407
9601,"MOTOR VEHICLE THEFT","38.9117460564","-76.9386022587",131,100,231,942,392,1334,268,139,407
9601,"BURGLARY","38.9103120724","-76.9355250198",131,100,231,942,392,1334,268,139,407
9601,"ROBBERY","38.909612368","-76.9411060509",131,100,231,942,392,1334,268,139,407
9601,"HOMICIDE","38.9091058654","-76.937197912",131,100,231,942,392,1334,268,139,407
9601,"BURGLARY","38.9107106263","-76.9396177835",131,100,231,942,392,1334,268,139,407
9601,"MOTOR VEHICLE THEFT","38.9117460564","-76.9386022587",131,100,231,942,392,1334,268,139,407
9601,"THEFT/OTHER","38.9117460564","-76.9386022587",131,100,231,942,392,1334,268,139,407
9601,"SEX ABUSE","38.9117460564","-76.9386022587",131,100,231,942,392,1334,268,139,407
9601,"MOTOR VEHICLE THEFT","38.9107106263","-76.9396177835",131,100,231,942,392,1334,268,139,407
9601,"THEFT/OTHER","38.9046415029","-76.9446725992",131,100,231,942,392,1334,268,139,407
9601,"ROBBERY","38.9096630045","-76.9346839343",131,100,231,942,392,1334,268,139,407
9601,"ROBBERY","38.9103120724","-76.9355250198",131,100,231,942,392,1334,268,139,407
9601,"ROBBERY","38.9117460564","-76.9386022587",131,100,231,942,392,1334,268,139,407
9601,"ROBBERY","38.9106734958","-76.9375308993",131,100,231,942,392,1334,268,139,407
9601,"MOTOR VEHICLE THEFT","38.9119993679","-76.940688995",131,100,231,942,392,1334,268,139,407
9601,"ASSAULT W/DANGEROUS WEAPON","38.9115726173","-76.9344054639",131,100,231,942,392,1334,268,139,407
9601,"MOTOR VEHICLE THEFT","38.9084572461","-76.9371638944",131,100,231,942,392,1334,268,139,407
9601,"ROBBERY","38.9103120724","-76.9355250198",131,100,231,942,392,1334,268,139,407
9601,"MOTOR VEHICLE THEFT","38.9107106263","-76.9396177835",131,100,231,942,392,1334,268,139,407
9601,"MOTOR VEHICLE THEFT","38.9117460564","-76.9386022587",131,100,231,942,392,1334,268,139,407
9601,"ASSAULT W/DANGEROUS WEAPON","38.9128452427","-76.93892416",131,100,231,942,392,1334,268,139,407
9601,"THEFT F/AUTO","38.9103120724","-76.9355250198",131,100,231,942,392,1334,268,139,407
9601,"THEFT F/AUTO","38.9124571405","-76.9375178069",131,100,231,942,392,1334,268,139,407
9601,"ROBBERY","38.9065873932","-76.944855558",131,100,231,942,392,1334,268,139,407
9601,"THEFT/OTHER","38.9084572461","-76.9371638944",131,100,231,942,392,1334,268,139,407
9601,"ROBBERY","38.9078733365","-76.9402773651",131,100,231,942,392,1334,268,139,407
9601,"THEFT F/AUTO","38.9084572461","-76.9371638944",131,100,231,942,392,1334,268,139,407
9601,"THEFT F/AUTO","38.9117460564","-76.9386022587",131,100,231,942,392,1334,268,139,407
9601,"THEFT F/AUTO","38.9065873932","-76.944855558",131,100,231,942,392,1334,268,139,407
9601,"MOTOR VEHICLE THEFT","38.9063693527","-76.9410856701",131,100,231,942,392,1334,268,139,407
9601,"THEFT/OTHER","38.9124571405","-76.9375178069",131,100,231,942,392,1334,268,139,407
9601,"BURGLARY","38.9096630045","-76.9346839343",131,100,231,942,392,1334,268,139,407
9601,"ASSAULT W/DANGEROUS WEAPON","38.9115915227","-76.9360081261",131,100,231,942,392,1334,268,139,407
9601,"THEFT/OTHER","38.9047025983","-76.9406720044",131,100,231,942,392,1334,268,139,407
9601,"THEFT F/AUTO","38.9046415029","-76.9446725992",131,100,231,942,392,1334,268,139,407
9601,"ASSAULT W/DANGEROUS WEAPON","38.904640428","-76.9424475137",131,100,231,942,392,1334,268,139,407
9601,"THEFT/OTHER","38.9084572461","-76.9371638944",131,100,231,942,392,1334,268,139,407
9601,"THEFT F/AUTO","38.9047025983","-76.9406720044",131,100,231,942,392,1334,268,139,407
9601,"ROBBERY","38.9117460564","-76.9386022587",131,100,231,942,392,1334,268,139,407
9601,"MOTOR VEHICLE THEFT","38.9084572461","-76.9371638944",131,100,231,942,392,1334,268,139,407
9601,"HOMICIDE","38.9091058654","-76.937197912",131,100,231,942,392,1334,268,139,407
9601,"THEFT F/AUTO","38.9056145081","-76.9448908974",131,100,231,942,392,1334,268,139,407
9601,"THEFT F/AUTO","38.9103120724","-76.9355250198",131,100,231,942,392,1334,268,139,407
9601,"MOTOR VEHICLE THEFT","38.9047025983","-76.9406720044",131,100,231,942,392,1334,268,139,407
9601,"ASSAULT W/DANGEROUS WEAPON","38.9096630045","-76.9346839343",131,100,231,942,392,1334,268,139,407
9601,"THEFT F/AUTO","38.9084572461","-76.9371638944",131,100,231,942,392,1334,268,139,407
9601,"THEFT F/AUTO","38.9037044482","-76.9442813471",131,100,231,942,392,1334,268,139,407
9601,"MOTOR VEHICLE THEFT","38.9119993679","-76.940688995",131,100,231,942,392,1334,268,139,407
9601,"MOTOR VEHICLE THEFT","38.9117460564","-76.9386022587",131,100,231,942,392,1334,268,139,407
9601,"BURGLARY","38.9084572461","-76.9371638944",131,100,231,942,392,1334,268,139,407
9601,"ROBBERY","38.9061016456","-76.9463662562",131,100,231,942,392,1334,268,139,407
9601,"ASSAULT W/DANGEROUS WEAPON","38.9116350819","-76.9333561695",131,100,231,942,392,1334,268,139,407
9601,"BURGLARY","38.9103120724","-76.9355250198",131,100,231,942,392,1334,268,139,407
9601,"THEFT F/AUTO","38.9128452427","-76.93892416",131,100,231,942,392,1334,268,139,407
9601,"ROBBERY","38.9107106263","-76.9396177835",131,100,231,942,392,1334,268,139,407
9601,"THEFT/OTHER","38.9107106263","-76.9396177835",131,100,231,942,392,1334,268,139,407
9601,"ROBBERY","38.9117460564","-76.9386022587",131,100,231,942,392,1334,268,139,407
9601,"THEFT F/AUTO","38.9115915227","-76.9360081261",131,100,231,942,392,1334,268,139,407
9601,"THEFT F/AUTO","38.9103120724","-76.9355250198",131,100,231,942,392,1334,268,139,407
9601,"THEFT/OTHER","38.9056126515","-76.9410862951",131,100,231,942,392,1334,268,139,407
9601,"MOTOR VEHICLE THEFT","38.9117460564","-76.9386022587",131,100,231,942,392,1334,268,139,407
9601,"THEFT/OTHER","38.9117980516","-76.9348088102",131,100,231,942,392,1334,268,139,407
9601,"THEFT F/AUTO","38.9047025983","-76.9406720044",131,100,231,942,392,1334,268,139,407
9601,"MOTOR VEHICLE THEFT","38.9116350819","-76.9333561695",131,100,231,942,392,1334,268,139,407
9601,"MOTOR VEHICLE THEFT","38.9084572461","-76.9371638944",131,100,231,942,392,1334,268,139,407
9601,"MOTOR VEHICLE THEFT","38.9069739118","-76.9431028022",131,100,231,942,392,1334,268,139,407
9601,"BURGLARY","38.9047025983","-76.9406720044",131,100,231,942,392,1334,268,139,407
9601,"THEFT F/AUTO","38.9059914005","-76.9418814946",131,100,231,942,392,1334,268,139,407
9601,"THEFT/OTHER","38.9051273519","-76.9434155588",131,100,231,942,392,1334,268,139,407
9601,"ROBBERY","38.9117460564","-76.9386022587",131,100,231,942,392,1334,268,139,407
9601,"MOTOR VEHICLE THEFT","38.9117460564","-76.9386022587",131,100,231,942,392,1334,268,139,407
9601,"MOTOR VEHICLE THEFT","38.9117460564","-76.9386022587",131,100,231,942,392,1334,268,139,407
9601,"THEFT F/AUTO","38.9084572461","-76.9371638944",131,100,231,942,392,1334,268,139,407
9601,"ROBBERY","38.9117460564","-76.9386022587",131,100,231,942,392,1334,268,139,407
9601,"THEFT F/AUTO","38.9078733365","-76.9402773651",131,100,231,942,392,1334,268,139,407
9601,"THEFT F/AUTO","38.9096630045","-76.9346839343",131,100,231,942,392,1334,268,139,407
9601,"THEFT F/AUTO","38.90908132","-76.9419942735",131,100,231,942,392,1334,268,139,407
9602,"THEFT F/AUTO","38.9007262062","-76.9522382087",140,132,272,1488,780,2268,266,307,573
9602,"THEFT F/AUTO","38.9008675863","-76.9459205865",140,132,272,1488,780,2268,266,307,573
9602,"THEFT F/AUTO","38.9024672607","-76.9494762907",140,132,272,1488,780,2268,266,307,573
9602,"ROBBERY","38.8984823319","-76.9503375994",140,132,272,1488,780,2268,266,307,573
9602,"THEFT F/AUTO","38.9004900798","-76.9477769248",140,132,272,1488,780,2268,266,307,573
9602,"MOTOR VEHICLE THEFT","38.9024672607","-76.9494762907",140,132,272,1488,780,2268,266,307,573
9602,"THEFT F/AUTO","38.9020227286","-76.9506002905",140,132,272,1488,780,2268,266,307,573
9602,"ASSAULT W/DANGEROUS WEAPON","38.8984823319","-76.9503375994",140,132,272,1488,780,2268,266,307,573
9602,"THEFT/OTHER","38.9039670503","-76.9472094663",140,132,272,1488,780,2268,266,307,573
9602,"MOTOR VEHICLE THEFT","38.9039670503","-76.9472094663",140,132,272,1488,780,2268,266,307,573
9602,"THEFT/OTHER","38.9039670503","-76.9472094663",140,132,272,1488,780,2268,266,307,573
9602,"THEFT/OTHER","38.8984823319","-76.9503375994",140,132,272,1488,780,2268,266,307,573
9602,"THEFT/OTHER","38.9011491508","-76.9511542577",140,132,272,1488,780,2268,266,307,573
9602,"THEFT/OTHER","38.9008675863","-76.9459205865",140,132,272,1488,780,2268,266,307,573
9602,"MOTOR VEHICLE THEFT","38.9039670503","-76.9472094663",140,132,272,1488,780,2268,266,307,573
9602,"THEFT/OTHER","38.9008675863","-76.9459205865",140,132,272,1488,780,2268,266,307,573
9602,"MOTOR VEHICLE THEFT","38.9024672607","-76.9494762907",140,132,272,1488,780,2268,266,307,573
9602,"THEFT F/AUTO","38.8984823319","-76.9503375994",140,132,272,1488,780,2268,266,307,573
9602,"MOTOR VEHICLE THEFT","38.9039670503","-76.9472094663",140,132,272,1488,780,2268,266,307,573
9602,"THEFT F/AUTO","38.8999154305","-76.9521811106",140,132,272,1488,780,2268,266,307,573
9602,"HOMICIDE","38.9004900798","-76.9477769248",140,132,272,1488,780,2268,266,307,573
9602,"MOTOR VEHICLE THEFT","38.9000948868","-76.9504748153",140,132,272,1488,780,2268,266,307,573
9602,"ASSAULT W/DANGEROUS WEAPON","38.9010035509","-76.9477650205",140,132,272,1488,780,2268,266,307,573
9602,"MOTOR VEHICLE THEFT","38.9024672607","-76.9494762907",140,132,272,1488,780,2268,266,307,573
9602,"BURGLARY","38.9019592317","-76.949574297",140,132,272,1488,780,2268,266,307,573
9602,"BURGLARY","38.9008675863","-76.9459205865",140,132,272,1488,780,2268,266,307,573
9602,"ROBBERY","38.8999154305","-76.9521811106",140,132,272,1488,780,2268,266,307,573
9602,"THEFT F/AUTO","38.9039670503","-76.9472094663",140,132,272,1488,780,2268,266,307,573
9602,"THEFT F/AUTO","38.8989780644","-76.9509828239",140,132,272,1488,780,2268,266,307,573
9602,"MOTOR VEHICLE THEFT","38.9008675863","-76.9459205865",140,132,272,1488,780,2268,266,307,573
9602,"MOTOR VEHICLE THEFT","38.9039670503","-76.9472094663",140,132,272,1488,780,2268,266,307,573
9602,"THEFT F/AUTO","38.9017516328","-76.9486406371",140,132,272,1488,780,2268,266,307,573
9602,"THEFT/OTHER","38.9024672607","-76.9494762907",140,132,272,1488,780,2268,266,307,573
9602,"THEFT F/AUTO","38.9028802338","-76.9499649287",140,132,272,1488,780,2268,266,307,573
9602,"THEFT F/AUTO","38.9039670503","-76.9472094663",140,132,272,1488,780,2268,266,307,573
9602,"THEFT/OTHER","38.9008675863","-76.9459205865",140,132,272,1488,780,2268,266,307,573
9602,"THEFT/OTHER","38.9004900798","-76.9477769248",140,132,272,1488,780,2268,266,307,573
9602,"MOTOR VEHICLE THEFT","38.8999154305","-76.9521811106",140,132,272,1488,780,2268,266,307,573
9602,"THEFT/OTHER","38.9024672607","-76.9494762907",140,132,272,1488,780,2268,266,307,573
9602,"MOTOR VEHICLE THEFT","38.9039670503","-76.9472094663",140,132,272,1488,780,2268,266,307,573
9602,"MOTOR VEHICLE THEFT","38.9039670503","-76.9472094663",140,132,272,1488,780,2268,266,307,573
9602,"ASSAULT W/DANGEROUS WEAPON","38.899194653","-76.9519164483",140,132,272,1488,780,2268,266,307,573
9602,"THEFT F/AUTO","38.9008675863","-76.9459205865",140,132,272,1488,780,2268,266,307,573
9602,"THEFT F/AUTO","38.9005546907","-76.9513737022",140,132,272,1488,780,2268,266,307,573
9602,"ASSAULT W/DANGEROUS WEAPON","38.9024672607","-76.9494762907",140,132,272,1488,780,2268,266,307,573
9602,"MOTOR VEHICLE THEFT","38.8984823319","-76.9503375994",140,132,272,1488,780,2268,266,307,573
9602,"THEFT/OTHER","38.9008675863","-76.9459205865",140,132,272,1488,780,2268,266,307,573
9602,"THEFT F/AUTO","38.9004906448","-76.9490565628",140,132,272,1488,780,2268,266,307,573
9602,"THEFT/OTHER","38.8999154305","-76.9521811106",140,132,272,1488,780,2268,266,307,573
9602,"MOTOR VEHICLE THEFT","38.9039670503","-76.9472094663",140,132,272,1488,780,2268,266,307,573
9602,"MOTOR VEHICLE THEFT","38.9008675863","-76.9459205865",140,132,272,1488,780,2268,266,307,573
9602,"MOTOR VEHICLE THEFT","38.9024672607","-76.9494762907",140,132,272,1488,780,2268,266,307,573
9602,"THEFT/OTHER","38.9028802338","-76.9499649287",140,132,272,1488,780,2268,266,307,573
9602,"THEFT F/AUTO","38.9028802338","-76.9499649287",140,132,272,1488,780,2268,266,307,573
9602,"THEFT F/AUTO","38.9039670503","-76.9472094663",140,132,272,1488,780,2268,266,307,573
9602,"MOTOR VEHICLE THEFT","38.9008675863","-76.9459205865",140,132,272,1488,780,2268,266,307,573
9602,"ROBBERY","38.9028802338","-76.9499649287",140,132,272,1488,780,2268,266,307,573
9602,"MOTOR VEHICLE THEFT","38.9024636597","-76.9494817117",140,132,272,1488,780,2268,266,307,573
9602,"ASSAULT W/DANGEROUS WEAPON","38.9039670503","-76.9472094663",140,132,272,1488,780,2268,266,307,573
9602,"MOTOR VEHICLE THEFT","38.9024672607","-76.9494762907",140,132,272,1488,780,2268,266,307,573
9602,"MOTOR VEHICLE THEFT","38.9010035509","-76.9477650205",140,132,272,1488,780,2268,266,307,573
9602,"SEX ABUSE","38.9039670503","-76.9472094663",140,132,272,1488,780,2268,266,307,573
9602,"THEFT F/AUTO","38.9013109855","-76.9504048005",140,132,272,1488,780,2268,266,307,573
9602,"ASSAULT W/DANGEROUS WEAPON","38.895636374","-76.9519764841",140,132,272,1488,780,2268,266,307,573
9602,"ROBBERY","38.9024636597","-76.9494817117",140,132,272,1488,780,2268,266,307,573
9602,"BURGLARY","38.9004900798","-76.9477769248",140,132,272,1488,780,2268,266,307,573
9602,"ASSAULT W/DANGEROUS WEAPON","38.9024672607","-76.9494762907",140,132,272,1488,780,2268,266,307,573
9602,"MOTOR VEHICLE THEFT","38.9024672607","-76.9494762907",140,132,272,1488,780,2268,266,307,573
9602,"HOMICIDE","38.9039670503","-76.9472094663",140,132,272,1488,780,2268,266,307,573
9602,"THEFT/OTHER","38.9008675863","-76.9459205865",140,132,272,1488,780,2268,266,307,573
9602,"ROBBERY","38.8984823319","-76.9503375994",140,132,272,1488,780,2268,266,307,573
9602,"MOTOR VEHICLE THEFT","38.9017516328","-76.9486406371",140,132,272,1488,780,2268,266,307,573
9602,"THEFT F/AUTO","38.9039670503","-76.9472094663",140,132,272,1488,780,2268,266,307,573
9602,"BURGLARY","38.8996988488","-76.9512590041",140,132,272,1488,780,2268,266,307,573
9602,"BURGLARY","38.9039670503","-76.9472094663",140,132,272,1488,780,2268,266,307,573
9602,"MOTOR VEHICLE THEFT","38.8984823319","-76.9503375994",140,132,272,1488,780,2268,266,307,573
9602,"THEFT F/AUTO","38.9007165122","-76.9505896668",140,132,272,1488,780,2268,266,307,573
9602,"THEFT F/AUTO","38.9039670503","-76.9472094663",140,132,272,1488,780,2268,266,307,573
9602,"MOTOR VEHICLE THEFT","38.8994822598","-76.9503369033",140,132,272,1488,780,2268,266,307,573
9602,"ROBBERY","38.9008675863","-76.9459205865",140,132,272,1488,780,2268,266,307,573
9602,"THEFT/OTHER","38.8984823319","-76.9503375994",140,132,272,1488,780,2268,266,307,573
9602,"THEFT F/AUTO","38.9028802338","-76.9499649287",140,132,272,1488,780,2268,266,307,573
9602,"THEFT F/AUTO","38.8999949069","-76.9484228662",140,132,272,1488,780,2268,266,307,573
9602,"ROBBERY","38.9039670503","-76.9472094663",140,132,272,1488,780,2268,266,307,573
9602,"MOTOR VEHICLE THEFT","38.9028802338","-76.9499649287",140,132,272,1488,780,2268,266,307,573
9602,"MOTOR VEHICLE THEFT","38.9017516328","-76.9486406371",140,132,272,1488,780,2268,266,307,573
9602,"MOTOR VEHICLE THEFT","38.9039670503","-76.9472094663",140,132,272,1488,780,2268,266,307,573
9602,"MOTOR VEHICLE THEFT","38.9039670503","-76.9472094663",140,132,272,1488,780,2268,266,307,573
9602,"ASSAULT W/DANGEROUS WEAPON","38.9010035509","-76.9477650205",140,132,272,1488,780,2268,266,307,573
9602,"ASSAULT W/DANGEROUS WEAPON","38.9039670503","-76.9472094663",140,132,272,1488,780,2268,266,307,573
9602,"MOTOR VEHICLE THEFT","38.8984823319","-76.9503375994",140,132,272,1488,780,2268,266,307,573
9602,"ROBBERY","38.8984823319","-76.9503375994",140,132,272,1488,780,2268,266,307,573
9602,"THEFT F/AUTO","38.9024471492","-76.9500516969",140,132,272,1488,780,2268,266,307,573
9602,"THEFT F/AUTO","38.9024672607","-76.9494762907",140,132,272,1488,780,2268,266,307,573
9602,"THEFT F/AUTO","38.9013109855","-76.9504048005",140,132,272,1488,780,2268,266,307,573
9602,"THEFT F/AUTO","38.9008675863","-76.9459205865",140,132,272,1488,780,2268,266,307,573
9602,"THEFT/OTHER","38.9024672607","-76.9494762907",140,132,272,1488,780,2268,266,307,573
9602,"HOMICIDE","38.9024672607","-76.9494762907",140,132,272,1488,780,2268,266,307,573
9602,"THEFT F/AUTO","38.8999154305","-76.9521811106",140,132,272,1488,780,2268,266,307,573
9602,"THEFT F/AUTO","38.9039670503","-76.9472094663",140,132,272,1488,780,2268,266,307,573
9602,"SEX ABUSE","38.9024672607","-76.9494762907",140,132,272,1488,780,2268,266,307,573
9602,"MOTOR VEHICLE THEFT","38.9066615961","-76.9528191142",140,132,272,1488,780,2268,266,307,573
9602,"THEFT F/AUTO","38.9008675863","-76.9459205865",140,132,272,1488,780,2268,266,307,573
9602,"MOTOR VEHICLE THEFT","38.9014174088","-76.9466003467",140,132,272,1488,780,2268,266,307,573
9602,"MOTOR VEHICLE THEFT","38.9024672607","-76.9494762907",140,132,272,1488,780,2268,266,307,573
9602,"ASSAULT W/DANGEROUS WEAPON","38.9039670503","-76.9472094663",140,132,272,1488,780,2268,266,307,573
9602,"THEFT F/AUTO","38.9016962563","-76.9510057423",140,132,272,1488,780,2268,266,307,573
9602,"MOTOR VEHICLE THEFT","38.9008675863","-76.9459205865",140,132,272,1488,780,2268,266,307,573
9602,"ASSAULT W/DANGEROUS WEAPON","38.9024672607","-76.9494762907",140,132,272,1488,780,2268,266,307,573
9602,"THEFT F/AUTO","38.9004906448","-76.9490565628",140,132,272,1488,780,2268,266,307,573
9602,"THEFT F/AUTO","38.9008675863","-76.9459205865",140,132,272,1488,780,2268,266,307,573
9602,"THEFT F/AUTO","38.9066615961","-76.9528191142",140,132,272,1488,780,2268,266,307,573
9602,"THEFT F/AUTO","38.9004906448","-76.9490565628",140,132,272,1488,780,2268,266,307,573
9602,"THEFT F/AUTO","38.9039670503","-76.9472094663",140,132,272,1488,780,2268,266,307,573
9602,"THEFT F/AUTO","38.9008675863","-76.9459205865",140,132,272,1488,780,2268,266,307,573
9602,"THEFT F/AUTO","38.9008675863","-76.9459205865",140,132,272,1488,780,2268,266,307,573
9602,"MOTOR VEHICLE THEFT","38.9028802338","-76.9499649287",140,132,272,1488,780,2268,266,307,573
9602,"MOTOR VEHICLE THEFT","38.9039670503","-76.9472094663",140,132,272,1488,780,2268,266,307,573
9602,"THEFT F/AUTO","38.9007165122","-76.9505896668",140,132,272,1488,780,2268,266,307,573
9602,"THEFT F/AUTO","38.9024672607","-76.9494762907",140,132,272,1488,780,2268,266,307,573
9602,"MOTOR VEHICLE THEFT","38.9011491508","-76.9511542577",140,132,272,1488,780,2268,266,307,573
9602,"THEFT/OTHER","38.9017516328","-76.9486406371",140,132,272,1488,780,2268,266,307,573
9602,"MOTOR VEHICLE THEFT","38.9028802338","-76.9499649287",140,132,272,1488,780,2268,266,307,573
9602,"MOTOR VEHICLE THEFT","38.9039670503","-76.9472094663",140,132,272,1488,780,2268,266,307,573
9602,"THEFT F/AUTO","38.9017516328","-76.9486406371",140,132,272,1488,780,2268,266,307,573
9602,"THEFT F/AUTO","38.8984823319","-76.9503375994",140,132,272,1488,780,2268,266,307,573
9602,"ROBBERY","38.9039670503","-76.9472094663",140,132,272,1488,780,2268,266,307,573
9602,"ROBBERY","38.9039670503","-76.9472094663",140,132,272,1488,780,2268,266,307,573
9602,"MOTOR VEHICLE THEFT","38.9028802338","-76.9499649287",140,132,272,1488,780,2268,266,307,573
9602,"THEFT F/AUTO","38.9008675863","-76.9459205865",140,132,272,1488,780,2268,266,307,573
9602,"ASSAULT W/DANGEROUS WEAPON","38.9017516328","-76.9486406371",140,132,272,1488,780,2268,266,307,573
9602,"THEFT F/AUTO","38.9016962563","-76.9510057423",140,132,272,1488,780,2268,266,307,573
9602,"ASSAULT W/DANGEROUS WEAPON","38.9039670503","-76.9472094663",140,132,272,1488,780,2268,266,307,573
9602,"THEFT F/AUTO","38.9004900798","-76.9477769248",140,132,272,1488,780,2268,266,307,573
9602,"THEFT F/AUTO","38.9039670503","-76.9472094663",140,132,272,1488,780,2268,266,307,573
9602,"THEFT F/AUTO","38.9008675863","-76.9459205865",140,132,272,1488,780,2268,266,307,573
9602,"THEFT F/AUTO","38.8999154305","-76.9521811106",140,132,272,1488,780,2268,266,307,573
9602,"THEFT F/AUTO","38.9028802338","-76.9499649287",140,132,272,1488,780,2268,266,307,573
9602,"THEFT F/AUTO","38.9039670503","-76.9472094663",140,132,272,1488,780,2268,266,307,573
9602,"THEFT F/AUTO","38.9028802338","-76.9499649287",140,132,272,1488,780,2268,266,307,573
9602,"ROBBERY","38.9024672607","-76.9494762907",140,132,272,1488,780,2268,266,307,573
9602,"MOTOR VEHICLE THEFT","38.9024672607","-76.9494762907",140,132,272,1488,780,2268,266,307,573
9602,"ROBBERY","38.9016962563","-76.9510057423",140,132,272,1488,780,2268,266,307,573
9602,"MOTOR VEHICLE THEFT","38.9008675863","-76.9459205865",140,132,272,1488,780,2268,266,307,573
9602,"THEFT F/AUTO","38.9024823003","-76.9509458301",140,132,272,1488,780,2268,266,307,573
9602,"BURGLARY","38.9008675863","-76.9459205865",140,132,272,1488,780,2268,266,307,573
9602,"ROBBERY","38.9039670503","-76.9472094663",140,132,272,1488,780,2268,266,307,573
9602,"ASSAULT W/DANGEROUS WEAPON","38.9024672607","-76.9494762907",140,132,272,1488,780,2268,266,307,573
9602,"THEFT F/AUTO","38.9024636597","-76.9494817117",140,132,272,1488,780,2268,266,307,573
9602,"THEFT/OTHER","38.9039670503","-76.9472094663",140,132,272,1488,780,2268,266,307,573
9602,"MOTOR VEHICLE THEFT","38.9007262062","-76.9522382087",140,132,272,1488,780,2268,266,307,573
9602,"MOTOR VEHICLE THEFT","38.9024672607","-76.9494762907",140,132,272,1488,780,2268,266,307,573
9602,"ROBBERY","38.9004900798","-76.9477769248",140,132,272,1488,780,2268,266,307,573
9602,"THEFT F/AUTO","38.9028802338","-76.9499649287",140,132,272,1488,780,2268,266,307,573
9602,"ROBBERY","38.9024636597","-76.9494817117",140,132,272,1488,780,2268,266,307,573
9602,"THEFT/OTHER","38.9017516328","-76.9486406371",140,132,272,1488,780,2268,266,307,573
9602,"ROBBERY","38.9039670503","-76.9472094663",140,132,272,1488,780,2268,266,307,573
9602,"THEFT/OTHER","38.8984823319","-76.9503375994",140,132,272,1488,780,2268,266,307,573
9602,"THEFT/OTHER","38.9012114335","-76.9493327294",140,132,272,1488,780,2268,266,307,573
9602,"MOTOR VEHICLE THEFT","38.9024636597","-76.9494817117",140,132,272,1488,780,2268,266,307,573
9602,"THEFT F/AUTO","38.9024672607","-76.9494762907",140,132,272,1488,780,2268,266,307,573
9602,"MOTOR VEHICLE THEFT","38.8984823319","-76.9503375994",140,132,272,1488,780,2268,266,307,573
9602,"THEFT/OTHER","38.9024672607","-76.9494762907",140,132,272,1488,780,2268,266,307,573
9602,"MOTOR VEHICLE THEFT","38.9000948868","-76.9504748153",140,132,272,1488,780,2268,266,307,573
9602,"THEFT F/AUTO","38.9039670503","-76.9472094663",140,132,272,1488,780,2268,266,307,573
9602,"THEFT/OTHER","38.9039670503","-76.9472094663",140,132,272,1488,780,2268,266,307,573
9602,"MOTOR VEHICLE THEFT","38.9008675863","-76.9459205865",140,132,272,1488,780,2268,266,307,573
9602,"THEFT/OTHER","38.9024672607","-76.9494762907",140,132,272,1488,780,2268,266,307,573
9602,"THEFT/OTHER","38.9024672607","-76.9494762907",140,132,272,1488,780,2268,266,307,573
9602,"THEFT F/AUTO","38.9039670503","-76.9472094663",140,132,272,1488,780,2268,266,307,573
9602,"THEFT/OTHER","38.9024672607","-76.9494762907",140,132,272,1488,780,2268,266,307,573
9602,"MOTOR VEHICLE THEFT","38.9039670503","-76.9472094663",140,132,272,1488,780,2268,266,307,573
9602,"MOTOR VEHICLE THEFT","38.8984823319","-76.9503375994",140,132,272,1488,780,2268,266,307,573
9602,"MOTOR VEHICLE THEFT","38.9024672607","-76.9494762907",140,132,272,1488,780,2268,266,307,573
9602,"ROBBERY","38.9066615961","-76.9528191142",140,132,272,1488,780,2268,266,307,573
9602,"ROBBERY","38.9028802338","-76.9499649287",140,132,272,1488,780,2268,266,307,573
9602,"THEFT/OTHER","38.8967200122","-76.9588808254",140,132,272,1488,780,2268,266,307,573
9602,"THEFT F/AUTO","38.9039670503","-76.9472094663",140,132,272,1488,780,2268,266,307,573
9602,"THEFT F/AUTO","38.8984823319","-76.9503375994",140,132,272,1488,780,2268,266,307,573
9602,"SEX ABUSE","38.9024672607","-76.9494762907",140,132,272,1488,780,2268,266,307,573
9602,"THEFT/OTHER","38.9039670503","-76.9472094663",140,132,272,1488,780,2268,266,307,573
9602,"ROBBERY","38.9024672607","-76.9494762907",140,132,272,1488,780,2268,266,307,573
9602,"THEFT F/AUTO","38.9013109855","-76.9504048005",140,132,272,1488,780,2268,266,307,573
9602,"THEFT/OTHER","38.9028166907","-76.9505191554",140,132,272,1488,780,2268,266,307,573
9602,"THEFT F/AUTO","38.9039670503","-76.9472094663",140,132,272,1488,780,2268,266,307,573
9602,"THEFT F/AUTO","38.8984823319","-76.9503375994",140,132,272,1488,780,2268,266,307,573
9602,"MOTOR VEHICLE THEFT","38.9017516328","-76.9486406371",140,132,272,1488,780,2268,266,307,573
9602,"THEFT F/AUTO","38.9039670503","-76.9472094663",140,132,272,1488,780,2268,266,307,573
9602,"THEFT F/AUTO","38.899194653","-76.9519164483",140,132,272,1488,780,2268,266,307,573
9602,"THEFT/OTHER","38.9024672607","-76.9494762907",140,132,272,1488,780,2268,266,307,573
9602,"THEFT F/AUTO","38.9028802338","-76.9499649287",140,132,272,1488,780,2268,266,307,573
9603,"THEFT F/AUTO","38.8897761049","-76.9413990624",146,193,339,1514,1171,2685,216,302,518
9603,"MOTOR VEHICLE THEFT","38.8908762101","-76.9435997625",146,193,339,1514,1171,2685,216,302,518
9603,"MOTOR VEHICLE THEFT","38.8897761049","-76.9413990624",146,193,339,1514,1171,2685,216,302,518
9603,"MOTOR VEHICLE THEFT","38.8944733045","-76.9496256975",146,193,339,1514,1171,2685,216,302,518
9603,"THEFT F/AUTO","38.8918176336","-76.9539847304",146,193,339,1514,1171,2685,216,302,518
9603,"THEFT/OTHER","38.8903598202","-76.9378599052",146,193,339,1514,1171,2685,216,302,518
9603,"ASSAULT W/DANGEROUS WEAPON","38.8906737377","-76.9544119556",146,193,339,1514,1171,2685,216,302,518
9603,"ROBBERY","38.8933460852","-76.946975256",146,193,339,1514,1171,2685,216,302,518
9603,"THEFT/OTHER","38.8944733045","-76.9496256975",146,193,339,1514,1171,2685,216,302,518
9603,"MOTOR VEHICLE THEFT","38.8908762101","-76.9435997625",146,193,339,1514,1171,2685,216,302,518
9603,"THEFT/OTHER","38.8933460852","-76.946975256",146,193,339,1514,1171,2685,216,302,518
9603,"THEFT/OTHER","38.8913213611","-76.9519678619",146,193,339,1514,1171,2685,216,302,518
9603,"THEFT F/AUTO","38.8910238273","-76.951345618",146,193,339,1514,1171,2685,216,302,518
9603,"ASSAULT W/DANGEROUS WEAPON","38.8926722048","-76.9509756295",146,193,339,1514,1171,2685,216,302,518
9603,"ROBBERY","38.8931585062","-76.9506179556",146,193,339,1514,1171,2685,216,302,518
9603,"THEFT/OTHER","38.892604935","-76.9418001838",146,193,339,1514,1171,2685,216,302,518
9603,"THEFT F/AUTO","38.8935367404","-76.9503410421",146,193,339,1514,1171,2685,216,302,518
9603,"THEFT F/AUTO","38.8908777186","-76.9468157164",146,193,339,1514,1171,2685,216,302,518
9603,"MOTOR VEHICLE THEFT","38.8926722048","-76.9509756295",146,193,339,1514,1171,2685,216,302,518
9603,"MOTOR VEHICLE THEFT","38.8911169135","-76.9385969585",146,193,339,1514,1171,2685,216,302,518
9603,"THEFT/OTHER","38.8910238273","-76.951345618",146,193,339,1514,1171,2685,216,302,518
9603,"THEFT F/AUTO","38.8926699714","-76.9459152735",146,193,339,1514,1171,2685,216,302,518
9603,"THEFT F/AUTO","38.8948602173","-76.9485994889",146,193,339,1514,1171,2685,216,302,518
9603,"THEFT F/AUTO","38.8897870573","-76.9580556016",146,193,339,1514,1171,2685,216,302,518
9603,"ASSAULT W/DANGEROUS WEAPON","38.8932477602","-76.9486928675",146,193,339,1514,1171,2685,216,302,518
9603,"ASSAULT W/DANGEROUS WEAPON","38.8903598202","-76.9378599052",146,193,339,1514,1171,2685,216,302,518
9603,"THEFT/OTHER","38.8933460852","-76.946975256",146,193,339,1514,1171,2685,216,302,518
9603,"THEFT F/AUTO","38.8944733045","-76.9496256975",146,193,339,1514,1171,2685,216,302,518
9603,"THEFT F/AUTO","38.8933460852","-76.946975256",146,193,339,1514,1171,2685,216,302,518
9603,"THEFT F/AUTO","38.8924071558","-76.9426187599",146,193,339,1514,1171,2685,216,302,518
9603,"BURGLARY","38.8933460852","-76.946975256",146,193,339,1514,1171,2685,216,302,518
9603,"THEFT F/AUTO","38.889778279","-76.9459059391",146,193,339,1514,1171,2685,216,302,518
9603,"THEFT/OTHER","38.891637039","-76.9529128505",146,193,339,1514,1171,2685,216,302,518
9603,"THEFT F/AUTO","38.8926722048","-76.9509756295",146,193,339,1514,1171,2685,216,302,518
9603,"ROBBERY","38.8944733045","-76.9496256975",146,193,339,1514,1171,2685,216,302,518
9603,"ROBBERY","38.8926722048","-76.9509756295",146,193,339,1514,1171,2685,216,302,518
9603,"MOTOR VEHICLE THEFT","38.8918176336","-76.9539847304",146,193,339,1514,1171,2685,216,302,518
9603,"THEFT/OTHER","38.8903598202","-76.9378599052",146,193,339,1514,1171,2685,216,302,518
9603,"THEFT/OTHER","38.8933460852","-76.946975256",146,193,339,1514,1171,2685,216,302,518
9603,"THEFT/OTHER","38.8897870573","-76.9580556016",146,193,339,1514,1171,2685,216,302,518
9603,"ASSAULT W/DANGEROUS WEAPON","38.8931585062","-76.9506179556",146,193,339,1514,1171,2685,216,302,518
9603,"ASSAULT W/DANGEROUS WEAPON","38.8926722048","-76.9509756295",146,193,339,1514,1171,2685,216,302,518
9603,"THEFT/OTHER","38.8902136604","-76.9527754705",146,193,339,1514,1171,2685,216,302,518
9603,"THEFT F/AUTO","38.8908762101","-76.9435997625",146,193,339,1514,1171,2685,216,302,518
9603,"THEFT/OTHER","38.89138921","-76.9426195786",146,193,339,1514,1171,2685,216,302,518
9603,"THEFT/OTHER","38.8944733045","-76.9496256975",146,193,339,1514,1171,2685,216,302,518
9603,"ASSAULT W/DANGEROUS WEAPON","38.8918840754","-76.9414203847",146,193,339,1514,1171,2685,216,302,518
9603,"MOTOR VEHICLE THEFT","38.8926699714","-76.9459152735",146,193,339,1514,1171,2685,216,302,518
9603,"THEFT/OTHER","38.8911169135","-76.9385969585",146,193,339,1514,1171,2685,216,302,518
9603,"THEFT F/AUTO","38.8932477602","-76.9486928675",146,193,339,1514,1171,2685,216,302,518
9603,"THEFT/OTHER","38.8902136604","-76.9527754705",146,193,339,1514,1171,2685,216,302,518
9603,"THEFT F/AUTO","38.8897870573","-76.9580556016",146,193,339,1514,1171,2685,216,302,518
9603,"MOTOR VEHICLE THEFT","38.8918176336","-76.9539847304",146,193,339,1514,1171,2685,216,302,518
9603,"THEFT F/AUTO","38.8926699714","-76.9459152735",146,193,339,1514,1171,2685,216,302,518
9603,"THEFT/OTHER","38.8906737377","-76.9544119556",146,193,339,1514,1171,2685,216,302,518
9603,"ROBBERY","38.8906822258","-76.9530979077",146,193,339,1514,1171,2685,216,302,518
9603,"ROBBERY","38.8906737377","-76.9544119556",146,193,339,1514,1171,2685,216,302,518
9603,"THEFT/OTHER","38.8902136604","-76.9527754705",146,193,339,1514,1171,2685,216,302,518
9603,"THEFT/OTHER","38.89138921","-76.9426195786",146,193,339,1514,1171,2685,216,302,518
9603,"THEFT F/AUTO","38.8903271629","-76.9445684336",146,193,339,1514,1171,2685,216,302,518
9603,"THEFT/OTHER","38.8911169135","-76.9385969585",146,193,339,1514,1171,2685,216,302,518
9603,"THEFT/OTHER","38.8913213611","-76.9519678619",146,193,339,1514,1171,2685,216,302,518
9603,"THEFT/OTHER","38.8911169135","-76.9385969585",146,193,339,1514,1171,2685,216,302,518
9603,"THEFT/OTHER","38.8903598202","-76.9378599052",146,193,339,1514,1171,2685,216,302,518
9603,"THEFT/OTHER","38.8902136604","-76.9527754705",146,193,339,1514,1171,2685,216,302,518
9603,"THEFT/OTHER","38.8911169135","-76.9385969585",146,193,339,1514,1171,2685,216,302,518
9603,"THEFT/OTHER","38.8931585062","-76.9506179556",146,193,339,1514,1171,2685,216,302,518
9603,"THEFT/OTHER","38.8911169135","-76.9385969585",146,193,339,1514,1171,2685,216,302,518
9603,"THEFT/OTHER","38.8933460852","-76.946975256",146,193,339,1514,1171,2685,216,302,518
9603,"SEX ABUSE","38.8902507752","-76.9555303079",146,193,339,1514,1171,2685,216,302,518
9603,"THEFT/OTHER","38.8933460852","-76.946975256",146,193,339,1514,1171,2685,216,302,518
9603,"THEFT/OTHER","38.8933460852","-76.946975256",146,193,339,1514,1171,2685,216,302,518
9603,"MOTOR VEHICLE THEFT","38.8918176336","-76.9539847304",146,193,339,1514,1171,2685,216,302,518
9603,"THEFT/OTHER","38.8913213611","-76.9519678619",146,193,339,1514,1171,2685,216,302,518
9603,"THEFT/OTHER","38.8944733045","-76.9496256975",146,193,339,1514,1171,2685,216,302,518
9603,"ASSAULT W/DANGEROUS WEAPON","38.8918176336","-76.9539847304",146,193,339,1514,1171,2685,216,302,518
9603,"ASSAULT W/DANGEROUS WEAPON","38.8944733045","-76.9496256975",146,193,339,1514,1171,2685,216,302,518
9603,"ROBBERY","38.8944733045","-76.9496256975",146,193,339,1514,1171,2685,216,302,518
9603,"MOTOR VEHICLE THEFT","38.8932477602","-76.9486928675",146,193,339,1514,1171,2685,216,302,518
9603,"THEFT F/AUTO","38.8934923117","-76.9518050202",146,193,339,1514,1171,2685,216,302,518
9603,"BURGLARY","38.8926722048","-76.9509756295",146,193,339,1514,1171,2685,216,302,518
9603,"ASSAULT W/DANGEROUS WEAPON","38.8932273778","-76.9435633225",146,193,339,1514,1171,2685,216,302,518
9603,"ASSAULT W/DANGEROUS WEAPON","38.8918176336","-76.9539847304",146,193,339,1514,1171,2685,216,302,518
9603,"ASSAULT W/DANGEROUS WEAPON","38.89138921","-76.9426195786",146,193,339,1514,1171,2685,216,302,518
9603,"THEFT/OTHER","38.8906737377","-76.9544119556",146,193,339,1514,1171,2685,216,302,518
9603,"THEFT/OTHER","38.8911169135","-76.9385969585",146,193,339,1514,1171,2685,216,302,518
9603,"MOTOR VEHICLE THEFT","38.8918875471","-76.9488091145",146,193,339,1514,1171,2685,216,302,518
9603,"ROBBERY","38.8933460852","-76.946975256",146,193,339,1514,1171,2685,216,302,518
9603,"THEFT/OTHER","38.8911169135","-76.9385969585",146,193,339,1514,1171,2685,216,302,518
9603,"MOTOR VEHICLE THEFT","38.8926722048","-76.9509756295",146,193,339,1514,1171,2685,216,302,518
9603,"THEFT/OTHER","38.8944733045","-76.9496256975",146,193,339,1514,1171,2685,216,302,518
9603,"THEFT/OTHER","38.8902136604","-76.9527754705",146,193,339,1514,1171,2685,216,302,518
9603,"THEFT F/AUTO","38.89138921","-76.9426195786",146,193,339,1514,1171,2685,216,302,518
9603,"ROBBERY","38.8918875471","-76.9488091145",146,193,339,1514,1171,2685,216,302,518
9603,"THEFT F/AUTO","38.8918176336","-76.9539847304",146,193,339,1514,1171,2685,216,302,518
9603,"THEFT/OTHER","38.8926713509","-76.9489814573",146,193,339,1514,1171,2685,216,302,518
9603,"ROBBERY","38.8926722048","-76.9509756295",146,193,339,1514,1171,2685,216,302,518
9603,"MOTOR VEHICLE THEFT","38.8932477602","-76.9486928675",146,193,339,1514,1171,2685,216,302,518
9603,"THEFT F/AUTO","38.8897761049","-76.9413990624",146,193,339,1514,1171,2685,216,302,518
9603,"THEFT/OTHER","38.8911169135","-76.9385969585",146,193,339,1514,1171,2685,216,302,518
9603,"MOTOR VEHICLE THEFT","38.8926722048","-76.9509756295",146,193,339,1514,1171,2685,216,302,518
9603,"ROBBERY","38.8918176336","-76.9539847304",146,193,339,1514,1171,2685,216,302,518
9603,"MOTOR VEHICLE THEFT","38.8918864029","-76.9462616741",146,193,339,1514,1171,2685,216,302,518
9603,"THEFT F/AUTO","38.8897870573","-76.9580556016",146,193,339,1514,1171,2685,216,302,518
9603,"MOTOR VEHICLE THEFT","38.8926722048","-76.9509756295",146,193,339,1514,1171,2685,216,302,518
9603,"THEFT F/AUTO","38.8908786095","-76.9488098385",146,193,339,1514,1171,2685,216,302,518
9603,"THEFT/OTHER","38.8903598202","-76.9378599052",146,193,339,1514,1171,2685,216,302,518
9603,"THEFT/OTHER","38.8933460852","-76.946975256",146,193,339,1514,1171,2685,216,302,518
9603,"BURGLARY","38.8932477602","-76.9486928675",146,193,339,1514,1171,2685,216,302,518
9603,"MOTOR VEHICLE THEFT","38.89138921","-76.9426195786",146,193,339,1514,1171,2685,216,302,518
9603,"BURGLARY","38.8918840754","-76.9414203847",146,193,339,1514,1171,2685,216,302,518
9603,"BURGLARY","38.8933460852","-76.946975256",146,193,339,1514,1171,2685,216,302,518
9603,"THEFT/OTHER","38.8913213611","-76.9519678619",146,193,339,1514,1171,2685,216,302,518
9603,"THEFT F/AUTO","38.8902507752","-76.9555303079",146,193,339,1514,1171,2685,216,302,518
9603,"ROBBERY","38.89138921","-76.9426195786",146,193,339,1514,1171,2685,216,302,518
9603,"THEFT/OTHER","38.8913213611","-76.9519678619",146,193,339,1514,1171,2685,216,302,518
9603,"THEFT/OTHER","38.8903598202","-76.9378599052",146,193,339,1514,1171,2685,216,302,518
9603,"ROBBERY","38.8926722048","-76.9509756295",146,193,339,1514,1171,2685,216,302,518
9603,"THEFT F/AUTO","38.8897870573","-76.9580556016",146,193,339,1514,1171,2685,216,302,518
9603,"MOTOR VEHICLE THEFT","38.8897870573","-76.9580556016",146,193,339,1514,1171,2685,216,302,518
9603,"BURGLARY","38.8906822258","-76.9530979077",146,193,339,1514,1171,2685,216,302,518
9603,"BURGLARY","38.8897761049","-76.9413990624",146,193,339,1514,1171,2685,216,302,518
9603,"ASSAULT W/DANGEROUS WEAPON","38.8918840754","-76.9414203847",146,193,339,1514,1171,2685,216,302,518
9603,"THEFT F/AUTO","38.8897761049","-76.9413990624",146,193,339,1514,1171,2685,216,302,518
9603,"THEFT/OTHER","38.8944733045","-76.9496256975",146,193,339,1514,1171,2685,216,302,518
9603,"MOTOR VEHICLE THEFT","38.8903598202","-76.9378599052",146,193,339,1514,1171,2685,216,302,518
9603,"ASSAULT W/DANGEROUS WEAPON","38.8926722048","-76.9509756295",146,193,339,1514,1171,2685,216,302,518
9603,"ROBBERY","38.8897761049","-76.9413990624",146,193,339,1514,1171,2685,216,302,518
9603,"THEFT/OTHER","38.8911169135","-76.9385969585",146,193,339,1514,1171,2685,216,302,518
9603,"THEFT/OTHER","38.8944733045","-76.9496256975",146,193,339,1514,1171,2685,216,302,518
9603,"THEFT/OTHER","38.8911169135","-76.9385969585",146,193,339,1514,1171,2685,216,302,518
9603,"THEFT/OTHER","38.8933460852","-76.946975256",146,193,339,1514,1171,2685,216,302,518
9603,"THEFT/OTHER","38.8913213611","-76.9519678619",146,193,339,1514,1171,2685,216,302,518
9603,"THEFT/OTHER","38.8897761049","-76.9413990624",146,193,339,1514,1171,2685,216,302,518
9603,"THEFT/OTHER","38.8918875471","-76.9488091145",146,193,339,1514,1171,2685,216,302,518
9603,"MOTOR VEHICLE THEFT","38.8926722048","-76.9509756295",146,193,339,1514,1171,2685,216,302,518
9603,"THEFT/OTHER","38.8902136604","-76.9527754705",146,193,339,1514,1171,2685,216,302,518
9603,"ASSAULT W/DANGEROUS WEAPON","38.8911169135","-76.9385969585",146,193,339,1514,1171,2685,216,302,518
9603,"THEFT/OTHER","38.8902136604","-76.9527754705",146,193,339,1514,1171,2685,216,302,518
9603,"ASSAULT W/DANGEROUS WEAPON","38.8934923117","-76.9518050202",146,193,339,1514,1171,2685,216,302,518
9603,"THEFT/OTHER","38.8933460852","-76.946975256",146,193,339,1514,1171,2685,216,302,518
9603,"ASSAULT W/DANGEROUS WEAPON","38.8935367404","-76.9503410421",146,193,339,1514,1171,2685,216,302,518
9603,"THEFT/OTHER","38.8933460852","-76.946975256",146,193,339,1514,1171,2685,216,302,518
9603,"THEFT F/AUTO","38.8926722048","-76.9509756295",146,193,339,1514,1171,2685,216,302,518
9603,"THEFT/OTHER","38.8903598202","-76.9378599052",146,193,339,1514,1171,2685,216,302,518
9603,"MOTOR VEHICLE THEFT","38.891637039","-76.9529128505",146,193,339,1514,1171,2685,216,302,518
9603,"THEFT/OTHER","38.8911169135","-76.9385969585",146,193,339,1514,1171,2685,216,302,518
9603,"THEFT/OTHER","38.8903598202","-76.9378599052",146,193,339,1514,1171,2685,216,302,518
9603,"HOMICIDE","38.8926699714","-76.9459152735",146,193,339,1514,1171,2685,216,302,518
9603,"THEFT/OTHER","38.8933460852","-76.946975256",146,193,339,1514,1171,2685,216,302,518
9603,"THEFT/OTHER","38.8933460852","-76.946975256",146,193,339,1514,1171,2685,216,302,518
9603,"THEFT/OTHER","38.891637039","-76.9529128505",146,193,339,1514,1171,2685,216,302,518
9603,"THEFT/OTHER","38.8926722048","-76.9509756295",146,193,339,1514,1171,2685,216,302,518
9603,"ASSAULT W/DANGEROUS WEAPON","38.8935367404","-76.9503410421",146,193,339,1514,1171,2685,216,302,518
9603,"THEFT/OTHER","38.8933460852","-76.946975256",146,193,339,1514,1171,2685,216,302,518
9603,"MOTOR VEHICLE THEFT","38.8897761049","-76.9413990624",146,193,339,1514,1171,2685,216,302,518
9603,"THEFT/OTHER","38.89138921","-76.9426195786",146,193,339,1514,1171,2685,216,302,518
9603,"ROBBERY","38.8918864029","-76.9462616741",146,193,339,1514,1171,2685,216,302,518
9603,"THEFT/OTHER","38.8911169135","-76.9385969585",146,193,339,1514,1171,2685,216,302,518
9603,"THEFT/OTHER","38.8944733045","-76.9496256975",146,193,339,1514,1171,2685,216,302,518
9603,"ROBBERY","38.8903598202","-76.9378599052",146,193,339,1514,1171,2685,216,302,518
9603,"MOTOR VEHICLE THEFT","38.8903598202","-76.9378599052",146,193,339,1514,1171,2685,216,302,518
9603,"HOMICIDE","38.8898975587","-76.9508161642",146,193,339,1514,1171,2685,216,302,518
9603,"THEFT F/AUTO","38.8897832776","-76.9580664388",146,193,339,1514,1171,2685,216,302,518
9603,"THEFT F/AUTO","38.8918176336","-76.9539847304",146,193,339,1514,1171,2685,216,302,518
9603,"ROBBERY","38.8926722048","-76.9509756295",146,193,339,1514,1171,2685,216,302,518
9603,"MOTOR VEHICLE THEFT","38.8933460852","-76.946975256",146,193,339,1514,1171,2685,216,302,518
9603,"MOTOR VEHICLE THEFT","38.8897832776","-76.9580664388",146,193,339,1514,1171,2685,216,302,518
9603,"THEFT/OTHER","38.891637039","-76.9529128505",146,193,339,1514,1171,2685,216,302,518
9603,"MOTOR VEHICLE THEFT","38.8933460852","-76.946975256",146,193,339,1514,1171,2685,216,302,518
9603,"THEFT F/AUTO","38.8897761049","-76.9413990624",146,193,339,1514,1171,2685,216,302,518
9603,"THEFT/OTHER","38.8911169135","-76.9385969585",146,193,339,1514,1171,2685,216,302,518
9603,"THEFT/OTHER","38.8897870573","-76.9580556016",146,193,339,1514,1171,2685,216,302,518
9603,"BURGLARY","38.8913631256","-76.9445676287",146,193,339,1514,1171,2685,216,302,518
9603,"THEFT/OTHER","38.8902136604","-76.9527754705",146,193,339,1514,1171,2685,216,302,518
9603,"BURGLARY","38.8944733045","-76.9496256975",146,193,339,1514,1171,2685,216,302,518
9603,"THEFT/OTHER","38.8944733045","-76.9496256975",146,193,339,1514,1171,2685,216,302,518
9603,"THEFT/OTHER","38.8906822258","-76.9530979077",146,193,339,1514,1171,2685,216,302,518
9603,"ASSAULT W/DANGEROUS WEAPON","38.8926722048","-76.9509756295",146,193,339,1514,1171,2685,216,302,518
9603,"THEFT/OTHER","38.8913213611","-76.9519678619",146,193,339,1514,1171,2685,216,302,518
9603,"THEFT/OTHER","38.8944733045","-76.9496256975",146,193,339,1514,1171,2685,216,302,518
9603,"THEFT F/AUTO","38.891637039","-76.9529128505",146,193,339,1514,1171,2685,216,302,518
9603,"ASSAULT W/DANGEROUS WEAPON","38.8926722048","-76.9509756295",146,193,339,1514,1171,2685,216,302,518
9603,"THEFT/OTHER","38.8933460852","-76.946975256",146,193,339,1514,1171,2685,216,302,518
9603,"THEFT/OTHER","38.8911169135","-76.9385969585",146,193,339,1514,1171,2685,216,302,518
9603,"THEFT/OTHER","38.8918840754","-76.9414203847",146,193,339,1514,1171,2685,216,302,518
9603,"THEFT F/AUTO","38.8897761049","-76.9413990624",146,193,339,1514,1171,2685,216,302,518
9603,"BURGLARY","38.8911169135","-76.9385969585",146,193,339,1514,1171,2685,216,302,518
9603,"THEFT F/AUTO","38.8911169135","-76.9385969585",146,193,339,1514,1171,2685,216,302,518
9603,"ROBBERY","38.8897761049","-76.9413990624",146,193,339,1514,1171,2685,216,302,518
9603,"THEFT F/AUTO","38.89138921","-76.9426195786",146,193,339,1514,1171,2685,216,302,518
9603,"MOTOR VEHICLE THEFT","38.8911169135","-76.9385969585",146,193,339,1514,1171,2685,216,302,518
9603,"THEFT/OTHER","38.8911169135","-76.9385969585",146,193,339,1514,1171,2685,216,302,518
9603,"THEFT/OTHER","38.8911169135","-76.9385969585",146,193,339,1514,1171,2685,216,302,518
9603,"THEFT/OTHER","38.8926722048","-76.9509756295",146,193,339,1514,1171,2685,216,302,518
9603,"THEFT/OTHER","38.8933460852","-76.946975256",146,193,339,1514,1171,2685,216,302,518
9603,"THEFT/OTHER","38.8911169135","-76.9385969585",146,193,339,1514,1171,2685,216,302,518
9603,"THEFT/OTHER","38.8911169135","-76.9385969585",146,193,339,1514,1171,2685,216,302,518
9603,"THEFT F/AUTO","38.8929698025","-76.9517477379",146,193,339,1514,1171,2685,216,302,518
9603,"THEFT F/AUTO","38.8917570961","-76.9397260401",146,193,339,1514,1171,2685,216,302,518
9603,"HOMICIDE","38.8908777186","-76.9468157164",146,193,339,1514,1171,2685,216,302,518
9603,"THEFT/OTHER","38.8903598202","-76.9378599052",146,193,339,1514,1171,2685,216,302,518
9603,"MOTOR VEHICLE THEFT","38.8926722048","-76.9509756295",146,193,339,1514,1171,2685,216,302,518
9603,"THEFT/OTHER","38.8933460852","-76.946975256",146,193,339,1514,1171,2685,216,302,518
9603,"MOTOR VEHICLE THEFT","38.8908786095","-76.9488098385",146,193,339,1514,1171,2685,216,302,518
9603,"HOMICIDE","38.8926722048","-76.9509756295",146,193,339,1514,1171,2685,216,302,518
9603,"THEFT F/AUTO","38.8933460852","-76.946975256",146,193,339,1514,1171,2685,216,302,518
9603,"THEFT/OTHER","38.8911169135","-76.9385969585",146,193,339,1514,1171,2685,216,302,518
9603,"ASSAULT W/DANGEROUS WEAPON","38.8918840754","-76.9414203847",146,193,339,1514,1171,2685,216,302,518
9603,"THEFT F/AUTO","38.8918875471","-76.9488091145",146,193,339,1514,1171,2685,216,302,518
9603,"THEFT/OTHER","38.8911169135","-76.9385969585",146,193,339,1514,1171,2685,216,302,518
9603,"THEFT/OTHER","38.8911169135","-76.9385969585",146,193,339,1514,1171,2685,216,302,518
9603,"THEFT/OTHER","38.8933460852","-76.946975256",146,193,339,1514,1171,2685,216,302,518
9603,"ASSAULT W/DANGEROUS WEAPON","38.8918176336","-76.9539847304",146,193,339,1514,1171,2685,216,302,518
9603,"THEFT F/AUTO","38.891637039","-76.9529128505",146,193,339,1514,1171,2685,216,302,518
9603,"THEFT/OTHER","38.8933460852","-76.946975256",146,193,339,1514,1171,2685,216,302,518
9603,"ROBBERY","38.8926722048","-76.9509756295",146,193,339,1514,1171,2685,216,302,518
9603,"THEFT/OTHER","38.8911169135","-76.9385969585",146,193,339,1514,1171,2685,216,302,518
9603,"THEFT F/AUTO","38.8897870573","-76.9580556016",146,193,339,1514,1171,2685,216,302,518
9603,"ASSAULT W/DANGEROUS WEAPON","38.891382386","-76.9472533587",146,193,339,1514,1171,2685,216,302,518
9603,"THEFT F/AUTO","38.8902507752","-76.9555303079",146,193,339,1514,1171,2685,216,302,518
9603,"THEFT F/AUTO","38.8921318665","-76.9513679162",146,193,339,1514,1171,2685,216,302,518
9603,"BURGLARY","38.8897870573","-76.9580556016",146,193,339,1514,1171,2685,216,302,518
9603,"THEFT F/AUTO","38.8897761049","-76.9413990624",146,193,339,1514,1171,2685,216,302,518
9603,"ASSAULT W/DANGEROUS WEAPON","38.8902136604","-76.9527754705",146,193,339,1514,1171,2685,216,302,518
9603,"THEFT F/AUTO","38.891637039","-76.9529128505",146,193,339,1514,1171,2685,216,302,518
9603,"ROBBERY","38.8932477602","-76.9486928675",146,193,339,1514,1171,2685,216,302,518
9603,"THEFT/OTHER","38.8903598202","-76.9378599052",146,193,339,1514,1171,2685,216,302,518
9603,"ROBBERY","38.8897870573","-76.9580556016",146,193,339,1514,1171,2685,216,302,518
9603,"MOTOR VEHICLE THEFT","38.8926713509","-76.9489814573",146,193,339,1514,1171,2685,216,302,518
9603,"ASSAULT W/DANGEROUS WEAPON","38.8933460852","-76.946975256",146,193,339,1514,1171,2685,216,302,518
9603,"ASSAULT W/DANGEROUS WEAPON","38.8913213611","-76.9519678619",146,193,339,1514,1171,2685,216,302,518
9603,"ASSAULT W/DANGEROUS WEAPON","38.8931585062","-76.9506179556",146,193,339,1514,1171,2685,216,302,518
9603,"THEFT/OTHER","38.8902136604","-76.9527754705",146,193,339,1514,1171,2685,216,302,518
9603,"THEFT/OTHER","38.8918176336","-76.9539847304",146,193,339,1514,1171,2685,216,302,518
9603,"ASSAULT W/DANGEROUS WEAPON","38.8935367404","-76.9503410421",146,193,339,1514,1171,2685,216,302,518
9603,"THEFT/OTHER","38.8911169135","-76.9385969585",146,193,339,1514,1171,2685,216,302,518
9603,"MOTOR VEHICLE THEFT","38.8933460852","-76.946975256",146,193,339,1514,1171,2685,216,302,518
9603,"ROBBERY","38.8926722048","-76.9509756295",146,193,339,1514,1171,2685,216,302,518
9603,"THEFT/OTHER","38.8913631256","-76.9445676287",146,193,339,1514,1171,2685,216,302,518
9603,"THEFT/OTHER","38.8943101422","-76.947331885",146,193,339,1514,1171,2685,216,302,518
9603,"THEFT F/AUTO","38.8902136604","-76.9527754705",146,193,339,1514,1171,2685,216,302,518
9603,"MOTOR VEHICLE THEFT","38.8913213611","-76.9519678619",146,193,339,1514,1171,2685,216,302,518
9603,"THEFT/OTHER","38.8897870573","-76.9580556016",146,193,339,1514,1171,2685,216,302,518
9603,"THEFT/OTHER","38.8913213611","-76.9519678619",146,193,339,1514,1171,2685,216,302,518
9603,"THEFT F/AUTO","38.8918176336","-76.9539847304",146,193,339,1514,1171,2685,216,302,518
9603,"THEFT/OTHER","38.8933460852","-76.946975256",146,193,339,1514,1171,2685,216,302,518
9603,"THEFT/OTHER","38.8897761049","-76.9413990624",146,193,339,1514,1171,2685,216,302,518
9603,"MOTOR VEHICLE THEFT","38.891637039","-76.9529128505",146,193,339,1514,1171,2685,216,302,518
9603,"THEFT/OTHER","38.8911169135","-76.9385969585",146,193,339,1514,1171,2685,216,302,518
9603,"ROBBERY","38.8926699714","-76.9459152735",146,193,339,1514,1171,2685,216,302,518
9603,"THEFT F/AUTO","38.892604935","-76.9418001838",146,193,339,1514,1171,2685,216,302,518
9603,"HOMICIDE","38.8935367404","-76.9503410421",146,193,339,1514,1171,2685,216,302,518
9603,"THEFT/OTHER","38.8933460852","-76.946975256",146,193,339,1514,1171,2685,216,302,518
9603,"THEFT/OTHER","38.8911169135","-76.9385969585",146,193,339,1514,1171,2685,216,302,518
9603,"ROBBERY","38.8918176336","-76.9539847304",146,193,339,1514,1171,2685,216,302,518
9603,"MOTOR VEHICLE THEFT","38.891637039","-76.9529128505",146,193,339,1514,1171,2685,216,302,518
9603,"THEFT/OTHER","38.8913213611","-76.9519678619",146,193,339,1514,1171,2685,216,302,518
9603,"MOTOR VEHICLE THEFT","38.8926722048","-76.9509756295",146,193,339,1514,1171,2685,216,302,518
9603,"THEFT/OTHER","38.8911169135","-76.9385969585",146,193,339,1514,1171,2685,216,302,518
9603,"THEFT/OTHER","38.891637039","-76.9529128505",146,193,339,1514,1171,2685,216,302,518
9603,"ROBBERY","38.8935367404","-76.9503410421",146,193,339,1514,1171,2685,216,302,518
9603,"MOTOR VEHICLE THEFT","38.8936607581","-76.9456263431",146,193,339,1514,1171,2685,216,302,518
9603,"THEFT/OTHER","38.8911169135","-76.9385969585",146,193,339,1514,1171,2685,216,302,518
9603,"ROBBERY","38.8944733045","-76.9496256975",146,193,339,1514,1171,2685,216,302,518
9603,"THEFT/OTHER","38.895636374","-76.9519764841",146,193,339,1514,1171,2685,216,302,518
9603,"THEFT F/AUTO","38.8913631256","-76.9445676287",146,193,339,1514,1171,2685,216,302,518
9603,"THEFT/OTHER","38.8903598202","-76.9378599052",146,193,339,1514,1171,2685,216,302,518
9603,"THEFT/OTHER","38.8933460852","-76.946975256",146,193,339,1514,1171,2685,216,302,518
9603,"THEFT F/AUTO","38.8897870573","-76.9580556016",146,193,339,1514,1171,2685,216,302,518
9603,"THEFT F/AUTO","38.89138921","-76.9426195786",146,193,339,1514,1171,2685,216,302,518
9603,"ROBBERY","38.8931585062","-76.9506179556",146,193,339,1514,1171,2685,216,302,518
9603,"ROBBERY","38.8913213611","-76.9519678619",146,193,339,1514,1171,2685,216,302,518
9603,"THEFT/OTHER","38.8897832776","-76.9580664388",146,193,339,1514,1171,2685,216,302,518
9603,"ROBBERY","38.8926722048","-76.9509756295",146,193,339,1514,1171,2685,216,302,518
9603,"THEFT/OTHER","38.8903598202","-76.9378599052",146,193,339,1514,1171,2685,216,302,518
9603,"MOTOR VEHICLE THEFT","38.8908762101","-76.9435997625",146,193,339,1514,1171,2685,216,302,518
9603,"ROBBERY","38.8897761049","-76.9413990624",146,193,339,1514,1171,2685,216,302,518
9603,"BURGLARY","38.8918176336","-76.9539847304",146,193,339,1514,1171,2685,216,302,518
9603,"THEFT F/AUTO","38.8913213611","-76.9519678619",146,193,339,1514,1171,2685,216,302,518
9603,"MOTOR VEHICLE THEFT","38.8926722048","-76.9509756295",146,193,339,1514,1171,2685,216,302,518
9603,"MOTOR VEHICLE THEFT","38.8926722048","-76.9509756295",146,193,339,1514,1171,2685,216,302,518
9603,"THEFT/OTHER","38.8913213611","-76.9519678619",146,193,339,1514,1171,2685,216,302,518
9603,"THEFT F/AUTO","38.8897761049","-76.9413990624",146,193,339,1514,1171,2685,216,302,518
9603,"MOTOR VEHICLE THEFT","38.89138921","-76.9426195786",146,193,339,1514,1171,2685,216,302,518
9603,"THEFT F/AUTO","38.8933460852","-76.946975256",146,193,339,1514,1171,2685,216,302,518
9603,"ROBBERY","38.8933460852","-76.946975256",146,193,339,1514,1171,2685,216,302,518
9603,"THEFT F/AUTO","38.8897761049","-76.9413990624",146,193,339,1514,1171,2685,216,302,518
9603,"THEFT/OTHER","38.8913213611","-76.9519678619",146,193,339,1514,1171,2685,216,302,518
9603,"THEFT/OTHER","38.8933460852","-76.946975256",146,193,339,1514,1171,2685,216,302,518
9603,"MOTOR VEHICLE THEFT","38.8908762101","-76.9435997625",146,193,339,1514,1171,2685,216,302,518
9603,"MOTOR VEHICLE THEFT","38.8918884573","-76.9509300605",146,193,339,1514,1171,2685,216,302,518
9603,"THEFT/OTHER","38.8911169135","-76.9385969585",146,193,339,1514,1171,2685,216,302,518
9603,"THEFT/OTHER","38.8911169135","-76.9385969585",146,193,339,1514,1171,2685,216,302,518
9603,"THEFT/OTHER","38.8911169135","-76.9385969585",146,193,339,1514,1171,2685,216,302,518
9603,"ROBBERY","38.8931585062","-76.9506179556",146,193,339,1514,1171,2685,216,302,518
9603,"THEFT/OTHER","38.8902136604","-76.9527754705",146,193,339,1514,1171,2685,216,302,518
9603,"THEFT F/AUTO","38.8918840754","-76.9414203847",146,193,339,1514,1171,2685,216,302,518
9603,"ROBBERY","38.8944733045","-76.9496256975",146,193,339,1514,1171,2685,216,302,518
9603,"THEFT/OTHER","38.8930386823","-76.9445663268",146,193,339,1514,1171,2685,216,302,518
9603,"MOTOR VEHICLE THEFT","38.8902136604","-76.9527754705",146,193,339,1514,1171,2685,216,302,518
9603,"THEFT/OTHER","38.8903598202","-76.9378599052",146,193,339,1514,1171,2685,216,302,518
9603,"THEFT F/AUTO","38.8943101422","-76.947331885",146,193,339,1514,1171,2685,216,302,518
9603,"THEFT/OTHER","38.8911169135","-76.9385969585",146,193,339,1514,1171,2685,216,302,518
9603,"THEFT F/AUTO","38.8911169135","-76.9385969585",146,193,339,1514,1171,2685,216,302,518
9603,"THEFT/OTHER","38.8897761049","-76.9413990624",146,193,339,1514,1171,2685,216,302,518
9603,"THEFT/OTHER","38.8926699714","-76.9459152735",146,193,339,1514,1171,2685,216,302,518
9603,"THEFT/OTHER","38.8911169135","-76.9385969585",146,193,339,1514,1171,2685,216,302,518
9603,"ROBBERY","38.8933460852","-76.946975256",146,193,339,1514,1171,2685,216,302,518
9603,"ASSAULT W/DANGEROUS WEAPON","38.8932477602","-76.9486928675",146,193,339,1514,1171,2685,216,302,518
9603,"THEFT/OTHER","38.8903598202","-76.9378599052",146,193,339,1514,1171,2685,216,302,518
9603,"THEFT/OTHER","38.8902136604","-76.9527754705",146,193,339,1514,1171,2685,216,302,518
9603,"ROBBERY","38.8944733045","-76.9496256975",146,193,339,1514,1171,2685,216,302,518
9603,"BURGLARY","38.8934923117","-76.9518050202",146,193,339,1514,1171,2685,216,302,518
9603,"THEFT F/AUTO","38.8926713509","-76.9489814573",146,193,339,1514,1171,2685,216,302,518
9603,"THEFT F/AUTO","38.89138921","-76.9426195786",146,193,339,1514,1171,2685,216,302,518
9603,"THEFT F/AUTO","38.89138921","-76.9426195786",146,193,339,1514,1171,2685,216,302,518
9603,"THEFT/OTHER","38.8918875471","-76.9488091145",146,193,339,1514,1171,2685,216,302,518
9603,"ASSAULT W/DANGEROUS WEAPON","38.8931585062","-76.9506179556",146,193,339,1514,1171,2685,216,302,518
9603,"THEFT/OTHER","38.8911169135","-76.9385969585",146,193,339,1514,1171,2685,216,302,518
9603,"THEFT F/AUTO","38.8897761049","-76.9413990624",146,193,339,1514,1171,2685,216,302,518
9603,"THEFT/OTHER","38.8897761049","-76.9413990624",146,193,339,1514,1171,2685,216,302,518
9603,"MOTOR VEHICLE THEFT","38.8926699714","-76.9459152735",146,193,339,1514,1171,2685,216,302,518
9603,"HOMICIDE","38.8913213611","-76.9519678619",146,193,339,1514,1171,2685,216,302,518
9603,"ROBBERY","38.8913213611","-76.9519678619",146,193,339,1514,1171,2685,216,302,518
9603,"THEFT F/AUTO","38.8932273778","-76.9435633225",146,193,339,1514,1171,2685,216,302,518
9603,"THEFT/OTHER","38.8897761049","-76.9413990624",146,193,339,1514,1171,2685,216,302,518
9603,"THEFT F/AUTO","38.8908786095","-76.9488098385",146,193,339,1514,1171,2685,216,302,518
9603,"THEFT F/AUTO","38.8897870573","-76.9580556016",146,193,339,1514,1171,2685,216,302,518
9603,"SEX ABUSE","38.8897761049","-76.9413990624",146,193,339,1514,1171,2685,216,302,518
9603,"THEFT F/AUTO","38.8926713509","-76.9489814573",146,193,339,1514,1171,2685,216,302,518
9603,"THEFT/OTHER","38.89138921","-76.9426195786",146,193,339,1514,1171,2685,216,302,518
9603,"MOTOR VEHICLE THEFT","38.8926722048","-76.9509756295",146,193,339,1514,1171,2685,216,302,518
9603,"THEFT/OTHER","38.8913213611","-76.9519678619",146,193,339,1514,1171,2685,216,302,518
9603,"MOTOR VEHICLE THEFT","38.89138921","-76.9426195786",146,193,339,1514,1171,2685,216,302,518
9603,"ROBBERY","38.8944733045","-76.9496256975",146,193,339,1514,1171,2685,216,302,518
9603,"THEFT/OTHER","38.8911169135","-76.9385969585",146,193,339,1514,1171,2685,216,302,518
9603,"THEFT/OTHER","38.8918840754","-76.9414203847",146,193,339,1514,1171,2685,216,302,518
9603,"HOMICIDE","38.8931585062","-76.9506179556",146,193,339,1514,1171,2685,216,302,518
9603,"THEFT/OTHER","38.8948602173","-76.9485994889",146,193,339,1514,1171,2685,216,302,518
9603,"MOTOR VEHICLE THEFT","38.8903598202","-76.9378599052",146,193,339,1514,1171,2685,216,302,518
9603,"THEFT/OTHER","38.8911169135","-76.9385969585",146,193,339,1514,1171,2685,216,302,518
9603,"ASSAULT W/DANGEROUS WEAPON","38.8897832776","-76.9580664388",146,193,339,1514,1171,2685,216,302,518
9603,"THEFT/OTHER","38.8933460852","-76.946975256",146,193,339,1514,1171,2685,216,302,518
9603,"THEFT/OTHER","38.8943101422","-76.947331885",146,193,339,1514,1171,2685,216,302,518
9603,"THEFT/OTHER","38.8933460852","-76.946975256",146,193,339,1514,1171,2685,216,302,518
9603,"THEFT/OTHER","38.8902136604","-76.9527754705",146,193,339,1514,1171,2685,216,302,518
9603,"THEFT/OTHER","38.8911169135","-76.9385969585",146,193,339,1514,1171,2685,216,302,518
9603,"MOTOR VEHICLE THEFT","38.8913213611","-76.9519678619",146,193,339,1514,1171,2685,216,302,518
9603,"THEFT F/AUTO","38.891637039","-76.9529128505",146,193,339,1514,1171,2685,216,302,518
9603,"ASSAULT W/DANGEROUS WEAPON","38.8918176336","-76.9539847304",146,193,339,1514,1171,2685,216,302,518
9604,"THEFT F/AUTO","38.8951971078","-76.9575099405",99,148,247,1027,505,1532,220,185,405
9604,"MOTOR VEHICLE THEFT","38.8913774713","-76.9572701525",99,148,247,1027,505,1532,220,185,405
9604,"ASSAULT W/DANGEROUS WEAPON","38.8899549211","-76.9594379999",99,148,247,1027,505,1532,220,185,405
9604,"THEFT/OTHER","38.89223296","-76.9564397005",99,148,247,1027,505,1532,220,185,405
9604,"THEFT F/AUTO","38.8913774713","-76.9572701525",99,148,247,1027,505,1532,220,185,405
9604,"MOTOR VEHICLE THEFT","38.8935579251","-76.9584561433",99,148,247,1027,505,1532,220,185,405
9604,"THEFT F/AUTO","38.8956915555","-76.9548122115",99,148,247,1027,505,1532,220,185,405
9604,"MOTOR VEHICLE THEFT","38.895636374","-76.9519764841",99,148,247,1027,505,1532,220,185,405
9604,"THEFT/OTHER","38.8935579251","-76.9584561433",99,148,247,1027,505,1532,220,185,405
9604,"MOTOR VEHICLE THEFT","38.8967200122","-76.9588808254",99,148,247,1027,505,1532,220,185,405
9604,"ROBBERY","38.8918278815","-76.957246829",99,148,247,1027,505,1532,220,185,405
9604,"ROBBERY","38.8967200122","-76.9588808254",99,148,247,1027,505,1532,220,185,405
9604,"ASSAULT W/DANGEROUS WEAPON","38.8941608066","-76.9565883777",99,148,247,1027,505,1532,220,185,405
9604,"BURGLARY","38.8899549211","-76.9594379999",99,148,247,1027,505,1532,220,185,405
9604,"MOTOR VEHICLE THEFT","38.8906034397","-76.959195571",99,148,247,1027,505,1532,220,185,405
9604,"SEX ABUSE","38.8941608066","-76.9565883777",99,148,247,1027,505,1532,220,185,405
9604,"THEFT F/AUTO","38.8924234413","-76.9600936336",99,148,247,1027,505,1532,220,185,405
9604,"MOTOR VEHICLE THEFT","38.894763867","-76.9552623657",99,148,247,1027,505,1532,220,185,405
9604,"THEFT F/AUTO","38.894763867","-76.9552623657",99,148,247,1027,505,1532,220,185,405
9604,"THEFT F/AUTO","38.8919906116","-76.9588604975",99,148,247,1027,505,1532,220,185,405
9604,"THEFT F/AUTO","38.8899549211","-76.9594379999",99,148,247,1027,505,1532,220,185,405
9604,"THEFT/OTHER","38.8899549211","-76.9594379999",99,148,247,1027,505,1532,220,185,405
9604,"THEFT/OTHER","38.8912789503","-76.9588609078",99,148,247,1027,505,1532,220,185,405
9604,"ASSAULT W/DANGEROUS WEAPON","38.8943312924","-76.9548130731",99,148,247,1027,505,1532,220,185,405
9604,"THEFT/OTHER","38.8963046382","-76.956160552",99,148,247,1027,505,1532,220,185,405
9604,"THEFT/OTHER","38.8924234413","-76.9600936336",99,148,247,1027,505,1532,220,185,405
9604,"THEFT F/AUTO","38.8913774713","-76.9572701525",99,148,247,1027,505,1532,220,185,405
9604,"HOMICIDE","38.89223296","-76.9564397005",99,148,247,1027,505,1532,220,185,405
9604,"ROBBERY","38.8944584218","-76.9575103804",99,148,247,1027,505,1532,220,185,405
9604,"THEFT/OTHER","38.8967200122","-76.9588808254",99,148,247,1027,505,1532,220,185,405
9604,"ASSAULT W/DANGEROUS WEAPON","38.8941608066","-76.9565883777",99,148,247,1027,505,1532,220,185,405
9604,"THEFT F/AUTO","38.8935579251","-76.9584561433",99,148,247,1027,505,1532,220,185,405
9604,"THEFT F/AUTO","38.8958735152","-76.9597112953",99,148,247,1027,505,1532,220,185,405
9604,"THEFT F/AUTO","38.8967200122","-76.9588808254",99,148,247,1027,505,1532,220,185,405
9604,"THEFT F/AUTO","38.8935579251","-76.9584561433",99,148,247,1027,505,1532,220,185,405
9604,"THEFT F/AUTO","38.8944681744","-76.9596083433",99,148,247,1027,505,1532,220,185,405
9604,"MOTOR VEHICLE THEFT","38.8967200122","-76.9588808254",99,148,247,1027,505,1532,220,185,405
9604,"ROBBERY","38.8960799275","-76.9575094147",99,148,247,1027,505,1532,220,185,405
9604,"THEFT F/AUTO","38.8923774888","-76.9575116198",99,148,247,1027,505,1532,220,185,405
9604,"ROBBERY","38.8958735152","-76.9597112953",99,148,247,1027,505,1532,220,185,405
9604,"MOTOR VEHICLE THEFT","38.8907471114","-76.9578929718",99,148,247,1027,505,1532,220,185,405
9604,"ASSAULT W/DANGEROUS WEAPON","38.8899463578","-76.9607405071",99,148,247,1027,505,1532,220,185,405
9604,"MOTOR VEHICLE THEFT","38.8951971078","-76.9575099405",99,148,247,1027,505,1532,220,185,405
9604,"ASSAULT W/DANGEROUS WEAPON","38.8967200122","-76.9588808254",99,148,247,1027,505,1532,220,185,405
9604,"MOTOR VEHICLE THEFT","38.8899549211","-76.9594379999",99,148,247,1027,505,1532,220,185,405
9604,"THEFT F/AUTO","38.8963046382","-76.956160552",99,148,247,1027,505,1532,220,185,405
9604,"THEFT/OTHER","38.8970652206","-76.9618236533",99,148,247,1027,505,1532,220,185,405
9604,"THEFT/OTHER","38.8963046382","-76.956160552",99,148,247,1027,505,1532,220,185,405
9604,"THEFT/OTHER","38.8963046382","-76.956160552",99,148,247,1027,505,1532,220,185,405
9604,"THEFT/OTHER","38.8963046382","-76.956160552",99,148,247,1027,505,1532,220,185,405
9604,"MOTOR VEHICLE THEFT","38.8941608066","-76.9565883777",99,148,247,1027,505,1532,220,185,405
9604,"THEFT/OTHER","38.8967200122","-76.9588808254",99,148,247,1027,505,1532,220,185,405
9604,"MOTOR VEHICLE THEFT","38.8938548612","-76.9575107399",99,148,247,1027,505,1532,220,185,405
9604,"THEFT F/AUTO","38.8954488436","-76.9561610779",99,148,247,1027,505,1532,220,185,405
9604,"THEFT F/AUTO","38.8912789503","-76.9588609078",99,148,247,1027,505,1532,220,185,405
9604,"MOTOR VEHICLE THEFT","38.8935579251","-76.9584561433",99,148,247,1027,505,1532,220,185,405
9604,"THEFT F/AUTO","38.8943312924","-76.9548130731",99,148,247,1027,505,1532,220,185,405
9604,"THEFT F/AUTO","38.8909734778","-76.9612355915",99,148,247,1027,505,1532,220,185,405
9604,"THEFT F/AUTO","38.8899549211","-76.9594379999",99,148,247,1027,505,1532,220,185,405
9604,"THEFT/OTHER","38.8950249366","-76.9548126337",99,148,247,1027,505,1532,220,185,405
9604,"MOTOR VEHICLE THEFT","38.8963046382","-76.956160552",99,148,247,1027,505,1532,220,185,405
9604,"THEFT F/AUTO","38.894763867","-76.9552623657",99,148,247,1027,505,1532,220,185,405
9604,"THEFT F/AUTO","38.8927742665","-76.9586525591",99,148,247,1027,505,1532,220,185,405
9604,"ROBBERY","38.8967200122","-76.9588808254",99,148,247,1027,505,1532,220,185,405
9604,"ASSAULT W/DANGEROUS WEAPON","38.8938548612","-76.9575107399",99,148,247,1027,505,1532,220,185,405
9604,"THEFT F/AUTO","38.8967200122","-76.9588808254",99,148,247,1027,505,1532,220,185,405
9604,"ASSAULT W/DANGEROUS WEAPON","38.8967200122","-76.9588808254",99,148,247,1027,505,1532,220,185,405
9604,"MOTOR VEHICLE THEFT","38.8927735607","-76.9567044921",99,148,247,1027,505,1532,220,185,405
9604,"MOTOR VEHICLE THEFT","38.89223296","-76.9564397005",99,148,247,1027,505,1532,220,185,405
9604,"THEFT F/AUTO","38.8913774713","-76.9572701525",99,148,247,1027,505,1532,220,185,405
9604,"THEFT F/AUTO","38.8919906116","-76.9588604975",99,148,247,1027,505,1532,220,185,405
9604,"THEFT/OTHER","38.8967200122","-76.9588808254",99,148,247,1027,505,1532,220,185,405
9604,"THEFT F/AUTO","38.8909734778","-76.9612355915",99,148,247,1027,505,1532,220,185,405
9604,"THEFT/OTHER","38.8938647329","-76.959954501",99,148,247,1027,505,1532,220,185,405
9604,"THEFT F/AUTO","38.8943312924","-76.9548130731",99,148,247,1027,505,1532,220,185,405
9604,"THEFT/OTHER","38.8902248157","-76.9584235043",99,148,247,1027,505,1532,220,185,405
9604,"THEFT F/AUTO","38.8941608066","-76.9565883777",99,148,247,1027,505,1532,220,185,405
9604,"THEFT F/AUTO","38.8919906116","-76.9588604975",99,148,247,1027,505,1532,220,185,405
9604,"THEFT F/AUTO","38.8947650708","-76.9585246044",99,148,247,1027,505,1532,220,185,405
9604,"THEFT F/AUTO","38.8947650708","-76.9585246044",99,148,247,1027,505,1532,220,185,405
9604,"THEFT/OTHER","38.8963046382","-76.956160552",99,148,247,1027,505,1532,220,185,405
9604,"THEFT F/AUTO","38.8947645376","-76.9570491042",99,148,247,1027,505,1532,220,185,405
9604,"THEFT F/AUTO","38.8931702252","-76.9575111477",99,148,247,1027,505,1532,220,185,405
9604,"THEFT F/AUTO","38.89223296","-76.9564397005",99,148,247,1027,505,1532,220,185,405
9604,"MOTOR VEHICLE THEFT","38.8954488436","-76.9561610779",99,148,247,1027,505,1532,220,185,405
9604,"THEFT/OTHER","38.8947645376","-76.9570491042",99,148,247,1027,505,1532,220,185,405
9700,"HOMICIDE","38.834586581","-76.9877452403",23,299,322,1209,645,1854,555,74,629
9700,"MOTOR VEHICLE THEFT","38.834586581","-76.9877452403",23,299,322,1209,645,1854,555,74,629
9700,"ASSAULT W/DANGEROUS WEAPON","38.8314606881","-76.9881603933",23,299,322,1209,645,1854,555,74,629
9700,"ROBBERY","38.8291999166","-76.9923989368",23,299,322,1209,645,1854,555,74,629
9700,"ROBBERY","38.8333523915","-76.9874575163",23,299,322,1209,645,1854,555,74,629
9700,"THEFT/OTHER","38.8323614987","-76.9878147258",23,299,322,1209,645,1854,555,74,629
9700,"THEFT/OTHER","38.8356586738","-76.9885973738",23,299,322,1209,645,1854,555,74,629
9700,"ASSAULT W/DANGEROUS WEAPON","38.834586581","-76.9877452403",23,299,322,1209,645,1854,555,74,629
9700,"MOTOR VEHICLE THEFT","38.8353886692","-76.9915229281",23,299,322,1209,645,1854,555,74,629
9700,"THEFT F/AUTO","38.8298124652","-76.9919957814",23,299,322,1209,645,1854,555,74,629
9700,"THEFT/OTHER","38.8314606881","-76.9881603933",23,299,322,1209,645,1854,555,74,629
9700,"MOTOR VEHICLE THEFT","38.831965371","-76.9904407169",23,299,322,1209,645,1854,555,74,629
9700,"THEFT/OTHER","38.8366768162","-76.9907049994",23,299,322,1209,645,1854,555,74,629
9700,"THEFT F/AUTO","38.8336314126","-76.9853843213",23,299,322,1209,645,1854,555,74,629
9700,"THEFT/OTHER","38.8311995674","-76.9894618672",23,299,322,1209,645,1854,555,74,629
9700,"THEFT/OTHER","38.834586581","-76.9877452403",23,299,322,1209,645,1854,555,74,629
9700,"BURGLARY","38.8336314126","-76.9853843213",23,299,322,1209,645,1854,555,74,629
9700,"ROBBERY","38.8298124652","-76.9919957814",23,299,322,1209,645,1854,555,74,629
9700,"MOTOR VEHICLE THEFT","38.837289143","-76.9879866558",23,299,322,1209,645,1854,555,74,629
9700,"ASSAULT W/DANGEROUS WEAPON","38.8323614987","-76.9878147258",23,299,322,1209,645,1854,555,74,629
9700,"THEFT/OTHER","38.8296234272","-76.9943913034",23,299,322,1209,645,1854,555,74,629
9700,"MOTOR VEHICLE THEFT","38.834586581","-76.9877452403",23,299,322,1209,645,1854,555,74,629
9700,"ASSAULT W/DANGEROUS WEAPON","38.8327307051","-76.9865362389",23,299,322,1209,645,1854,555,74,629
9700,"THEFT F/AUTO","38.8291999166","-76.9923989368",23,299,322,1209,645,1854,555,74,629
9700,"THEFT/OTHER","38.8291999166","-76.9923989368",23,299,322,1209,645,1854,555,74,629
9700,"ROBBERY","38.8291999166","-76.9923989368",23,299,322,1209,645,1854,555,74,629
9700,"ASSAULT W/DANGEROUS WEAPON","38.8361991923","-76.9887124664",23,299,322,1209,645,1854,555,74,629
9700,"ROBBERY","38.837289143","-76.9879866558",23,299,322,1209,645,1854,555,74,629
9700,"MOTOR VEHICLE THEFT","38.8351088883","-76.986109635",23,299,322,1209,645,1854,555,74,629
9700,"ASSAULT W/DANGEROUS WEAPON","38.834586581","-76.9877452403",23,299,322,1209,645,1854,555,74,629
9700,"ROBBERY","38.8352533177","-76.9888508288",23,299,322,1209,645,1854,555,74,629
9700,"THEFT F/AUTO","38.8302627078","-76.9896923442",23,299,322,1209,645,1854,555,74,629
9700,"THEFT/OTHER","38.8358928181","-76.9878486766",23,299,322,1209,645,1854,555,74,629
9700,"ROBBERY","38.837298405","-76.9907740269",23,299,322,1209,645,1854,555,74,629
9700,"BURGLARY","38.8311995674","-76.9894618672",23,299,322,1209,645,1854,555,74,629
9700,"THEFT F/AUTO","38.8316231553","-76.9918343383",23,299,322,1209,645,1854,555,74,629
9700,"ROBBERY","38.8333523915","-76.9874575163",23,299,322,1209,645,1854,555,74,629
9700,"THEFT/OTHER","38.8336314126","-76.9853843213",23,299,322,1209,645,1854,555,74,629
9700,"THEFT F/AUTO","38.836235513","-76.9922254193",23,299,322,1209,645,1854,555,74,629
9700,"THEFT/OTHER","38.8329651581","-76.9887360123",23,299,322,1209,645,1854,555,74,629
9700,"MOTOR VEHICLE THEFT","38.8327307051","-76.9865362389",23,299,322,1209,645,1854,555,74,629
9700,"HOMICIDE","38.834586581","-76.9877452403",23,299,322,1209,645,1854,555,74,629
9700,"THEFT F/AUTO","38.8302627078","-76.9896923442",23,299,322,1209,645,1854,555,74,629
9700,"ASSAULT W/DANGEROUS WEAPON","38.8323614987","-76.9878147258",23,299,322,1209,645,1854,555,74,629
9700,"ROBBERY","38.8314606881","-76.9881603933",23,299,322,1209,645,1854,555,74,629
9700,"ASSAULT W/DANGEROUS WEAPON","38.8347040163","-76.9913847976",23,299,322,1209,645,1854,555,74,629
9700,"ROBBERY","38.8360732432","-76.9906244529",23,299,322,1209,645,1854,555,74,629
9700,"THEFT F/AUTO","38.8298124652","-76.9919957814",23,299,322,1209,645,1854,555,74,629
9700,"MOTOR VEHICLE THEFT","38.8336314126","-76.9853843213",23,299,322,1209,645,1854,555,74,629
9700,"ROBBERY","38.8349110767","-76.9897262262",23,299,322,1209,645,1854,555,74,629
9700,"ASSAULT W/DANGEROUS WEAPON","38.837298405","-76.9907740269",23,299,322,1209,645,1854,555,74,629
9700,"THEFT F/AUTO","38.834586581","-76.9877452403",23,299,322,1209,645,1854,555,74,629
9700,"THEFT/OTHER","38.837289143","-76.9879866558",23,299,322,1209,645,1854,555,74,629
9700,"ASSAULT W/DANGEROUS WEAPON","38.8296234272","-76.9943913034",23,299,322,1209,645,1854,555,74,629
9700,"ASSAULT W/DANGEROUS WEAPON","38.8314606881","-76.9881603933",23,299,322,1209,645,1854,555,74,629
9700,"ASSAULT W/DANGEROUS WEAPON","38.837298405","-76.9907740269",23,299,322,1209,645,1854,555,74,629
9700,"THEFT/OTHER","38.8296234272","-76.9943913034",23,299,322,1209,645,1854,555,74,629
9700,"HOMICIDE","38.8323614987","-76.9878147258",23,299,322,1209,645,1854,555,74,629
9700,"THEFT/OTHER","38.8291999166","-76.9923989368",23,299,322,1209,645,1854,555,74,629
9700,"THEFT F/AUTO","38.8327038743","-76.9883444644",23,299,322,1209,645,1854,555,74,629
9700,"ASSAULT W/DANGEROUS WEAPON","38.8323614987","-76.9878147258",23,299,322,1209,645,1854,555,74,629
9700,"ROBBERY","38.8333075295","-76.9892657599",23,299,322,1209,645,1854,555,74,629
9700,"MOTOR VEHICLE THEFT","38.8363616782","-76.9929625523",23,299,322,1209,645,1854,555,74,629
9700,"THEFT/OTHER","38.837298405","-76.9907740269",23,299,322,1209,645,1854,555,74,629
9700,"MOTOR VEHICLE THEFT","38.837298405","-76.9907740269",23,299,322,1209,645,1854,555,74,629
9700,"ROBBERY","38.831965371","-76.9904407169",23,299,322,1209,645,1854,555,74,629
9700,"ASSAULT W/DANGEROUS WEAPON","38.8329651581","-76.9887360123",23,299,322,1209,645,1854,555,74,629
9700,"MOTOR VEHICLE THEFT","38.837298405","-76.9907740269",23,299,322,1209,645,1854,555,74,629
9700,"MOTOR VEHICLE THEFT","38.834586581","-76.9877452403",23,299,322,1209,645,1854,555,74,629
9700,"MOTOR VEHICLE THEFT","38.8323614987","-76.9878147258",23,299,322,1209,645,1854,555,74,629
9700,"ROBBERY","38.8361991923","-76.9887124664",23,299,322,1209,645,1854,555,74,629
9700,"MOTOR VEHICLE THEFT","38.8291999166","-76.9923989368",23,299,322,1209,645,1854,555,74,629
9700,"BURGLARY","38.8298124652","-76.9919957814",23,299,322,1209,645,1854,555,74,629
9700,"MOTOR VEHICLE THEFT","38.8291999166","-76.9923989368",23,299,322,1209,645,1854,555,74,629
9700,"THEFT/OTHER","38.8361991923","-76.9887124664",23,299,322,1209,645,1854,555,74,629
9700,"THEFT F/AUTO","38.8306322022","-76.9915234928",23,299,322,1209,645,1854,555,74,629
9700,"ASSAULT W/DANGEROUS WEAPON","38.8327307051","-76.9865362389",23,299,322,1209,645,1854,555,74,629
9700,"MOTOR VEHICLE THEFT","38.834586581","-76.9877452403",23,299,322,1209,645,1854,555,74,629
9700,"MOTOR VEHICLE THEFT","38.8361991923","-76.9887124664",23,299,322,1209,645,1854,555,74,629
9801,"ASSAULT W/DANGEROUS WEAPON","38.8336498975","-76.989783995",331,53,384,684,366,1050,70,44,114
9801,"THEFT F/AUTO","38.833019556","-76.9932277814",331,53,384,684,366,1050,70,44,114
9801,"THEFT/OTHER","38.8340644449","-76.9917879889",331,53,384,684,366,1050,70,44,114
9801,"THEFT F/AUTO","38.8321279134","-77.0005758617",331,53,384,684,366,1050,70,44,114
9801,"MOTOR VEHICLE THEFT","38.8332089036","-76.9975122396",331,53,384,684,366,1050,70,44,114
9801,"MOTOR VEHICLE THEFT","38.8332089036","-76.9975122396",331,53,384,684,366,1050,70,44,114
9801,"ASSAULT W/DANGEROUS WEAPON","38.8316324493","-76.9998963456",331,53,384,684,366,1050,70,44,114
9801,"ASSAULT W/DANGEROUS WEAPON","38.8348843591","-76.9941950896",331,53,384,684,366,1050,70,44,114
9801,"THEFT/OTHER","38.8320376131","-76.9928823579",331,53,384,684,366,1050,70,44,114
9801,"THEFT F/AUTO","38.8320376131","-76.9928823579",331,53,384,684,366,1050,70,44,114
9801,"MOTOR VEHICLE THEFT","38.8330107436","-76.9997235829",331,53,384,684,366,1050,70,44,114
9801,"ASSAULT W/DANGEROUS WEAPON","38.8316324493","-76.9998963456",331,53,384,684,366,1050,70,44,114
9801,"ASSAULT W/DANGEROUS WEAPON","38.8332089036","-76.9975122396",331,53,384,684,366,1050,70,44,114
9801,"ROBBERY","38.8345151425","-76.9981802161",331,53,384,684,366,1050,70,44,114
9801,"THEFT/OTHER","38.8336498975","-76.989783995",331,53,384,684,366,1050,70,44,114
9801,"HOMICIDE","38.8330107436","-76.9997235829",331,53,384,684,366,1050,70,44,114
9801,"THEFT F/AUTO","38.8348843591","-76.9941950896",331,53,384,684,366,1050,70,44,114
9801,"ASSAULT W/DANGEROUS WEAPON","38.8333888419","-76.9922487642",331,53,384,684,366,1050,70,44,114
9801,"ASSAULT W/DANGEROUS WEAPON","38.8316324493","-76.9998963456",331,53,384,684,366,1050,70,44,114
9801,"ROBBERY","38.832523951","-76.9911431974",331,53,384,684,366,1050,70,44,114
9801,"THEFT/OTHER","38.8316324493","-76.9998963456",331,53,384,684,366,1050,70,44,114
9801,"ASSAULT W/DANGEROUS WEAPON","38.8311099571","-77.0005758535",331,53,384,684,366,1050,70,44,114
9801,"ROBBERY","38.8329022309","-76.990198727",331,53,384,684,366,1050,70,44,114
9801,"MOTOR VEHICLE THEFT","38.8316324493","-76.9998963456",331,53,384,684,366,1050,70,44,114
9801,"MOTOR VEHICLE THEFT","38.8336498975","-76.989783995",331,53,384,684,366,1050,70,44,114
9801,"BURGLARY","38.8320376131","-76.9928823579",331,53,384,684,366,1050,70,44,114
9801,"THEFT F/AUTO","38.8332089036","-76.9975122396",331,53,384,684,366,1050,70,44,114
9801,"THEFT/OTHER","38.8319747531","-77.0020385462",331,53,384,684,366,1050,70,44,114
9801,"THEFT/OTHER","38.8332089036","-76.9975122396",331,53,384,684,366,1050,70,44,114
9801,"ASSAULT W/DANGEROUS WEAPON","38.8332089036","-76.9975122396",331,53,384,684,366,1050,70,44,114
9801,"THEFT/OTHER","38.8332089036","-76.9975122396",331,53,384,684,366,1050,70,44,114
9801,"THEFT F/AUTO","38.8332089036","-76.9975122396",331,53,384,684,366,1050,70,44,114
9801,"THEFT F/AUTO","38.8348843591","-76.9941950896",331,53,384,684,366,1050,70,44,114
9801,"ASSAULT W/DANGEROUS WEAPON","38.8316324493","-76.9998963456",331,53,384,684,366,1050,70,44,114
9801,"THEFT/OTHER","38.8336498975","-76.989783995",331,53,384,684,366,1050,70,44,114
9801,"MOTOR VEHICLE THEFT","38.8348843591","-76.9941950896",331,53,384,684,366,1050,70,44,114
9801,"ASSAULT W/DANGEROUS WEAPON","38.8348843591","-76.9941950896",331,53,384,684,366,1050,70,44,114
9801,"ROBBERY","38.8328843235","-76.9916038469",331,53,384,684,366,1050,70,44,114
9801,"ASSAULT W/DANGEROUS WEAPON","38.8311099571","-77.0005758535",331,53,384,684,366,1050,70,44,114
9801,"BURGLARY","38.8328843235","-76.9916038469",331,53,384,684,366,1050,70,44,114
9801,"ROBBERY","38.832523951","-76.9911431974",331,53,384,684,366,1050,70,44,114
9801,"ASSAULT W/DANGEROUS WEAPON","38.8340644449","-76.9917879889",331,53,384,684,366,1050,70,44,114
9801,"ASSAULT W/DANGEROUS WEAPON","38.8320376131","-76.9928823579",331,53,384,684,366,1050,70,44,114
9801,"MOTOR VEHICLE THEFT","38.8320376131","-76.9928823579",331,53,384,684,366,1050,70,44,114
9801,"THEFT/OTHER","38.8316324493","-76.9998963456",331,53,384,684,366,1050,70,44,114
9801,"ROBBERY","38.8336498975","-76.989783995",331,53,384,684,366,1050,70,44,114
9801,"MOTOR VEHICLE THEFT","38.8330107436","-76.9997235829",331,53,384,684,366,1050,70,44,114
9801,"THEFT F/AUTO","38.8345151425","-76.9981802161",331,53,384,684,366,1050,70,44,114
9801,"THEFT/OTHER","38.8348843591","-76.9941950896",331,53,384,684,366,1050,70,44,114
9801,"ASSAULT W/DANGEROUS WEAPON","38.8332089036","-76.9975122396",331,53,384,684,366,1050,70,44,114
9801,"MOTOR VEHICLE THEFT","38.8333888419","-76.9922487642",331,53,384,684,366,1050,70,44,114
9801,"THEFT F/AUTO","38.8348843591","-76.9941950896",331,53,384,684,366,1050,70,44,114
9801,"THEFT/OTHER","38.8328843235","-76.9916038469",331,53,384,684,366,1050,70,44,114
9801,"THEFT/OTHER","38.8319747531","-77.0020385462",331,53,384,684,366,1050,70,44,114
9801,"THEFT/OTHER","38.8348843591","-76.9941950896",331,53,384,684,366,1050,70,44,114
9801,"ROBBERY","38.8319747531","-77.0020385462",331,53,384,684,366,1050,70,44,114
9801,"ROBBERY","38.8340644449","-76.9917879889",331,53,384,684,366,1050,70,44,114
9801,"BURGLARY","38.8328843235","-76.9916038469",331,53,384,684,366,1050,70,44,114
9801,"ROBBERY","38.8333888419","-76.9922487642",331,53,384,684,366,1050,70,44,114
9801,"THEFT/OTHER","38.8336498975","-76.989783995",331,53,384,684,366,1050,70,44,114
9801,"MOTOR VEHICLE THEFT","38.8348843591","-76.9941950896",331,53,384,684,366,1050,70,44,114
9801,"THEFT/OTHER","38.8336498975","-76.989783995",331,53,384,684,366,1050,70,44,114
9801,"BURGLARY","38.8336498975","-76.989783995",331,53,384,684,366,1050,70,44,114
9801,"MOTOR VEHICLE THEFT","38.8336498975","-76.989783995",331,53,384,684,366,1050,70,44,114
9801,"MOTOR VEHICLE THEFT","38.8345151425","-76.9981802161",331,53,384,684,366,1050,70,44,114
9802,"THEFT/OTHER","38.8292001632","-76.9995393295",112,106,218,776,518,1294,116,141,257
9802,"THEFT/OTHER","38.8316231553","-76.9918343383",112,106,218,776,518,1294,116,141,257
9802,"THEFT/OTHER","38.8309477561","-76.9965794378",112,106,218,776,518,1294,116,141,257
9802,"THEFT F/AUTO","38.8300739229","-76.996187905",112,106,218,776,518,1294,116,141,257
9802,"ASSAULT W/DANGEROUS WEAPON","38.8300739229","-76.996187905",112,106,218,776,518,1294,116,141,257
9802,"ROBBERY","38.8309477561","-76.9965794378",112,106,218,776,518,1294,116,141,257
9802,"MOTOR VEHICLE THEFT","38.8309477561","-76.9965794378",112,106,218,776,518,1294,116,141,257
9802,"MOTOR VEHICLE THEFT","38.8296415693","-76.9985028116",112,106,218,776,518,1294,116,141,257
9802,"THEFT/OTHER","38.8292001632","-76.9995393295",112,106,218,776,518,1294,116,141,257
9802,"THEFT/OTHER","38.8320376131","-76.9928823579",112,106,218,776,518,1294,116,141,257
9802,"ASSAULT W/DANGEROUS WEAPON","38.8319837398","-76.9969594562",112,106,218,776,518,1294,116,141,257
9802,"ROBBERY","38.8300739229","-76.996187905",112,106,218,776,518,1294,116,141,257
9802,"THEFT F/AUTO","38.8316231553","-76.9918343383",112,106,218,776,518,1294,116,141,257
9802,"ROBBERY","38.8316231553","-76.9918343383",112,106,218,776,518,1294,116,141,257
9802,"THEFT/OTHER","38.8316231553","-76.9918343383",112,106,218,776,518,1294,116,141,257
9802,"ASSAULT W/DANGEROUS WEAPON","38.8316231553","-76.9918343383",112,106,218,776,518,1294,116,141,257
9802,"MOTOR VEHICLE THEFT","38.8309477561","-76.9965794378",112,106,218,776,518,1294,116,141,257
9802,"ASSAULT W/DANGEROUS WEAPON","38.8309478053","-76.9995393182",112,106,218,776,518,1294,116,141,257
9802,"MOTOR VEHICLE THEFT","38.8296234272","-76.9943913034",112,106,218,776,518,1294,116,141,257
9802,"THEFT F/AUTO","38.8309478053","-76.9995393182",112,106,218,776,518,1294,116,141,257
9802,"HOMICIDE","38.8309477561","-76.9965794378",112,106,218,776,518,1294,116,141,257
9802,"ASSAULT W/DANGEROUS WEAPON","38.8316231553","-76.9918343383",112,106,218,776,518,1294,116,141,257
9802,"ASSAULT W/DANGEROUS WEAPON","38.8292001632","-76.9995393295",112,106,218,776,518,1294,116,141,257
9802,"THEFT/OTHER","38.8316231553","-76.9918343383",112,106,218,776,518,1294,116,141,257
9802,"ROBBERY","38.8292000794","-76.9955545297",112,106,218,776,518,1294,116,141,257
9802,"SEX ABUSE","38.8300739843","-76.9995393239",112,106,218,776,518,1294,116,141,257
9802,"THEFT/OTHER","38.8316231553","-76.9918343383",112,106,218,776,518,1294,116,141,257
9802,"ASSAULT W/DANGEROUS WEAPON","38.8296234272","-76.9943913034",112,106,218,776,518,1294,116,141,257
9802,"ROBBERY","38.8296234272","-76.9943913034",112,106,218,776,518,1294,116,141,257
9802,"MOTOR VEHICLE THEFT","38.8316231553","-76.9918343383",112,106,218,776,518,1294,116,141,257
9802,"ASSAULT W/DANGEROUS WEAPON","38.8316231553","-76.9918343383",112,106,218,776,518,1294,116,141,257
9802,"THEFT F/AUTO","38.8300739843","-76.9995393239",112,106,218,776,518,1294,116,141,257
9802,"THEFT/OTHER","38.8309478053","-76.9995393182",112,106,218,776,518,1294,116,141,257
9802,"THEFT F/AUTO","38.8300739843","-76.9995393239",112,106,218,776,518,1294,116,141,257
9802,"THEFT/OTHER","38.8300739229","-76.996187905",112,106,218,776,518,1294,116,141,257
9802,"ASSAULT W/DANGEROUS WEAPON","38.8316231553","-76.9918343383",112,106,218,776,518,1294,116,141,257
9802,"THEFT/OTHER","38.8300739229","-76.996187905",112,106,218,776,518,1294,116,141,257
9802,"MOTOR VEHICLE THEFT","38.8300739229","-76.996187905",112,106,218,776,518,1294,116,141,257
9802,"MOTOR VEHICLE THEFT","38.8300739229","-76.996187905",112,106,218,776,518,1294,116,141,257
9802,"THEFT F/AUTO","38.8300739229","-76.996187905",112,106,218,776,518,1294,116,141,257
9802,"SEX ABUSE","38.8300739229","-76.996187905",112,106,218,776,518,1294,116,141,257
9802,"ASSAULT W/DANGEROUS WEAPON","38.8316231553","-76.9918343383",112,106,218,776,518,1294,116,141,257
9802,"THEFT F/AUTO","38.8316231553","-76.9918343383",112,106,218,776,518,1294,116,141,257
9802,"THEFT/OTHER","38.830956644","-76.9936886589",112,106,218,776,518,1294,116,141,257
9802,"ASSAULT W/DANGEROUS WEAPON","38.8292001343","-76.9973626614",112,106,218,776,518,1294,116,141,257
9802,"MOTOR VEHICLE THEFT","38.8300739229","-76.996187905",112,106,218,776,518,1294,116,141,257
9802,"THEFT F/AUTO","38.8292000794","-76.9955545297",112,106,218,776,518,1294,116,141,257
9802,"ASSAULT W/DANGEROUS WEAPON","38.8314701742","-76.9946445352",112,106,218,776,518,1294,116,141,257
9802,"ROBBERY","38.8300739843","-76.9995393239",112,106,218,776,518,1294,116,141,257
9802,"THEFT/OTHER","38.8319837398","-76.9969594562",112,106,218,776,518,1294,116,141,257
9802,"THEFT/OTHER","38.8292001632","-76.9995393295",112,106,218,776,518,1294,116,141,257
9802,"ASSAULT W/DANGEROUS WEAPON","38.8316231553","-76.9918343383",112,106,218,776,518,1294,116,141,257
9802,"ROBBERY","38.8300739229","-76.996187905",112,106,218,776,518,1294,116,141,257
9802,"MOTOR VEHICLE THEFT","38.8320376131","-76.9928823579",112,106,218,776,518,1294,116,141,257
9802,"BURGLARY","38.8300739229","-76.996187905",112,106,218,776,518,1294,116,141,257
9802,"ROBBERY","38.8300739229","-76.996187905",112,106,218,776,518,1294,116,141,257
9802,"THEFT F/AUTO","38.8300739229","-76.996187905",112,106,218,776,518,1294,116,141,257
9802,"THEFT/OTHER","38.8316231553","-76.9918343383",112,106,218,776,518,1294,116,141,257
9802,"MOTOR VEHICLE THEFT","38.8300739229","-76.996187905",112,106,218,776,518,1294,116,141,257
9802,"MOTOR VEHICLE THEFT","38.8300739229","-76.996187905",112,106,218,776,518,1294,116,141,257
9802,"ROBBERY","38.8300739229","-76.996187905",112,106,218,776,518,1294,116,141,257
9802,"BURGLARY","38.8316231553","-76.9918343383",112,106,218,776,518,1294,116,141,257
9803,"ASSAULT W/DANGEROUS WEAPON","38.8320467473","-77.0046184059",20,416,436,1127,583,1710,155,19,174
9803,"THEFT/OTHER","38.8379833568","-77.0035936719",20,416,436,1127,583,1710,155,19,174
9803,"MOTOR VEHICLE THEFT","38.8411273601","-77.0005759343",20,416,436,1127,583,1710,155,19,174
9803,"THEFT/OTHER","38.8370464988","-77.0028219169",20,416,436,1127,583,1710,155,19,174
9803,"ROBBERY","38.8364968682","-77.005897185",20,416,436,1127,583,1710,155,19,174
9803,"MOTOR VEHICLE THEFT","38.8415147108","-77.0018084436",20,416,436,1127,583,1710,155,19,174
9803,"BURGLARY","38.8336771516","-77.0071408405",20,416,436,1127,583,1710,155,19,174
9803,"THEFT/OTHER","38.835145649","-77.0048259253",20,416,436,1127,583,1710,155,19,174
9803,"ASSAULT W/DANGEROUS WEAPON","38.8324699442","-77.0082578969",20,416,436,1127,583,1710,155,19,174
9803,"MOTOR VEHICLE THEFT","38.8310738292","-77.0047219965",20,416,436,1127,583,1710,155,19,174
9803,"MOTOR VEHICLE THEFT","38.8324699442","-77.0082578969",20,416,436,1127,583,1710,155,19,174
9803,"ASSAULT W/DANGEROUS WEAPON","38.8324699442","-77.0082578969",20,416,436,1127,583,1710,155,19,174
9803,"ROBBERY","38.8316232925","-77.0058852653",20,416,436,1127,583,1710,155,19,174
9803,"ROBBERY","38.8312989391","-77.0067835725",20,416,436,1127,583,1710,155,19,174
9803,"ASSAULT W/DANGEROUS WEAPON","38.8336771516","-77.0071408405",20,416,436,1127,583,1710,155,19,174
9803,"THEFT/OTHER","38.8366770732","-77.005137014",20,416,436,1127,583,1710,155,19,174
9803,"ASSAULT W/DANGEROUS WEAPON","38.8324699442","-77.0082578969",20,416,436,1127,583,1710,155,19,174
9803,"ASSAULT W/DANGEROUS WEAPON","38.8337313205","-77.0048373472",20,416,436,1127,583,1710,155,19,174
9803,"THEFT/OTHER","38.8337402808","-77.0058854398",20,416,436,1127,583,1710,155,19,174
9803,"THEFT F/AUTO","38.837983296","-77.005206217",20,416,436,1127,583,1710,155,19,174
9803,"THEFT F/AUTO","38.8312989391","-77.0067835725",20,416,436,1127,583,1710,155,19,174
9803,"BURGLARY","38.8376049081","-77.0058972765",20,416,436,1127,583,1710,155,19,174
9803,"ASSAULT W/DANGEROUS WEAPON","38.8325421556","-77.0058853411",20,416,436,1127,583,1710,155,19,174
9803,"ASSAULT W/DANGEROUS WEAPON","38.8336771516","-77.0071408405",20,416,436,1127,583,1710,155,19,174
9803,"THEFT/OTHER","38.8324699442","-77.0082578969",20,416,436,1127,583,1710,155,19,174
9803,"THEFT F/AUTO","38.8356141719","-77.0019695433",20,416,436,1127,583,1710,155,19,174
9803,"THEFT/OTHER","38.8324699442","-77.0082578969",20,416,436,1127,583,1710,155,19,174
9803,"THEFT/OTHER","38.8394247631","-77.0005759206",20,416,436,1127,583,1710,155,19,174
9803,"ROBBERY","38.8310738292","-77.0047219965",20,416,436,1127,583,1710,155,19,174
9803,"THEFT/OTHER","38.8320467473","-77.0046184059",20,416,436,1127,583,1710,155,19,174
9803,"THEFT F/AUTO","38.8346232449","-77.0017621985",20,416,436,1127,583,1710,155,19,174
9803,"ROBBERY","38.8361006291","-77.0019350031",20,416,436,1127,583,1710,155,19,174
9803,"THEFT/OTHER","38.8348212628","-77.0065074831",20,416,436,1127,583,1710,155,19,174
9803,"THEFT/OTHER","38.8337313205","-77.0048373472",20,416,436,1127,583,1710,155,19,174
9803,"THEFT/OTHER","38.8368571508","-77.0069107986",20,416,436,1127,583,1710,155,19,174
9803,"MOTOR VEHICLE THEFT","38.8337313205","-77.0048373472",20,416,436,1127,583,1710,155,19,174
9803,"MOTOR VEHICLE THEFT","38.8337313205","-77.0048373472",20,416,436,1127,583,1710,155,19,174
9803,"THEFT/OTHER","38.8330106566","-77.0045148118",20,416,436,1127,583,1710,155,19,174
9803,"ROBBERY","38.8364968682","-77.005897185",20,416,436,1127,583,1710,155,19,174
9803,"THEFT/OTHER","38.8346680196","-77.0080969041",20,416,436,1127,583,1710,155,19,174
9803,"THEFT/OTHER","38.8324699442","-77.0082578969",20,416,436,1127,583,1710,155,19,174
9803,"HOMICIDE","38.8310738292","-77.0047219965",20,416,436,1127,583,1710,155,19,174
9803,"ROBBERY","38.8337313205","-77.0048373472",20,416,436,1127,583,1710,155,19,174
9803,"THEFT/OTHER","38.835145649","-77.0048259253",20,416,436,1127,583,1710,155,19,174
9803,"ROBBERY","38.8316232925","-77.0058852653",20,416,436,1127,583,1710,155,19,174
9803,"ASSAULT W/DANGEROUS WEAPON","38.8337402808","-77.0058854398",20,416,436,1127,583,1710,155,19,174
9803,"MOTOR VEHICLE THEFT","38.8370464988","-77.0028219169",20,416,436,1127,583,1710,155,19,174
9803,"THEFT/OTHER","38.8324699442","-77.0082578969",20,416,436,1127,583,1710,155,19,174
9803,"MOTOR VEHICLE THEFT","38.838721976","-77.0054942283",20,416,436,1127,583,1710,155,19,174
9803,"ROBBERY","38.8325421556","-77.0058853411",20,416,436,1127,583,1710,155,19,174
9803,"BURGLARY","38.835145649","-77.0048259253",20,416,436,1127,583,1710,155,19,174
9803,"MOTOR VEHICLE THEFT","38.8316232925","-77.0058852653",20,416,436,1127,583,1710,155,19,174
9803,"ROBBERY","38.8415147108","-77.0018084436",20,416,436,1127,583,1710,155,19,174
9803,"ASSAULT W/DANGEROUS WEAPON","38.8317403196","-77.0073479559",20,416,436,1127,583,1710,155,19,174
9803,"THEFT F/AUTO","38.8368571508","-77.0069107986",20,416,436,1127,583,1710,155,19,174
9803,"ROBBERY","38.8316232925","-77.0058852653",20,416,436,1127,583,1710,155,19,174
9803,"ROBBERY","38.8364968682","-77.005897185",20,416,436,1127,583,1710,155,19,174
9803,"ROBBERY","38.8310738292","-77.0047219965",20,416,436,1127,583,1710,155,19,174
9803,"MOTOR VEHICLE THEFT","38.8346232449","-77.0017621985",20,416,436,1127,583,1710,155,19,174
9803,"ROBBERY","38.8324699442","-77.0082578969",20,416,436,1127,583,1710,155,19,174
9803,"THEFT/OTHER","38.8324699442","-77.0082578969",20,416,436,1127,583,1710,155,19,174
9803,"ROBBERY","38.835145649","-77.0048259253",20,416,436,1127,583,1710,155,19,174
9803,"ASSAULT W/DANGEROUS WEAPON","38.8310738292","-77.0047219965",20,416,436,1127,583,1710,155,19,174
9803,"ROBBERY","38.8316232925","-77.0058852653",20,416,436,1127,583,1710,155,19,174
9803,"ASSAULT W/DANGEROUS WEAPON","38.8346680196","-77.0080969041",20,416,436,1127,583,1710,155,19,174
9803,"THEFT/OTHER","38.8312989391","-77.0067835725",20,416,436,1127,583,1710,155,19,174
9803,"THEFT/OTHER","38.8370464988","-77.0028219169",20,416,436,1127,583,1710,155,19,174
9803,"ASSAULT W/DANGEROUS WEAPON","38.8351456003","-77.0058855557",20,416,436,1127,583,1710,155,19,174
9803,"THEFT/OTHER","38.8394247631","-77.0005759206",20,416,436,1127,583,1710,155,19,174
9803,"THEFT/OTHER","38.8316232925","-77.0058852653",20,416,436,1127,583,1710,155,19,174
9803,"MOTOR VEHICLE THEFT","38.8415147108","-77.0018084436",20,416,436,1127,583,1710,155,19,174
9803,"ROBBERY","38.8326231981","-77.0065188001",20,416,436,1127,583,1710,155,19,174
9803,"THEFT F/AUTO","38.837983296","-77.005206217",20,416,436,1127,583,1710,155,19,174
9803,"MOTOR VEHICLE THEFT","38.8325421556","-77.0058853411",20,416,436,1127,583,1710,155,19,174
9803,"ROBBERY","38.8325421556","-77.0058853411",20,416,436,1127,583,1710,155,19,174
9803,"THEFT/OTHER","38.8348212628","-77.0065074831",20,416,436,1127,583,1710,155,19,174
9803,"ROBBERY","38.8312989391","-77.0067835725",20,416,436,1127,583,1710,155,19,174
9803,"THEFT F/AUTO","38.837983296","-77.005206217",20,416,436,1127,583,1710,155,19,174
9803,"BURGLARY","38.835145649","-77.0048259253",20,416,436,1127,583,1710,155,19,174
9803,"MOTOR VEHICLE THEFT","38.8370464988","-77.0028219169",20,416,436,1127,583,1710,155,19,174
9803,"MOTOR VEHICLE THEFT","38.8355781205","-77.0028218589",20,416,436,1127,583,1710,155,19,174
9803,"THEFT F/AUTO","38.8346680196","-77.0080969041",20,416,436,1127,583,1710,155,19,174
9803,"MOTOR VEHICLE THEFT","38.8351456003","-77.0058855557",20,416,436,1127,583,1710,155,19,174
9803,"THEFT/OTHER","38.8326231981","-77.0065188001",20,416,436,1127,583,1710,155,19,174
9803,"ASSAULT W/DANGEROUS WEAPON","38.8348212628","-77.0065074831",20,416,436,1127,583,1710,155,19,174
9803,"THEFT/OTHER","38.8366770732","-77.005137014",20,416,436,1127,583,1710,155,19,174
9803,"THEFT F/AUTO","38.8368571508","-77.0069107986",20,416,436,1127,583,1710,155,19,174
9803,"BURGLARY","38.8316232925","-77.0058852653",20,416,436,1127,583,1710,155,19,174
9803,"THEFT/OTHER","38.8379833568","-77.0035936719",20,416,436,1127,583,1710,155,19,174
9803,"ASSAULT W/DANGEROUS WEAPON","38.8346680196","-77.0080969041",20,416,436,1127,583,1710,155,19,174
9803,"ASSAULT W/DANGEROUS WEAPON","38.8370645364","-77.0017737768",20,416,436,1127,583,1710,155,19,174
9803,"MOTOR VEHICLE THEFT","38.8336771516","-77.0071408405",20,416,436,1127,583,1710,155,19,174
9803,"BURGLARY","38.8379833568","-77.0035936719",20,416,436,1127,583,1710,155,19,174
9803,"ROBBERY","38.8325421556","-77.0058853411",20,416,436,1127,583,1710,155,19,174
9803,"THEFT F/AUTO","38.8370464988","-77.0028219169",20,416,436,1127,583,1710,155,19,174
9803,"THEFT F/AUTO","38.8317403196","-77.0073479559",20,416,436,1127,583,1710,155,19,174
9803,"ASSAULT W/DANGEROUS WEAPON","38.8370464988","-77.0028219169",20,416,436,1127,583,1710,155,19,174
9803,"THEFT F/AUTO","38.8368571508","-77.0069107986",20,416,436,1127,583,1710,155,19,174
9803,"BURGLARY","38.8336771516","-77.0071408405",20,416,436,1127,583,1710,155,19,174
9803,"ROBBERY","38.8316232925","-77.0058852653",20,416,436,1127,583,1710,155,19,174
9803,"THEFT/OTHER","38.8361006291","-77.0019350031",20,416,436,1127,583,1710,155,19,174
9803,"MOTOR VEHICLE THEFT","38.8390373194","-77.0043654544",20,416,436,1127,583,1710,155,19,174
9803,"SEX ABUSE","38.835145649","-77.0048259253",20,416,436,1127,583,1710,155,19,174
9803,"BURGLARY","38.8316232925","-77.0058852653",20,416,436,1127,583,1710,155,19,174
9803,"ASSAULT W/DANGEROUS WEAPON","38.8346680196","-77.0080969041",20,416,436,1127,583,1710,155,19,174
9803,"ROBBERY","38.8312989391","-77.0067835725",20,416,436,1127,583,1710,155,19,174
9804,"THEFT F/AUTO","38.8379743767","-76.9974890372",70,69,139,923,492,1415,181,114,295
9804,"MOTOR VEHICLE THEFT","38.8408660523","-77.0038702645",70,69,139,923,492,1415,181,114,295
9804,"ROBBERY","38.8397130247","-76.9984565266",70,69,139,923,492,1415,181,114,295
9804,"THEFT/OTHER","38.8397130247","-76.9984565266",70,69,139,923,492,1415,181,114,295
9804,"ASSAULT W/DANGEROUS WEAPON","38.8393345037","-76.9935842527",70,69,139,923,492,1415,181,114,295
9804,"THEFT/OTHER","38.8422353676","-77.0027760465",70,69,139,923,492,1415,181,114,295
9804,"THEFT/OTHER","38.8397130247","-76.9984565266",70,69,139,923,492,1415,181,114,295
9804,"MOTOR VEHICLE THEFT","38.8401003973","-76.9995162221",70,69,139,923,492,1415,181,114,295
9804,"ROBBERY","38.8432784837","-76.9952906735",70,69,139,923,492,1415,181,114,295
9804,"BURGLARY","38.8397219949","-76.9966366098",70,69,139,923,492,1415,181,114,295
9804,"THEFT/OTHER","38.8397130247","-76.9984565266",70,69,139,923,492,1415,181,114,295
9804,"BURGLARY","38.8430461605","-76.9997465821",70,69,139,923,492,1415,181,114,295
9804,"THEFT/OTHER","38.8428299532","-77.0010712634",70,69,139,923,492,1415,181,114,295
9804,"ROBBERY","38.8432623196","-76.9967977094",70,69,139,923,492,1415,181,114,295
9804,"MOTOR VEHICLE THEFT","38.8397130247","-76.9984565266",70,69,139,923,492,1415,181,114,295
9804,"ROBBERY","38.8388481721","-76.996532986",70,69,139,923,492,1415,181,114,295
9804,"ROBBERY","38.8397130247","-76.9984565266",70,69,139,923,492,1415,181,114,295
9804,"THEFT/OTHER","38.8397130247","-76.9984565266",70,69,139,923,492,1415,181,114,295
9804,"ASSAULT W/DANGEROUS WEAPON","38.8386409241","-76.9950471373",70,69,139,923,492,1415,181,114,295
9804,"ROBBERY","38.8397219949","-76.9966366098",70,69,139,923,492,1415,181,114,295
9804,"ROBBERY","38.8422353676","-77.0027760465",70,69,139,923,492,1415,181,114,295
9804,"ASSAULT W/DANGEROUS WEAPON","38.8379743767","-76.9974890372",70,69,139,923,492,1415,181,114,295
9804,"ROBBERY","38.8393345037","-76.9935842527",70,69,139,923,492,1415,181,114,295
9804,"MOTOR VEHICLE THEFT","38.8403886687","-77.0000460743",70,69,139,923,492,1415,181,114,295
9804,"ROBBERY","38.8424876269","-76.9984564666",70,69,139,923,492,1415,181,114,295
9804,"THEFT/OTHER","38.8430551692","-77.000126709",70,69,139,923,492,1415,181,114,295
9804,"MOTOR VEHICLE THEFT","38.8397130247","-76.9984565266",70,69,139,923,492,1415,181,114,295
9804,"ROBBERY","38.8394247631","-77.0005759206",70,69,139,923,492,1415,181,114,295
9804,"THEFT/OTHER","38.8397130247","-76.9984565266",70,69,139,923,492,1415,181,114,295
9804,"THEFT F/AUTO","38.8394516737","-76.9947936759",70,69,139,923,492,1415,181,114,295
9804,"THEFT/OTHER","38.8422353676","-77.0027760465",70,69,139,923,492,1415,181,114,295
9804,"ROBBERY","38.8397130247","-76.9984565266",70,69,139,923,492,1415,181,114,295
9804,"MOTOR VEHICLE THEFT","38.8401003973","-76.9995162221",70,69,139,923,492,1415,181,114,295
9804,"THEFT/OTHER","38.8401092997","-76.9950009613",70,69,139,923,492,1415,181,114,295
9804,"THEFT F/AUTO","38.8397130247","-76.9984565266",70,69,139,923,492,1415,181,114,295
9804,"ROBBERY","38.8432784837","-76.9952906735",70,69,139,923,492,1415,181,114,295
9804,"ROBBERY","38.8397130247","-76.9984565266",70,69,139,923,492,1415,181,114,295
9804,"ROBBERY","38.8397130247","-76.9984565266",70,69,139,923,492,1415,181,114,295
9804,"ASSAULT W/DANGEROUS WEAPON","38.8424065597","-77.0005759446",70,69,139,923,492,1415,181,114,295
9804,"MOTOR VEHICLE THEFT","38.8415147108","-77.0018084436",70,69,139,923,492,1415,181,114,295
9804,"ROBBERY","38.8394516737","-76.9947936759",70,69,139,923,492,1415,181,114,295
9804,"ROBBERY","38.8369204139","-76.9995968697",70,69,139,923,492,1415,181,114,295
9804,"ASSAULT W/DANGEROUS WEAPON","38.8394247631","-77.0005759206",70,69,139,923,492,1415,181,114,295
9804,"THEFT/OTHER","38.8401003973","-76.9995162221",70,69,139,923,492,1415,181,114,295
9804,"BURGLARY","38.8397130247","-76.9984565266",70,69,139,923,492,1415,181,114,295
9804,"MOTOR VEHICLE THEFT","38.8393345037","-76.9935842527",70,69,139,923,492,1415,181,114,295
9804,"BURGLARY","38.8401453834","-76.9963486266",70,69,139,923,492,1415,181,114,295
9804,"THEFT/OTHER","38.8397130247","-76.9984565266",70,69,139,923,492,1415,181,114,295
9804,"ROBBERY","38.8432784837","-76.9952906735",70,69,139,923,492,1415,181,114,295
9804,"ROBBERY","38.8435505277","-76.9950237585",70,69,139,923,492,1415,181,114,295
9804,"ROBBERY","38.8435505277","-76.9950237585",70,69,139,923,492,1415,181,114,295
9804,"THEFT/OTHER","38.8397130247","-76.9984565266",70,69,139,923,492,1415,181,114,295
9804,"THEFT F/AUTO","38.8397130247","-76.9984565266",70,69,139,923,492,1415,181,114,295
9804,"MOTOR VEHICLE THEFT","38.8428299532","-77.0010712634",70,69,139,923,492,1415,181,114,295
9804,"THEFT F/AUTO","38.8408660523","-77.0038702645",70,69,139,923,492,1415,181,114,295
9804,"ASSAULT W/DANGEROUS WEAPON","38.8393345037","-76.9935842527",70,69,139,923,492,1415,181,114,295
9804,"THEFT/OTHER","38.8432784837","-76.9952906735",70,69,139,923,492,1415,181,114,295
9804,"THEFT/OTHER","38.8407849996","-76.9969130068",70,69,139,923,492,1415,181,114,295
9804,"THEFT/OTHER","38.8397130247","-76.9984565266",70,69,139,923,492,1415,181,114,295
9804,"ROBBERY","38.8397130247","-76.9984565266",70,69,139,923,492,1415,181,114,295
9804,"BURGLARY","38.8430551692","-77.000126709",70,69,139,923,492,1415,181,114,295
9804,"ROBBERY","38.8401003973","-76.9995162221",70,69,139,923,492,1415,181,114,295
9804,"ROBBERY","38.8393345037","-76.9935842527",70,69,139,923,492,1415,181,114,295
9804,"ROBBERY","38.8429649358","-76.9941022807",70,69,139,923,492,1415,181,114,295
9804,"MOTOR VEHICLE THEFT","38.8397130247","-76.9984565266",70,69,139,923,492,1415,181,114,295
9804,"THEFT F/AUTO","38.8378122505","-76.9995162376",70,69,139,923,492,1415,181,114,295
9804,"ROBBERY","38.8369204139","-76.9995968697",70,69,139,923,492,1415,181,114,295
9804,"THEFT/OTHER","38.8397130247","-76.9984565266",70,69,139,923,492,1415,181,114,295
9804,"BURGLARY","38.8369204139","-76.9995968697",70,69,139,923,492,1415,181,114,295
9804,"MOTOR VEHICLE THEFT","38.8393345037","-76.9935842527",70,69,139,923,492,1415,181,114,295
9804,"ROBBERY","38.8416047518","-76.9963370332",70,69,139,923,492,1415,181,114,295
9804,"MOTOR VEHICLE THEFT","38.8397130247","-76.9984565266",70,69,139,923,492,1415,181,114,295
9804,"THEFT/OTHER","38.8397130247","-76.9984565266",70,69,139,923,492,1415,181,114,295
9804,"THEFT F/AUTO","38.8388481721","-76.996532986",70,69,139,923,492,1415,181,114,295
9804,"THEFT/OTHER","38.8401092997","-76.9950009613",70,69,139,923,492,1415,181,114,295
9804,"MOTOR VEHICLE THEFT","38.8424065597","-77.0005759446",70,69,139,923,492,1415,181,114,295
9804,"THEFT/OTHER","38.8397130247","-76.9984565266",70,69,139,923,492,1415,181,114,295
9804,"MOTOR VEHICLE THEFT","38.8397130247","-76.9984565266",70,69,139,923,492,1415,181,114,295
9804,"THEFT F/AUTO","38.8397130247","-76.9984565266",70,69,139,923,492,1415,181,114,295
9804,"ROBBERY","38.8432784837","-76.9952906735",70,69,139,923,492,1415,181,114,295
9804,"ROBBERY","38.8416047518","-76.9963370332",70,69,139,923,492,1415,181,114,295
9804,"ROBBERY","38.8435505277","-76.9950237585",70,69,139,923,492,1415,181,114,295
9807,"MOTOR VEHICLE THEFT","38.8260464475","-77.0132552082",74,83,157,1167,1359,2526,246,271,517
9807,"MOTOR VEHICLE THEFT","38.8325599734","-77.0090065321",74,83,157,1167,1359,2526,246,271,517
9807,"THEFT/OTHER","38.8243802283","-77.0097194915",74,83,157,1167,1359,2526,246,271,517
9807,"THEFT F/AUTO","38.8273887834","-77.0125875021",74,83,157,1167,1359,2526,246,271,517
9807,"MOTOR VEHICLE THEFT","38.8251909525","-77.0101687304",74,83,157,1167,1359,2526,246,271,517
9807,"THEFT/OTHER","38.8243802283","-77.0097194915",74,83,157,1167,1359,2526,246,271,517
9807,"THEFT/OTHER","38.8248033709","-77.0124143056",74,83,157,1167,1359,2526,246,271,517
9807,"BURGLARY","38.8324699442","-77.0082578969",74,83,157,1167,1359,2526,246,271,517
9807,"MOTOR VEHICLE THEFT","38.8277853486","-77.0106527943",74,83,157,1167,1359,2526,246,271,517
9807,"THEFT F/AUTO","38.8297043853","-77.0076817348",74,83,157,1167,1359,2526,246,271,517
9807,"THEFT F/AUTO","38.8269926034","-77.010652676",74,83,157,1167,1359,2526,246,271,517
9807,"THEFT F/AUTO","38.8314609915","-77.0083268829",74,83,157,1167,1359,2526,246,271,517
9807,"THEFT F/AUTO","38.8310733323","-77.011758923",74,83,157,1167,1359,2526,246,271,517
9807,"ROBBERY","38.8269926034","-77.010652676",74,83,157,1167,1359,2526,246,271,517
9807,"ROBBERY","38.8277855467","-77.0081997725",74,83,157,1167,1359,2526,246,271,517
9807,"THEFT/OTHER","38.8325599734","-77.0090065321",74,83,157,1167,1359,2526,246,271,517
9807,"THEFT F/AUTO","38.8296047498","-77.0136244073",74,83,157,1167,1359,2526,246,271,517
9807,"ASSAULT W/DANGEROUS WEAPON","38.8260467141","-77.0106525349",74,83,157,1167,1359,2526,246,271,517
9807,"THEFT/OTHER","38.8314609915","-77.0083268829",74,83,157,1167,1359,2526,246,271,517
9807,"THEFT/OTHER","38.8243802283","-77.0097194915",74,83,157,1167,1359,2526,246,271,517
9807,"THEFT F/AUTO","38.8282265696","-77.0125991664",74,83,157,1167,1359,2526,246,271,517
9807,"THEFT/OTHER","38.8315780156","-77.0094555769",74,83,157,1167,1359,2526,246,271,517
9807,"BURGLARY","38.8251909525","-77.0101687304",74,83,157,1167,1359,2526,246,271,517
9807,"THEFT/OTHER","38.8273887834","-77.0125875021",74,83,157,1167,1359,2526,246,271,517
9807,"ROBBERY","38.8251461262","-77.0072781807",74,83,157,1167,1359,2526,246,271,517
9807,"ASSAULT W/DANGEROUS WEAPON","38.8277853486","-77.0106527943",74,83,157,1167,1359,2526,246,271,517
9807,"THEFT F/AUTO","38.8256411403","-77.0125871941",74,83,157,1167,1359,2526,246,271,517
9807,"ASSAULT W/DANGEROUS WEAPON","38.8325599734","-77.0090065321",74,83,157,1167,1359,2526,246,271,517
9807,"BURGLARY","38.8251909525","-77.0101687304",74,83,157,1167,1359,2526,246,271,517
9807,"THEFT/OTHER","38.8314609915","-77.0083268829",74,83,157,1167,1359,2526,246,271,517
9807,"THEFT F/AUTO","38.8314609915","-77.0083268829",74,83,157,1167,1359,2526,246,271,517
9807,"THEFT/OTHER","38.8282265696","-77.0125991664",74,83,157,1167,1359,2526,246,271,517
9807,"MOTOR VEHICLE THEFT","38.8310733323","-77.011758923",74,83,157,1167,1359,2526,246,271,517
9807,"MOTOR VEHICLE THEFT","38.8269926034","-77.010652676",74,83,157,1167,1359,2526,246,271,517
9807,"THEFT/OTHER","38.8325599734","-77.0090065321",74,83,157,1167,1359,2526,246,271,517
9807,"THEFT/OTHER","38.8277853486","-77.0106527943",74,83,157,1167,1359,2526,246,271,517
9807,"ASSAULT W/DANGEROUS WEAPON","38.8239746277","-77.0120686839",74,83,157,1167,1359,2526,246,271,517
9807,"ROBBERY","38.8312984524","-77.0126342598",74,83,157,1167,1359,2526,246,271,517
9807,"SEX ABUSE","38.8260464475","-77.0132552082",74,83,157,1167,1359,2526,246,271,517
9807,"THEFT/OTHER","38.8251909525","-77.0101687304",74,83,157,1167,1359,2526,246,271,517
9807,"THEFT F/AUTO","38.8251909525","-77.0101687304",74,83,157,1167,1359,2526,246,271,517
9807,"MOTOR VEHICLE THEFT","38.8291187859","-77.0083957103",74,83,157,1167,1359,2526,246,271,517
9807,"MOTOR VEHICLE THEFT","38.8325599734","-77.0090065321",74,83,157,1167,1359,2526,246,271,517
9807,"ROBBERY","38.8324699442","-77.0082578969",74,83,157,1167,1359,2526,246,271,517
9807,"THEFT/OTHER","38.8325599734","-77.0090065321",74,83,157,1167,1359,2526,246,271,517
9807,"THEFT/OTHER","38.8235965572","-77.008890243",74,83,157,1167,1359,2526,246,271,517
9807,"ROBBERY","38.8324699442","-77.0082578969",74,83,157,1167,1359,2526,246,271,517
9807,"THEFT F/AUTO","38.8297043853","-77.0076817348",74,83,157,1167,1359,2526,246,271,517
9807,"BURGLARY","38.8277853486","-77.0106527943",74,83,157,1167,1359,2526,246,271,517
9807,"THEFT F/AUTO","38.8277853486","-77.0106527943",74,83,157,1167,1359,2526,246,271,517
9807,"THEFT/OTHER","38.8325599734","-77.0090065321",74,83,157,1167,1359,2526,246,271,517
9807,"THEFT/OTHER","38.8273891374","-77.0087064516",74,83,157,1167,1359,2526,246,271,517
9807,"THEFT F/AUTO","38.8314609915","-77.0083268829",74,83,157,1167,1359,2526,246,271,517
9807,"MOTOR VEHICLE THEFT","38.8325599734","-77.0090065321",74,83,157,1167,1359,2526,246,271,517
9807,"THEFT F/AUTO","38.8310733323","-77.011758923",74,83,157,1167,1359,2526,246,271,517
9807,"MOTOR VEHICLE THEFT","38.8260467141","-77.0106525349",74,83,157,1167,1359,2526,246,271,517
9807,"THEFT/OTHER","38.8251909525","-77.0101687304",74,83,157,1167,1359,2526,246,271,517
9807,"ROBBERY","38.8291187859","-77.0083957103",74,83,157,1167,1359,2526,246,271,517
9807,"THEFT/OTHER","38.8324699442","-77.0082578969",74,83,157,1167,1359,2526,246,271,517
9807,"ASSAULT W/DANGEROUS WEAPON","38.8324699442","-77.0082578969",74,83,157,1167,1359,2526,246,271,517
9807,"THEFT/OTHER","38.82954195","-77.0111828299",74,83,157,1167,1359,2526,246,271,517
9807,"THEFT F/AUTO","38.8286501477","-77.01080264",74,83,157,1167,1359,2526,246,271,517
9807,"ROBBERY","38.8265239703","-77.0125873497",74,83,157,1167,1359,2526,246,271,517
9807,"ASSAULT W/DANGEROUS WEAPON","38.8243802283","-77.0097194915",74,83,157,1167,1359,2526,246,271,517
9807,"THEFT F/AUTO","38.8277853486","-77.0106527943",74,83,157,1167,1359,2526,246,271,517
9807,"THEFT F/AUTO","38.8243802283","-77.0097194915",74,83,157,1167,1359,2526,246,271,517
9807,"THEFT F/AUTO","38.830803418","-77.0076818531",74,83,157,1167,1359,2526,246,271,517
9807,"THEFT/OTHER","38.8277855467","-77.0081997725",74,83,157,1167,1359,2526,246,271,517
9807,"BURGLARY","38.8293889899","-77.0090637161",74,83,157,1167,1359,2526,246,271,517
9807,"MOTOR VEHICLE THEFT","38.8286501477","-77.01080264",74,83,157,1167,1359,2526,246,271,517
9807,"THEFT/OTHER","38.8324699442","-77.0082578969",74,83,157,1167,1359,2526,246,271,517
9807,"MOTOR VEHICLE THEFT","38.8310733323","-77.011758923",74,83,157,1167,1359,2526,246,271,517
9807,"ROBBERY","38.8324699442","-77.0082578969",74,83,157,1167,1359,2526,246,271,517
9807,"MOTOR VEHICLE THEFT","38.8286501477","-77.01080264",74,83,157,1167,1359,2526,246,271,517
9807,"ASSAULT W/DANGEROUS WEAPON","38.8246056692","-77.006402908",74,83,157,1167,1359,2526,246,271,517
9807,"THEFT/OTHER","38.8251909525","-77.0101687304",74,83,157,1167,1359,2526,246,271,517
9807,"ROBBERY","38.8282265696","-77.0125991664",74,83,157,1167,1359,2526,246,271,517
9807,"THEFT/OTHER","38.8260464475","-77.0132552082",74,83,157,1167,1359,2526,246,271,517
9807,"ROBBERY","38.8291187859","-77.0083957103",74,83,157,1167,1359,2526,246,271,517
9807,"ROBBERY","38.8310733323","-77.011758923",74,83,157,1167,1359,2526,246,271,517
9807,"MOTOR VEHICLE THEFT","38.82954195","-77.0111828299",74,83,157,1167,1359,2526,246,271,517
9807,"MOTOR VEHICLE THEFT","38.8235965572","-77.008890243",74,83,157,1167,1359,2526,246,271,517
9807,"ASSAULT W/DANGEROUS WEAPON","38.8325599734","-77.0090065321",74,83,157,1167,1359,2526,246,271,517
9807,"MOTOR VEHICLE THEFT","38.8265239703","-77.0125873497",74,83,157,1167,1359,2526,246,271,517
9807,"ROBBERY","38.8291187859","-77.0083957103",74,83,157,1167,1359,2526,246,271,517
9807,"THEFT/OTHER","38.8256411403","-77.0125871941",74,83,157,1167,1359,2526,246,271,517
9807,"ROBBERY","38.8273887834","-77.0125875021",74,83,157,1167,1359,2526,246,271,517
9807,"THEFT/OTHER","38.833244438","-77.0110797531",74,83,157,1167,1359,2526,246,271,517
9807,"THEFT F/AUTO","38.8243802283","-77.0097194915",74,83,157,1167,1359,2526,246,271,517
9807,"ASSAULT W/DANGEROUS WEAPON","38.8325599734","-77.0090065321",74,83,157,1167,1359,2526,246,271,517
9807,"THEFT F/AUTO","38.8312984524","-77.0126342598",74,83,157,1167,1359,2526,246,271,517
9807,"ASSAULT W/DANGEROUS WEAPON","38.8325599734","-77.0090065321",74,83,157,1167,1359,2526,246,271,517
9807,"THEFT/OTHER","38.8325599734","-77.0090065321",74,83,157,1167,1359,2526,246,271,517
9807,"THEFT/OTHER","38.8260467141","-77.0106525349",74,83,157,1167,1359,2526,246,271,517
9807,"ASSAULT W/DANGEROUS WEAPON","38.8325599734","-77.0090065321",74,83,157,1167,1359,2526,246,271,517
9807,"ASSAULT W/DANGEROUS WEAPON","38.8325599734","-77.0090065321",74,83,157,1167,1359,2526,246,271,517
9807,"MOTOR VEHICLE THEFT","38.8269926034","-77.010652676",74,83,157,1167,1359,2526,246,271,517
9807,"THEFT/OTHER","38.8297043853","-77.0076817348",74,83,157,1167,1359,2526,246,271,517
9807,"THEFT/OTHER","38.8325599734","-77.0090065321",74,83,157,1167,1359,2526,246,271,517
9807,"MOTOR VEHICLE THEFT","38.8239746277","-77.0120686839",74,83,157,1167,1359,2526,246,271,517
9807,"ROBBERY","38.8297043853","-77.0076817348",74,83,157,1167,1359,2526,246,271,517
9807,"THEFT/OTHER","38.8243802283","-77.0097194915",74,83,157,1167,1359,2526,246,271,517
9807,"ROBBERY","38.830803418","-77.0076818531",74,83,157,1167,1359,2526,246,271,517
9807,"HOMICIDE","38.8307042257","-77.009063883",74,83,157,1167,1359,2526,246,271,517
9807,"ASSAULT W/DANGEROUS WEAPON","38.8246056692","-77.006402908",74,83,157,1167,1359,2526,246,271,517
9807,"THEFT F/AUTO","38.8273887834","-77.0125875021",74,83,157,1167,1359,2526,246,271,517
9807,"THEFT/OTHER","38.8291187859","-77.0083957103",74,83,157,1167,1359,2526,246,271,517
9807,"MOTOR VEHICLE THEFT","38.8235965572","-77.008890243",74,83,157,1167,1359,2526,246,271,517
9807,"THEFT F/AUTO","38.8314609915","-77.0083268829",74,83,157,1167,1359,2526,246,271,517
9807,"ASSAULT W/DANGEROUS WEAPON","38.8325599734","-77.0090065321",74,83,157,1167,1359,2526,246,271,517
9807,"THEFT/OTHER","38.8260467141","-77.0106525349",74,83,157,1167,1359,2526,246,271,517
9807,"ROBBERY","38.8305058535","-77.0112060148",74,83,157,1167,1359,2526,246,271,517
9807,"MOTOR VEHICLE THEFT","38.8255965632","-77.0070594192",74,83,157,1167,1359,2526,246,271,517
9807,"THEFT F/AUTO","38.8256411403","-77.0125871941",74,83,157,1167,1359,2526,246,271,517
9807,"ASSAULT W/DANGEROUS WEAPON","38.8277853486","-77.0106527943",74,83,157,1167,1359,2526,246,271,517
9807,"THEFT/OTHER","38.8243802283","-77.0097194915",74,83,157,1167,1359,2526,246,271,517
9807,"BURGLARY","38.8260467141","-77.0106525349",74,83,157,1167,1359,2526,246,271,517
9807,"MOTOR VEHICLE THEFT","38.8243802283","-77.0097194915",74,83,157,1167,1359,2526,246,271,517
9807,"THEFT F/AUTO","38.8251909525","-77.0101687304",74,83,157,1167,1359,2526,246,271,517
9807,"THEFT/OTHER","38.8269926034","-77.010652676",74,83,157,1167,1359,2526,246,271,517
9807,"BURGLARY","38.8324699442","-77.0082578969",74,83,157,1167,1359,2526,246,271,517
9807,"ROBBERY","38.8282265696","-77.0125991664",74,83,157,1167,1359,2526,246,271,517
9807,"THEFT F/AUTO","38.8314609915","-77.0083268829",74,83,157,1167,1359,2526,246,271,517
9807,"THEFT/OTHER","38.8243802283","-77.0097194915",74,83,157,1167,1359,2526,246,271,517
9807,"MOTOR VEHICLE THEFT","38.8235965572","-77.008890243",74,83,157,1167,1359,2526,246,271,517
9807,"THEFT/OTHER","38.8315780156","-77.0094555769",74,83,157,1167,1359,2526,246,271,517
9807,"BURGLARY","38.8243802283","-77.0097194915",74,83,157,1167,1359,2526,246,271,517
9807,"THEFT/OTHER","38.8269926034","-77.010652676",74,83,157,1167,1359,2526,246,271,517
9807,"THEFT F/AUTO","38.8277853486","-77.0106527943",74,83,157,1167,1359,2526,246,271,517
9807,"THEFT/OTHER","38.8291187859","-77.0083957103",74,83,157,1167,1359,2526,246,271,517
9807,"THEFT F/AUTO","38.8297043853","-77.0076817348",74,83,157,1167,1359,2526,246,271,517
9807,"THEFT F/AUTO","38.8277853486","-77.0106527943",74,83,157,1167,1359,2526,246,271,517
9807,"THEFT F/AUTO","38.8291187859","-77.0083957103",74,83,157,1167,1359,2526,246,271,517
9807,"ASSAULT W/DANGEROUS WEAPON","38.8325599734","-77.0090065321",74,83,157,1167,1359,2526,246,271,517
9807,"THEFT/OTHER","38.8251909525","-77.0101687304",74,83,157,1167,1359,2526,246,271,517
9807,"THEFT/OTHER","38.8328841914","-77.0100661698",74,83,157,1167,1359,2526,246,271,517
9807,"BURGLARY","38.8269926034","-77.010652676",74,83,157,1167,1359,2526,246,271,517
9807,"ROBBERY","38.8314609915","-77.0083268829",74,83,157,1167,1359,2526,246,271,517
9807,"ROBBERY","38.8235965572","-77.008890243",74,83,157,1167,1359,2526,246,271,517
9807,"ROBBERY","38.8248033709","-77.0124143056",74,83,157,1167,1359,2526,246,271,517
9807,"THEFT/OTHER","38.82954195","-77.0111828299",74,83,157,1167,1359,2526,246,271,517
9807,"MOTOR VEHICLE THEFT","38.8328841914","-77.0100661698",74,83,157,1167,1359,2526,246,271,517
9807,"MOTOR VEHICLE THEFT","38.8235965572","-77.008890243",74,83,157,1167,1359,2526,246,271,517
9810,"THEFT/OTHER","38.8245516593","-77.0056082982",33,34,67,641,1136,1777,89,36,125
9810,"THEFT/OTHER","38.8286956714","-77.0020845193",33,34,67,641,1136,1777,89,36,125
9810,"THEFT F/AUTO","38.8260470466","-77.0059884521",33,34,67,641,1136,1777,89,36,125
9810,"ROBBERY","38.8245516593","-77.0056082982",33,34,67,641,1136,1777,89,36,125
9810,"MOTOR VEHICLE THEFT","38.8291909585","-77.0067833722",33,34,67,641,1136,1777,89,36,125
9810,"THEFT F/AUTO","38.8269208815","-77.0057236483",33,34,67,641,1136,1777,89,36,125
9810,"ROBBERY","38.8297044892","-77.005896624",33,34,67,641,1136,1777,89,36,125
9810,"THEFT F/AUTO","38.8264525261","-77.0035930916",33,34,67,641,1136,1777,89,36,125
9810,"ASSAULT W/DANGEROUS WEAPON","38.8264525261","-77.0035930916",33,34,67,641,1136,1777,89,36,125
9810,"THEFT/OTHER","38.8309567814","-77.0027871251",33,34,67,641,1136,1777,89,36,125
9810,"ASSAULT W/DANGEROUS WEAPON","38.8286956714","-77.0020845193",33,34,67,641,1136,1777,89,36,125
9810,"THEFT/OTHER","38.8286956714","-77.0020845193",33,34,67,641,1136,1777,89,36,125
9810,"THEFT F/AUTO","38.8299838449","-77.0036047862",33,34,67,641,1136,1777,89,36,125
9810,"MOTOR VEHICLE THEFT","38.830803418","-77.0076818531",33,34,67,641,1136,1777,89,36,125
9810,"THEFT F/AUTO","38.8277856121","-77.0072093505",33,34,67,641,1136,1777,89,36,125
9810,"ROBBERY","38.8299838449","-77.0036047862",33,34,67,641,1136,1777,89,36,125
9810,"ROBBERY","38.8310738292","-77.0047219965",33,34,67,641,1136,1777,89,36,125
9810,"MOTOR VEHICLE THEFT","38.8291909585","-77.0067833722",33,34,67,641,1136,1777,89,36,125
9810,"THEFT F/AUTO","38.8269208815","-77.0057236483",33,34,67,641,1136,1777,89,36,125
9810,"THEFT F/AUTO","38.8260470466","-77.0059884521",33,34,67,641,1136,1777,89,36,125
9810,"MOTOR VEHICLE THEFT","38.8251191681","-77.0061035353",33,34,67,641,1136,1777,89,36,125
9810,"THEFT/OTHER","38.8284883469","-77.005885007",33,34,67,641,1136,1777,89,36,125
9810,"ASSAULT W/DANGEROUS WEAPON","38.8299838449","-77.0036047862",33,34,67,641,1136,1777,89,36,125
9810,"THEFT F/AUTO","38.8264525261","-77.0035930916",33,34,67,641,1136,1777,89,36,125
9810,"THEFT/OTHER","38.8251191681","-77.0061035353",33,34,67,641,1136,1777,89,36,125
9810,"MOTOR VEHICLE THEFT","38.8264525261","-77.0035930916",33,34,67,641,1136,1777,89,36,125
9810,"ROBBERY","38.8264525261","-77.0035930916",33,34,67,641,1136,1777,89,36,125
9810,"THEFT/OTHER","38.830803418","-77.0076818531",33,34,67,641,1136,1777,89,36,125
9810,"ROBBERY","38.8297044892","-77.005896624",33,34,67,641,1136,1777,89,36,125
9810,"ROBBERY","38.8264525261","-77.0035930916",33,34,67,641,1136,1777,89,36,125
9810,"THEFT F/AUTO","38.8284883469","-77.005885007",33,34,67,641,1136,1777,89,36,125
9810,"THEFT F/AUTO","38.8255965632","-77.0070594192",33,34,67,641,1136,1777,89,36,125
9810,"MOTOR VEHICLE THEFT","38.830803418","-77.0076818531",33,34,67,641,1136,1777,89,36,125
9810,"ASSAULT W/DANGEROUS WEAPON","38.8309567814","-77.0027871251",33,34,67,641,1136,1777,89,36,125
9810,"ASSAULT W/DANGEROUS WEAPON","38.8264525261","-77.0035930916",33,34,67,641,1136,1777,89,36,125
9810,"THEFT F/AUTO","38.8297044892","-77.005896624",33,34,67,641,1136,1777,89,36,125
9810,"ASSAULT W/DANGEROUS WEAPON","38.8264525261","-77.0035930916",33,34,67,641,1136,1777,89,36,125
9810,"MOTOR VEHICLE THEFT","38.8310738292","-77.0047219965",33,34,67,641,1136,1777,89,36,125
9810,"THEFT F/AUTO","38.8264525261","-77.0035930916",33,34,67,641,1136,1777,89,36,125
9810,"MOTOR VEHICLE THEFT","38.8269118222","-77.0066795082",33,34,67,641,1136,1777,89,36,125
9810,"THEFT F/AUTO","38.8299838449","-77.0036047862",33,34,67,641,1136,1777,89,36,125
9810,"ASSAULT W/DANGEROUS WEAPON","38.8286956714","-77.0020845193",33,34,67,641,1136,1777,89,36,125
9810,"MOTOR VEHICLE THEFT","38.8284883469","-77.005885007",33,34,67,641,1136,1777,89,36,125
9810,"THEFT/OTHER","38.8245516593","-77.0056082982",33,34,67,641,1136,1777,89,36,125
9810,"THEFT/OTHER","38.8297043853","-77.0076817348",33,34,67,641,1136,1777,89,36,125
9810,"ASSAULT W/DANGEROUS WEAPON","38.8307044287","-77.0058967066",33,34,67,641,1136,1777,89,36,125
9810,"ROBBERY","38.8264525261","-77.0035930916",33,34,67,641,1136,1777,89,36,125
9810,"HOMICIDE","38.8286956714","-77.0020845193",33,34,67,641,1136,1777,89,36,125
9810,"ROBBERY","38.8245516593","-77.0056082982",33,34,67,641,1136,1777,89,36,125
9810,"THEFT/OTHER","38.8286956714","-77.0020845193",33,34,67,641,1136,1777,89,36,125
9810,"ROBBERY","38.8310738292","-77.0047219965",33,34,67,641,1136,1777,89,36,125
9810,"MOTOR VEHICLE THEFT","38.8264525261","-77.0035930916",33,34,67,641,1136,1777,89,36,125
9810,"THEFT F/AUTO","38.830803418","-77.0076818531",33,34,67,641,1136,1777,89,36,125
9810,"ASSAULT W/DANGEROUS WEAPON","38.8245516593","-77.0056082982",33,34,67,641,1136,1777,89,36,125
9810,"ROBBERY","38.8291909585","-77.0067833722",33,34,67,641,1136,1777,89,36,125
9810,"BURGLARY","38.8264525261","-77.0035930916",33,34,67,641,1136,1777,89,36,125
9810,"THEFT F/AUTO","38.8264525261","-77.0035930916",33,34,67,641,1136,1777,89,36,125
9810,"ASSAULT W/DANGEROUS WEAPON","38.8307044287","-77.0058967066",33,34,67,641,1136,1777,89,36,125
9810,"ROBBERY","38.8251191681","-77.0061035353",33,34,67,641,1136,1777,89,36,125
9810,"THEFT/OTHER","38.8309567814","-77.0027871251",33,34,67,641,1136,1777,89,36,125
9810,"ASSAULT W/DANGEROUS WEAPON","38.8250832849","-77.0014510284",33,34,67,641,1136,1777,89,36,125
9810,"THEFT F/AUTO","38.8269208815","-77.0057236483",33,34,67,641,1136,1777,89,36,125
9810,"THEFT/OTHER","38.8310738292","-77.0047219965",33,34,67,641,1136,1777,89,36,125
9810,"THEFT F/AUTO","38.8299838449","-77.0036047862",33,34,67,641,1136,1777,89,36,125
9810,"ROBBERY","38.8284882424","-77.007681604",33,34,67,641,1136,1777,89,36,125
9810,"THEFT/OTHER","38.8286956714","-77.0020845193",33,34,67,641,1136,1777,89,36,125
9810,"THEFT F/AUTO","38.8269118222","-77.0066795082",33,34,67,641,1136,1777,89,36,125
9810,"MOTOR VEHICLE THEFT","38.830208915","-77.0067834689",33,34,67,641,1136,1777,89,36,125
9811,"ASSAULT W/DANGEROUS WEAPON","38.8216240267","-77.0017503622",284,160,444,1371,702,2073,93,41,134
9811,"THEFT/OTHER","38.828029062","-77.0005758287",284,160,444,1371,702,2073,93,41,134
9811,"THEFT/OTHER","38.8296415775","-77.0005758417",284,160,444,1371,702,2073,93,41,134
9811,"THEFT/OTHER","38.8285242491","-76.9919153093",284,160,444,1371,702,2073,93,41,134
9811,"ROBBERY","38.8229212441","-77.0019461617",284,160,444,1371,702,2073,93,41,134
9811,"ASSAULT W/DANGEROUS WEAPON","38.8257589292","-76.9998963541",284,160,444,1371,702,2073,93,41,134
9811,"ASSAULT W/DANGEROUS WEAPON","38.828029062","-77.0005758287",284,160,444,1371,702,2073,93,41,134
9811,"MOTOR VEHICLE THEFT","38.8243806262","-76.9987332416",284,160,444,1371,702,2073,93,41,134
9811,"THEFT/OTHER","38.8253895386","-76.9968215432",284,160,444,1371,702,2073,93,41,134
9811,"MOTOR VEHICLE THEFT","38.8237680529","-76.9990326655",284,160,444,1371,702,2073,93,41,134
9811,"ASSAULT W/DANGEROUS WEAPON","38.828029062","-77.0005758287",284,160,444,1371,702,2073,93,41,134
9811,"MOTOR VEHICLE THEFT","38.827785799","-76.9971093499",284,160,444,1371,702,2073,93,41,134
9811,"THEFT/OTHER","38.8277858252","-76.9985028505",284,160,444,1371,702,2073,93,41,134
9811,"ROBBERY","38.8216240267","-77.0017503622",284,160,444,1371,702,2073,93,41,134
9811,"ASSAULT W/DANGEROUS WEAPON","38.8216240267","-77.0017503622",284,160,444,1371,702,2073,93,41,134
9811,"ASSAULT W/DANGEROUS WEAPON","38.8285242491","-76.9919153093",284,160,444,1371,702,2073,93,41,134
9811,"ASSAULT W/DANGEROUS WEAPON","38.8216240267","-77.0017503622",284,160,444,1371,702,2073,93,41,134
9811,"THEFT F/AUTO","38.826614598","-76.9943685071",284,160,444,1371,702,2073,93,41,134
9811,"BURGLARY","38.828029062","-77.0005758287",284,160,444,1371,702,2073,93,41,134
9811,"ASSAULT W/DANGEROUS WEAPON","38.827785799","-76.9971093499",284,160,444,1371,702,2073,93,41,134
9811,"THEFT F/AUTO","38.8229212441","-77.0019461617",284,160,444,1371,702,2073,93,41,134
9811,"ROBBERY","38.8237680529","-76.9990326655",284,160,444,1371,702,2073,93,41,134
9811,"THEFT F/AUTO","38.827785799","-76.9971093499",284,160,444,1371,702,2073,93,41,134
9811,"ASSAULT W/DANGEROUS WEAPON","38.8216240267","-77.0017503622",284,160,444,1371,702,2073,93,41,134
9811,"ROBBERY","38.8277858252","-76.9985028505",284,160,444,1371,702,2073,93,41,134
9811,"THEFT/OTHER","38.8291999166","-76.9923989368",284,160,444,1371,702,2073,93,41,134
9811,"THEFT F/AUTO","38.826614598","-76.9943685071",284,160,444,1371,702,2073,93,41,134
9811,"MOTOR VEHICLE THEFT","38.8277858252","-76.9985028505",284,160,444,1371,702,2073,93,41,134
9811,"ROBBERY","38.826614598","-76.9943685071",284,160,444,1371,702,2073,93,41,134
9811,"THEFT F/AUTO","38.828029062","-77.0005758287",284,160,444,1371,702,2073,93,41,134
9811,"THEFT/OTHER","38.8250832849","-77.0014510284",284,160,444,1371,702,2073,93,41,134
9811,"THEFT/OTHER","38.8277858252","-76.9985028505",284,160,444,1371,702,2073,93,41,134
9811,"THEFT/OTHER","38.8250832849","-77.0014510284",284,160,444,1371,702,2073,93,41,134
9811,"THEFT F/AUTO","38.828029062","-77.0005758287",284,160,444,1371,702,2073,93,41,134
9811,"ASSAULT W/DANGEROUS WEAPON","38.826614598","-76.9943685071",284,160,444,1371,702,2073,93,41,134
9811,"HOMICIDE","38.828029062","-77.0005758287",284,160,444,1371,702,2073,93,41,134
9811,"MOTOR VEHICLE THEFT","38.8296415775","-77.0005758417",284,160,444,1371,702,2073,93,41,134
9811,"THEFT/OTHER","38.8257589292","-76.9998963541",284,160,444,1371,702,2073,93,41,134
9811,"ASSAULT W/DANGEROUS WEAPON","38.8291999166","-76.9923989368",284,160,444,1371,702,2073,93,41,134
9811,"THEFT/OTHER","38.826614598","-76.9943685071",284,160,444,1371,702,2073,93,41,134
9811,"ROBBERY","38.827785799","-76.9971093499",284,160,444,1371,702,2073,93,41,134
9811,"MOTOR VEHICLE THEFT","38.828029062","-77.0005758287",284,160,444,1371,702,2073,93,41,134
9811,"THEFT F/AUTO","38.828029062","-77.0005758287",284,160,444,1371,702,2073,93,41,134
9811,"ROBBERY","38.8257589292","-76.9998963541",284,160,444,1371,702,2073,93,41,134
9811,"ROBBERY","38.826614598","-76.9943685071",284,160,444,1371,702,2073,93,41,134
9811,"ASSAULT W/DANGEROUS WEAPON","38.8292001343","-76.9973626614",284,160,444,1371,702,2073,93,41,134
9811,"THEFT F/AUTO","38.826614598","-76.9943685071",284,160,444,1371,702,2073,93,41,134
9811,"ASSAULT W/DANGEROUS WEAPON","38.8291999166","-76.9923989368",284,160,444,1371,702,2073,93,41,134
9811,"MOTOR VEHICLE THEFT","38.8309568074","-77.0013014262",284,160,444,1371,702,2073,93,41,134
9811,"THEFT/OTHER","38.8285242491","-76.9919153093",284,160,444,1371,702,2073,93,41,134
9811,"THEFT/OTHER","38.8265967099","-77.001278314",284,160,444,1371,702,2073,93,41,134
9811,"HOMICIDE","38.8216240267","-77.0017503622",284,160,444,1371,702,2073,93,41,134
9811,"THEFT/OTHER","38.828029062","-77.0005758287",284,160,444,1371,702,2073,93,41,134
9811,"THEFT F/AUTO","38.826614598","-76.9943685071",284,160,444,1371,702,2073,93,41,134
9811,"THEFT F/AUTO","38.8220384294","-77.0002878902",284,160,444,1371,702,2073,93,41,134
9811,"ROBBERY","38.8229212441","-77.0019461617",284,160,444,1371,702,2073,93,41,134
9811,"ASSAULT W/DANGEROUS WEAPON","38.8260471921","-76.9986180495",284,160,444,1371,702,2073,93,41,134
9811,"THEFT/OTHER","38.8305153985","-77.0005758487",284,160,444,1371,702,2073,93,41,134
9811,"ROBBERY","38.8292000237","-76.9942761691",284,160,444,1371,702,2073,93,41,134
9811,"ROBBERY","38.8277858252","-76.9985028505",284,160,444,1371,702,2073,93,41,134
9811,"BURGLARY","38.8277858252","-76.9985028505",284,160,444,1371,702,2073,93,41,134
9811,"THEFT/OTHER","38.826614598","-76.9943685071",284,160,444,1371,702,2073,93,41,134
9811,"THEFT/OTHER","38.8216240267","-77.0017503622",284,160,444,1371,702,2073,93,41,134
9811,"THEFT/OTHER","38.8237680529","-76.9990326655",284,160,444,1371,702,2073,93,41,134
9811,"ROBBERY","38.8277858252","-76.9985028505",284,160,444,1371,702,2073,93,41,134
9811,"ASSAULT W/DANGEROUS WEAPON","38.828029062","-77.0005758287",284,160,444,1371,702,2073,93,41,134
9811,"THEFT/OTHER","38.828029062","-77.0005758287",284,160,444,1371,702,2073,93,41,134
9811,"THEFT F/AUTO","38.826614598","-76.9943685071",284,160,444,1371,702,2073,93,41,134
9811,"ASSAULT W/DANGEROUS WEAPON","38.8220384294","-77.0002878902",284,160,444,1371,702,2073,93,41,134
9811,"THEFT F/AUTO","38.826614598","-76.9943685071",284,160,444,1371,702,2073,93,41,134
9811,"THEFT F/AUTO","38.823344658","-76.999619978",284,160,444,1371,702,2073,93,41,134
9811,"THEFT/OTHER","38.826614598","-76.9943685071",284,160,444,1371,702,2073,93,41,134
9811,"ROBBERY","38.8277858252","-76.9985028505",284,160,444,1371,702,2073,93,41,134
9811,"THEFT/OTHER","38.828029062","-77.0005758287",284,160,444,1371,702,2073,93,41,134
9811,"MOTOR VEHICLE THEFT","38.827785799","-76.9971093499",284,160,444,1371,702,2073,93,41,134
9811,"MOTOR VEHICLE THEFT","38.8292001343","-76.9973626614",284,160,444,1371,702,2073,93,41,134
9811,"ASSAULT W/DANGEROUS WEAPON","38.8286956714","-77.0020845193",284,160,444,1371,702,2073,93,41,134
9811,"HOMICIDE","38.8291999166","-76.9923989368",284,160,444,1371,702,2073,93,41,134
9811,"THEFT/OTHER","38.8265967099","-77.001278314",284,160,444,1371,702,2073,93,41,134
9811,"THEFT/OTHER","38.827785799","-76.9971093499",284,160,444,1371,702,2073,93,41,134
9811,"ASSAULT W/DANGEROUS WEAPON","38.8277858252","-76.9985028505",284,160,444,1371,702,2073,93,41,134
9811,"THEFT/OTHER","38.826614598","-76.9943685071",284,160,444,1371,702,2073,93,41,134
9811,"MOTOR VEHICLE THEFT","38.8277858252","-76.9985028505",284,160,444,1371,702,2073,93,41,134
9811,"MOTOR VEHICLE THEFT","38.8216240267","-77.0017503622",284,160,444,1371,702,2073,93,41,134
9811,"ASSAULT W/DANGEROUS WEAPON","38.8257589292","-76.9998963541",284,160,444,1371,702,2073,93,41,134
9811,"ASSAULT W/DANGEROUS WEAPON","38.8292001343","-76.9973626614",284,160,444,1371,702,2073,93,41,134
9811,"MOTOR VEHICLE THEFT","38.8251733554","-76.9976737452",284,160,444,1371,702,2073,93,41,134
9811,"BURGLARY","38.828029062","-77.0005758287",284,160,444,1371,702,2073,93,41,134
9811,"THEFT/OTHER","38.8305153985","-77.0005758487",284,160,444,1371,702,2073,93,41,134
9811,"ASSAULT W/DANGEROUS WEAPON","38.8277858252","-76.9985028505",284,160,444,1371,702,2073,93,41,134
9811,"THEFT F/AUTO","38.8216240267","-77.0017503622",284,160,444,1371,702,2073,93,41,134
9811,"THEFT/OTHER","38.826614598","-76.9943685071",284,160,444,1371,702,2073,93,41,134
9811,"HOMICIDE","38.8220384294","-77.0002878902",284,160,444,1371,702,2073,93,41,134
9811,"MOTOR VEHICLE THEFT","38.8253895386","-76.9968215432",284,160,444,1371,702,2073,93,41,134
9811,"ASSAULT W/DANGEROUS WEAPON","38.8291999166","-76.9923989368",284,160,444,1371,702,2073,93,41,134
9811,"THEFT F/AUTO","38.8253895386","-76.9968215432",284,160,444,1371,702,2073,93,41,134
9811,"THEFT/OTHER","38.8237680529","-76.9990326655",284,160,444,1371,702,2073,93,41,134
9811,"THEFT/OTHER","38.8292001343","-76.9973626614",284,160,444,1371,702,2073,93,41,134
9811,"ROBBERY","38.828029062","-77.0005758287",284,160,444,1371,702,2073,93,41,134
9811,"ROBBERY","38.8257589292","-76.9998963541",284,160,444,1371,702,2073,93,41,134
9811,"MOTOR VEHICLE THEFT","38.8291999166","-76.9923989368",284,160,444,1371,702,2073,93,41,134
9811,"MOTOR VEHICLE THEFT","38.8277858252","-76.9985028505",284,160,444,1371,702,2073,93,41,134
9811,"ROBBERY","38.8278578329","-76.9959692089",284,160,444,1371,702,2073,93,41,134
9811,"BURGLARY","38.8286956714","-77.0020845193",284,160,444,1371,702,2073,93,41,134
9811,"BURGLARY","38.8292001632","-76.9995393295",284,160,444,1371,702,2073,93,41,134
9811,"THEFT/OTHER","38.8260471921","-76.9986180495",284,160,444,1371,702,2073,93,41,134
9811,"ASSAULT W/DANGEROUS WEAPON","38.8296415775","-77.0005758417",284,160,444,1371,702,2073,93,41,134
9811,"THEFT F/AUTO","38.8241914281","-76.9974895219",284,160,444,1371,702,2073,93,41,134
9811,"ASSAULT W/DANGEROUS WEAPON","38.8257589292","-76.9998963541",284,160,444,1371,702,2073,93,41,134
9811,"THEFT F/AUTO","38.826614598","-76.9943685071",284,160,444,1371,702,2073,93,41,134
9811,"MOTOR VEHICLE THEFT","38.8291999166","-76.9923989368",284,160,444,1371,702,2073,93,41,134
9811,"THEFT F/AUTO","38.8250832849","-77.0014510284",284,160,444,1371,702,2073,93,41,134
9811,"MOTOR VEHICLE THEFT","38.8277858252","-76.9985028505",284,160,444,1371,702,2073,93,41,134
9811,"THEFT/OTHER","38.8291999166","-76.9923989368",284,160,444,1371,702,2073,93,41,134
9901,"THEFT/OTHER","38.8698399613","-76.9617425737",70,92,162,1052,999,2051,554,541,1095
9901,"THEFT/OTHER","38.8752007383","-76.9641943516",70,92,162,1052,999,2051,554,541,1095
9901,"THEFT/OTHER","38.8726682903","-76.9608076314",70,92,162,1052,999,2051,554,541,1095
9901,"THEFT F/AUTO","38.8682801827","-76.9578947045",70,92,162,1052,999,2051,554,541,1095
9901,"ASSAULT W/DANGEROUS WEAPON","38.8707106669","-76.9532032211",70,92,162,1052,999,2051,554,541,1095
9901,"MOTOR VEHICLE THEFT","38.8721340636","-76.9533751431",70,92,162,1052,999,2051,554,541,1095
9901,"THEFT F/AUTO","38.8689113338","-76.9594845298",70,92,162,1052,999,2051,554,541,1095
9901,"THEFT/OTHER","38.8689113338","-76.9594845298",70,92,162,1052,999,2051,554,541,1095
9901,"THEFT/OTHER","38.8689113338","-76.9594845298",70,92,162,1052,999,2051,554,541,1095
9901,"THEFT/OTHER","38.8689113338","-76.9594845298",70,92,162,1052,999,2051,554,541,1095
9901,"THEFT F/AUTO","38.8719211862","-76.962617256",70,92,162,1052,999,2051,554,541,1095
9901,"THEFT/OTHER","38.883619956","-76.9538517106",70,92,162,1052,999,2051,554,541,1095
9901,"THEFT F/AUTO","38.8707414986","-76.9639315492",70,92,162,1052,999,2051,554,541,1095
9901,"MOTOR VEHICLE THEFT","38.8769561162","-76.9602981996",70,92,162,1052,999,2051,554,541,1095
9901,"THEFT/OTHER","38.8752007383","-76.9641943516",70,92,162,1052,999,2051,554,541,1095
9901,"THEFT F/AUTO","38.8698399613","-76.9617425737",70,92,162,1052,999,2051,554,541,1095
9901,"THEFT F/AUTO","38.8669727735","-76.9547151667",70,92,162,1052,999,2051,554,541,1095
9901,"THEFT/OTHER","38.8689113338","-76.9594845298",70,92,162,1052,999,2051,554,541,1095
9901,"THEFT F/AUTO","38.8698399613","-76.9617425737",70,92,162,1052,999,2051,554,541,1095
9901,"THEFT F/AUTO","38.8689113338","-76.9594845298",70,92,162,1052,999,2051,554,541,1095
9901,"MOTOR VEHICLE THEFT","38.8738222574","-76.9635612252",70,92,162,1052,999,2051,554,541,1095
9901,"MOTOR VEHICLE THEFT","38.8763708918","-76.9612550485",70,92,162,1052,999,2051,554,541,1095
9901,"THEFT/OTHER","38.8757590844","-76.9636293819",70,92,162,1052,999,2051,554,541,1095
9901,"THEFT F/AUTO","38.8698399613","-76.9617425737",70,92,162,1052,999,2051,554,541,1095
9901,"THEFT/OTHER","38.8689113338","-76.9594845298",70,92,162,1052,999,2051,554,541,1095
9901,"BURGLARY","38.8757590844","-76.9636293819",70,92,162,1052,999,2051,554,541,1095
9901,"THEFT/OTHER","38.8689113338","-76.9594845298",70,92,162,1052,999,2051,554,541,1095
9901,"THEFT/OTHER","38.8689113338","-76.9594845298",70,92,162,1052,999,2051,554,541,1095
9901,"MOTOR VEHICLE THEFT","38.8745951846","-76.9582021288",70,92,162,1052,999,2051,554,541,1095
9901,"ASSAULT W/DANGEROUS WEAPON","38.8689113338","-76.9594845298",70,92,162,1052,999,2051,554,541,1095
9901,"THEFT F/AUTO","38.8721340636","-76.9533751431",70,92,162,1052,999,2051,554,541,1095
9901,"THEFT F/AUTO","38.8698399613","-76.9617425737",70,92,162,1052,999,2051,554,541,1095
9901,"THEFT/OTHER","38.8689113338","-76.9594845298",70,92,162,1052,999,2051,554,541,1095
9901,"MOTOR VEHICLE THEFT","38.8728302074","-76.9601161142",70,92,162,1052,999,2051,554,541,1095
9901,"THEFT/OTHER","38.8689113338","-76.9594845298",70,92,162,1052,999,2051,554,541,1095
9901,"THEFT F/AUTO","38.8745940517","-76.9551482457",70,92,162,1052,999,2051,554,541,1095
9901,"THEFT F/AUTO","38.8698399613","-76.9617425737",70,92,162,1052,999,2051,554,541,1095
9901,"THEFT/OTHER","38.8752007383","-76.9641943516",70,92,162,1052,999,2051,554,541,1095
9901,"THEFT F/AUTO","38.8752007383","-76.9641943516",70,92,162,1052,999,2051,554,541,1095
9901,"ROBBERY","38.8705920963","-76.9496886485",70,92,162,1052,999,2051,554,541,1095
9901,"THEFT/OTHER","38.8698399613","-76.9617425737",70,92,162,1052,999,2051,554,541,1095
9901,"THEFT/OTHER","38.8689113338","-76.9594845298",70,92,162,1052,999,2051,554,541,1095
9901,"THEFT/OTHER","38.8689113338","-76.9594845298",70,92,162,1052,999,2051,554,541,1095
9901,"ASSAULT W/DANGEROUS WEAPON","38.8769561162","-76.9602981996",70,92,162,1052,999,2051,554,541,1095
9901,"THEFT/OTHER","38.8689113338","-76.9594845298",70,92,162,1052,999,2051,554,541,1095
9901,"THEFT/OTHER","38.8689113338","-76.9594845298",70,92,162,1052,999,2051,554,541,1095
9901,"ROBBERY","38.8669727735","-76.9547151667",70,92,162,1052,999,2051,554,541,1095
9901,"THEFT/OTHER","38.8698399613","-76.9617425737",70,92,162,1052,999,2051,554,541,1095
9901,"THEFT F/AUTO","38.8762542001","-76.9625343155",70,92,162,1052,999,2051,554,541,1095
9901,"THEFT F/AUTO","38.8698399613","-76.9617425737",70,92,162,1052,999,2051,554,541,1095
9901,"MOTOR VEHICLE THEFT","38.8771726733","-76.9613583337",70,92,162,1052,999,2051,554,541,1095
9901,"THEFT F/AUTO","38.8763708918","-76.9612550485",70,92,162,1052,999,2051,554,541,1095
9901,"ASSAULT W/DANGEROUS WEAPON","38.8768936921","-76.9622112949",70,92,162,1052,999,2051,554,541,1095
9901,"THEFT/OTHER","38.8689113338","-76.9594845298",70,92,162,1052,999,2051,554,541,1095
9901,"THEFT F/AUTO","38.8697485072","-76.9577670818",70,92,162,1052,999,2051,554,541,1095
9901,"THEFT/OTHER","38.8689113338","-76.9594845298",70,92,162,1052,999,2051,554,541,1095
9901,"THEFT F/AUTO","38.8763708918","-76.9612550485",70,92,162,1052,999,2051,554,541,1095
9901,"THEFT/OTHER","38.8708285889","-76.9552773705",70,92,162,1052,999,2051,554,541,1095
9901,"THEFT/OTHER","38.8752007383","-76.9641943516",70,92,162,1052,999,2051,554,541,1095
9901,"THEFT/OTHER","38.8718718915","-76.9511051552",70,92,162,1052,999,2051,554,541,1095
9901,"THEFT F/AUTO","38.8698399613","-76.9617425737",70,92,162,1052,999,2051,554,541,1095
9901,"THEFT/OTHER","38.8689113338","-76.9594845298",70,92,162,1052,999,2051,554,541,1095
9901,"THEFT/OTHER","38.8708285889","-76.9552773705",70,92,162,1052,999,2051,554,541,1095
9901,"ROBBERY","38.8698399613","-76.9617425737",70,92,162,1052,999,2051,554,541,1095
9901,"THEFT/OTHER","38.8689113338","-76.9594845298",70,92,162,1052,999,2051,554,541,1095
9901,"THEFT/OTHER","38.8745963784","-76.9616824033",70,92,162,1052,999,2051,554,541,1095
9901,"ROBBERY","38.8719211862","-76.962617256",70,92,162,1052,999,2051,554,541,1095
9901,"THEFT F/AUTO","38.8707227282","-76.9615692485",70,92,162,1052,999,2051,554,541,1095
9901,"THEFT/OTHER","38.8698399613","-76.9617425737",70,92,162,1052,999,2051,554,541,1095
9901,"BURGLARY","38.8689113338","-76.9594845298",70,92,162,1052,999,2051,554,541,1095
9901,"THEFT/OTHER","38.8698399613","-76.9617425737",70,92,162,1052,999,2051,554,541,1095
9901,"THEFT/OTHER","38.8707308586","-76.9589879878",70,92,162,1052,999,2051,554,541,1095
9901,"THEFT/OTHER","38.8689113338","-76.9594845298",70,92,162,1052,999,2051,554,541,1095
9901,"THEFT/OTHER","38.8707308586","-76.9589879878",70,92,162,1052,999,2051,554,541,1095
9901,"THEFT F/AUTO","38.8698399613","-76.9617425737",70,92,162,1052,999,2051,554,541,1095
9901,"THEFT F/AUTO","38.8689113338","-76.9594845298",70,92,162,1052,999,2051,554,541,1095
9901,"ROBBERY","38.8752007383","-76.9641943516",70,92,162,1052,999,2051,554,541,1095
9901,"SEX ABUSE","38.8828698513","-76.9481125332",70,92,162,1052,999,2051,554,541,1095
9901,"THEFT/OTHER","38.8689113338","-76.9594845298",70,92,162,1052,999,2051,554,541,1095
9901,"THEFT/OTHER","38.8689113338","-76.9594845298",70,92,162,1052,999,2051,554,541,1095
9901,"MOTOR VEHICLE THEFT","38.8712886412","-76.9569364743",70,92,162,1052,999,2051,554,541,1095
9901,"ASSAULT W/DANGEROUS WEAPON","38.8757590844","-76.9636293819",70,92,162,1052,999,2051,554,541,1095
9901,"THEFT F/AUTO","38.8698399613","-76.9617425737",70,92,162,1052,999,2051,554,541,1095
9901,"MOTOR VEHICLE THEFT","38.8746059844","-76.9635493009",70,92,162,1052,999,2051,554,541,1095
9901,"THEFT F/AUTO","38.8705920963","-76.9496886485",70,92,162,1052,999,2051,554,541,1095
9901,"THEFT F/AUTO","38.8768936921","-76.9622112949",70,92,162,1052,999,2051,554,541,1095
9901,"THEFT F/AUTO","38.8752007383","-76.9641943516",70,92,162,1052,999,2051,554,541,1095
9901,"MOTOR VEHICLE THEFT","38.8769561162","-76.9602981996",70,92,162,1052,999,2051,554,541,1095
9901,"THEFT F/AUTO","38.8763883861","-76.9597107722",70,92,162,1052,999,2051,554,541,1095
9901,"THEFT F/AUTO","38.8707227282","-76.9615692485",70,92,162,1052,999,2051,554,541,1095
9901,"ROBBERY","38.8743877587","-76.9575569031",70,92,162,1052,999,2051,554,541,1095
9901,"THEFT F/AUTO","38.87620721","-76.9568874086",70,92,162,1052,999,2051,554,541,1095
9901,"THEFT F/AUTO","38.8757590844","-76.9636293819",70,92,162,1052,999,2051,554,541,1095
9901,"BURGLARY","38.8698399613","-76.9617425737",70,92,162,1052,999,2051,554,541,1095
9901,"THEFT/OTHER","38.8689113338","-76.9594845298",70,92,162,1052,999,2051,554,541,1095
9901,"THEFT/OTHER","38.8689113338","-76.9594845298",70,92,162,1052,999,2051,554,541,1095
9901,"THEFT F/AUTO","38.8727499812","-76.9626859646",70,92,162,1052,999,2051,554,541,1095
9902,"THEFT F/AUTO","38.8695897977","-76.9444693081",131,174,305,1246,1227,2473,296,120,416
9902,"ROBBERY","38.8684805079","-76.9418889961",131,174,305,1246,1227,2473,296,120,416
9902,"MOTOR VEHICLE THEFT","38.8674184355","-76.9437680988",131,174,305,1246,1227,2473,296,120,416
9902,"BURGLARY","38.8645290167","-76.9487250354",131,174,305,1246,1227,2473,296,120,416
9902,"THEFT/OTHER","38.8674184355","-76.9437680988",131,174,305,1246,1227,2473,296,120,416
9902,"THEFT F/AUTO","38.8700193191","-76.9387072979",131,174,305,1246,1227,2473,296,120,416
9902,"THEFT F/AUTO","38.8699486938","-76.9415190537",131,174,305,1246,1227,2473,296,120,416
9902,"MOTOR VEHICLE THEFT","38.8712443406","-76.9384757747",131,174,305,1246,1227,2473,296,120,416
9902,"MOTOR VEHICLE THEFT","38.8679613319","-76.9489760759",131,174,305,1246,1227,2473,296,120,416
9902,"BURGLARY","38.8645290167","-76.9487250354",131,174,305,1246,1227,2473,296,120,416
9902,"THEFT/OTHER","38.8653045546","-76.9506141831",131,174,305,1246,1227,2473,296,120,416
9902,"THEFT F/AUTO","38.8641225346","-76.9462710564",131,174,305,1246,1227,2473,296,120,416
9902,"THEFT F/AUTO","38.865734073","-76.944207287",131,174,305,1246,1227,2473,296,120,416
9902,"THEFT/OTHER","38.8644472944","-76.9472732652",131,174,305,1246,1227,2473,296,120,416
9902,"ASSAULT W/DANGEROUS WEAPON","38.8667715216","-76.9473982992",131,174,305,1246,1227,2473,296,120,416
9902,"ASSAULT W/DANGEROUS WEAPON","38.8680414776","-76.9468903497",131,174,305,1246,1227,2473,296,120,416
9902,"MOTOR VEHICLE THEFT","38.867644379","-76.9453119986",131,174,305,1246,1227,2473,296,120,416
9902,"THEFT/OTHER","38.8685913597","-76.9477080821",131,174,305,1246,1227,2473,296,120,416
9902,"ASSAULT W/DANGEROUS WEAPON","38.8709735623","-76.9374849866",131,174,305,1246,1227,2473,296,120,416
9902,"ASSAULT W/DANGEROUS WEAPON","38.8645290167","-76.9487250354",131,174,305,1246,1227,2473,296,120,416
9902,"MOTOR VEHICLE THEFT","38.8688039906","-76.9402639677",131,174,305,1246,1227,2473,296,120,416
9902,"THEFT/OTHER","38.8654122422","-76.9496462095",131,174,305,1246,1227,2473,296,120,416
9902,"THEFT/OTHER","38.872874","-76.9368610358",131,174,305,1246,1227,2473,296,120,416
9902,"ROBBERY","38.8662684058","-76.9504982887",131,174,305,1246,1227,2473,296,120,416
9902,"MOTOR VEHICLE THEFT","38.865734073","-76.944207287",131,174,305,1246,1227,2473,296,120,416
9902,"BURGLARY","38.8662684058","-76.9504982887",131,174,305,1246,1227,2473,296,120,416
9902,"THEFT F/AUTO","38.8699486938","-76.9415190537",131,174,305,1246,1227,2473,296,120,416
9902,"ASSAULT W/DANGEROUS WEAPON","38.8693804637","-76.9401367294",131,174,305,1246,1227,2473,296,120,416
9902,"ASSAULT W/DANGEROUS WEAPON","38.8638887207","-76.9471584542",131,174,305,1246,1227,2473,296,120,416
9902,"THEFT F/AUTO","38.8675076229","-76.9419358801",131,174,305,1246,1227,2473,296,120,416
9902,"THEFT F/AUTO","38.8645290167","-76.9487250354",131,174,305,1246,1227,2473,296,120,416
9902,"THEFT/OTHER","38.8695897977","-76.9444693081",131,174,305,1246,1227,2473,296,120,416
9902,"MOTOR VEHICLE THEFT","38.8658699427","-76.9457857882",131,174,305,1246,1227,2473,296,120,416
9902,"ASSAULT W/DANGEROUS WEAPON","38.8638887207","-76.9471584542",131,174,305,1246,1227,2473,296,120,416
9902,"THEFT/OTHER","38.8662684058","-76.9504982887",131,174,305,1246,1227,2473,296,120,416
9902,"ASSAULT W/DANGEROUS WEAPON","38.865734073","-76.944207287",131,174,305,1246,1227,2473,296,120,416
9902,"THEFT F/AUTO","38.8674474565","-76.9480776542",131,174,305,1246,1227,2473,296,120,416
9902,"THEFT F/AUTO","38.8708945242","-76.9414145672",131,174,305,1246,1227,2473,296,120,416
9902,"THEFT F/AUTO","38.8666802244","-76.9447711652",131,174,305,1246,1227,2473,296,120,416
9902,"THEFT F/AUTO","38.8644472944","-76.9472732652",131,174,305,1246,1227,2473,296,120,416
9902,"THEFT/OTHER","38.8688791175","-76.9465786008",131,174,305,1246,1227,2473,296,120,416
9902,"HOMICIDE","38.8679613319","-76.9489760759",131,174,305,1246,1227,2473,296,120,416
9902,"ROBBERY","38.8665100062","-76.9467993071",131,174,305,1246,1227,2473,296,120,416
9902,"THEFT F/AUTO","38.8641225346","-76.9462710564",131,174,305,1246,1227,2473,296,120,416
9902,"ROBBERY","38.8727379714","-76.935213254",131,174,305,1246,1227,2473,296,120,416
9902,"THEFT/OTHER","38.8662684058","-76.9504982887",131,174,305,1246,1227,2473,296,120,416
9902,"THEFT F/AUTO","38.867644379","-76.9453119986",131,174,305,1246,1227,2473,296,120,416
9902,"MOTOR VEHICLE THEFT","38.8665100062","-76.9467993071",131,174,305,1246,1227,2473,296,120,416
9902,"BURGLARY","38.8675006142","-76.9461071919",131,174,305,1246,1227,2473,296,120,416
9902,"SEX ABUSE","38.8699486938","-76.9415190537",131,174,305,1246,1227,2473,296,120,416
9902,"THEFT F/AUTO","38.8674474565","-76.9480776542",131,174,305,1246,1227,2473,296,120,416
9902,"THEFT F/AUTO","38.8658699427","-76.9457857882",131,174,305,1246,1227,2473,296,120,416
9902,"THEFT F/AUTO","38.8684805079","-76.9418889961",131,174,305,1246,1227,2473,296,120,416
9902,"THEFT/OTHER","38.8662684058","-76.9504982887",131,174,305,1246,1227,2473,296,120,416
9902,"ASSAULT W/DANGEROUS WEAPON","38.8666802244","-76.9447711652",131,174,305,1246,1227,2473,296,120,416
9902,"MOTOR VEHICLE THEFT","38.8682032114","-76.9459799077",131,174,305,1246,1227,2473,296,120,416
9902,"BURGLARY","38.8675006142","-76.9461071919",131,174,305,1246,1227,2473,296,120,416
9902,"THEFT F/AUTO","38.8662684058","-76.9504982887",131,174,305,1246,1227,2473,296,120,416
9902,"MOTOR VEHICLE THEFT","38.8675076229","-76.9419358801",131,174,305,1246,1227,2473,296,120,416
9902,"ROBBERY","38.869300773","-76.942902373",131,174,305,1246,1227,2473,296,120,416
9902,"THEFT/OTHER","38.8645290167","-76.9487250354",131,174,305,1246,1227,2473,296,120,416
9902,"ASSAULT W/DANGEROUS WEAPON","38.8663755988","-76.9484010714",131,174,305,1246,1227,2473,296,120,416
9902,"THEFT/OTHER","38.8714074605","-76.9403424535",131,174,305,1246,1227,2473,296,120,416
9902,"MOTOR VEHICLE THEFT","38.87048744","-76.9381076775",131,174,305,1246,1227,2473,296,120,416
9902,"THEFT F/AUTO","38.865734073","-76.944207287",131,174,305,1246,1227,2473,296,120,416
9902,"ROBBERY","38.8706256599","-76.9442495566",131,174,305,1246,1227,2473,296,120,416
9902,"ROBBERY","38.8684805079","-76.9418889961",131,174,305,1246,1227,2473,296,120,416
9902,"ROBBERY","38.8722434245","-76.9368846412",131,174,305,1246,1227,2473,296,120,416
9902,"THEFT/OTHER","38.8662684058","-76.9504982887",131,174,305,1246,1227,2473,296,120,416
9902,"THEFT/OTHER","38.8645290167","-76.9487250354",131,174,305,1246,1227,2473,296,120,416
9902,"MOTOR VEHICLE THEFT","38.8653045546","-76.9506141831",131,174,305,1246,1227,2473,296,120,416
9902,"THEFT F/AUTO","38.8675349558","-76.9425580972",131,174,305,1246,1227,2473,296,120,416
9902,"MOTOR VEHICLE THEFT","38.865888687","-76.9473759045",131,174,305,1246,1227,2473,296,120,416
9902,"ROBBERY","38.8695897977","-76.9444693081",131,174,305,1246,1227,2473,296,120,416
9902,"THEFT F/AUTO","38.8675349558","-76.9425580972",131,174,305,1246,1227,2473,296,120,416
9902,"THEFT/OTHER","38.8662684058","-76.9504982887",131,174,305,1246,1227,2473,296,120,416
9902,"THEFT F/AUTO","38.8661957442","-76.949115611",131,174,305,1246,1227,2473,296,120,416
9902,"THEFT F/AUTO","38.8653305263","-76.9481828977",131,174,305,1246,1227,2473,296,120,416
9902,"MOTOR VEHICLE THEFT","38.8675349558","-76.9425580972",131,174,305,1246,1227,2473,296,120,416
9902,"THEFT/OTHER","38.8645290167","-76.9487250354",131,174,305,1246,1227,2473,296,120,416
9902,"THEFT/OTHER","38.8644472944","-76.9472732652",131,174,305,1246,1227,2473,296,120,416
9902,"THEFT F/AUTO","38.8683556078","-76.9443896069",131,174,305,1246,1227,2473,296,120,416
9902,"THEFT F/AUTO","38.872874","-76.9368610358",131,174,305,1246,1227,2473,296,120,416
9902,"THEFT F/AUTO","38.8709581554","-76.9425668653",131,174,305,1246,1227,2473,296,120,416
9902,"ASSAULT W/DANGEROUS WEAPON","38.8645290167","-76.9487250354",131,174,305,1246,1227,2473,296,120,416
9902,"THEFT F/AUTO","38.8665100062","-76.9467993071",131,174,305,1246,1227,2473,296,120,416
9902,"THEFT F/AUTO","38.8674184355","-76.9437680988",131,174,305,1246,1227,2473,296,120,416
9902,"MOTOR VEHICLE THEFT","38.8699486938","-76.9415190537",131,174,305,1246,1227,2473,296,120,416
9902,"MOTOR VEHICLE THEFT","38.8681648095","-76.9410826395",131,174,305,1246,1227,2473,296,120,416
9902,"THEFT F/AUTO","38.8679613319","-76.9489760759",131,174,305,1246,1227,2473,296,120,416
9902,"THEFT F/AUTO","38.8732886161","-76.9372870526",131,174,305,1246,1227,2473,296,120,416
9902,"THEFT F/AUTO","38.8682032114","-76.9459799077",131,174,305,1246,1227,2473,296,120,416
9902,"MOTOR VEHICLE THEFT","38.8692372197","-76.9418999032",131,174,305,1246,1227,2473,296,120,416
9902,"ASSAULT W/DANGEROUS WEAPON","38.8665100062","-76.9467993071",131,174,305,1246,1227,2473,296,120,416
9902,"BURGLARY","38.8662684058","-76.9504982887",131,174,305,1246,1227,2473,296,120,416
9902,"THEFT/OTHER","38.8679613319","-76.9489760759",131,174,305,1246,1227,2473,296,120,416
9902,"THEFT F/AUTO","38.8666802244","-76.9447711652",131,174,305,1246,1227,2473,296,120,416
9902,"ROBBERY","38.8658699427","-76.9457857882",131,174,305,1246,1227,2473,296,120,416
9902,"THEFT F/AUTO","38.8714074605","-76.9403424535",131,174,305,1246,1227,2473,296,120,416
9902,"THEFT F/AUTO","38.8705620059","-76.9430165983",131,174,305,1246,1227,2473,296,120,416
9902,"MOTOR VEHICLE THEFT","38.8706256599","-76.9442495566",131,174,305,1246,1227,2473,296,120,416
9902,"MOTOR VEHICLE THEFT","38.865734073","-76.944207287",131,174,305,1246,1227,2473,296,120,416
9902,"THEFT/OTHER","38.8662684058","-76.9504982887",131,174,305,1246,1227,2473,296,120,416
9902,"HOMICIDE","38.8653305263","-76.9481828977",131,174,305,1246,1227,2473,296,120,416
9902,"THEFT/OTHER","38.8658699427","-76.9457857882",131,174,305,1246,1227,2473,296,120,416
9902,"THEFT/OTHER","38.8674184355","-76.9437680988",131,174,305,1246,1227,2473,296,120,416
9902,"THEFT F/AUTO","38.8699486938","-76.9415190537",131,174,305,1246,1227,2473,296,120,416
9902,"THEFT/OTHER","38.8662684058","-76.9504982887",131,174,305,1246,1227,2473,296,120,416
9902,"THEFT F/AUTO","38.8674184355","-76.9437680988",131,174,305,1246,1227,2473,296,120,416
9902,"BURGLARY","38.8645290167","-76.9487250354",131,174,305,1246,1227,2473,296,120,416
9902,"THEFT F/AUTO","38.8666802244","-76.9447711652",131,174,305,1246,1227,2473,296,120,416
9902,"THEFT F/AUTO","38.8739649501","-76.938611717",131,174,305,1246,1227,2473,296,120,416
9902,"THEFT F/AUTO","38.865734073","-76.944207287",131,174,305,1246,1227,2473,296,120,416
9902,"THEFT F/AUTO","38.8732609159","-76.9360424983",131,174,305,1246,1227,2473,296,120,416
9902,"THEFT F/AUTO","38.8718156399","-76.9461039333",131,174,305,1246,1227,2473,296,120,416
9902,"ROBBERY","38.8674184355","-76.9437680988",131,174,305,1246,1227,2473,296,120,416
9902,"THEFT/OTHER","38.8662684058","-76.9504982887",131,174,305,1246,1227,2473,296,120,416
9903,"THEFT F/AUTO","38.8897490469","-76.9255270397",71,96,167,751,791,1542,289,176,465
9903,"THEFT F/AUTO","38.8866086773","-76.9174159901",71,96,167,751,791,1542,289,176,465
9903,"MOTOR VEHICLE THEFT","38.8887111884","-76.9226119508",71,96,167,751,791,1542,289,176,465
9903,"MOTOR VEHICLE THEFT","38.8880902104","-76.9235231999",71,96,167,751,791,1542,289,176,465
9903,"ROBBERY","38.888244072","-76.9246295595",71,96,167,751,791,1542,289,176,465
9903,"MOTOR VEHICLE THEFT","38.889748366","-76.9244665987",71,96,167,751,791,1542,289,176,465
9903,"THEFT F/AUTO","38.8879406983","-76.9157085635",71,96,167,751,791,1542,289,176,465
9903,"THEFT/OTHER","38.8879406983","-76.9157085635",71,96,167,751,791,1542,289,176,465
9903,"MOTOR VEHICLE THEFT","38.8880902104","-76.9235231999",71,96,167,751,791,1542,289,176,465
9903,"THEFT F/AUTO","38.8887111884","-76.9226119508",71,96,167,751,791,1542,289,176,465
9903,"THEFT F/AUTO","38.8886141607","-76.9257933306",71,96,167,751,791,1542,289,176,465
9903,"THEFT F/AUTO","38.8887111884","-76.9226119508",71,96,167,751,791,1542,289,176,465
9903,"THEFT/OTHER","38.8897466139","-76.9218039698",71,96,167,751,791,1542,289,176,465
9903,"THEFT/OTHER","38.8897490469","-76.9255270397",71,96,167,751,791,1542,289,176,465
9903,"THEFT F/AUTO","38.8879406983","-76.9157085635",71,96,167,751,791,1542,289,176,465
9903,"ASSAULT W/DANGEROUS WEAPON","38.8866452785","-76.9182227706",71,96,167,751,791,1542,289,176,465
9903,"HOMICIDE","38.8860056596","-76.9181889259",71,96,167,751,791,1542,289,176,465
9903,"THEFT F/AUTO","38.8897490469","-76.9255270397",71,96,167,751,791,1542,289,176,465
9903,"MOTOR VEHICLE THEFT","38.8897490469","-76.9255270397",71,96,167,751,791,1542,289,176,465
9903,"THEFT F/AUTO","38.8880902104","-76.9235231999",71,96,167,751,791,1542,289,176,465
9903,"THEFT F/AUTO","38.8884661758","-76.9199611598",71,96,167,751,791,1542,289,176,465
9903,"THEFT F/AUTO","38.889150543","-76.919568493",71,96,167,751,791,1542,289,176,465
9903,"THEFT F/AUTO","38.8887111884","-76.9226119508",71,96,167,751,791,1542,289,176,465
9903,"THEFT F/AUTO","38.8887111884","-76.9226119508",71,96,167,751,791,1542,289,176,465
9903,"ROBBERY","38.8897490469","-76.9255270397",71,96,167,751,791,1542,289,176,465
9903,"BURGLARY","38.8897454278","-76.920051937",71,96,167,751,791,1542,289,176,465
9903,"THEFT F/AUTO","38.8879406983","-76.9157085635",71,96,167,751,791,1542,289,176,465
9903,"BURGLARY","38.889150543","-76.919568493",71,96,167,751,791,1542,289,176,465
9903,"THEFT F/AUTO","38.888244072","-76.9246295595",71,96,167,751,791,1542,289,176,465
9903,"THEFT/OTHER","38.8897454278","-76.920051937",71,96,167,751,791,1542,289,176,465
9903,"THEFT F/AUTO","38.888244072","-76.9246295595",71,96,167,751,791,1542,289,176,465
9903,"THEFT F/AUTO","38.8877983425","-76.9182099227",71,96,167,751,791,1542,289,176,465
9903,"THEFT F/AUTO","38.8887111884","-76.9226119508",71,96,167,751,791,1542,289,176,465
9903,"THEFT F/AUTO","38.8897490469","-76.9255270397",71,96,167,751,791,1542,289,176,465
9903,"ASSAULT W/DANGEROUS WEAPON","38.8879406983","-76.9157085635",71,96,167,751,791,1542,289,176,465
9903,"THEFT F/AUTO","38.8879406983","-76.9157085635",71,96,167,751,791,1542,289,176,465
9903,"ASSAULT W/DANGEROUS WEAPON","38.8870731762","-76.9249304752",71,96,167,751,791,1542,289,176,465
9903,"MOTOR VEHICLE THEFT","38.8897602299","-76.9290195703",71,96,167,751,791,1542,289,176,465
9903,"ROBBERY","38.8868724465","-76.921069451",71,96,167,751,791,1542,289,176,465
9903,"THEFT F/AUTO","38.8876999721","-76.9192473944",71,96,167,751,791,1542,289,176,465
9903,"MOTOR VEHICLE THEFT","38.8880902104","-76.9235231999",71,96,167,751,791,1542,289,176,465
9903,"MOTOR VEHICLE THEFT","38.8886141607","-76.9257933306",71,96,167,751,791,1542,289,176,465
9903,"MOTOR VEHICLE THEFT","38.8876999721","-76.9192473944",71,96,167,751,791,1542,289,176,465
9903,"ASSAULT W/DANGEROUS WEAPON","38.8897490469","-76.9255270397",71,96,167,751,791,1542,289,176,465
9903,"MOTOR VEHICLE THEFT","38.8880902104","-76.9235231999",71,96,167,751,791,1542,289,176,465
9903,"THEFT F/AUTO","38.8860056596","-76.9181889259",71,96,167,751,791,1542,289,176,465
9903,"THEFT/OTHER","38.8886141607","-76.9257933306",71,96,167,751,791,1542,289,176,465
9903,"ROBBERY","38.8866452785","-76.9182227706",71,96,167,751,791,1542,289,176,465
9903,"THEFT F/AUTO","38.8860056596","-76.9181889259",71,96,167,751,791,1542,289,176,465
9903,"THEFT F/AUTO","38.8897602299","-76.9290195703",71,96,167,751,791,1542,289,176,465
9903,"THEFT F/AUTO","38.889748366","-76.9244665987",71,96,167,751,791,1542,289,176,465
9903,"THEFT F/AUTO","38.8897531916","-76.9182537878",71,96,167,751,791,1542,289,176,465
9903,"THEFT F/AUTO","38.8879406983","-76.9157085635",71,96,167,751,791,1542,289,176,465
9903,"THEFT/OTHER","38.889047318","-76.9269916284",71,96,167,751,791,1542,289,176,465
9903,"THEFT F/AUTO","38.8879406983","-76.9157085635",71,96,167,751,791,1542,289,176,465
9903,"ROBBERY","38.8883292932","-76.9174370511",71,96,167,751,791,1542,289,176,465
9903,"MOTOR VEHICLE THEFT","38.8886141607","-76.9257933306",71,96,167,751,791,1542,289,176,465
9903,"ROBBERY","38.8897490469","-76.9255270397",71,96,167,751,791,1542,289,176,465
9903,"MOTOR VEHICLE THEFT","38.8886141607","-76.9257933306",71,96,167,751,791,1542,289,176,465
9903,"MOTOR VEHICLE THEFT","38.8870353474","-76.9221873027",71,96,167,751,791,1542,289,176,465
9903,"BURGLARY","38.889150543","-76.919568493",71,96,167,751,791,1542,289,176,465
9903,"ROBBERY","38.888582737","-76.9191657108",71,96,167,751,791,1542,289,176,465
9903,"MOTOR VEHICLE THEFT","38.8883292932","-76.9174370511",71,96,167,751,791,1542,289,176,465
9903,"ROBBERY","38.8883292932","-76.9174370511",71,96,167,751,791,1542,289,176,465
9903,"ASSAULT W/DANGEROUS WEAPON","38.8887111884","-76.9226119508",71,96,167,751,791,1542,289,176,465
9903,"THEFT F/AUTO","38.8883292932","-76.9174370511",71,96,167,751,791,1542,289,176,465
9903,"ASSAULT W/DANGEROUS WEAPON","38.888582737","-76.9191657108",71,96,167,751,791,1542,289,176,465
9903,"THEFT F/AUTO","38.8897454278","-76.920051937",71,96,167,751,791,1542,289,176,465
9903,"THEFT F/AUTO","38.8886141607","-76.9257933306",71,96,167,751,791,1542,289,176,465
9903,"ROBBERY","38.8897490469","-76.9255270397",71,96,167,751,791,1542,289,176,465
9903,"THEFT F/AUTO","38.8880902104","-76.9235231999",71,96,167,751,791,1542,289,176,465
9903,"THEFT F/AUTO","38.8868724465","-76.921069451",71,96,167,751,791,1542,289,176,465
9903,"MOTOR VEHICLE THEFT","38.8870353474","-76.9221873027",71,96,167,751,791,1542,289,176,465
9904,"THEFT F/AUTO","38.887859414","-76.9289407777",127,148,275,882,690,1572,169,186,355
9904,"MOTOR VEHICLE THEFT","38.8822576696","-76.9314012516",127,148,275,882,690,1572,169,186,355
9904,"THEFT F/AUTO","38.8888335962","-76.9310721899",127,148,275,882,690,1572,169,186,355
9904,"MOTOR VEHICLE THEFT","38.8838061803","-76.929832284",127,148,275,882,690,1572,169,186,355
9904,"ROBBERY","38.8851482485","-76.9295312934",127,148,275,882,690,1572,169,186,355
9904,"THEFT/OTHER","38.8827807805","-76.9324726122",127,148,275,882,690,1572,169,186,355
9904,"HOMICIDE","38.8826825514","-76.9339825323",127,148,275,882,690,1572,169,186,355
9904,"ROBBERY","38.8854558813","-76.9318015813",127,148,275,882,690,1572,169,186,355
9904,"MOTOR VEHICLE THEFT","38.8864993311","-76.9292418086",127,148,275,882,690,1572,169,186,355
9904,"HOMICIDE","38.8831216262","-76.9299712628",127,148,275,882,690,1572,169,186,355
9904,"THEFT/OTHER","38.8851482485","-76.9295312934",127,148,275,882,690,1572,169,186,355
9904,"MOTOR VEHICLE THEFT","38.8826825514","-76.9339825323",127,148,275,882,690,1572,169,186,355
9904,"THEFT F/AUTO","38.887859414","-76.9289407777",127,148,275,882,690,1572,169,186,355
9904,"THEFT/OTHER","38.8858327948","-76.9293807805",127,148,275,882,690,1572,169,186,355
9904,"ROBBERY","38.8838061803","-76.929832284",127,148,275,882,690,1572,169,186,355
9904,"THEFT F/AUTO","38.8822576696","-76.9314012516",127,148,275,882,690,1572,169,186,355
9904,"THEFT F/AUTO","38.8871838768","-76.9290912901",127,148,275,882,690,1572,169,186,355
9904,"MOTOR VEHICLE THEFT","38.8826825514","-76.9339825323",127,148,275,882,690,1572,169,186,355
9904,"THEFT/OTHER","38.8827807805","-76.9324726122",127,148,275,882,690,1572,169,186,355
9904,"THEFT F/AUTO","38.8847351031","-76.9316178586",127,148,275,882,690,1572,169,186,355
9904,"MOTOR VEHICLE THEFT","38.8838061803","-76.929832284",127,148,275,882,690,1572,169,186,355
9904,"THEFT F/AUTO","38.8826825514","-76.9339825323",127,148,275,882,690,1572,169,186,355
9904,"ROBBERY","38.8871838768","-76.9290912901",127,148,275,882,690,1572,169,186,355
9904,"ASSAULT W/DANGEROUS WEAPON","38.8838061803","-76.929832284",127,148,275,882,690,1572,169,186,355
9904,"MOTOR VEHICLE THEFT","38.8851482485","-76.9295312934",127,148,275,882,690,1572,169,186,355
9904,"THEFT/OTHER","38.8888335962","-76.9310721899",127,148,275,882,690,1572,169,186,355
9904,"THEFT F/AUTO","38.8858327948","-76.9293807805",127,148,275,882,690,1572,169,186,355
9904,"THEFT F/AUTO","38.8858327948","-76.9293807805",127,148,275,882,690,1572,169,186,355
9904,"MOTOR VEHICLE THEFT","38.8838061803","-76.929832284",127,148,275,882,690,1572,169,186,355
9904,"THEFT F/AUTO","38.8888335962","-76.9310721899",127,148,275,882,690,1572,169,186,355
9904,"THEFT/OTHER","38.8853457035","-76.9283324122",127,148,275,882,690,1572,169,186,355
9904,"THEFT F/AUTO","38.8874915316","-76.9313846932",127,148,275,882,690,1572,169,186,355
9904,"ASSAULT W/DANGEROUS WEAPON","38.8826825514","-76.9339825323",127,148,275,882,690,1572,169,186,355
9904,"THEFT/OTHER","38.8838061803","-76.929832284",127,148,275,882,690,1572,169,186,355
9904,"ROBBERY","38.8885349508","-76.9287902624",127,148,275,882,690,1572,169,186,355
9904,"THEFT F/AUTO","38.8847351031","-76.9316178586",127,148,275,882,690,1572,169,186,355
9904,"HOMICIDE","38.8858327948","-76.9293807805",127,148,275,882,690,1572,169,186,355
9904,"ASSAULT W/DANGEROUS WEAPON","38.8831216262","-76.9299712628",127,148,275,882,690,1572,169,186,355
9904,"THEFT F/AUTO","38.8844817187","-76.9296817857",127,148,275,882,690,1572,169,186,355
9904,"HOMICIDE","38.8858327948","-76.9293807805",127,148,275,882,690,1572,169,186,355
9904,"THEFT/OTHER","38.8881670648","-76.9312226755",127,148,275,882,690,1572,169,186,355
9904,"THEFT F/AUTO","38.8838061803","-76.929832284",127,148,275,882,690,1572,169,186,355
9904,"ROBBERY","38.8854558813","-76.9318015813",127,148,275,882,690,1572,169,186,355
9904,"THEFT/OTHER","38.8852311866","-76.9326892834",127,148,275,882,690,1572,169,186,355
9904,"MOTOR VEHICLE THEFT","38.8873300855","-76.9325950941",127,148,275,882,690,1572,169,186,355
9904,"THEFT/OTHER","38.8871838768","-76.9290912901",127,148,275,882,690,1572,169,186,355
9904,"ASSAULT W/DANGEROUS WEAPON","38.8888335962","-76.9310721899",127,148,275,882,690,1572,169,186,355
9904,"ROBBERY","38.8838061803","-76.929832284",127,148,275,882,690,1572,169,186,355
9904,"MOTOR VEHICLE THEFT","38.8831216262","-76.9299712628",127,148,275,882,690,1572,169,186,355
9904,"THEFT F/AUTO","38.8885349508","-76.9287902624",127,148,275,882,690,1572,169,186,355
9904,"THEFT F/AUTO","38.8834125677","-76.9345811837",127,148,275,882,690,1572,169,186,355
9904,"ROBBERY","38.8871838768","-76.9290912901",127,148,275,882,690,1572,169,186,355
9904,"THEFT F/AUTO","38.8874915316","-76.9313846932",127,148,275,882,690,1572,169,186,355
9904,"THEFT/OTHER","38.8888335962","-76.9310721899",127,148,275,882,690,1572,169,186,355
9904,"MOTOR VEHICLE THEFT","38.8838061803","-76.929832284",127,148,275,882,690,1572,169,186,355
9904,"MOTOR VEHICLE THEFT","38.8831216262","-76.9299712628",127,148,275,882,690,1572,169,186,355
9904,"THEFT F/AUTO","38.8871838768","-76.9290912901",127,148,275,882,690,1572,169,186,355
9904,"MOTOR VEHICLE THEFT","38.8842842499","-76.9308806486",127,148,275,882,690,1572,169,186,355
9904,"THEFT/OTHER","38.8858327948","-76.9293807805",127,148,275,882,690,1572,169,186,355
9904,"BURGLARY","38.8868069761","-76.9315236643",127,148,275,882,690,1572,169,186,355
9904,"MOTOR VEHICLE THEFT","38.8897611102","-76.9304834402",127,148,275,882,690,1572,169,186,355
9904,"THEFT F/AUTO","38.8838061803","-76.929832284",127,148,275,882,690,1572,169,186,355
9904,"THEFT F/AUTO","38.8822576696","-76.9314012516",127,148,275,882,690,1572,169,186,355
9904,"MOTOR VEHICLE THEFT","38.8838061803","-76.929832284",127,148,275,882,690,1572,169,186,355
9904,"THEFT F/AUTO","38.8827807805","-76.9324726122",127,148,275,882,690,1572,169,186,355
9904,"THEFT F/AUTO","38.8844817187","-76.9296817857",127,148,275,882,690,1572,169,186,355
9904,"MOTOR VEHICLE THEFT","38.8819590023","-76.9290734319",127,148,275,882,690,1572,169,186,355
9904,"ROBBERY","38.8838061803","-76.929832284",127,148,275,882,690,1572,169,186,355
9904,"ROBBERY","38.8826825514","-76.9339825323",127,148,275,882,690,1572,169,186,355
9904,"MOTOR VEHICLE THEFT","38.8826825514","-76.9339825323",127,148,275,882,690,1572,169,186,355
9904,"THEFT F/AUTO","38.8871838768","-76.9290912901",127,148,275,882,690,1572,169,186,355
9904,"THEFT F/AUTO","38.8851482485","-76.9295312934",127,148,275,882,690,1572,169,186,355
9904,"ROBBERY","38.8838061803","-76.929832284",127,148,275,882,690,1572,169,186,355
9904,"MOTOR VEHICLE THEFT","38.8838061803","-76.929832284",127,148,275,882,690,1572,169,186,355
9904,"THEFT/OTHER","38.8893747262","-76.9321436297",127,148,275,882,690,1572,169,186,355
9904,"THEFT F/AUTO","38.8822576696","-76.9314012516",127,148,275,882,690,1572,169,186,355
9904,"ROBBERY","38.8889492868","-76.928709164",127,148,275,882,690,1572,169,186,355
9904,"THEFT F/AUTO","38.8813645258","-76.9292007999",127,148,275,882,690,1572,169,186,355
9904,"MOTOR VEHICLE THEFT","38.8826825514","-76.9339825323",127,148,275,882,690,1572,169,186,355
9904,"MOTOR VEHICLE THEFT","38.8844817187","-76.9296817857",127,148,275,882,690,1572,169,186,355
9904,"THEFT/OTHER","38.8826825514","-76.9339825323",127,148,275,882,690,1572,169,186,355
9904,"MOTOR VEHICLE THEFT","38.8831216262","-76.9299712628",127,148,275,882,690,1572,169,186,355
9904,"THEFT F/AUTO","38.8813645258","-76.9292007999",127,148,275,882,690,1572,169,186,355
9904,"MOTOR VEHICLE THEFT","38.8849597896","-76.9307301592",127,148,275,882,690,1572,169,186,355
9904,"MOTOR VEHICLE THEFT","38.8885349508","-76.9287902624",127,148,275,882,690,1572,169,186,355
9904,"ROBBERY","38.8866185101","-76.9327456048",127,148,275,882,690,1572,169,186,355
9904,"THEFT F/AUTO","38.8854558813","-76.9318015813",127,148,275,882,690,1572,169,186,355
9904,"ASSAULT W/DANGEROUS WEAPON","38.8819590023","-76.9290734319",127,148,275,882,690,1572,169,186,355
9904,"ASSAULT W/DANGEROUS WEAPON","38.881194224","-76.9306300884",127,148,275,882,690,1572,169,186,355
9904,"THEFT F/AUTO","38.8871838768","-76.9290912901",127,148,275,882,690,1572,169,186,355
9904,"ASSAULT W/DANGEROUS WEAPON","38.8838061803","-76.929832284",127,148,275,882,690,1572,169,186,355
9904,"MOTOR VEHICLE THEFT","38.8838061803","-76.929832284",127,148,275,882,690,1572,169,186,355
9904,"THEFT F/AUTO","38.887859414","-76.9289407777",127,148,275,882,690,1572,169,186,355
9904,"ASSAULT W/DANGEROUS WEAPON","38.8844817187","-76.9296817857",127,148,275,882,690,1572,169,186,355
9904,"THEFT F/AUTO","38.8838061803","-76.929832284",127,148,275,882,690,1572,169,186,355
9904,"MOTOR VEHICLE THEFT","38.8838061803","-76.929832284",127,148,275,882,690,1572,169,186,355
9904,"MOTOR VEHICLE THEFT","38.8885349508","-76.9287902624",127,148,275,882,690,1572,169,186,355
9904,"THEFT F/AUTO","38.887859414","-76.9289407777",127,148,275,882,690,1572,169,186,355
9904,"ROBBERY","38.8881670648","-76.9312226755",127,148,275,882,690,1572,169,186,355
9904,"THEFT F/AUTO","38.8838061803","-76.929832284",127,148,275,882,690,1572,169,186,355
9904,"MOTOR VEHICLE THEFT","38.8858327948","-76.9293807805",127,148,275,882,690,1572,169,186,355
9904,"HOMICIDE","38.8858327948","-76.9293807805",127,148,275,882,690,1572,169,186,355
9904,"MOTOR VEHICLE THEFT","38.8838061803","-76.929832284",127,148,275,882,690,1572,169,186,355
9904,"MOTOR VEHICLE THEFT","38.8871838768","-76.9290912901",127,148,275,882,690,1572,169,186,355
9904,"ROBBERY","38.8836177182","-76.9310311264",127,148,275,882,690,1572,169,186,355
9904,"THEFT F/AUTO","38.8888335962","-76.9310721899",127,148,275,882,690,1572,169,186,355
9904,"MOTOR VEHICLE THEFT","38.8838061803","-76.929832284",127,148,275,882,690,1572,169,186,355
9904,"ROBBERY","38.8854558813","-76.9318015813",127,148,275,882,690,1572,169,186,355
9904,"ASSAULT W/DANGEROUS WEAPON","38.8851482485","-76.9295312934",127,148,275,882,690,1572,169,186,355
9904,"ASSAULT W/DANGEROUS WEAPON","38.8847351031","-76.9316178586",127,148,275,882,690,1572,169,186,355
9904,"MOTOR VEHICLE THEFT","38.8885349508","-76.9287902624",127,148,275,882,690,1572,169,186,355
9904,"THEFT/OTHER","38.8838061803","-76.929832284",127,148,275,882,690,1572,169,186,355
9904,"THEFT/OTHER","38.8871838768","-76.9290912901",127,148,275,882,690,1572,169,186,355
9904,"THEFT/OTHER","38.8826825514","-76.9339825323",127,148,275,882,690,1572,169,186,355
9904,"THEFT/OTHER","38.8871838768","-76.9290912901",127,148,275,882,690,1572,169,186,355
9904,"THEFT/OTHER","38.8851482485","-76.9295312934",127,148,275,882,690,1572,169,186,355
9904,"THEFT F/AUTO","38.8883464996","-76.9299891871",127,148,275,882,690,1572,169,186,355
9904,"ROBBERY","38.8858327948","-76.9293807805",127,148,275,882,690,1572,169,186,355
9904,"MOTOR VEHICLE THEFT","38.8838061803","-76.929832284",127,148,275,882,690,1572,169,186,355
9904,"MOTOR VEHICLE THEFT","38.8851482485","-76.9295312934",127,148,275,882,690,1572,169,186,355
9904,"THEFT F/AUTO","38.8871838768","-76.9290912901",127,148,275,882,690,1572,169,186,355
9904,"THEFT F/AUTO","38.8856443375","-76.9305796582",127,148,275,882,690,1572,169,186,355
9904,"THEFT F/AUTO","38.8853457035","-76.9283324122",127,148,275,882,690,1572,169,186,355
9904,"THEFT/OTHER","38.8826825514","-76.9339825323",127,148,275,882,690,1572,169,186,355
9904,"ROBBERY","38.8838061803","-76.929832284",127,148,275,882,690,1572,169,186,355
9904,"THEFT/OTHER","38.8826825514","-76.9339825323",127,148,275,882,690,1572,169,186,355
9904,"THEFT F/AUTO","38.8826825514","-76.9339825323",127,148,275,882,690,1572,169,186,355
9904,"THEFT F/AUTO","38.8849597896","-76.9307301592",127,148,275,882,690,1572,169,186,355
9904,"THEFT F/AUTO","38.8881670648","-76.9312226755",127,148,275,882,690,1572,169,186,355
9904,"ASSAULT W/DANGEROUS WEAPON","38.884005289","-76.9313880458",127,148,275,882,690,1572,169,186,355
9904,"ROBBERY","38.8831216262","-76.9299712628",127,148,275,882,690,1572,169,186,355
9904,"THEFT/OTHER","38.8827807805","-76.9324726122",127,148,275,882,690,1572,169,186,355
9904,"MOTOR VEHICLE THEFT","38.887859414","-76.9289407777",127,148,275,882,690,1572,169,186,355
9905,"HOMICIDE","38.887551733","-76.9266819518",70,44,114,838,784,1622,198,130,328
9905,"THEFT F/AUTO","38.8808053583","-76.9281410459",70,44,114,838,784,1622,198,130,328
9905,"BURGLARY","38.8818397497","-76.925627497",70,44,114,838,784,1622,198,130,328
9905,"MOTOR VEHICLE THEFT","38.8841978891","-76.9223503328",70,44,114,838,784,1622,198,130,328
9905,"ASSAULT W/DANGEROUS WEAPON","38.8845508896","-76.9250253346",70,44,114,838,784,1622,198,130,328
9905,"THEFT/OTHER","38.8835585262","-76.9228134736",70,44,114,838,784,1622,198,130,328
9905,"THEFT F/AUTO","38.8814719008","-76.9280135974",70,44,114,838,784,1622,198,130,328
9905,"THEFT/OTHER","38.8834985163","-76.9275735826",70,44,114,838,784,1622,198,130,328
9905,"ASSAULT W/DANGEROUS WEAPON","38.8835585262","-76.9228134736",70,44,114,838,784,1622,198,130,328
9905,"THEFT F/AUTO","38.8843624769","-76.9262242022",70,44,114,838,784,1622,198,130,328
9905,"MOTOR VEHICLE THEFT","38.887551733","-76.9266819518",70,44,114,838,784,1622,198,130,328
9905,"THEFT/OTHER","38.8883358291","-76.927268988",70,44,114,838,784,1622,198,130,328
9905,"MOTOR VEHICLE THEFT","38.8847739211","-76.921705688",70,44,114,838,784,1622,198,130,328
9905,"MOTOR VEHICLE THEFT","38.8833100774","-76.9287724259",70,44,114,838,784,1622,198,130,328
9905,"MOTOR VEHICLE THEFT","38.8818397497","-76.925627497",70,44,114,838,784,1622,198,130,328
9905,"MOTOR VEHICLE THEFT","38.8814719008","-76.9280135974",70,44,114,838,784,1622,198,130,328
9905,"THEFT/OTHER","38.8834985163","-76.9275735826",70,44,114,838,784,1622,198,130,328
9905,"MOTOR VEHICLE THEFT","38.8841740519","-76.9274230636",70,44,114,838,784,1622,198,130,328
9905,"ROBBERY","38.8836869429","-76.926374733",70,44,114,838,784,1622,198,130,328
9905,"THEFT/OTHER","38.887551733","-76.9266819518",70,44,114,838,784,1622,198,130,328
9905,"THEFT/OTHER","38.8841740519","-76.9274230636",70,44,114,838,784,1622,198,130,328
9905,"THEFT/OTHER","38.8837938962","-76.9245766325",70,44,114,838,784,1622,198,130,328
9905,"ASSAULT W/DANGEROUS WEAPON","38.8847739211","-76.921705688",70,44,114,838,784,1622,198,130,328
9905,"THEFT/OTHER","38.8841740519","-76.9274230636",70,44,114,838,784,1622,198,130,328
9905,"MOTOR VEHICLE THEFT","38.8848495944","-76.9272840674",70,44,114,838,784,1622,198,130,328
9905,"THEFT F/AUTO","38.8834985163","-76.9275735826",70,44,114,838,784,1622,198,130,328
9905,"MOTOR VEHICLE THEFT","38.8834985163","-76.9275735826",70,44,114,838,784,1622,198,130,328
9905,"ROBBERY","38.8841740519","-76.9274230636",70,44,114,838,784,1622,198,130,328
9905,"THEFT F/AUTO","38.8859019537","-76.924724241",70,44,114,838,784,1622,198,130,328
9905,"THEFT/OTHER","38.8843624769","-76.9262242022",70,44,114,838,784,1622,198,130,328
9905,"ASSAULT W/DANGEROUS WEAPON","38.8814719008","-76.9280135974",70,44,114,838,784,1622,198,130,328
9905,"THEFT F/AUTO","38.8834985163","-76.9275735826",70,44,114,838,784,1622,198,130,328
9905,"THEFT F/AUTO","38.8818397497","-76.925627497",70,44,114,838,784,1622,198,130,328
9905,"THEFT F/AUTO","38.8821474443","-76.9278746121",70,44,114,838,784,1622,198,130,328
9905,"THEFT F/AUTO","38.881640654","-76.9242101011",70,44,114,838,784,1622,198,130,328
9905,"THEFT/OTHER","38.8845508896","-76.9250253346",70,44,114,838,784,1622,198,130,328
9905,"ASSAULT W/DANGEROUS WEAPON","38.8868761987","-76.926832485",70,44,114,838,784,1622,198,130,328
9905,"THEFT/OTHER","38.8858622236","-76.9191918448",70,44,114,838,784,1622,198,130,328
9905,"MOTOR VEHICLE THEFT","38.8863890846","-76.9257841188",70,44,114,838,784,1622,198,130,328
9905,"THEFT/OTHER","38.8841740519","-76.9274230636",70,44,114,838,784,1622,198,130,328
9905,"THEFT F/AUTO","38.8866136749","-76.9248156983",70,44,114,838,784,1622,198,130,328
9905,"MOTOR VEHICLE THEFT","38.8854762414","-76.9212093058",70,44,114,838,784,1622,198,130,328
9905,"HOMICIDE","38.8855251294","-76.9271335428",70,44,114,838,784,1622,198,130,328
9905,"THEFT/OTHER","38.8847739211","-76.921705688",70,44,114,838,784,1622,198,130,328
9905,"MOTOR VEHICLE THEFT","38.8862006642","-76.9269830153",70,44,114,838,784,1622,198,130,328
9905,"MOTOR VEHICLE THEFT","38.8848495944","-76.9272840674",70,44,114,838,784,1622,198,130,328
9905,"ASSAULT W/DANGEROUS WEAPON","38.8818397497","-76.925627497",70,44,114,838,784,1622,198,130,328
9905,"THEFT/OTHER","38.8816513235","-76.9268147923",70,44,114,838,784,1622,198,130,328
9905,"THEFT F/AUTO","38.8845508896","-76.9250253346",70,44,114,838,784,1622,198,130,328
9905,"MOTOR VEHICLE THEFT","38.8834985163","-76.9275735826",70,44,114,838,784,1622,198,130,328
9905,"THEFT/OTHER","38.8854762414","-76.9212093058",70,44,114,838,784,1622,198,130,328
9905,"MOTOR VEHICLE THEFT","38.883190816","-76.9253264262",70,44,114,838,784,1622,198,130,328
9905,"MOTOR VEHICLE THEFT","38.8868761987","-76.926832485",70,44,114,838,784,1622,198,130,328
9905,"ASSAULT W/DANGEROUS WEAPON","38.8818397497","-76.925627497",70,44,114,838,784,1622,198,130,328
9905,"MOTOR VEHICLE THEFT","38.8834985163","-76.9275735826",70,44,114,838,784,1622,198,130,328
9905,"ASSAULT W/DANGEROUS WEAPON","38.8868761987","-76.926832485",70,44,114,838,784,1622,198,130,328
9905,"THEFT/OTHER","38.8818397497","-76.925627497",70,44,114,838,784,1622,198,130,328
9905,"THEFT/OTHER","38.8862006642","-76.9269830153",70,44,114,838,784,1622,198,130,328
9905,"ROBBERY","38.8818397497","-76.925627497",70,44,114,838,784,1622,198,130,328
9905,"ROBBERY","38.8837938962","-76.9245766325",70,44,114,838,784,1622,198,130,328
9905,"MOTOR VEHICLE THEFT","38.8859019537","-76.924724241",70,44,114,838,784,1622,198,130,328
9905,"THEFT F/AUTO","38.8847739211","-76.921705688",70,44,114,838,784,1622,198,130,328
9905,"THEFT F/AUTO","38.8866136749","-76.9248156983",70,44,114,838,784,1622,198,130,328
9905,"THEFT/OTHER","38.8854762414","-76.9212093058",70,44,114,838,784,1622,198,130,328
9905,"THEFT/OTHER","38.8835585262","-76.9228134736",70,44,114,838,784,1622,198,130,328
9905,"THEFT/OTHER","38.8855251294","-76.9271335428",70,44,114,838,784,1622,198,130,328
9905,"THEFT/OTHER","38.8808053583","-76.9281410459",70,44,114,838,784,1622,198,130,328
9905,"ROBBERY","38.8856037549","-76.9233068735",70,44,114,838,784,1622,198,130,328
9905,"THEFT F/AUTO","38.8848495944","-76.9272840674",70,44,114,838,784,1622,198,130,328
9905,"ROBBERY","38.8841740519","-76.9274230636",70,44,114,838,784,1622,198,130,328
9905,"THEFT/OTHER","38.8841740519","-76.9274230636",70,44,114,838,784,1622,198,130,328
9905,"MOTOR VEHICLE THEFT","38.883190816","-76.9253264262",70,44,114,838,784,1622,198,130,328
9905,"THEFT F/AUTO","38.8847739211","-76.921705688",70,44,114,838,784,1622,198,130,328
9905,"MOTOR VEHICLE THEFT","38.8818397497","-76.925627497",70,44,114,838,784,1622,198,130,328
9905,"THEFT/OTHER","38.8858622236","-76.9191918448",70,44,114,838,784,1622,198,130,328
9905,"MOTOR VEHICLE THEFT","38.8841740519","-76.9274230636",70,44,114,838,784,1622,198,130,328
9905,"THEFT/OTHER","38.8883358291","-76.927268988",70,44,114,838,784,1622,198,130,328
9905,"MOTOR VEHICLE THEFT","38.8861443861","-76.9235022336",70,44,114,838,784,1622,198,130,328
9905,"MOTOR VEHICLE THEFT","38.8818397497","-76.925627497",70,44,114,838,784,1622,198,130,328
9905,"MOTOR VEHICLE THEFT","38.8812999387","-76.9267229513",70,44,114,838,784,1622,198,130,328
9905,"THEFT/OTHER","38.8841978157","-76.9223517562",70,44,114,838,784,1622,198,130,328
9905,"THEFT F/AUTO","38.882335874","-76.926675786",70,44,114,838,784,1622,198,130,328
9905,"MOTOR VEHICLE THEFT","38.8868761987","-76.926832485",70,44,114,838,784,1622,198,130,328
9905,"ROBBERY","38.8841740519","-76.9274230636",70,44,114,838,784,1622,198,130,328
9905,"THEFT F/AUTO","38.882813972","-76.9277241079",70,44,114,838,784,1622,198,130,328
9905,"BURGLARY","38.8843624769","-76.9262242022",70,44,114,838,784,1622,198,130,328
9905,"THEFT F/AUTO","38.883190816","-76.9253264262",70,44,114,838,784,1622,198,130,328
9905,"THEFT F/AUTO","38.8847739211","-76.921705688",70,44,114,838,784,1622,198,130,328
9905,"MOTOR VEHICLE THEFT","38.883190816","-76.9253264262",70,44,114,838,784,1622,198,130,328
9905,"MOTOR VEHICLE THEFT","38.8868761987","-76.926832485",70,44,114,838,784,1622,198,130,328
9905,"THEFT/OTHER","38.8847739211","-76.921705688",70,44,114,838,784,1622,198,130,328
9905,"MOTOR VEHICLE THEFT","38.8845508896","-76.9250253346",70,44,114,838,784,1622,198,130,328
9905,"BURGLARY","38.8843624769","-76.9262242022",70,44,114,838,784,1622,198,130,328
9905,"THEFT F/AUTO","38.883190816","-76.9253264262",70,44,114,838,784,1622,198,130,328
9905,"BURGLARY","38.8845508896","-76.9250253346",70,44,114,838,784,1622,198,130,328
9905,"MOTOR VEHICLE THEFT","38.887551733","-76.9266819518",70,44,114,838,784,1622,198,130,328
9905,"THEFT/OTHER","38.8841978157","-76.9223517562",70,44,114,838,784,1622,198,130,328
9905,"MOTOR VEHICLE THEFT","38.8841978157","-76.9223517562",70,44,114,838,784,1622,198,130,328
9905,"MOTOR VEHICLE THEFT","38.8834985163","-76.9275735826",70,44,114,838,784,1622,198,130,328
9905,"SEX ABUSE","38.8854762414","-76.9212093058",70,44,114,838,784,1622,198,130,328
9905,"BURGLARY","38.8831216262","-76.9299712628",70,44,114,838,784,1622,198,130,328
9905,"MOTOR VEHICLE THEFT","38.8833100774","-76.9287724259",70,44,114,838,784,1622,198,130,328
9905,"THEFT F/AUTO","38.8847739211","-76.921705688",70,44,114,838,784,1622,198,130,328
9905,"MOTOR VEHICLE THEFT","38.883190816","-76.9253264262",70,44,114,838,784,1622,198,130,328
9905,"ROBBERY","38.8821474443","-76.9278746121",70,44,114,838,784,1622,198,130,328
9905,"THEFT/OTHER","38.883190816","-76.9253264262",70,44,114,838,784,1622,198,130,328
9905,"ROBBERY","38.8841740519","-76.9274230636",70,44,114,838,784,1622,198,130,328
9905,"MOTOR VEHICLE THEFT","38.8862006642","-76.9269830153",70,44,114,838,784,1622,198,130,328
9905,"ROBBERY","38.887551733","-76.9266819518",70,44,114,838,784,1622,198,130,328
9905,"THEFT F/AUTO","38.8834985163","-76.9275735826",70,44,114,838,784,1622,198,130,328
9905,"THEFT/OTHER","38.887551733","-76.9266819518",70,44,114,838,784,1622,198,130,328
9905,"THEFT F/AUTO","38.8843624769","-76.9262242022",70,44,114,838,784,1622,198,130,328
9905,"THEFT/OTHER","38.8854762414","-76.9212093058",70,44,114,838,784,1622,198,130,328
9905,"MOTOR VEHICLE THEFT","38.8834985163","-76.9275735826",70,44,114,838,784,1622,198,130,328
9905,"ROBBERY","38.8845508896","-76.9250253346",70,44,114,838,784,1622,198,130,328
9905,"ROBBERY","38.8845508896","-76.9250253346",70,44,114,838,784,1622,198,130,328
9905,"THEFT F/AUTO","38.8814719008","-76.9280135974",70,44,114,838,784,1622,198,130,328
9905,"THEFT F/AUTO","38.8816513235","-76.9268147923",70,44,114,838,784,1622,198,130,328
9905,"MOTOR VEHICLE THEFT","38.8834985163","-76.9275735826",70,44,114,838,784,1622,198,130,328
9905,"ASSAULT W/DANGEROUS WEAPON","38.8866136749","-76.9248156983",70,44,114,838,784,1622,198,130,328
9906,"THEFT/OTHER","38.8875675294","-76.9384386465",97,71,168,737,522,1259,178,190,368
9906,"THEFT F/AUTO","38.887061961","-76.936387436",97,71,168,737,522,1259,178,190,368
9906,"THEFT F/AUTO","38.8885202666","-76.9344842896",97,71,168,737,522,1259,178,190,368
9906,"ROBBERY","38.8857997045","-76.9344291582",97,71,168,737,522,1259,178,190,368
9906,"THEFT/OTHER","38.887061961","-76.936387436",97,71,168,737,522,1259,178,190,368
9906,"BURGLARY","38.8869170591","-76.9349929093",97,71,168,737,522,1259,178,190,368
9906,"BURGLARY","38.8890893192","-76.9372616373",97,71,168,737,522,1259,178,190,368
9906,"THEFT F/AUTO","38.8884400031","-76.9359482069",97,71,168,737,522,1259,178,190,368
9906,"THEFT/OTHER","38.887061961","-76.936387436",97,71,168,737,522,1259,178,190,368
9906,"THEFT/OTHER","38.8897639803","-76.9354859566",97,71,168,737,522,1259,178,190,368
9906,"MOTOR VEHICLE THEFT","38.8890893192","-76.9372616373",97,71,168,737,522,1259,178,190,368
9906,"THEFT F/AUTO","38.8881339012","-76.9362827438",97,71,168,737,522,1259,178,190,368
9906,"ROBBERY","38.8884142559","-76.9383226527",97,71,168,737,522,1259,178,190,368
9906,"ROBBERY","38.887061961","-76.936387436",97,71,168,737,522,1259,178,190,368
9906,"THEFT F/AUTO","38.8880457949","-76.940017332",97,71,168,737,522,1259,178,190,368
9906,"THEFT F/AUTO","38.8875021452","-76.9341740177",97,71,168,737,522,1259,178,190,368
9906,"MOTOR VEHICLE THEFT","38.8874938063","-76.9353727476",97,71,168,737,522,1259,178,190,368
9906,"ASSAULT W/DANGEROUS WEAPON","38.88907214","-76.9388407733",97,71,168,737,522,1259,178,190,368
9906,"THEFT F/AUTO","38.887061961","-76.936387436",97,71,168,737,522,1259,178,190,368
9906,"MOTOR VEHICLE THEFT","38.8875021452","-76.9341740177",97,71,168,737,522,1259,178,190,368
9906,"ROBBERY","38.887061961","-76.936387436",97,71,168,737,522,1259,178,190,368
9906,"THEFT/OTHER","38.8857997045","-76.9344291582",97,71,168,737,522,1259,178,190,368
9906,"MOTOR VEHICLE THEFT","38.8879157892","-76.9328711706",97,71,168,737,522,1259,178,190,368
9906,"THEFT F/AUTO","38.8874938063","-76.9353727476",97,71,168,737,522,1259,178,190,368
9906,"THEFT F/AUTO","38.8873300855","-76.9325950941",97,71,168,737,522,1259,178,190,368
9906,"ASSAULT W/DANGEROUS WEAPON","38.887061961","-76.936387436",97,71,168,737,522,1259,178,190,368
9906,"THEFT/OTHER","38.8890893192","-76.9372616373",97,71,168,737,522,1259,178,190,368
9906,"MOTOR VEHICLE THEFT","38.8874938063","-76.9353727476",97,71,168,737,522,1259,178,190,368
9906,"MOTOR VEHICLE THEFT","38.8884400031","-76.9359482069",97,71,168,737,522,1259,178,190,368
9906,"THEFT F/AUTO","38.8866011513","-76.9338982242",97,71,168,737,522,1259,178,190,368
9906,"ROBBERY","38.8875675294","-76.9384386465",97,71,168,737,522,1259,178,190,368
9906,"ROBBERY","38.8857997045","-76.9344291582",97,71,168,737,522,1259,178,190,368
9906,"ROBBERY","38.8857997045","-76.9344291582",97,71,168,737,522,1259,178,190,368
9906,"THEFT F/AUTO","38.887061961","-76.936387436",97,71,168,737,522,1259,178,190,368
9906,"ROBBERY","38.887061961","-76.936387436",97,71,168,737,522,1259,178,190,368
9906,"THEFT F/AUTO","38.8869170591","-76.9349929093",97,71,168,737,522,1259,178,190,368
9906,"ROBBERY","38.8890893192","-76.9372616373",97,71,168,737,522,1259,178,190,368
9906,"ROBBERY","38.8890893192","-76.9372616373",97,71,168,737,522,1259,178,190,368
9906,"MOTOR VEHICLE THEFT","38.887061961","-76.936387436",97,71,168,737,522,1259,178,190,368
9906,"SEX ABUSE","38.8875021452","-76.9341740177",97,71,168,737,522,1259,178,190,368
9906,"THEFT F/AUTO","38.8881339012","-76.9362827438",97,71,168,737,522,1259,178,190,368
9906,"MOTOR VEHICLE THEFT","38.8866011513","-76.9338982242",97,71,168,737,522,1259,178,190,368
9906,"THEFT F/AUTO","38.8884142559","-76.9383226527",97,71,168,737,522,1259,178,190,368
9906,"THEFT F/AUTO","38.88907214","-76.9388407733",97,71,168,737,522,1259,178,190,368
9906,"THEFT F/AUTO","38.8885202666","-76.9344842896",97,71,168,737,522,1259,178,190,368
9906,"THEFT F/AUTO","38.8875675294","-76.9384386465",97,71,168,737,522,1259,178,190,368
9906,"THEFT F/AUTO","38.8875675294","-76.9384386465",97,71,168,737,522,1259,178,190,368
9906,"MOTOR VEHICLE THEFT","38.8875675294","-76.9384386465",97,71,168,737,522,1259,178,190,368
9906,"HOMICIDE","38.8890893192","-76.9372616373",97,71,168,737,522,1259,178,190,368
9906,"ROBBERY","38.8857997045","-76.9344291582",97,71,168,737,522,1259,178,190,368
9906,"ASSAULT W/DANGEROUS WEAPON","38.8890893192","-76.9372616373",97,71,168,737,522,1259,178,190,368
9906,"BURGLARY","38.887061961","-76.936387436",97,71,168,737,522,1259,178,190,368
9906,"THEFT/OTHER","38.8890893192","-76.9372616373",97,71,168,737,522,1259,178,190,368
9906,"MOTOR VEHICLE THEFT","38.887061961","-76.936387436",97,71,168,737,522,1259,178,190,368
9906,"MOTOR VEHICLE THEFT","38.8875021452","-76.9341740177",97,71,168,737,522,1259,178,190,368
9906,"ARSON","38.8857997045","-76.9344291582",97,71,168,737,522,1259,178,190,368
9906,"MOTOR VEHICLE THEFT","38.8857997045","-76.9344291582",97,71,168,737,522,1259,178,190,368
9906,"MOTOR VEHICLE THEFT","38.8880457949","-76.940017332",97,71,168,737,522,1259,178,190,368
9906,"MOTOR VEHICLE THEFT","38.8874938063","-76.9353727476",97,71,168,737,522,1259,178,190,368
9906,"MOTOR VEHICLE THEFT","38.8857997045","-76.9344291582",97,71,168,737,522,1259,178,190,368
9906,"MOTOR VEHICLE THEFT","38.8857997045","-76.9344291582",97,71,168,737,522,1259,178,190,368
9906,"THEFT F/AUTO","38.88907214","-76.9388407733",97,71,168,737,522,1259,178,190,368
9906,"ASSAULT W/DANGEROUS WEAPON","38.8890893192","-76.9372616373",97,71,168,737,522,1259,178,190,368
9906,"THEFT F/AUTO","38.8884142559","-76.9383226527",97,71,168,737,522,1259,178,190,368
9906,"THEFT F/AUTO","38.8880457949","-76.940017332",97,71,168,737,522,1259,178,190,368
9906,"MOTOR VEHICLE THEFT","38.8890893192","-76.9372616373",97,71,168,737,522,1259,178,190,368
9906,"THEFT F/AUTO","38.8881339012","-76.9362827438",97,71,168,737,522,1259,178,190,368
9906,"MOTOR VEHICLE THEFT","38.8874938063","-76.9353727476",97,71,168,737,522,1259,178,190,368
9906,"THEFT/OTHER","38.8857997045","-76.9344291582",97,71,168,737,522,1259,178,190,368
9906,"THEFT F/AUTO","38.8889612935","-76.9338038263",97,71,168,737,522,1259,178,190,368
9906,"THEFT/OTHER","38.8890893192","-76.9372616373",97,71,168,737,522,1259,178,190,368
9906,"BURGLARY","38.8857997045","-76.9344291582",97,71,168,737,522,1259,178,190,368
9906,"THEFT/OTHER","38.8879157892","-76.9328711706",97,71,168,737,522,1259,178,190,368
9906,"THEFT/OTHER","38.887061961","-76.936387436",97,71,168,737,522,1259,178,190,368
9906,"THEFT/OTHER","38.8890893192","-76.9372616373",97,71,168,737,522,1259,178,190,368
9906,"MOTOR VEHICLE THEFT","38.8866011513","-76.9338982242",97,71,168,737,522,1259,178,190,368
9906,"THEFT/OTHER","38.8875675294","-76.9384386465",97,71,168,737,522,1259,178,190,368
9906,"MOTOR VEHICLE THEFT","38.8875675294","-76.9384386465",97,71,168,737,522,1259,178,190,368
9906,"ROBBERY","38.887061961","-76.936387436",97,71,168,737,522,1259,178,190,368
9906,"MOTOR VEHICLE THEFT","38.8866011513","-76.9338982242",97,71,168,737,522,1259,178,190,368
9906,"THEFT F/AUTO","38.887061961","-76.936387436",97,71,168,737,522,1259,178,190,368
9906,"THEFT F/AUTO","38.8869170591","-76.9349929093",97,71,168,737,522,1259,178,190,368
9906,"THEFT/OTHER","38.8866011513","-76.9338982242",97,71,168,737,522,1259,178,190,368
9907,"ASSAULT W/DANGEROUS WEAPON","38.8819918002","-76.9393193788",91,362,453,881,516,1397,171,131,302
9907,"ASSAULT W/DANGEROUS WEAPON","38.881079928","-76.9355399088",91,362,453,881,516,1397,171,131,302
9907,"THEFT/OTHER","38.8804975194","-76.941498883",91,362,453,881,516,1397,171,131,302
9907,"THEFT/OTHER","38.8810560683","-76.9415560507",91,362,453,881,516,1397,171,131,302
9907,"MOTOR VEHICLE THEFT","38.8824592759","-76.9374979742",91,362,453,881,516,1397,171,131,302
9907,"BURGLARY","38.8824592759","-76.9374979742",91,362,453,881,516,1397,171,131,302
9907,"THEFT F/AUTO","38.8865495403","-76.9383588427",91,362,453,881,516,1397,171,131,302
9907,"ASSAULT W/DANGEROUS WEAPON","38.8826744249","-76.9355615191",91,362,453,881,516,1397,171,131,302
9907,"THEFT F/AUTO","38.8834125677","-76.9345811837",91,362,453,881,516,1397,171,131,302
9907,"ASSAULT W/DANGEROUS WEAPON","38.8809738286","-76.9392741441",91,362,453,881,516,1397,171,131,302
9907,"THEFT F/AUTO","38.8835482762","-76.9356298832",91,362,453,881,516,1397,171,131,302
9907,"THEFT F/AUTO","38.8826825514","-76.9339825323",91,362,453,881,516,1397,171,131,302
9907,"THEFT F/AUTO","38.8823798886","-76.9407366667",91,362,453,881,516,1397,171,131,302
9907,"ASSAULT W/DANGEROUS WEAPON","38.8831904084","-76.9402749743",91,362,453,881,516,1397,171,131,302
9907,"THEFT/OTHER","38.8808319006","-76.9436768524",91,362,453,881,516,1397,171,131,302
9907,"THEFT F/AUTO","38.8865495403","-76.9383588427",91,362,453,881,516,1397,171,131,302
9907,"THEFT F/AUTO","38.8810560683","-76.9415560507",91,362,453,881,516,1397,171,131,302
9907,"ASSAULT W/DANGEROUS WEAPON","38.8801893042","-76.9377650374",91,362,453,881,516,1397,171,131,302
9907,"THEFT/OTHER","38.8817585489","-76.9412097179",91,362,453,881,516,1397,171,131,302
9907,"BURGLARY","38.8808319006","-76.9436768524",91,362,453,881,516,1397,171,131,302
9907,"ASSAULT W/DANGEROUS WEAPON","38.881079928","-76.9355399088",91,362,453,881,516,1397,171,131,302
9907,"THEFT/OTHER","38.8799678947","-76.9453601784",91,362,453,881,516,1397,171,131,302
9907,"THEFT F/AUTO","38.8818402613","-76.9424889546",91,362,453,881,516,1397,171,131,302
9907,"THEFT F/AUTO","38.8841367332","-76.9411501302",91,362,453,881,516,1397,171,131,302
9907,"THEFT F/AUTO","38.8824592759","-76.9374979742",91,362,453,881,516,1397,171,131,302
9907,"BURGLARY","38.8810804834","-76.9365541205",91,362,453,881,516,1397,171,131,302
9907,"THEFT/OTHER","38.8826825514","-76.9339825323",91,362,453,881,516,1397,171,131,302
9907,"THEFT F/AUTO","38.8799678947","-76.9453601784",91,362,453,881,516,1397,171,131,302
9907,"THEFT/OTHER","38.8827035403","-76.9394686038",91,362,453,881,516,1397,171,131,302
9907,"MOTOR VEHICLE THEFT","38.881079928","-76.9355399088",91,362,453,881,516,1397,171,131,302
9907,"THEFT/OTHER","38.8824592759","-76.9374979742",91,362,453,881,516,1397,171,131,302
9907,"THEFT/OTHER","38.8826825514","-76.9339825323",91,362,453,881,516,1397,171,131,302
9907,"ROBBERY","38.8831712023","-76.937992946",91,362,453,881,516,1397,171,131,302
9907,"THEFT F/AUTO","38.8814158918","-76.940541539",91,362,453,881,516,1397,171,131,302
9907,"MOTOR VEHICLE THEFT","38.8831904084","-76.9402749743",91,362,453,881,516,1397,171,131,302
9907,"ROBBERY","38.8818402613","-76.9424889546",91,362,453,881,516,1397,171,131,302
9907,"ROBBERY","38.8803684114","-76.9358056271",91,362,453,881,516,1397,171,131,302
9907,"BURGLARY","38.8808319006","-76.9436768524",91,362,453,881,516,1397,171,131,302
9907,"THEFT F/AUTO","38.881079928","-76.9355399088",91,362,453,881,516,1397,171,131,302
9907,"ASSAULT W/DANGEROUS WEAPON","38.8862600266","-76.9360423718",91,362,453,881,516,1397,171,131,302
9907,"ASSAULT W/DANGEROUS WEAPON","38.8824592759","-76.9374979742",91,362,453,881,516,1397,171,131,302
9907,"ROBBERY","38.8826744249","-76.9355615191",91,362,453,881,516,1397,171,131,302
9907,"ASSAULT W/DANGEROUS WEAPON","38.884839967","-76.9354274783",91,362,453,881,516,1397,171,131,302
9907,"ASSAULT W/DANGEROUS WEAPON","38.8828214918","-76.9411166387",91,362,453,881,516,1397,171,131,302
9907,"THEFT/OTHER","38.8824592759","-76.9374979742",91,362,453,881,516,1397,171,131,302
9907,"THEFT F/AUTO","38.8826744249","-76.9355615191",91,362,453,881,516,1397,171,131,302
9907,"THEFT/OTHER","38.8865495403","-76.9383588427",91,362,453,881,516,1397,171,131,302
9907,"MOTOR VEHICLE THEFT","38.8824592759","-76.9374979742",91,362,453,881,516,1397,171,131,302
9907,"MOTOR VEHICLE THEFT","38.8826744249","-76.9355615191",91,362,453,881,516,1397,171,131,302
9907,"THEFT/OTHER","38.8818402613","-76.9424889546",91,362,453,881,516,1397,171,131,302
9907,"ASSAULT W/DANGEROUS WEAPON","38.8827035403","-76.9394686038",91,362,453,881,516,1397,171,131,302
9907,"THEFT/OTHER","38.8797688885","-76.9436315918",91,362,453,881,516,1397,171,131,302
9907,"THEFT F/AUTO","38.8831904084","-76.9402749743",91,362,453,881,516,1397,171,131,302
9907,"THEFT F/AUTO","38.8835482762","-76.9356298832",91,362,453,881,516,1397,171,131,302
9907,"ASSAULT W/DANGEROUS WEAPON","38.881079928","-76.9355399088",91,362,453,881,516,1397,171,131,302
9907,"ASSAULT W/DANGEROUS WEAPON","38.8808319006","-76.9436768524",91,362,453,881,516,1397,171,131,302
9907,"ROBBERY","38.8819217145","-76.9432610823",91,362,453,881,516,1397,171,131,302
9907,"MOTOR VEHICLE THEFT","38.8817585489","-76.9412097179",91,362,453,881,516,1397,171,131,302
9907,"THEFT/OTHER","38.8826825514","-76.9339825323",91,362,453,881,516,1397,171,131,302
9907,"MOTOR VEHICLE THEFT","38.8824592759","-76.9374979742",91,362,453,881,516,1397,171,131,302
9907,"ROBBERY","38.8831712023","-76.937992946",91,362,453,881,516,1397,171,131,302
9907,"ROBBERY","38.880345084","-76.9429281104",91,362,453,881,516,1397,171,131,302
9907,"ROBBERY","38.8810804834","-76.9365541205",91,362,453,881,516,1397,171,131,302
9907,"BURGLARY","38.8824592759","-76.9374979742",91,362,453,881,516,1397,171,131,302
9907,"ASSAULT W/DANGEROUS WEAPON","38.881079928","-76.9355399088",91,362,453,881,516,1397,171,131,302
9907,"ASSAULT W/DANGEROUS WEAPON","38.8824592759","-76.9374979742",91,362,453,881,516,1397,171,131,302
9907,"MOTOR VEHICLE THEFT","38.8818402613","-76.9424889546",91,362,453,881,516,1397,171,131,302
9907,"ROBBERY","38.8834125677","-76.9345811837",91,362,453,881,516,1397,171,131,302
9907,"HOMICIDE","38.881079928","-76.9355399088",91,362,453,881,516,1397,171,131,302
9907,"THEFT F/AUTO","38.8826744249","-76.9355615191",91,362,453,881,516,1397,171,131,302
9907,"ROBBERY","38.8803684114","-76.9358056271",91,362,453,881,516,1397,171,131,302
10100,"THEFT/OTHER","38.9009218959","-77.0275527374",65,0,65,1457,1219,2676,1255,972,2227
10100,"BURGLARY","38.9025240311","-77.0355600852",65,0,65,1457,1219,2676,1255,972,2227
10100,"THEFT F/AUTO","38.9032376112","-77.0250288429",65,0,65,1457,1219,2676,1255,972,2227
10100,"THEFT/OTHER","38.9056991277","-77.032093941",65,0,65,1457,1219,2676,1255,972,2227
10100,"THEFT/OTHER","38.9009218959","-77.0275527374",65,0,65,1457,1219,2676,1255,972,2227
10100,"THEFT/OTHER","38.9004801719","-77.0288552614",65,0,65,1457,1219,2676,1255,972,2227
10100,"BURGLARY","38.9031270725","-77.0345860955",65,0,65,1457,1219,2676,1255,972,2227
10100,"THEFT/OTHER","38.9037316934","-77.0307934145",65,0,65,1457,1219,2676,1255,972,2227
10100,"THEFT/OTHER","38.904523934","-77.0326153266",65,0,65,1457,1219,2676,1255,972,2227
10100,"THEFT F/AUTO","38.9030482269","-77.0259856574",65,0,65,1457,1219,2676,1255,972,2227
10100,"THEFT/OTHER","38.9009218959","-77.0275527374",65,0,65,1457,1219,2676,1255,972,2227
10100,"THEFT/OTHER","38.904523934","-77.0326153266",65,0,65,1457,1219,2676,1255,972,2227
10100,"THEFT/OTHER","38.904523934","-77.0326153266",65,0,65,1457,1219,2676,1255,972,2227
10100,"THEFT/OTHER","38.8996688305","-77.031149033",65,0,65,1457,1219,2676,1255,972,2227
10100,"THEFT/OTHER","38.9007671563","-77.0336511576",65,0,65,1457,1219,2676,1255,972,2227
10100,"BURGLARY","38.9025239882","-77.0288536671",65,0,65,1457,1219,2676,1255,972,2227
10100,"BURGLARY","38.9045060989","-77.0319581699",65,0,65,1457,1219,2676,1255,972,2227
10100,"THEFT F/AUTO","38.9031364198","-77.0334217013",65,0,65,1457,1219,2676,1255,972,2227
10100,"THEFT F/AUTO","38.9037321879","-77.0288565769",65,0,65,1457,1219,2676,1255,972,2227
10100,"THEFT/OTHER","38.9013269574","-77.0288556039",65,0,65,1457,1219,2676,1255,972,2227
10100,"BURGLARY","38.9045060989","-77.0319581699",65,0,65,1457,1219,2676,1255,972,2227
10100,"MOTOR VEHICLE THEFT","38.9019199497","-77.0345970387",65,0,65,1457,1219,2676,1255,972,2227
10100,"THEFT/OTHER","38.9025227686","-77.0327934508",65,0,65,1457,1219,2676,1255,972,2227
10100,"THEFT/OTHER","38.9031264759","-77.036545974",65,0,65,1457,1219,2676,1255,972,2227
10100,"THEFT/OTHER","38.9013264599","-77.0308039046",65,0,65,1457,1219,2676,1255,972,2227
10100,"THEFT/OTHER","38.901352129","-77.0355766783",65,0,65,1457,1219,2676,1255,972,2227
10100,"BURGLARY","38.9046855207","-77.0345753222",65,0,65,1457,1219,2676,1255,972,2227
10100,"THEFT/OTHER","38.9046855207","-77.0345753222",65,0,65,1457,1219,2676,1255,972,2227
10100,"THEFT/OTHER","38.9004801719","-77.0288552614",65,0,65,1457,1219,2676,1255,972,2227
10100,"ASSAULT W/DANGEROUS WEAPON","38.8990918411","-77.0328088198",65,0,65,1457,1219,2676,1255,972,2227
10100,"THEFT F/AUTO","38.9031278211","-77.0319575524",65,0,65,1457,1219,2676,1255,972,2227
10100,"THEFT/OTHER","38.9054338511","-77.0323505741",65,0,65,1457,1219,2676,1255,972,2227
10100,"THEFT/OTHER","38.9009218959","-77.0275527374",65,0,65,1457,1219,2676,1255,972,2227
10100,"THEFT F/AUTO","38.9001998692","-77.0328093294",65,0,65,1457,1219,2676,1255,972,2227
10100,"THEFT/OTHER","38.9009218959","-77.0275527374",65,0,65,1457,1219,2676,1255,972,2227
10100,"THEFT/OTHER","38.9009218959","-77.0275527374",65,0,65,1457,1219,2676,1255,972,2227
10100,"THEFT F/AUTO","38.9013259138","-77.0328098474",65,0,65,1457,1219,2676,1255,972,2227
10100,"THEFT F/AUTO","38.8994879695","-77.0336505541",65,0,65,1457,1219,2676,1255,972,2227
10100,"ASSAULT W/DANGEROUS WEAPON","38.9009218959","-77.0275527374",65,0,65,1457,1219,2676,1255,972,2227
10100,"THEFT/OTHER","38.9009218959","-77.0275527374",65,0,65,1457,1219,2676,1255,972,2227
10100,"ASSAULT W/DANGEROUS WEAPON","38.9025239882","-77.0288536671",65,0,65,1457,1219,2676,1255,972,2227
10100,"THEFT F/AUTO","38.9017962795","-77.0250052802",65,0,65,1457,1219,2676,1255,972,2227
10100,"THEFT F/AUTO","38.9025169478","-77.0250055329",65,0,65,1457,1219,2676,1255,972,2227
10100,"THEFT/OTHER","38.904523934","-77.0326153266",65,0,65,1457,1219,2676,1255,972,2227
10100,"MOTOR VEHICLE THEFT","38.9025227686","-77.0327934508",65,0,65,1457,1219,2676,1255,972,2227
10100,"THEFT/OTHER","38.9031270725","-77.0345860955",65,0,65,1457,1219,2676,1255,972,2227
10100,"THEFT F/AUTO","38.9056407215","-77.0334920493",65,0,65,1457,1219,2676,1255,972,2227
10100,"THEFT/OTHER","38.9009218959","-77.0275527374",65,0,65,1457,1219,2676,1255,972,2227
10100,"THEFT/OTHER","38.904523934","-77.0326153266",65,0,65,1457,1219,2676,1255,972,2227
10100,"THEFT/OTHER","38.9009218959","-77.0275527374",65,0,65,1457,1219,2676,1255,972,2227
10100,"THEFT/OTHER","38.9009218959","-77.0275527374",65,0,65,1457,1219,2676,1255,972,2227
10100,"ROBBERY","38.9046855207","-77.0345753222",65,0,65,1457,1219,2676,1255,972,2227
10100,"THEFT/OTHER","38.9009218959","-77.0275527374",65,0,65,1457,1219,2676,1255,972,2227
10100,"THEFT/OTHER","38.9025169478","-77.0250055329",65,0,65,1457,1219,2676,1255,972,2227
10100,"THEFT F/AUTO","38.9009218959","-77.0275527374",65,0,65,1457,1219,2676,1255,972,2227
10100,"THEFT/OTHER","38.9009218959","-77.0275527374",65,0,65,1457,1219,2676,1255,972,2227
10100,"THEFT/OTHER","38.9067032638","-77.0350028835",65,0,65,1457,1219,2676,1255,972,2227
10100,"THEFT/OTHER","38.9013264599","-77.0308039046",65,0,65,1457,1219,2676,1255,972,2227
10100,"BURGLARY","38.9025227686","-77.0327934508",65,0,65,1457,1219,2676,1255,972,2227
10100,"THEFT/OTHER","38.9025239882","-77.0288536671",65,0,65,1457,1219,2676,1255,972,2227
10100,"THEFT F/AUTO","38.9031270725","-77.0345860955",65,0,65,1457,1219,2676,1255,972,2227
10100,"BURGLARY","38.9031264759","-77.036545974",65,0,65,1457,1219,2676,1255,972,2227
10100,"BURGLARY","38.9025166148","-77.0265157794",65,0,65,1457,1219,2676,1255,972,2227
10100,"BURGLARY","38.9025227686","-77.0327934508",65,0,65,1457,1219,2676,1255,972,2227
10100,"BURGLARY","38.9031270725","-77.0345860955",65,0,65,1457,1219,2676,1255,972,2227
10100,"THEFT F/AUTO","38.9025166148","-77.0265157794",65,0,65,1457,1219,2676,1255,972,2227
10100,"THEFT/OTHER","38.9009218959","-77.0275527374",65,0,65,1457,1219,2676,1255,972,2227
10100,"THEFT/OTHER","38.9009218959","-77.0275527374",65,0,65,1457,1219,2676,1255,972,2227
10100,"THEFT/OTHER","38.9009218959","-77.0275527374",65,0,65,1457,1219,2676,1255,972,2227
10100,"THEFT F/AUTO","38.9037321879","-77.0288565769",65,0,65,1457,1219,2676,1255,972,2227
10100,"ARSON","38.9001989748","-77.0358527807",65,0,65,1457,1219,2676,1255,972,2227
10100,"THEFT/OTHER","38.9009218959","-77.0275527374",65,0,65,1457,1219,2676,1255,972,2227
10100,"THEFT/OTHER","38.9009218959","-77.0275527374",65,0,65,1457,1219,2676,1255,972,2227
10100,"THEFT/OTHER","38.9009218959","-77.0275527374",65,0,65,1457,1219,2676,1255,972,2227
10100,"THEFT/OTHER","38.9009218959","-77.0275527374",65,0,65,1457,1219,2676,1255,972,2227
10100,"THEFT F/AUTO","38.9019213155","-77.0296282541",65,0,65,1457,1219,2676,1255,972,2227
10100,"MOTOR VEHICLE THEFT","38.9004801719","-77.0288552614",65,0,65,1457,1219,2676,1255,972,2227
10100,"THEFT F/AUTO","38.9036877502","-77.0262971677",65,0,65,1457,1219,2676,1255,972,2227
10100,"THEFT F/AUTO","38.9056991277","-77.032093941",65,0,65,1457,1219,2676,1255,972,2227
10100,"THEFT/OTHER","38.9043713747","-77.0314764321",65,0,65,1457,1219,2676,1255,972,2227
10100,"THEFT/OTHER","38.9031364198","-77.0334217013",65,0,65,1457,1219,2676,1255,972,2227
10100,"THEFT F/AUTO","38.9025239882","-77.0288536671",65,0,65,1457,1219,2676,1255,972,2227
10100,"ROBBERY","38.9056991277","-77.032093941",65,0,65,1457,1219,2676,1255,972,2227
10100,"THEFT/OTHER","38.9009218959","-77.0275527374",65,0,65,1457,1219,2676,1255,972,2227
10100,"BURGLARY","38.904523934","-77.0326153266",65,0,65,1457,1219,2676,1255,972,2227
10100,"THEFT/OTHER","38.904523934","-77.0326153266",65,0,65,1457,1219,2676,1255,972,2227
10100,"THEFT/OTHER","38.9009218959","-77.0275527374",65,0,65,1457,1219,2676,1255,972,2227
10100,"THEFT/OTHER","38.9045060989","-77.0319581699",65,0,65,1457,1219,2676,1255,972,2227
10100,"BURGLARY","38.9019202292","-77.033640173",65,0,65,1457,1219,2676,1255,972,2227
10100,"MOTOR VEHICLE THEFT","38.9037316934","-77.0307934145",65,0,65,1457,1219,2676,1255,972,2227
10100,"THEFT F/AUTO","38.9025166148","-77.0265157794",65,0,65,1457,1219,2676,1255,972,2227
10100,"ASSAULT W/DANGEROUS WEAPON","38.8996688305","-77.031149033",65,0,65,1457,1219,2676,1255,972,2227
10100,"THEFT/OTHER","38.904523934","-77.0326153266",65,0,65,1457,1219,2676,1255,972,2227
10100,"THEFT/OTHER","38.904523934","-77.0326153266",65,0,65,1457,1219,2676,1255,972,2227
10100,"THEFT/OTHER","38.9009218959","-77.0275527374",65,0,65,1457,1219,2676,1255,972,2227
10100,"MOTOR VEHICLE THEFT","38.9031364198","-77.0334217013",65,0,65,1457,1219,2676,1255,972,2227
10100,"THEFT/OTHER","38.9002003359","-77.0311031522",65,0,65,1457,1219,2676,1255,972,2227
10100,"THEFT/OTHER","38.9019297101","-77.0319570157",65,0,65,1457,1219,2676,1255,972,2227
10100,"THEFT/OTHER","38.9056407215","-77.0334920493",65,0,65,1457,1219,2676,1255,972,2227
10100,"THEFT/OTHER","38.9031364198","-77.0334217013",65,0,65,1457,1219,2676,1255,972,2227
10100,"THEFT F/AUTO","38.9037308516","-77.0338370165",65,0,65,1457,1219,2676,1255,972,2227
10100,"THEFT/OTHER","38.9054338511","-77.0323505741",65,0,65,1457,1219,2676,1255,972,2227
10100,"THEFT F/AUTO","38.9017962795","-77.0250052802",65,0,65,1457,1219,2676,1255,972,2227
10100,"ASSAULT W/DANGEROUS WEAPON","38.9001989748","-77.0358527807",65,0,65,1457,1219,2676,1255,972,2227
10100,"THEFT F/AUTO","38.904523934","-77.0326153266",65,0,65,1457,1219,2676,1255,972,2227
10100,"THEFT/OTHER","38.9019202292","-77.033640173",65,0,65,1457,1219,2676,1255,972,2227
10100,"THEFT/OTHER","38.9045699645","-77.0288569158",65,0,65,1457,1219,2676,1255,972,2227
10100,"THEFT/OTHER","38.9009218959","-77.0275527374",65,0,65,1457,1219,2676,1255,972,2227
10100,"THEFT/OTHER","38.904523934","-77.0326153266",65,0,65,1457,1219,2676,1255,972,2227
10100,"THEFT F/AUTO","38.9017962795","-77.0250052802",65,0,65,1457,1219,2676,1255,972,2227
10100,"THEFT F/AUTO","38.9036877502","-77.0262971677",65,0,65,1457,1219,2676,1255,972,2227
10100,"THEFT/OTHER","38.904523934","-77.0326153266",65,0,65,1457,1219,2676,1255,972,2227
10100,"THEFT/OTHER","38.9009218959","-77.0275527374",65,0,65,1457,1219,2676,1255,972,2227
10100,"THEFT/OTHER","38.9025209714","-77.0307907014",65,0,65,1457,1219,2676,1255,972,2227
10100,"THEFT/OTHER","38.904523934","-77.0326153266",65,0,65,1457,1219,2676,1255,972,2227
10100,"THEFT/OTHER","38.9009218959","-77.0275527374",65,0,65,1457,1219,2676,1255,972,2227
10100,"BURGLARY","38.904523934","-77.0326153266",65,0,65,1457,1219,2676,1255,972,2227
10100,"THEFT/OTHER","38.9045699645","-77.0288569158",65,0,65,1457,1219,2676,1255,972,2227
10100,"THEFT F/AUTO","38.9002084233","-77.0343887005",65,0,65,1457,1219,2676,1255,972,2227
10100,"THEFT F/AUTO","38.9025166148","-77.0265157794",65,0,65,1457,1219,2676,1255,972,2227
10100,"THEFT/OTHER","38.9009218959","-77.0275527374",65,0,65,1457,1219,2676,1255,972,2227
10100,"THEFT F/AUTO","38.8994879695","-77.0336505541",65,0,65,1457,1219,2676,1255,972,2227
10100,"BURGLARY","38.9007662834","-77.0365562932",65,0,65,1457,1219,2676,1255,972,2227
10100,"ROBBERY","38.9031278211","-77.0319575524",65,0,65,1457,1219,2676,1255,972,2227
10100,"THEFT/OTHER","38.9009218959","-77.0275527374",65,0,65,1457,1219,2676,1255,972,2227
10100,"THEFT/OTHER","38.9009218959","-77.0275527374",65,0,65,1457,1219,2676,1255,972,2227
10100,"THEFT/OTHER","38.9067032638","-77.0350028835",65,0,65,1457,1219,2676,1255,972,2227
10100,"THEFT/OTHER","38.9025140153","-77.0341050556",65,0,65,1457,1219,2676,1255,972,2227
10100,"BURGLARY","38.9036877502","-77.0262971677",65,0,65,1457,1219,2676,1255,972,2227
10100,"THEFT/OTHER","38.9009218959","-77.0275527374",65,0,65,1457,1219,2676,1255,972,2227
10100,"THEFT F/AUTO","38.9031278211","-77.0319575524",65,0,65,1457,1219,2676,1255,972,2227
10100,"THEFT/OTHER","38.9031264759","-77.036545974",65,0,65,1457,1219,2676,1255,972,2227
10100,"THEFT/OTHER","38.9009218959","-77.0275527374",65,0,65,1457,1219,2676,1255,972,2227
10100,"THEFT F/AUTO","38.9045699645","-77.0288569158",65,0,65,1457,1219,2676,1255,972,2227
10100,"THEFT F/AUTO","38.9025227686","-77.0327934508",65,0,65,1457,1219,2676,1255,972,2227
10100,"THEFT/OTHER","38.9031278211","-77.0319575524",65,0,65,1457,1219,2676,1255,972,2227
10100,"THEFT/OTHER","38.9046855207","-77.0345753222",65,0,65,1457,1219,2676,1255,972,2227
10100,"THEFT F/AUTO","38.904523934","-77.0326153266",65,0,65,1457,1219,2676,1255,972,2227
10100,"ROBBERY","38.9019213155","-77.0296282541",65,0,65,1457,1219,2676,1255,972,2227
10100,"BURGLARY","38.9045060989","-77.0319581699",65,0,65,1457,1219,2676,1255,972,2227
10100,"THEFT F/AUTO","38.9056407215","-77.0334920493",65,0,65,1457,1219,2676,1255,972,2227
10100,"THEFT/OTHER","38.9025166148","-77.0265157794",65,0,65,1457,1219,2676,1255,972,2227
10100,"THEFT/OTHER","38.9037321879","-77.0288565769",65,0,65,1457,1219,2676,1255,972,2227
10100,"BURGLARY","38.9025227686","-77.0327934508",65,0,65,1457,1219,2676,1255,972,2227
10100,"THEFT/OTHER","38.9046855207","-77.0345753222",65,0,65,1457,1219,2676,1255,972,2227
10100,"THEFT F/AUTO","38.9007671563","-77.0336511576",65,0,65,1457,1219,2676,1255,972,2227
10100,"THEFT F/AUTO","38.9019852385","-77.0259967987",65,0,65,1457,1219,2676,1255,972,2227
10100,"THEFT F/AUTO","38.9056407215","-77.0334920493",65,0,65,1457,1219,2676,1255,972,2227
10100,"THEFT F/AUTO","38.901352129","-77.0355766783",65,0,65,1457,1219,2676,1255,972,2227
10100,"ROBBERY","38.9013264599","-77.0308039046",65,0,65,1457,1219,2676,1255,972,2227
10100,"MOTOR VEHICLE THEFT","38.9031278211","-77.0319575524",65,0,65,1457,1219,2676,1255,972,2227
10100,"THEFT F/AUTO","38.9056991277","-77.032093941",65,0,65,1457,1219,2676,1255,972,2227
10100,"THEFT F/AUTO","38.9036877502","-77.0262971677",65,0,65,1457,1219,2676,1255,972,2227
10100,"THEFT/OTHER","38.9009218959","-77.0275527374",65,0,65,1457,1219,2676,1255,972,2227
10100,"THEFT/OTHER","38.9013259138","-77.0328098474",65,0,65,1457,1219,2676,1255,972,2227
10100,"THEFT/OTHER","38.9031264759","-77.036545974",65,0,65,1457,1219,2676,1255,972,2227
10100,"THEFT/OTHER","38.9031270725","-77.0345860955",65,0,65,1457,1219,2676,1255,972,2227
10100,"THEFT F/AUTO","38.9001989748","-77.0358527807",65,0,65,1457,1219,2676,1255,972,2227
10100,"THEFT/OTHER","38.9019297101","-77.0319570157",65,0,65,1457,1219,2676,1255,972,2227
10100,"THEFT/OTHER","38.9009218959","-77.0275527374",65,0,65,1457,1219,2676,1255,972,2227
10100,"THEFT F/AUTO","38.9025166148","-77.0265157794",65,0,65,1457,1219,2676,1255,972,2227
10100,"THEFT/OTHER","38.9054338511","-77.0323505741",65,0,65,1457,1219,2676,1255,972,2227
10100,"THEFT/OTHER","38.904523934","-77.0326153266",65,0,65,1457,1219,2676,1255,972,2227
10100,"THEFT/OTHER","38.904523934","-77.0326153266",65,0,65,1457,1219,2676,1255,972,2227
10100,"THEFT/OTHER","38.9013269574","-77.0288556039",65,0,65,1457,1219,2676,1255,972,2227
10100,"ROBBERY","38.9025227686","-77.0327934508",65,0,65,1457,1219,2676,1255,972,2227
10100,"MOTOR VEHICLE THEFT","38.9031364198","-77.0334217013",65,0,65,1457,1219,2676,1255,972,2227
10100,"THEFT/OTHER","38.9009218959","-77.0275527374",65,0,65,1457,1219,2676,1255,972,2227
10100,"THEFT/OTHER","38.9009218959","-77.0275527374",65,0,65,1457,1219,2676,1255,972,2227
10100,"THEFT F/AUTO","38.9025209714","-77.0307907014",65,0,65,1457,1219,2676,1255,972,2227
10100,"ASSAULT W/DANGEROUS WEAPON","38.9025209714","-77.0307907014",65,0,65,1457,1219,2676,1255,972,2227
10100,"MOTOR VEHICLE THEFT","38.9037316934","-77.0307934145",65,0,65,1457,1219,2676,1255,972,2227
10100,"BURGLARY","38.9025227686","-77.0327934508",65,0,65,1457,1219,2676,1255,972,2227
10100,"THEFT/OTHER","38.9045699645","-77.0288569158",65,0,65,1457,1219,2676,1255,972,2227
10100,"THEFT F/AUTO","38.900767629","-77.0319680234",65,0,65,1457,1219,2676,1255,972,2227
10100,"THEFT F/AUTO","38.9019852385","-77.0259967987",65,0,65,1457,1219,2676,1255,972,2227
10100,"BURGLARY","38.9013269574","-77.0288556039",65,0,65,1457,1219,2676,1255,972,2227
10100,"ASSAULT W/DANGEROUS WEAPON","38.9007578068","-77.0348155131",65,0,65,1457,1219,2676,1255,972,2227
10100,"THEFT/OTHER","38.9009218959","-77.0275527374",65,0,65,1457,1219,2676,1255,972,2227
10100,"THEFT F/AUTO","38.9056407215","-77.0334920493",65,0,65,1457,1219,2676,1255,972,2227
10100,"THEFT/OTHER","38.9009218959","-77.0275527374",65,0,65,1457,1219,2676,1255,972,2227
10100,"THEFT/OTHER","38.9031264759","-77.036545974",65,0,65,1457,1219,2676,1255,972,2227
10100,"BURGLARY","38.9019283649","-77.0365453602",65,0,65,1457,1219,2676,1255,972,2227
10100,"ASSAULT W/DANGEROUS WEAPON","38.9013636001","-77.0262732541",65,0,65,1457,1219,2676,1255,972,2227
10100,"BURGLARY","38.9013259138","-77.0328098474",65,0,65,1457,1219,2676,1255,972,2227
10100,"THEFT/OTHER","38.9007671563","-77.0336511576",65,0,65,1457,1219,2676,1255,972,2227
10100,"THEFT/OTHER","38.9031264759","-77.036545974",65,0,65,1457,1219,2676,1255,972,2227
10100,"BURGLARY","38.9017962795","-77.0250052802",65,0,65,1457,1219,2676,1255,972,2227
10100,"THEFT F/AUTO","38.904281504","-77.0296292345",65,0,65,1457,1219,2676,1255,972,2227
10100,"THEFT/OTHER","38.9019283649","-77.0365453602",65,0,65,1457,1219,2676,1255,972,2227
10100,"THEFT F/AUTO","38.9037321879","-77.0288565769",65,0,65,1457,1219,2676,1255,972,2227
10100,"THEFT/OTHER","38.904523934","-77.0326153266",65,0,65,1457,1219,2676,1255,972,2227
10100,"BURGLARY","38.8990918411","-77.0328088198",65,0,65,1457,1219,2676,1255,972,2227
10100,"THEFT/OTHER","38.9045060989","-77.0319581699",65,0,65,1457,1219,2676,1255,972,2227
10100,"THEFT/OTHER","38.9009218959","-77.0275527374",65,0,65,1457,1219,2676,1255,972,2227
10100,"THEFT/OTHER","38.9009218959","-77.0275527374",65,0,65,1457,1219,2676,1255,972,2227
10100,"THEFT/OTHER","38.904523934","-77.0326153266",65,0,65,1457,1219,2676,1255,972,2227
10100,"THEFT F/AUTO","38.9056407215","-77.0334920493",65,0,65,1457,1219,2676,1255,972,2227
10100,"THEFT/OTHER","38.904523934","-77.0326153266",65,0,65,1457,1219,2676,1255,972,2227
10100,"THEFT/OTHER","38.9013269574","-77.0288556039",65,0,65,1457,1219,2676,1255,972,2227
10100,"THEFT/OTHER","38.9025227686","-77.0327934508",65,0,65,1457,1219,2676,1255,972,2227
10100,"THEFT/OTHER","38.9009218959","-77.0275527374",65,0,65,1457,1219,2676,1255,972,2227
10100,"THEFT F/AUTO","38.9037316934","-77.0307934145",65,0,65,1457,1219,2676,1255,972,2227
10100,"THEFT/OTHER","38.904523934","-77.0326153266",65,0,65,1457,1219,2676,1255,972,2227
10100,"BURGLARY","38.9007671563","-77.0336511576",65,0,65,1457,1219,2676,1255,972,2227
10100,"ASSAULT W/DANGEROUS WEAPON","38.9046855207","-77.0345753222",65,0,65,1457,1219,2676,1255,972,2227
10100,"THEFT F/AUTO","38.9019297101","-77.0319570157",65,0,65,1457,1219,2676,1255,972,2227
10100,"THEFT F/AUTO","38.9037321879","-77.0288565769",65,0,65,1457,1219,2676,1255,972,2227
10100,"THEFT F/AUTO","38.9037312248","-77.0325227338",65,0,65,1457,1219,2676,1255,972,2227
10100,"THEFT/OTHER","38.9009218959","-77.0275527374",65,0,65,1457,1219,2676,1255,972,2227
10100,"THEFT/OTHER","38.904523934","-77.0326153266",65,0,65,1457,1219,2676,1255,972,2227
10100,"THEFT F/AUTO","38.904523934","-77.0326153266",65,0,65,1457,1219,2676,1255,972,2227
10100,"THEFT F/AUTO","38.9019202292","-77.033640173",65,0,65,1457,1219,2676,1255,972,2227
10100,"THEFT F/AUTO","38.904523934","-77.0326153266",65,0,65,1457,1219,2676,1255,972,2227
10100,"BURGLARY","38.904523934","-77.0326153266",65,0,65,1457,1219,2676,1255,972,2227
10100,"THEFT/OTHER","38.9009218959","-77.0275527374",65,0,65,1457,1219,2676,1255,972,2227
10100,"THEFT F/AUTO","38.9037321879","-77.0288565769",65,0,65,1457,1219,2676,1255,972,2227
10100,"THEFT/OTHER","38.9009218959","-77.0275527374",65,0,65,1457,1219,2676,1255,972,2227
10100,"THEFT F/AUTO","38.904281504","-77.0296292345",65,0,65,1457,1219,2676,1255,972,2227
10100,"THEFT/OTHER","38.9009218959","-77.0275527374",65,0,65,1457,1219,2676,1255,972,2227
10100,"THEFT/OTHER","38.9009218959","-77.0275527374",65,0,65,1457,1219,2676,1255,972,2227
10100,"BURGLARY","38.9013264599","-77.0308039046",65,0,65,1457,1219,2676,1255,972,2227
10100,"THEFT/OTHER","38.9009218959","-77.0275527374",65,0,65,1457,1219,2676,1255,972,2227
10100,"THEFT/OTHER","38.9001998692","-77.0328093294",65,0,65,1457,1219,2676,1255,972,2227
10100,"THEFT/OTHER","38.9009218959","-77.0275527374",65,0,65,1457,1219,2676,1255,972,2227
10100,"THEFT F/AUTO","38.9019213155","-77.0296282541",65,0,65,1457,1219,2676,1255,972,2227
10100,"THEFT F/AUTO","38.9056407215","-77.0334920493",65,0,65,1457,1219,2676,1255,972,2227
10100,"THEFT/OTHER","38.9056407215","-77.0334920493",65,0,65,1457,1219,2676,1255,972,2227
10100,"THEFT/OTHER","38.9045060989","-77.0319581699",65,0,65,1457,1219,2676,1255,972,2227
10100,"THEFT/OTHER","38.9009218959","-77.0275527374",65,0,65,1457,1219,2676,1255,972,2227
10100,"THEFT F/AUTO","38.9019216971","-77.0280834347",65,0,65,1457,1219,2676,1255,972,2227
10100,"THEFT/OTHER","38.9009218959","-77.0275527374",65,0,65,1457,1219,2676,1255,972,2227
10100,"THEFT/OTHER","38.9025227686","-77.0327934508",65,0,65,1457,1219,2676,1255,972,2227
10100,"THEFT/OTHER","38.9045699645","-77.0288569158",65,0,65,1457,1219,2676,1255,972,2227
10100,"THEFT/OTHER","38.9046855207","-77.0345753222",65,0,65,1457,1219,2676,1255,972,2227
10100,"THEFT/OTHER","38.9009218959","-77.0275527374",65,0,65,1457,1219,2676,1255,972,2227
10100,"THEFT/OTHER","38.9031264759","-77.036545974",65,0,65,1457,1219,2676,1255,972,2227
10100,"THEFT F/AUTO","38.9025169478","-77.0250055329",65,0,65,1457,1219,2676,1255,972,2227
10100,"MOTOR VEHICLE THEFT","38.9025240311","-77.0355600852",65,0,65,1457,1219,2676,1255,972,2227
10100,"ASSAULT W/DANGEROUS WEAPON","38.9025227686","-77.0327934508",65,0,65,1457,1219,2676,1255,972,2227
10100,"THEFT/OTHER","38.904523934","-77.0326153266",65,0,65,1457,1219,2676,1255,972,2227
10100,"THEFT F/AUTO","38.904281504","-77.0296292345",65,0,65,1457,1219,2676,1255,972,2227
10100,"THEFT F/AUTO","38.9030482269","-77.0259856574",65,0,65,1457,1219,2676,1255,972,2227
10100,"THEFT/OTHER","38.90564912","-77.0355557633",65,0,65,1457,1219,2676,1255,972,2227
10100,"THEFT/OTHER","38.9009218959","-77.0275527374",65,0,65,1457,1219,2676,1255,972,2227
10100,"THEFT/OTHER","38.9009218959","-77.0275527374",65,0,65,1457,1219,2676,1255,972,2227
10100,"THEFT F/AUTO","38.9046855207","-77.0345753222",65,0,65,1457,1219,2676,1255,972,2227
10100,"THEFT/OTHER","38.9054338511","-77.0323505741",65,0,65,1457,1219,2676,1255,972,2227
10100,"THEFT F/AUTO","38.9025239882","-77.0288536671",65,0,65,1457,1219,2676,1255,972,2227
10100,"THEFT/OTHER","38.9025240311","-77.0355600852",65,0,65,1457,1219,2676,1255,972,2227
10100,"THEFT F/AUTO","38.9025166148","-77.0265157794",65,0,65,1457,1219,2676,1255,972,2227
10100,"THEFT/OTHER","38.9007671563","-77.0336511576",65,0,65,1457,1219,2676,1255,972,2227
10100,"ARSON","38.9019283649","-77.0365453602",65,0,65,1457,1219,2676,1255,972,2227
10100,"THEFT/OTHER","38.9009218959","-77.0275527374",65,0,65,1457,1219,2676,1255,972,2227
10100,"THEFT/OTHER","38.9031264759","-77.036545974",65,0,65,1457,1219,2676,1255,972,2227
10100,"THEFT/OTHER","38.9045699645","-77.0288569158",65,0,65,1457,1219,2676,1255,972,2227
10100,"ASSAULT W/DANGEROUS WEAPON","38.8996688305","-77.031149033",65,0,65,1457,1219,2676,1255,972,2227
10100,"ROBBERY","38.904523934","-77.0326153266",65,0,65,1457,1219,2676,1255,972,2227
10100,"THEFT/OTHER","38.9001998692","-77.0328093294",65,0,65,1457,1219,2676,1255,972,2227
10100,"THEFT/OTHER","38.9045699645","-77.0288569158",65,0,65,1457,1219,2676,1255,972,2227
10100,"THEFT/OTHER","38.904523934","-77.0326153266",65,0,65,1457,1219,2676,1255,972,2227
10100,"THEFT/OTHER","38.9025240311","-77.0355600852",65,0,65,1457,1219,2676,1255,972,2227
10100,"THEFT F/AUTO","38.9046855207","-77.0345753222",65,0,65,1457,1219,2676,1255,972,2227
10100,"THEFT/OTHER","38.904523934","-77.0326153266",65,0,65,1457,1219,2676,1255,972,2227
10100,"THEFT/OTHER","38.9046855207","-77.0345753222",65,0,65,1457,1219,2676,1255,972,2227
10100,"THEFT/OTHER","38.9001989748","-77.0358527807",65,0,65,1457,1219,2676,1255,972,2227
10100,"MOTOR VEHICLE THEFT","38.902516372","-77.0275648819",65,0,65,1457,1219,2676,1255,972,2227
10100,"BURGLARY","38.9025227686","-77.0327934508",65,0,65,1457,1219,2676,1255,972,2227
10100,"THEFT/OTHER","38.9009218959","-77.0275527374",65,0,65,1457,1219,2676,1255,972,2227
10100,"THEFT/OTHER","38.9009218959","-77.0275527374",65,0,65,1457,1219,2676,1255,972,2227
10100,"THEFT F/AUTO","38.9056951632","-77.0320970521",65,0,65,1457,1219,2676,1255,972,2227
10100,"THEFT/OTHER","38.904523934","-77.0326153266",65,0,65,1457,1219,2676,1255,972,2227
10100,"THEFT/OTHER","38.904523934","-77.0326153266",65,0,65,1457,1219,2676,1255,972,2227
10100,"THEFT/OTHER","38.9009218959","-77.0275527374",65,0,65,1457,1219,2676,1255,972,2227
10100,"BURGLARY","38.9013269574","-77.0288556039",65,0,65,1457,1219,2676,1255,972,2227
10100,"THEFT/OTHER","38.904523934","-77.0326153266",65,0,65,1457,1219,2676,1255,972,2227
10100,"THEFT/OTHER","38.9007671563","-77.0336511576",65,0,65,1457,1219,2676,1255,972,2227
10100,"THEFT/OTHER","38.904523934","-77.0326153266",65,0,65,1457,1219,2676,1255,972,2227
10100,"THEFT/OTHER","38.9009218959","-77.0275527374",65,0,65,1457,1219,2676,1255,972,2227
10100,"THEFT/OTHER","38.9019283649","-77.0365453602",65,0,65,1457,1219,2676,1255,972,2227
10100,"THEFT/OTHER","38.9009218959","-77.0275527374",65,0,65,1457,1219,2676,1255,972,2227
10100,"THEFT/OTHER","38.904523934","-77.0326153266",65,0,65,1457,1219,2676,1255,972,2227
10100,"THEFT F/AUTO","38.9019213155","-77.0296282541",65,0,65,1457,1219,2676,1255,972,2227
10100,"THEFT/OTHER","38.9009218959","-77.0275527374",65,0,65,1457,1219,2676,1255,972,2227
10100,"MOTOR VEHICLE THEFT","38.9001998692","-77.0328093294",65,0,65,1457,1219,2676,1255,972,2227
10100,"THEFT F/AUTO","38.9019216971","-77.0280834347",65,0,65,1457,1219,2676,1255,972,2227
10100,"THEFT/OTHER","38.9009218959","-77.0275527374",65,0,65,1457,1219,2676,1255,972,2227
10100,"THEFT/OTHER","38.9025209714","-77.0307907014",65,0,65,1457,1219,2676,1255,972,2227
10100,"THEFT F/AUTO","38.9056407215","-77.0334920493",65,0,65,1457,1219,2676,1255,972,2227
10100,"THEFT F/AUTO","38.9019852385","-77.0259967987",65,0,65,1457,1219,2676,1255,972,2227
10100,"THEFT/OTHER","38.9043713747","-77.0314764321",65,0,65,1457,1219,2676,1255,972,2227
10100,"ARSON","38.9013264599","-77.0308039046",65,0,65,1457,1219,2676,1255,972,2227
10100,"THEFT/OTHER","38.9025227686","-77.0327934508",65,0,65,1457,1219,2676,1255,972,2227
10100,"THEFT/OTHER","38.8994879695","-77.0336505541",65,0,65,1457,1219,2676,1255,972,2227
10100,"THEFT/OTHER","38.904523934","-77.0326153266",65,0,65,1457,1219,2676,1255,972,2227
10100,"THEFT/OTHER","38.9009218959","-77.0275527374",65,0,65,1457,1219,2676,1255,972,2227
10100,"THEFT F/AUTO","38.904523934","-77.0326153266",65,0,65,1457,1219,2676,1255,972,2227
10100,"THEFT/OTHER","38.904523934","-77.0326153266",65,0,65,1457,1219,2676,1255,972,2227
10100,"THEFT/OTHER","38.9007671563","-77.0336511576",65,0,65,1457,1219,2676,1255,972,2227
10100,"THEFT/OTHER","38.9009218959","-77.0275527374",65,0,65,1457,1219,2676,1255,972,2227
10100,"THEFT F/AUTO","38.9056407215","-77.0334920493",65,0,65,1457,1219,2676,1255,972,2227
10100,"ASSAULT W/DANGEROUS WEAPON","38.9007671563","-77.0336511576",65,0,65,1457,1219,2676,1255,972,2227
10100,"THEFT F/AUTO","38.8996688305","-77.031149033",65,0,65,1457,1219,2676,1255,972,2227
10100,"THEFT F/AUTO","38.9017962795","-77.0250052802",65,0,65,1457,1219,2676,1255,972,2227
10100,"THEFT/OTHER","38.9009218959","-77.0275527374",65,0,65,1457,1219,2676,1255,972,2227
10100,"THEFT/OTHER","38.9009218959","-77.0275527374",65,0,65,1457,1219,2676,1255,972,2227
10100,"THEFT/OTHER","38.9045060989","-77.0319581699",65,0,65,1457,1219,2676,1255,972,2227
10100,"THEFT/OTHER","38.9045060989","-77.0319581699",65,0,65,1457,1219,2676,1255,972,2227
10100,"THEFT/OTHER","38.9025227686","-77.0327934508",65,0,65,1457,1219,2676,1255,972,2227
10100,"THEFT/OTHER","38.9009218959","-77.0275527374",65,0,65,1457,1219,2676,1255,972,2227
10100,"THEFT F/AUTO","38.9037316934","-77.0307934145",65,0,65,1457,1219,2676,1255,972,2227
10100,"THEFT F/AUTO","38.904281504","-77.0296292345",65,0,65,1457,1219,2676,1255,972,2227
10100,"THEFT/OTHER","38.9007671563","-77.0336511576",65,0,65,1457,1219,2676,1255,972,2227
10100,"BURGLARY","38.9007671563","-77.0336511576",65,0,65,1457,1219,2676,1255,972,2227
10100,"THEFT/OTHER","38.9031364198","-77.0334217013",65,0,65,1457,1219,2676,1255,972,2227
10100,"THEFT/OTHER","38.9007671563","-77.0336511576",65,0,65,1457,1219,2676,1255,972,2227
10100,"ROBBERY","38.9019199497","-77.0345970387",65,0,65,1457,1219,2676,1255,972,2227
10100,"THEFT/OTHER","38.9002084233","-77.0343887005",65,0,65,1457,1219,2676,1255,972,2227
10100,"THEFT F/AUTO","38.9025209714","-77.0307907014",65,0,65,1457,1219,2676,1255,972,2227
10100,"ROBBERY","38.9031278211","-77.0319575524",65,0,65,1457,1219,2676,1255,972,2227
10100,"THEFT/OTHER","38.904523934","-77.0326153266",65,0,65,1457,1219,2676,1255,972,2227
10100,"THEFT/OTHER","38.9009218959","-77.0275527374",65,0,65,1457,1219,2676,1255,972,2227
10100,"BURGLARY","38.9013259138","-77.0328098474",65,0,65,1457,1219,2676,1255,972,2227
10100,"THEFT F/AUTO","38.90564912","-77.0355557633",65,0,65,1457,1219,2676,1255,972,2227
10100,"THEFT/OTHER","38.9009218959","-77.0275527374",65,0,65,1457,1219,2676,1255,972,2227
10100,"THEFT/OTHER","38.904523934","-77.0326153266",65,0,65,1457,1219,2676,1255,972,2227
10100,"THEFT/OTHER","38.9031264759","-77.036545974",65,0,65,1457,1219,2676,1255,972,2227
10100,"THEFT F/AUTO","38.9019297101","-77.0319570157",65,0,65,1457,1219,2676,1255,972,2227
10100,"BURGLARY","38.9019202292","-77.033640173",65,0,65,1457,1219,2676,1255,972,2227
10100,"THEFT/OTHER","38.9025169478","-77.0250055329",65,0,65,1457,1219,2676,1255,972,2227
10100,"THEFT/OTHER","38.9019219419","-77.0270458695",65,0,65,1457,1219,2676,1255,972,2227
10100,"THEFT F/AUTO","38.9037321879","-77.0288565769",65,0,65,1457,1219,2676,1255,972,2227
10100,"THEFT/OTHER","38.9009218959","-77.0275527374",65,0,65,1457,1219,2676,1255,972,2227
10100,"THEFT/OTHER","38.9025227686","-77.0327934508",65,0,65,1457,1219,2676,1255,972,2227
10100,"THEFT/OTHER","38.9009218959","-77.0275527374",65,0,65,1457,1219,2676,1255,972,2227
10100,"THEFT/OTHER","38.9009218959","-77.0275527374",65,0,65,1457,1219,2676,1255,972,2227
10100,"THEFT F/AUTO","38.9046855207","-77.0345753222",65,0,65,1457,1219,2676,1255,972,2227
10100,"THEFT F/AUTO","38.9036877502","-77.0262971677",65,0,65,1457,1219,2676,1255,972,2227
10100,"THEFT F/AUTO","38.9007671563","-77.0336511576",65,0,65,1457,1219,2676,1255,972,2227
10100,"THEFT F/AUTO","38.9025169478","-77.0250055329",65,0,65,1457,1219,2676,1255,972,2227
10100,"SEX ABUSE","38.9046855207","-77.0345753222",65,0,65,1457,1219,2676,1255,972,2227
10100,"THEFT/OTHER","38.9009218959","-77.0275527374",65,0,65,1457,1219,2676,1255,972,2227
10100,"THEFT F/AUTO","38.8994879695","-77.0336505541",65,0,65,1457,1219,2676,1255,972,2227
10100,"THEFT F/AUTO","38.9056951632","-77.0320970521",65,0,65,1457,1219,2676,1255,972,2227
10100,"ROBBERY","38.9025227686","-77.0327934508",65,0,65,1457,1219,2676,1255,972,2227
10100,"ASSAULT W/DANGEROUS WEAPON","38.9037303379","-77.0355663357",65,0,65,1457,1219,2676,1255,972,2227
10100,"THEFT/OTHER","38.904523934","-77.0326153266",65,0,65,1457,1219,2676,1255,972,2227
10100,"THEFT/OTHER","38.9009218959","-77.0275527374",65,0,65,1457,1219,2676,1255,972,2227
10100,"THEFT F/AUTO","38.9056407215","-77.0334920493",65,0,65,1457,1219,2676,1255,972,2227
10100,"THEFT/OTHER","38.904523934","-77.0326153266",65,0,65,1457,1219,2676,1255,972,2227
10100,"THEFT/OTHER","38.9031270725","-77.0345860955",65,0,65,1457,1219,2676,1255,972,2227
10100,"THEFT/OTHER","38.9067032638","-77.0350028835",65,0,65,1457,1219,2676,1255,972,2227
10100,"THEFT/OTHER","38.9025166148","-77.0265157794",65,0,65,1457,1219,2676,1255,972,2227
10100,"THEFT F/AUTO","38.9037316934","-77.0307934145",65,0,65,1457,1219,2676,1255,972,2227
10100,"THEFT/OTHER","38.904523934","-77.0326153266",65,0,65,1457,1219,2676,1255,972,2227
10100,"THEFT/OTHER","38.9009218959","-77.0275527374",65,0,65,1457,1219,2676,1255,972,2227
10100,"THEFT/OTHER","38.9013259138","-77.0328098474",65,0,65,1457,1219,2676,1255,972,2227
10100,"THEFT/OTHER","38.9056407215","-77.0334920493",65,0,65,1457,1219,2676,1255,972,2227
10201,"THEFT/OTHER","38.8778623712","-77.0176441877",17,0,17,923,1241,2164,812,1066,1878
10201,"MOTOR VEHICLE THEFT","38.8778623712","-77.0176441877",17,0,17,923,1241,2164,812,1066,1878
10201,"THEFT F/AUTO","38.8764572414","-77.0164107306",17,0,17,923,1241,2164,812,1066,1878
10201,"THEFT/OTHER","38.8778623712","-77.0176441877",17,0,17,923,1241,2164,812,1066,1878
10201,"THEFT/OTHER","38.8778623712","-77.0176441877",17,0,17,923,1241,2164,812,1066,1878
10201,"MOTOR VEHICLE THEFT","38.8778623712","-77.0176441877",17,0,17,923,1241,2164,812,1066,1878
10201,"THEFT F/AUTO","38.8778623712","-77.0176441877",17,0,17,923,1241,2164,812,1066,1878
10201,"THEFT F/AUTO","38.8788444899","-77.016238408",17,0,17,923,1241,2164,812,1066,1878
10201,"THEFT/OTHER","38.8778623712","-77.0176441877",17,0,17,923,1241,2164,812,1066,1878
10201,"THEFT/OTHER","38.8778623712","-77.0176441877",17,0,17,923,1241,2164,812,1066,1878
10201,"THEFT/OTHER","38.8788439229","-77.0199032864",17,0,17,923,1241,2164,812,1066,1878
10201,"ROBBERY","38.8778623712","-77.0176441877",17,0,17,923,1241,2164,812,1066,1878
10201,"THEFT/OTHER","38.8778623712","-77.0176441877",17,0,17,923,1241,2164,812,1066,1878
10201,"THEFT/OTHER","38.8778623712","-77.0176441877",17,0,17,923,1241,2164,812,1066,1878
10201,"THEFT/OTHER","38.8778623712","-77.0176441877",17,0,17,923,1241,2164,812,1066,1878
10201,"THEFT/OTHER","38.8778623712","-77.0176441877",17,0,17,923,1241,2164,812,1066,1878
10201,"THEFT F/AUTO","38.8774296052","-77.0199028919",17,0,17,923,1241,2164,812,1066,1878
10201,"THEFT/OTHER","38.8778623712","-77.0176441877",17,0,17,923,1241,2164,812,1066,1878
10201,"ROBBERY","38.8788439229","-77.0199032864",17,0,17,923,1241,2164,812,1066,1878
10201,"ASSAULT W/DANGEROUS WEAPON","38.8778623712","-77.0176441877",17,0,17,923,1241,2164,812,1066,1878
10201,"THEFT F/AUTO","38.8778623712","-77.0176441877",17,0,17,923,1241,2164,812,1066,1878
10201,"THEFT/OTHER","38.8788439229","-77.0199032864",17,0,17,923,1241,2164,812,1066,1878
10201,"THEFT F/AUTO","38.8774296052","-77.0199028919",17,0,17,923,1241,2164,812,1066,1878
10201,"ROBBERY","38.8764572414","-77.0164107306",17,0,17,923,1241,2164,812,1066,1878
10201,"HOMICIDE","38.8778623712","-77.0176441877",17,0,17,923,1241,2164,812,1066,1878
10201,"ASSAULT W/DANGEROUS WEAPON","38.8778623712","-77.0176441877",17,0,17,923,1241,2164,812,1066,1878
10201,"THEFT/OTHER","38.8778623712","-77.0176441877",17,0,17,923,1241,2164,812,1066,1878
10201,"ROBBERY","38.8778623712","-77.0176441877",17,0,17,923,1241,2164,812,1066,1878
10201,"THEFT/OTHER","38.8778623712","-77.0176441877",17,0,17,923,1241,2164,812,1066,1878
10201,"THEFT F/AUTO","38.8792766003","-77.0182207797",17,0,17,923,1241,2164,812,1066,1878
10201,"MOTOR VEHICLE THEFT","38.8774296052","-77.0199028919",17,0,17,923,1241,2164,812,1066,1878
10201,"THEFT/OTHER","38.8788444899","-77.016238408",17,0,17,923,1241,2164,812,1066,1878
10201,"THEFT/OTHER","38.8778623712","-77.0176441877",17,0,17,923,1241,2164,812,1066,1878
10201,"MOTOR VEHICLE THEFT","38.8778623712","-77.0176441877",17,0,17,923,1241,2164,812,1066,1878
10201,"THEFT/OTHER","38.8778623712","-77.0176441877",17,0,17,923,1241,2164,812,1066,1878
10201,"THEFT/OTHER","38.8778623712","-77.0176441877",17,0,17,923,1241,2164,812,1066,1878
10201,"THEFT/OTHER","38.8778623712","-77.0176441877",17,0,17,923,1241,2164,812,1066,1878
10201,"ASSAULT W/DANGEROUS WEAPON","38.8778623712","-77.0176441877",17,0,17,923,1241,2164,812,1066,1878
10201,"THEFT/OTHER","38.8778623712","-77.0176441877",17,0,17,923,1241,2164,812,1066,1878
10201,"THEFT/OTHER","38.8778623712","-77.0176441877",17,0,17,923,1241,2164,812,1066,1878
10201,"THEFT/OTHER","38.8778623712","-77.0176441877",17,0,17,923,1241,2164,812,1066,1878
10201,"THEFT/OTHER","38.8774296052","-77.0199028919",17,0,17,923,1241,2164,812,1066,1878
10201,"MOTOR VEHICLE THEFT","38.8778623712","-77.0176441877",17,0,17,923,1241,2164,812,1066,1878
10201,"THEFT/OTHER","38.8778623712","-77.0176441877",17,0,17,923,1241,2164,812,1066,1878
10201,"THEFT/OTHER","38.8774296052","-77.0199028919",17,0,17,923,1241,2164,812,1066,1878
10201,"THEFT/OTHER","38.8778623712","-77.0176441877",17,0,17,923,1241,2164,812,1066,1878
10201,"THEFT/OTHER","38.8778623712","-77.0176441877",17,0,17,923,1241,2164,812,1066,1878
10201,"THEFT/OTHER","38.8788439229","-77.0199032864",17,0,17,923,1241,2164,812,1066,1878
10201,"THEFT/OTHER","38.8778623712","-77.0176441877",17,0,17,923,1241,2164,812,1066,1878
10201,"THEFT F/AUTO","38.8778623712","-77.0176441877",17,0,17,923,1241,2164,812,1066,1878
10201,"THEFT/OTHER","38.8788439229","-77.0199032864",17,0,17,923,1241,2164,812,1066,1878
10201,"THEFT/OTHER","38.8778623712","-77.0176441877",17,0,17,923,1241,2164,812,1066,1878
10201,"THEFT/OTHER","38.8778623712","-77.0176441877",17,0,17,923,1241,2164,812,1066,1878
10201,"THEFT F/AUTO","38.8774296052","-77.0199028919",17,0,17,923,1241,2164,812,1066,1878
10201,"THEFT/OTHER","38.8774296052","-77.0199028919",17,0,17,923,1241,2164,812,1066,1878
10201,"THEFT/OTHER","38.877970814","-77.0152125168",17,0,17,923,1241,2164,812,1066,1878
10201,"THEFT F/AUTO","38.8792769652","-77.0157083636",17,0,17,923,1241,2164,812,1066,1878
10201,"THEFT F/AUTO","38.8774296052","-77.0199028919",17,0,17,923,1241,2164,812,1066,1878
10201,"MOTOR VEHICLE THEFT","38.877970814","-77.0152125168",17,0,17,923,1241,2164,812,1066,1878
10201,"ROBBERY","38.8764568893","-77.0187501816",17,0,17,923,1241,2164,812,1066,1878
10201,"THEFT/OTHER","38.8774296052","-77.0199028919",17,0,17,923,1241,2164,812,1066,1878
10201,"THEFT/OTHER","38.8764568893","-77.0187501816",17,0,17,923,1241,2164,812,1066,1878
10201,"ROBBERY","38.8778623712","-77.0176441877",17,0,17,923,1241,2164,812,1066,1878
10201,"THEFT F/AUTO","38.8778623712","-77.0176441877",17,0,17,923,1241,2164,812,1066,1878
10201,"THEFT/OTHER","38.8778623712","-77.0176441877",17,0,17,923,1241,2164,812,1066,1878
10201,"THEFT/OTHER","38.8778623712","-77.0176441877",17,0,17,923,1241,2164,812,1066,1878
10201,"THEFT/OTHER","38.8778623712","-77.0176441877",17,0,17,923,1241,2164,812,1066,1878
10201,"THEFT/OTHER","38.8778623712","-77.0176441877",17,0,17,923,1241,2164,812,1066,1878
10201,"THEFT F/AUTO","38.8788439229","-77.0199032864",17,0,17,923,1241,2164,812,1066,1878
10201,"MOTOR VEHICLE THEFT","38.8778623712","-77.0176441877",17,0,17,923,1241,2164,812,1066,1878
10201,"THEFT F/AUTO","38.877970814","-77.0152125168",17,0,17,923,1241,2164,812,1066,1878
10201,"THEFT/OTHER","38.8764572414","-77.0164107306",17,0,17,923,1241,2164,812,1066,1878
10201,"THEFT/OTHER","38.8778623712","-77.0176441877",17,0,17,923,1241,2164,812,1066,1878
10201,"ROBBERY","38.8778623712","-77.0176441877",17,0,17,923,1241,2164,812,1066,1878
10202,"THEFT/OTHER","38.8860328076","-77.0187411722",25,20,45,842,524,1366,618,458,1076
10202,"THEFT/OTHER","38.8783514588","-77.0240773938",25,20,45,842,524,1366,618,458,1076
10202,"THEFT F/AUTO","38.8865999657","-77.0209197405",25,20,45,842,524,1366,618,458,1076
10202,"MOTOR VEHICLE THEFT","38.884967262","-77.0307968419",25,20,45,842,524,1366,618,458,1076
10202,"THEFT F/AUTO","38.8794732425","-77.0237910334",25,20,45,842,524,1366,618,458,1076
10202,"THEFT/OTHER","38.8824271017","-77.0300120214",25,20,45,842,524,1366,618,458,1076
10202,"THEFT F/AUTO","38.884834323","-77.0209192228",25,20,45,842,524,1366,618,458,1076
10202,"THEFT F/AUTO","38.885472403","-77.0281345894",25,20,45,842,524,1366,618,458,1076
10202,"THEFT F/AUTO","38.8803123393","-77.0196155707",25,20,45,842,524,1366,618,458,1076
10202,"THEFT F/AUTO","38.8838828674","-77.0245692132",25,20,45,842,524,1366,618,458,1076
10202,"THEFT/OTHER","38.8794732425","-77.0237910334",25,20,45,842,524,1366,618,458,1076
10202,"THEFT/OTHER","38.8860328076","-77.0187411722",25,20,45,842,524,1366,618,458,1076
10202,"THEFT/OTHER","38.884201981","-77.029113768",25,20,45,842,524,1366,618,458,1076
10202,"THEFT F/AUTO","38.8807713594","-77.0219091891",25,20,45,842,524,1366,618,458,1076
10202,"THEFT/OTHER","38.8824271017","-77.0300120214",25,20,45,842,524,1366,618,458,1076
10202,"THEFT/OTHER","38.8794732425","-77.0237910334",25,20,45,842,524,1366,618,458,1076
10202,"THEFT F/AUTO","38.8838828674","-77.0245692132",25,20,45,842,524,1366,618,458,1076
10202,"THEFT F/AUTO","38.884201981","-77.029113768",25,20,45,842,524,1366,618,458,1076
10202,"THEFT F/AUTO","38.8809777643","-77.0257701676",25,20,45,842,524,1366,618,458,1076
10202,"THEFT/OTHER","38.8794732425","-77.0237910334",25,20,45,842,524,1366,618,458,1076
10202,"MOTOR VEHICLE THEFT","38.8803122391","-77.0202033463",25,20,45,842,524,1366,618,458,1076
10202,"ASSAULT W/DANGEROUS WEAPON","38.8860328076","-77.0187411722",25,20,45,842,524,1366,618,458,1076
10202,"THEFT F/AUTO","38.8812760966","-77.0204341225",25,20,45,842,524,1366,618,458,1076
10202,"THEFT F/AUTO","38.8838828674","-77.0245692132",25,20,45,842,524,1366,618,458,1076
10202,"THEFT/OTHER","38.8875632776","-77.0239629354",25,20,45,842,524,1366,618,458,1076
10202,"THEFT F/AUTO","38.8846005317","-77.0183834991",25,20,45,842,524,1366,618,458,1076
10202,"ASSAULT W/DANGEROUS WEAPON","38.8806810777","-77.0263543816",25,20,45,842,524,1366,618,458,1076
10202,"THEFT F/AUTO","38.8838828674","-77.0245692132",25,20,45,842,524,1366,618,458,1076
10202,"THEFT F/AUTO","38.8838828674","-77.0245692132",25,20,45,842,524,1366,618,458,1076
10202,"THEFT/OTHER","38.8860328076","-77.0187411722",25,20,45,842,524,1366,618,458,1076
10202,"THEFT F/AUTO","38.8824271017","-77.0300120214",25,20,45,842,524,1366,618,458,1076
10202,"THEFT/OTHER","38.8794732425","-77.0237910334",25,20,45,842,524,1366,618,458,1076
10202,"THEFT/OTHER","38.8794732425","-77.0237910334",25,20,45,842,524,1366,618,458,1076
10202,"THEFT F/AUTO","38.885472403","-77.0281345894",25,20,45,842,524,1366,618,458,1076
10202,"THEFT/OTHER","38.8807713594","-77.0219091891",25,20,45,842,524,1366,618,458,1076
10202,"THEFT F/AUTO","38.8852206676","-77.0259791646",25,20,45,842,524,1366,618,458,1076
10202,"THEFT/OTHER","38.8822584776","-77.0175645975",25,20,45,842,524,1366,618,458,1076
10202,"THEFT/OTHER","38.878942582","-77.0223004705",25,20,45,842,524,1366,618,458,1076
10202,"THEFT F/AUTO","38.8794732425","-77.0237910334",25,20,45,842,524,1366,618,458,1076
10202,"THEFT F/AUTO","38.8849677536","-77.0288720394",25,20,45,842,524,1366,618,458,1076
10202,"ROBBERY","38.8812756141","-77.0230272852",25,20,45,842,524,1366,618,458,1076
10202,"THEFT F/AUTO","38.884967262","-77.0307968419",25,20,45,842,524,1366,618,458,1076
10202,"THEFT F/AUTO","38.884967262","-77.0307968419",25,20,45,842,524,1366,618,458,1076
10202,"THEFT F/AUTO","38.8803122391","-77.0202033463",25,20,45,842,524,1366,618,458,1076
10202,"THEFT F/AUTO","38.8838828674","-77.0245692132",25,20,45,842,524,1366,618,458,1076
10202,"THEFT/OTHER","38.8860328076","-77.0187411722",25,20,45,842,524,1366,618,458,1076
10202,"THEFT/OTHER","38.8860328076","-77.0187411722",25,20,45,842,524,1366,618,458,1076
10202,"THEFT/OTHER","38.8809777643","-77.0257701676",25,20,45,842,524,1366,618,458,1076
10202,"THEFT/OTHER","38.8860328076","-77.0187411722",25,20,45,842,524,1366,618,458,1076
10202,"THEFT F/AUTO","38.8852206676","-77.0259791646",25,20,45,842,524,1366,618,458,1076
10202,"THEFT/OTHER","38.8860328076","-77.0187411722",25,20,45,842,524,1366,618,458,1076
10202,"THEFT F/AUTO","38.8794732425","-77.0237910334",25,20,45,842,524,1366,618,458,1076
10202,"THEFT/OTHER","38.8797297011","-77.0255460182",25,20,45,842,524,1366,618,458,1076
10202,"MOTOR VEHICLE THEFT","38.8819602651","-77.0229583545",25,20,45,842,524,1366,618,458,1076
10202,"THEFT F/AUTO","38.8822584776","-77.0175645975",25,20,45,842,524,1366,618,458,1076
10202,"ASSAULT W/DANGEROUS WEAPON","38.8838787229","-77.0245725542",25,20,45,842,524,1366,618,458,1076
10202,"MOTOR VEHICLE THEFT","38.8865999657","-77.0209197405",25,20,45,842,524,1366,618,458,1076
10202,"MOTOR VEHICLE THEFT","38.884967262","-77.0307968419",25,20,45,842,524,1366,618,458,1076
10202,"THEFT F/AUTO","38.8838828674","-77.0245692132",25,20,45,842,524,1366,618,458,1076
10202,"THEFT/OTHER","38.8838828674","-77.0245692132",25,20,45,842,524,1366,618,458,1076
10202,"BURGLARY","38.8860328076","-77.0187411722",25,20,45,842,524,1366,618,458,1076
10202,"THEFT F/AUTO","38.8847724116","-77.0259742758",25,20,45,842,524,1366,618,458,1076
10202,"THEFT/OTHER","38.8860328076","-77.0187411722",25,20,45,842,524,1366,618,458,1076
10202,"THEFT F/AUTO","38.885472403","-77.0281345894",25,20,45,842,524,1366,618,458,1076
10202,"THEFT F/AUTO","38.8875632776","-77.0239629354",25,20,45,842,524,1366,618,458,1076
10202,"THEFT/OTHER","38.8800190741","-77.0262524869",25,20,45,842,524,1366,618,458,1076
10202,"THEFT F/AUTO","38.8792761484","-77.0209175933",25,20,45,842,524,1366,618,458,1076
10202,"THEFT F/AUTO","38.8797988103","-77.0199150777",25,20,45,842,524,1366,618,458,1076
10202,"THEFT/OTHER","38.8860328076","-77.0187411722",25,20,45,842,524,1366,618,458,1076
10202,"THEFT F/AUTO","38.8812762735","-77.0193968575",25,20,45,842,524,1366,618,458,1076
10202,"THEFT F/AUTO","38.8792766003","-77.0182207797",25,20,45,842,524,1366,618,458,1076
10202,"ASSAULT W/DANGEROUS WEAPON","38.884967262","-77.0307968419",25,20,45,842,524,1366,618,458,1076
10202,"THEFT/OTHER","38.8809777643","-77.0257701676",25,20,45,842,524,1366,618,458,1076
10202,"THEFT/OTHER","38.8794732425","-77.0237910334",25,20,45,842,524,1366,618,458,1076
10202,"THEFT/OTHER","38.8849677536","-77.0288720394",25,20,45,842,524,1366,618,458,1076
10202,"THEFT/OTHER","38.8809777643","-77.0257701676",25,20,45,842,524,1366,618,458,1076
10202,"THEFT/OTHER","38.8860328076","-77.0187411722",25,20,45,842,524,1366,618,458,1076
10202,"THEFT/OTHER","38.8794732425","-77.0237910334",25,20,45,842,524,1366,618,458,1076
10202,"THEFT F/AUTO","38.8794732425","-77.0237910334",25,20,45,842,524,1366,618,458,1076
10202,"THEFT/OTHER","38.8797297011","-77.0255460182",25,20,45,842,524,1366,618,458,1076
10202,"THEFT F/AUTO","38.8832312006","-77.0187404363",25,20,45,842,524,1366,618,458,1076
10202,"THEFT F/AUTO","38.8809777643","-77.0257701676",25,20,45,842,524,1366,618,458,1076
10202,"THEFT F/AUTO","38.8838828674","-77.0245692132",25,20,45,842,524,1366,618,458,1076
10202,"THEFT F/AUTO","38.8805996727","-77.0245598999",25,20,45,842,524,1366,618,458,1076
10202,"THEFT/OTHER","38.8860328076","-77.0187411722",25,20,45,842,524,1366,618,458,1076
10202,"THEFT F/AUTO","38.8855371521","-77.0199166794",25,20,45,842,524,1366,618,458,1076
10202,"THEFT/OTHER","38.8860328076","-77.0187411722",25,20,45,842,524,1366,618,458,1076
10202,"MOTOR VEHICLE THEFT","38.8875618735","-77.0300372337",25,20,45,842,524,1366,618,458,1076
10202,"THEFT/OTHER","38.8860328076","-77.0187411722",25,20,45,842,524,1366,618,458,1076
10202,"THEFT/OTHER","38.878942582","-77.0223004705",25,20,45,842,524,1366,618,458,1076
10202,"THEFT F/AUTO","38.8809777643","-77.0257701676",25,20,45,842,524,1366,618,458,1076
10202,"THEFT/OTHER","38.8824271017","-77.0300120214",25,20,45,842,524,1366,618,458,1076
10202,"THEFT F/AUTO","38.8792766003","-77.0182207797",25,20,45,842,524,1366,618,458,1076
10202,"THEFT/OTHER","38.8838828674","-77.0245692132",25,20,45,842,524,1366,618,458,1076
10202,"MOTOR VEHICLE THEFT","38.8875638622","-77.0209200231",25,20,45,842,524,1366,618,458,1076
10202,"THEFT F/AUTO","38.8812756141","-77.0230272852",25,20,45,842,524,1366,618,458,1076
10202,"THEFT/OTHER","38.8794732425","-77.0237910334",25,20,45,842,524,1366,618,458,1076
10202,"THEFT/OTHER","38.8816181479","-77.0219094491",25,20,45,842,524,1366,618,458,1076
10202,"THEFT F/AUTO","38.8860328076","-77.0187411722",25,20,45,842,524,1366,618,458,1076
10202,"THEFT F/AUTO","38.8809777643","-77.0257701676",25,20,45,842,524,1366,618,458,1076
10202,"THEFT F/AUTO","38.8812764646","-77.0182097652",25,20,45,842,524,1366,618,458,1076
10202,"THEFT F/AUTO","38.8838828674","-77.0245692132",25,20,45,842,524,1366,618,458,1076
10202,"THEFT/OTHER","38.8809777643","-77.0257701676",25,20,45,842,524,1366,618,458,1076
10202,"THEFT/OTHER","38.8832312006","-77.0187404363",25,20,45,842,524,1366,618,458,1076
10202,"THEFT/OTHER","38.8810259556","-77.0269822827",25,20,45,842,524,1366,618,458,1076
10202,"THEFT F/AUTO","38.8824271017","-77.0300120214",25,20,45,842,524,1366,618,458,1076
10202,"THEFT/OTHER","38.8824271017","-77.0300120214",25,20,45,842,524,1366,618,458,1076
10202,"ROBBERY","38.8838828674","-77.0245692132",25,20,45,842,524,1366,618,458,1076
10202,"THEFT/OTHER","38.8794732425","-77.0237910334",25,20,45,842,524,1366,618,458,1076
10202,"THEFT/OTHER","38.8788096829","-77.0246665794",25,20,45,842,524,1366,618,458,1076
10202,"ASSAULT W/DANGEROUS WEAPON","38.8839248462","-77.0187406185",25,20,45,842,524,1366,618,458,1076
10202,"THEFT/OTHER","38.8794732425","-77.0237910334",25,20,45,842,524,1366,618,458,1076
10202,"THEFT F/AUTO","38.8807897332","-77.0199153542",25,20,45,842,524,1366,618,458,1076
10202,"THEFT F/AUTO","38.885472403","-77.0281345894",25,20,45,842,524,1366,618,458,1076
10202,"THEFT F/AUTO","38.8875618735","-77.0300372337",25,20,45,842,524,1366,618,458,1076
10202,"THEFT F/AUTO","38.8812762735","-77.0193968575",25,20,45,842,524,1366,618,458,1076
10202,"THEFT/OTHER","38.8794732425","-77.0237910334",25,20,45,842,524,1366,618,458,1076
10202,"THEFT/OTHER","38.8792780791","-77.0252759446",25,20,45,842,524,1366,618,458,1076
10202,"THEFT F/AUTO","38.8836527153","-77.0281108208",25,20,45,842,524,1366,618,458,1076
10202,"MOTOR VEHICLE THEFT","38.8794732425","-77.0237910334",25,20,45,842,524,1366,618,458,1076
10202,"THEFT/OTHER","38.8795186949","-77.0244212292",25,20,45,842,524,1366,618,458,1076
10202,"BURGLARY","38.8838828674","-77.0245692132",25,20,45,842,524,1366,618,458,1076
10202,"MOTOR VEHICLE THEFT","38.8867606041","-77.0281235714",25,20,45,842,524,1366,618,458,1076
10202,"THEFT/OTHER","38.8809777643","-77.0257701676",25,20,45,842,524,1366,618,458,1076
10202,"THEFT F/AUTO","38.8853117673","-77.0209193628",25,20,45,842,524,1366,618,458,1076
10202,"THEFT/OTHER","38.878942582","-77.0223004705",25,20,45,842,524,1366,618,458,1076
10202,"THEFT F/AUTO","38.8852124933","-77.0219105528",25,20,45,842,524,1366,618,458,1076
10202,"THEFT F/AUTO","38.8815012123","-77.0209643464",25,20,45,842,524,1366,618,458,1076
10202,"THEFT/OTHER","38.8860328076","-77.0187411722",25,20,45,842,524,1366,618,458,1076
10202,"MOTOR VEHICLE THEFT","38.8832312006","-77.0187404363",25,20,45,842,524,1366,618,458,1076
10202,"THEFT/OTHER","38.8812756141","-77.0230272852",25,20,45,842,524,1366,618,458,1076
10202,"THEFT/OTHER","38.8807897332","-77.0199153542",25,20,45,842,524,1366,618,458,1076
10202,"THEFT F/AUTO","38.8794732425","-77.0237910334",25,20,45,842,524,1366,618,458,1076
10202,"THEFT F/AUTO","38.885472403","-77.0281345894",25,20,45,842,524,1366,618,458,1076
10202,"THEFT/OTHER","38.8860328076","-77.0187411722",25,20,45,842,524,1366,618,458,1076
10202,"ROBBERY","38.8838828674","-77.0245692132",25,20,45,842,524,1366,618,458,1076
10202,"THEFT/OTHER","38.8794732425","-77.0237910334",25,20,45,842,524,1366,618,458,1076
10202,"MOTOR VEHICLE THEFT","38.8777929549","-77.0216950694",25,20,45,842,524,1366,618,458,1076
10202,"THEFT F/AUTO","38.8838828674","-77.0245692132",25,20,45,842,524,1366,618,458,1076
10202,"THEFT F/AUTO","38.8812764646","-77.0182097652",25,20,45,842,524,1366,618,458,1076
10202,"THEFT/OTHER","38.8800190741","-77.0262524869",25,20,45,842,524,1366,618,458,1076
10202,"THEFT F/AUTO","38.8852206676","-77.0259791646",25,20,45,842,524,1366,618,458,1076
10202,"THEFT/OTHER","38.8788096829","-77.0246665794",25,20,45,842,524,1366,618,458,1076
10202,"THEFT/OTHER","38.8838828674","-77.0245692132",25,20,45,842,524,1366,618,458,1076
10202,"SEX ABUSE","38.8875618735","-77.0300372337",25,20,45,842,524,1366,618,458,1076
10202,"THEFT F/AUTO","38.8797804366","-77.0219088848",25,20,45,842,524,1366,618,458,1076
10202,"THEFT F/AUTO","38.8865999657","-77.0209197405",25,20,45,842,524,1366,618,458,1076
10202,"THEFT F/AUTO","38.8840323952","-77.0219101904",25,20,45,842,524,1366,618,458,1076
10202,"THEFT/OTHER","38.8838828674","-77.0245692132",25,20,45,842,524,1366,618,458,1076
10202,"THEFT F/AUTO","38.8846005317","-77.0183834991",25,20,45,842,524,1366,618,458,1076
10202,"THEFT/OTHER","38.8838828674","-77.0245692132",25,20,45,842,524,1366,618,458,1076
10202,"THEFT/OTHER","38.8794732425","-77.0237910334",25,20,45,842,524,1366,618,458,1076
10202,"THEFT F/AUTO","38.885472403","-77.0281345894",25,20,45,842,524,1366,618,458,1076
10202,"THEFT F/AUTO","38.885472403","-77.0281345894",25,20,45,842,524,1366,618,458,1076
10202,"THEFT/OTHER","38.8809777643","-77.0257701676",25,20,45,842,524,1366,618,458,1076
10202,"THEFT/OTHER","38.8809777643","-77.0257701676",25,20,45,842,524,1366,618,458,1076
10202,"THEFT/OTHER","38.8810259556","-77.0269822827",25,20,45,842,524,1366,618,458,1076
10202,"THEFT/OTHER","38.8792780791","-77.0252759446",25,20,45,842,524,1366,618,458,1076
10202,"THEFT/OTHER","38.8807897332","-77.0199153542",25,20,45,842,524,1366,618,458,1076
10202,"THEFT/OTHER","38.8809777643","-77.0257701676",25,20,45,842,524,1366,618,458,1076
10202,"MOTOR VEHICLE THEFT","38.8795186949","-77.0244212292",25,20,45,842,524,1366,618,458,1076
10202,"THEFT F/AUTO","38.8792761484","-77.0209175933",25,20,45,842,524,1366,618,458,1076
10202,"THEFT F/AUTO","38.8807713594","-77.0219091891",25,20,45,842,524,1366,618,458,1076
10202,"THEFT F/AUTO","38.8853117673","-77.0209193628",25,20,45,842,524,1366,618,458,1076
10202,"THEFT F/AUTO","38.8824271017","-77.0300120214",25,20,45,842,524,1366,618,458,1076
10202,"THEFT/OTHER","38.8848427492","-77.023950496",25,20,45,842,524,1366,618,458,1076
10202,"THEFT F/AUTO","38.8838828674","-77.0245692132",25,20,45,842,524,1366,618,458,1076
10202,"THEFT/OTHER","38.8797297011","-77.0255460182",25,20,45,842,524,1366,618,458,1076
10202,"THEFT/OTHER","38.884201981","-77.029113768",25,20,45,842,524,1366,618,458,1076
10202,"THEFT/OTHER","38.8846005317","-77.0183834991",25,20,45,842,524,1366,618,458,1076
10202,"THEFT/OTHER","38.8800190741","-77.0262524869",25,20,45,842,524,1366,618,458,1076
10202,"THEFT F/AUTO","38.8838828674","-77.0245692132",25,20,45,842,524,1366,618,458,1076
10202,"BURGLARY","38.8797297011","-77.0255460182",25,20,45,842,524,1366,618,458,1076
10202,"THEFT/OTHER","38.8794732425","-77.0237910334",25,20,45,842,524,1366,618,458,1076
10202,"THEFT/OTHER","38.8800190741","-77.0262524869",25,20,45,842,524,1366,618,458,1076
10202,"BURGLARY","38.8839248462","-77.0187406185",25,20,45,842,524,1366,618,458,1076
10300,"MOTOR VEHICLE THEFT","38.9765467441","-77.0265894891",268,391,659,1653,1607,3260,1009,751,1760
10300,"ROBBERY","38.9827175104","-77.02599163",268,391,659,1653,1607,3260,1009,751,1760
10300,"THEFT/OTHER","38.973610137","-77.0262537304",268,391,659,1653,1607,3260,1009,751,1760
10300,"BURGLARY","38.9804569729","-77.0235094451",268,391,659,1653,1607,3260,1009,751,1760
10300,"THEFT/OTHER","38.9777906515","-77.0229430673",268,391,659,1653,1607,3260,1009,751,1760
10300,"ROBBERY","38.9706912528","-77.0271989047",268,391,659,1653,1607,3260,1009,751,1760
10300,"THEFT/OTHER","38.9804112928","-77.0264986016",268,391,659,1653,1607,3260,1009,751,1760
10300,"THEFT F/AUTO","38.9820780539","-77.025414323",268,391,659,1653,1607,3260,1009,751,1760
10300,"THEFT F/AUTO","38.98327589","-77.026568917",268,391,659,1653,1607,3260,1009,751,1760
10300,"MOTOR VEHICLE THEFT","38.9736104028","-77.0250420199",268,391,659,1653,1607,3260,1009,751,1760
10300,"THEFT/OTHER","38.9719073941","-77.0270724308",268,391,659,1653,1607,3260,1009,751,1760
10300,"THEFT F/AUTO","38.9729799486","-77.0244647983",268,391,659,1653,1607,3260,1009,751,1760
10300,"THEFT F/AUTO","38.9747090208","-77.0267849882",268,391,659,1653,1607,3260,1009,751,1760
10300,"THEFT F/AUTO","38.9823840793","-77.0265570429",268,391,659,1653,1607,3260,1009,751,1760
10300,"THEFT F/AUTO","38.9744392822","-77.0244652994",268,391,659,1653,1607,3260,1009,751,1760
10300,"THEFT/OTHER","38.9729794006","-77.026957438",268,391,659,1653,1607,3260,1009,751,1760
10300,"THEFT/OTHER","38.9804112928","-77.0264986016",268,391,659,1653,1607,3260,1009,751,1760
10300,"THEFT/OTHER","38.9804112928","-77.0264986016",268,391,659,1653,1607,3260,1009,751,1760
10300,"THEFT/OTHER","38.973610137","-77.0262537304",268,391,659,1653,1607,3260,1009,751,1760
10300,"THEFT F/AUTO","38.9714663004","-77.0256990324",268,391,659,1653,1607,3260,1009,751,1760
10300,"THEFT/OTHER","38.9776277574","-77.026474485",268,391,659,1653,1607,3260,1009,751,1760
10300,"THEFT/OTHER","38.9804112928","-77.0264986016",268,391,659,1653,1607,3260,1009,751,1760
10300,"THEFT F/AUTO","38.9804112928","-77.0264986016",268,391,659,1653,1607,3260,1009,751,1760
10300,"THEFT/OTHER","38.9804112928","-77.0264986016",268,391,659,1653,1607,3260,1009,751,1760
10300,"THEFT F/AUTO","38.9757994026","-77.0250427892",268,391,659,1653,1607,3260,1009,751,1760
10300,"THEFT F/AUTO","38.9804112928","-77.0264986016",268,391,659,1653,1607,3260,1009,751,1760
10300,"THEFT F/AUTO","38.9747090208","-77.0267849882",268,391,659,1653,1607,3260,1009,751,1760
10300,"THEFT/OTHER","38.9804112928","-77.0264986016",268,391,659,1653,1607,3260,1009,751,1760
10300,"THEFT/OTHER","38.9804112928","-77.0264986016",268,391,659,1653,1607,3260,1009,751,1760
10300,"THEFT F/AUTO","38.9804117378","-77.0244558089",268,391,659,1653,1607,3260,1009,751,1760
10300,"THEFT/OTHER","38.9765467441","-77.0265894891",268,391,659,1653,1607,3260,1009,751,1760
10300,"BURGLARY","38.973610137","-77.0262537304",268,391,659,1653,1607,3260,1009,751,1760
10300,"THEFT/OTHER","38.9832942525","-77.0249992567",268,391,659,1653,1607,3260,1009,751,1760
10300,"MOTOR VEHICLE THEFT","38.9804112928","-77.0264986016",268,391,659,1653,1607,3260,1009,751,1760
10300,"THEFT F/AUTO","38.9729794006","-77.026957438",268,391,659,1653,1607,3260,1009,751,1760
10300,"THEFT F/AUTO","38.9699167398","-77.0263446858",268,391,659,1653,1607,3260,1009,751,1760
10300,"MOTOR VEHICLE THEFT","38.9783042276","-77.0223892713",268,391,659,1653,1607,3260,1009,751,1760
10300,"MOTOR VEHICLE THEFT","38.9747090208","-77.0267849882",268,391,659,1653,1607,3260,1009,751,1760
10300,"THEFT/OTHER","38.9774667093","-77.0210618246",268,391,659,1653,1607,3260,1009,751,1760
10300,"BURGLARY","38.9734636451","-77.0352318572",268,391,659,1653,1607,3260,1009,751,1760
10300,"THEFT F/AUTO","38.9804112928","-77.0264986016",268,391,659,1653,1607,3260,1009,751,1760
10300,"THEFT/OTHER","38.9788438728","-77.0264518549",268,391,659,1653,1607,3260,1009,751,1760
10300,"THEFT F/AUTO","38.9793844798","-77.02594425",268,391,659,1653,1607,3260,1009,751,1760
10300,"THEFT F/AUTO","38.9804117378","-77.0244558089",268,391,659,1653,1607,3260,1009,751,1760
10300,"THEFT/OTHER","38.9736104028","-77.0250420199",268,391,659,1653,1607,3260,1009,751,1760
10300,"THEFT/OTHER","38.9719073941","-77.0270724308",268,391,659,1653,1607,3260,1009,751,1760
10300,"THEFT F/AUTO","38.9823036133","-77.0237293431",268,391,659,1653,1607,3260,1009,751,1760
10300,"THEFT/OTHER","38.9719073941","-77.0270724308",268,391,659,1653,1607,3260,1009,751,1760
10300,"THEFT F/AUTO","38.976160562","-77.0208075472",268,391,659,1653,1607,3260,1009,751,1760
10300,"THEFT F/AUTO","38.9804112928","-77.0264986016",268,391,659,1653,1607,3260,1009,751,1760
10300,"THEFT F/AUTO","38.9723399606","-77.0263225019",268,391,659,1653,1607,3260,1009,751,1760
10300,"THEFT F/AUTO","38.9823840793","-77.0265570429",268,391,659,1653,1607,3260,1009,751,1760
10300,"THEFT F/AUTO","38.9823840793","-77.0265570429",268,391,659,1653,1607,3260,1009,751,1760
10300,"THEFT F/AUTO","38.9832942525","-77.0249992567",268,391,659,1653,1607,3260,1009,751,1760
10300,"MOTOR VEHICLE THEFT","38.9755292779","-77.0244656736",268,391,659,1653,1607,3260,1009,751,1760
10300,"THEFT F/AUTO","38.9758000132","-77.0220076494",268,391,659,1653,1607,3260,1009,751,1760
10300,"THEFT F/AUTO","38.9783036022","-77.0254475994",268,391,659,1653,1607,3260,1009,751,1760
10300,"MOTOR VEHICLE THEFT","38.9788438728","-77.0264518549",268,391,659,1653,1607,3260,1009,751,1760
10300,"THEFT F/AUTO","38.98327589","-77.026568917",268,391,659,1653,1607,3260,1009,751,1760
10300,"THEFT F/AUTO","38.9772767518","-77.0250433084",268,391,659,1653,1607,3260,1009,751,1760
10300,"BURGLARY","38.9844739719","-77.0266155312",268,391,659,1653,1607,3260,1009,751,1760
10300,"ROBBERY","38.9823840793","-77.0265570429",268,391,659,1653,1607,3260,1009,751,1760
10300,"MOTOR VEHICLE THEFT","38.9785560418","-77.0244667129",268,391,659,1653,1607,3260,1009,751,1760
10300,"THEFT/OTHER","38.98327589","-77.026568917",268,391,659,1653,1607,3260,1009,751,1760
10300,"ASSAULT W/DANGEROUS WEAPON","38.9731672357","-77.0322428428",268,391,659,1653,1607,3260,1009,751,1760
10300,"THEFT F/AUTO","38.9820780539","-77.025414323",268,391,659,1653,1607,3260,1009,751,1760
10300,"ASSAULT W/DANGEROUS WEAPON","38.9757996816","-77.0237040963",268,391,659,1653,1607,3260,1009,751,1760
10300,"ROBBERY","38.9804569729","-77.0235094451",268,391,659,1653,1607,3260,1009,751,1760
10300,"THEFT F/AUTO","38.9804117378","-77.0244558089",268,391,659,1653,1607,3260,1009,751,1760
10300,"THEFT F/AUTO","38.9804112928","-77.0264986016",268,391,659,1653,1607,3260,1009,751,1760
10300,"THEFT F/AUTO","38.9736104028","-77.0250420199",268,391,659,1653,1607,3260,1009,751,1760
10300,"THEFT/OTHER","38.9804112928","-77.0264986016",268,391,659,1653,1607,3260,1009,751,1760
10300,"MOTOR VEHICLE THEFT","38.9788438728","-77.0264518549",268,391,659,1653,1607,3260,1009,751,1760
10300,"THEFT F/AUTO","38.9747090208","-77.0267849882",268,391,659,1653,1607,3260,1009,751,1760
10300,"THEFT F/AUTO","38.9804112928","-77.0264986016",268,391,659,1653,1607,3260,1009,751,1760
10300,"MOTOR VEHICLE THEFT","38.9774667093","-77.0210618246",268,391,659,1653,1607,3260,1009,751,1760
10300,"THEFT F/AUTO","38.9804115335","-77.0254137286",268,391,659,1653,1607,3260,1009,751,1760
10300,"MOTOR VEHICLE THEFT","38.9823036133","-77.0237293431",268,391,659,1653,1607,3260,1009,751,1760
10300,"THEFT F/AUTO","38.9723399606","-77.0263225019",268,391,659,1653,1607,3260,1009,751,1760
10300,"THEFT F/AUTO","38.9777903428","-77.0244664499",268,391,659,1653,1607,3260,1009,751,1760
10300,"THEFT F/AUTO","38.9804112928","-77.0264986016",268,391,659,1653,1607,3260,1009,751,1760
10300,"THEFT F/AUTO","38.9776277574","-77.026474485",268,391,659,1653,1607,3260,1009,751,1760
10300,"ROBBERY","38.9702953525","-77.0251331715",268,391,659,1653,1607,3260,1009,751,1760
10300,"THEFT F/AUTO","38.9804117378","-77.0244558089",268,391,659,1653,1607,3260,1009,751,1760
10300,"BURGLARY","38.9817444986","-77.0265452631",268,391,659,1653,1607,3260,1009,751,1760
10300,"THEFT F/AUTO","38.9774667093","-77.0210618246",268,391,659,1653,1607,3260,1009,751,1760
10300,"THEFT F/AUTO","38.9736016899","-77.0236225845",268,391,659,1653,1607,3260,1009,751,1760
10300,"THEFT/OTHER","38.9804112928","-77.0264986016",268,391,659,1653,1607,3260,1009,751,1760
10300,"THEFT F/AUTO","38.9820780539","-77.025414323",268,391,659,1653,1607,3260,1009,751,1760
10300,"ASSAULT W/DANGEROUS WEAPON","38.9832942525","-77.0249992567",268,391,659,1653,1607,3260,1009,751,1760
10300,"THEFT F/AUTO","38.9832942525","-77.0249992567",268,391,659,1653,1607,3260,1009,751,1760
10300,"MOTOR VEHICLE THEFT","38.9804112928","-77.0264986016",268,391,659,1653,1607,3260,1009,751,1760
10300,"THEFT/OTHER","38.9739622598","-77.0223994472",268,391,659,1653,1607,3260,1009,751,1760
10300,"THEFT/OTHER","38.9772767518","-77.0250433084",268,391,659,1653,1607,3260,1009,751,1760
10300,"THEFT F/AUTO","38.9747090208","-77.0267849882",268,391,659,1653,1607,3260,1009,751,1760
10300,"THEFT/OTHER","38.9731672357","-77.0322428428",268,391,659,1653,1607,3260,1009,751,1760
10300,"THEFT/OTHER","38.9804112928","-77.0264986016",268,391,659,1653,1607,3260,1009,751,1760
10300,"THEFT F/AUTO","38.9747090208","-77.0267849882",268,391,659,1653,1607,3260,1009,751,1760
10300,"ROBBERY","38.9757994026","-77.0250427892",268,391,659,1653,1607,3260,1009,751,1760
10300,"THEFT F/AUTO","38.973610137","-77.0262537304",268,391,659,1653,1607,3260,1009,751,1760
10300,"THEFT F/AUTO","38.9714663004","-77.0256990324",268,391,659,1653,1607,3260,1009,751,1760
10300,"THEFT/OTHER","38.9719073941","-77.0270724308",268,391,659,1653,1607,3260,1009,751,1760
10300,"ROBBERY","38.9719073941","-77.0270724308",268,391,659,1653,1607,3260,1009,751,1760
10300,"THEFT F/AUTO","38.9832942525","-77.0249992567",268,391,659,1653,1607,3260,1009,751,1760
10300,"MOTOR VEHICLE THEFT","38.9804112928","-77.0264986016",268,391,659,1653,1607,3260,1009,751,1760
10300,"THEFT F/AUTO","38.9827177562","-77.0248605555",268,391,659,1653,1607,3260,1009,751,1760
10300,"MOTOR VEHICLE THEFT","38.9804112928","-77.0264986016",268,391,659,1653,1607,3260,1009,751,1760
10300,"THEFT F/AUTO","38.9719073941","-77.0270724308",268,391,659,1653,1607,3260,1009,751,1760
10300,"ROBBERY","38.9804569729","-77.0235094451",268,391,659,1653,1607,3260,1009,751,1760
10300,"THEFT/OTHER","38.98327589","-77.026568917",268,391,659,1653,1607,3260,1009,751,1760
10300,"THEFT F/AUTO","38.9747090208","-77.0267849882",268,391,659,1653,1607,3260,1009,751,1760
10300,"THEFT F/AUTO","38.9765475164","-77.022942667",268,391,659,1653,1607,3260,1009,751,1760
10300,"BURGLARY","38.9820780539","-77.025414323",268,391,659,1653,1607,3260,1009,751,1760
10300,"ROBBERY","38.9719073941","-77.0270724308",268,391,659,1653,1607,3260,1009,751,1760
10300,"THEFT/OTHER","38.9804112928","-77.0264986016",268,391,659,1653,1607,3260,1009,751,1760
10300,"THEFT/OTHER","38.9747998517","-77.0232883132",268,391,659,1653,1607,3260,1009,751,1760
10300,"ASSAULT W/DANGEROUS WEAPON","38.9774667093","-77.0210618246",268,391,659,1653,1607,3260,1009,751,1760
10300,"MOTOR VEHICLE THEFT","38.9823840793","-77.0265570429",268,391,659,1653,1607,3260,1009,751,1760
10300,"MOTOR VEHICLE THEFT","38.9823840793","-77.0265570429",268,391,659,1653,1607,3260,1009,751,1760
10300,"ASSAULT W/DANGEROUS WEAPON","38.9774667093","-77.0210618246",268,391,659,1653,1607,3260,1009,751,1760
10300,"THEFT F/AUTO","38.9788171432","-77.0251130954",268,391,659,1653,1607,3260,1009,751,1760
10400,"HOMICIDE","38.8434514588","-76.9956227566",98,214,312,2033,1095,3128,471,178,649
10400,"ASSAULT W/DANGEROUS WEAPON","38.8463342326","-76.998467903",98,214,312,2033,1095,3128,471,178,649
10400,"THEFT/OTHER","38.8442622613","-76.9969589332",98,214,312,2033,1095,3128,471,178,649
10400,"THEFT/OTHER","38.8445699253","-76.9906523655",98,214,312,2033,1095,3128,471,178,649
10400,"ASSAULT W/DANGEROUS WEAPON","38.8472621001","-77.0016703531",98,214,312,2033,1095,3128,471,178,649
10400,"THEFT/OTHER","38.8468296431","-76.9961409318",98,214,312,2033,1095,3128,471,178,649
10400,"ROBBERY","38.8474873221","-76.9995392115",98,214,312,2033,1095,3128,471,178,649
10400,"ASSAULT W/DANGEROUS WEAPON","38.8455324907","-77.0004031789",98,214,312,2033,1095,3128,471,178,649
10400,"ASSAULT W/DANGEROUS WEAPON","38.8470008482","-76.9978919069",98,214,312,2033,1095,3128,471,178,649
10400,"ROBBERY","38.8429380066","-77.0035132885",98,214,312,2033,1095,3128,471,178,649
10400,"MOTOR VEHICLE THEFT","38.8458297679","-76.9993088333",98,214,312,2033,1095,3128,471,178,649
10400,"THEFT/OTHER","38.844019072","-76.999550753",98,214,312,2033,1095,3128,471,178,649
10400,"ASSAULT W/DANGEROUS WEAPON","38.8458297679","-76.9993088333",98,214,312,2033,1095,3128,471,178,649
10400,"ROBBERY","38.8485232331","-77.0037554808",98,214,312,2033,1095,3128,471,178,649
10400,"HOMICIDE","38.8478836897","-77.0010367799",98,214,312,2033,1095,3128,471,178,649
10400,"ROBBERY","38.8450934466","-76.994015134",98,214,312,2033,1095,3128,471,178,649
10400,"BURGLARY","38.8440100565","-77.0013592599",98,214,312,2033,1095,3128,471,178,649
10400,"ROBBERY","38.845856752","-76.9968206319",98,214,312,2033,1095,3128,471,178,649
10400,"THEFT/OTHER","38.8422353676","-77.0027760465",98,214,312,2033,1095,3128,471,178,649
10400,"HOMICIDE","38.8452892307","-76.9972353541",98,214,312,2033,1095,3128,471,178,649
10400,"MOTOR VEHICLE THEFT","38.8441091433","-76.9981914907",98,214,312,2033,1095,3128,471,178,649
10400,"THEFT/OTHER","38.8470008482","-76.9978919069",98,214,312,2033,1095,3128,471,178,649
10400,"ROBBERY","38.8432623196","-76.9967977094",98,214,312,2033,1095,3128,471,178,649
10400,"THEFT/OTHER","38.844019072","-76.999550753",98,214,312,2033,1095,3128,471,178,649
10400,"ROBBERY","38.8450820589","-77.0015551088",98,214,312,2033,1095,3128,471,178,649
10400,"ASSAULT W/DANGEROUS WEAPON","38.8463342326","-76.998467903",98,214,312,2033,1095,3128,471,178,649
10400,"THEFT/OTHER","38.839514679","-77.0063005792",98,214,312,2033,1095,3128,471,178,649
10400,"THEFT/OTHER","38.8397579821","-77.0047110524",98,214,312,2033,1095,3128,471,178,649
10400,"THEFT/OTHER","38.8485773423","-77.0006566336",98,214,312,2033,1095,3128,471,178,649
10400,"THEFT/OTHER","38.8452892307","-76.9972353541",98,214,312,2033,1095,3128,471,178,649
10400,"ASSAULT W/DANGEROUS WEAPON","38.8483069556","-77.0056216843",98,214,312,2033,1095,3128,471,178,649
10400,"ASSAULT W/DANGEROUS WEAPON","38.8470008482","-76.9978919069",98,214,312,2033,1095,3128,471,178,649
10400,"THEFT F/AUTO","38.8442622613","-76.9969589332",98,214,312,2033,1095,3128,471,178,649
10400,"ROBBERY","38.8432443464","-76.9997581004",98,214,312,2033,1095,3128,471,178,649
10400,"ASSAULT W/DANGEROUS WEAPON","38.8506762385","-76.9959218395",98,214,312,2033,1095,3128,471,178,649
10400,"THEFT F/AUTO","38.8470008482","-76.9978919069",98,214,312,2033,1095,3128,471,178,649
10400,"THEFT/OTHER","38.8429380066","-77.0035132885",98,214,312,2033,1095,3128,471,178,649
10400,"ASSAULT W/DANGEROUS WEAPON","38.8429380066","-77.0035132885",98,214,312,2033,1095,3128,471,178,649
10400,"MOTOR VEHICLE THEFT","38.8442622613","-76.9969589332",98,214,312,2033,1095,3128,471,178,649
10400,"MOTOR VEHICLE THEFT","38.8485773423","-77.0006566336",98,214,312,2033,1095,3128,471,178,649
10400,"ASSAULT W/DANGEROUS WEAPON","38.8458297679","-76.9993088333",98,214,312,2033,1095,3128,471,178,649
10400,"MOTOR VEHICLE THEFT","38.845082065","-76.9990093381",98,214,312,2033,1095,3128,471,178,649
10400,"HOMICIDE","38.8459558562","-77.0027301133",98,214,312,2033,1095,3128,471,178,649
10400,"MOTOR VEHICLE THEFT","38.8436497224","-76.999009358",98,214,312,2033,1095,3128,471,178,649
10400,"THEFT/OTHER","38.8506762385","-76.9959218395",98,214,312,2033,1095,3128,471,178,649
10400,"THEFT/OTHER","38.8469196944","-77.0047576035",98,214,312,2033,1095,3128,471,178,649
10400,"ASSAULT W/DANGEROUS WEAPON","38.8463342326","-76.998467903",98,214,312,2033,1095,3128,471,178,649
10400,"THEFT/OTHER","38.8463342326","-76.998467903",98,214,312,2033,1095,3128,471,178,649
10400,"BURGLARY","38.8488384767","-77.0051148492",98,214,312,2033,1095,3128,471,178,649
10400,"HOMICIDE","38.8437578116","-77.0019582489",98,214,312,2033,1095,3128,471,178,649
10400,"THEFT/OTHER","38.8506762385","-76.9959218395",98,214,312,2033,1095,3128,471,178,649
10400,"HOMICIDE","38.8437578116","-77.0019582489",98,214,312,2033,1095,3128,471,178,649
10400,"THEFT F/AUTO","38.8441091433","-76.9981914907",98,214,312,2033,1095,3128,471,178,649
10400,"BURGLARY","38.8478836897","-77.0010367799",98,214,312,2033,1095,3128,471,178,649
10400,"ASSAULT W/DANGEROUS WEAPON","38.8432443464","-76.9997581004",98,214,312,2033,1095,3128,471,178,649
10400,"ASSAULT W/DANGEROUS WEAPON","38.8429380066","-77.0035132885",98,214,312,2033,1095,3128,471,178,649
10400,"THEFT F/AUTO","38.8432443464","-76.9997581004",98,214,312,2033,1095,3128,471,178,649
10400,"MOTOR VEHICLE THEFT","38.8445699253","-76.9906523655",98,214,312,2033,1095,3128,471,178,649
10400,"THEFT/OTHER","38.8429380066","-77.0035132885",98,214,312,2033,1095,3128,471,178,649
10400,"THEFT/OTHER","38.8456855398","-77.0047114436",98,214,312,2033,1095,3128,471,178,649
10400,"MOTOR VEHICLE THEFT","38.8401092062","-77.0068420022",98,214,312,2033,1095,3128,471,178,649
10400,"ROBBERY","38.8466675329","-77.0022693573",98,214,312,2033,1095,3128,471,178,649
10400,"ASSAULT W/DANGEROUS WEAPON","38.8470818821","-77.0037784443",98,214,312,2033,1095,3128,471,178,649
10400,"THEFT F/AUTO","38.8477845164","-77.0044581474",98,214,312,2033,1095,3128,471,178,649
10400,"ASSAULT W/DANGEROUS WEAPON","38.8437578116","-77.0019582489",98,214,312,2033,1095,3128,471,178,649
10400,"BURGLARY","38.8445699253","-76.9906523655",98,214,312,2033,1095,3128,471,178,649
10400,"THEFT F/AUTO","38.8450820589","-77.0015551088",98,214,312,2033,1095,3128,471,178,649
10400,"MOTOR VEHICLE THEFT","38.8445699253","-76.9906523655",98,214,312,2033,1095,3128,471,178,649
10400,"ROBBERY","38.8506762385","-76.9959218395",98,214,312,2033,1095,3128,471,178,649
10400,"ASSAULT W/DANGEROUS WEAPON","38.8441091433","-76.9981914907",98,214,312,2033,1095,3128,471,178,649
10400,"THEFT F/AUTO","38.8500636271","-77.0050458163",98,214,312,2033,1095,3128,471,178,649
10400,"THEFT F/AUTO","38.8540616094","-76.9959815541",98,214,312,2033,1095,3128,471,178,649
10400,"THEFT F/AUTO","38.839514679","-77.0063005792",98,214,312,2033,1095,3128,471,178,649
10400,"ASSAULT W/DANGEROUS WEAPON","38.8463342326","-76.998467903",98,214,312,2033,1095,3128,471,178,649
10400,"THEFT/OTHER","38.845856752","-76.9968206319",98,214,312,2033,1095,3128,471,178,649
10400,"THEFT F/AUTO","38.8468296431","-76.9961409318",98,214,312,2033,1095,3128,471,178,649
10400,"BURGLARY","38.8432443464","-76.9997581004",98,214,312,2033,1095,3128,471,178,649
10400,"ASSAULT W/DANGEROUS WEAPON","38.8452892307","-76.9972353541",98,214,312,2033,1095,3128,471,178,649
10400,"THEFT/OTHER","38.8456225046","-76.9959221282",98,214,312,2033,1095,3128,471,178,649
10400,"THEFT F/AUTO","38.8450820589","-77.0015551088",98,214,312,2033,1095,3128,471,178,649
10400,"THEFT F/AUTO","38.8404245683","-77.0055980265",98,214,312,2033,1095,3128,471,178,649
10400,"THEFT F/AUTO","38.8470008482","-76.9978919069",98,214,312,2033,1095,3128,471,178,649
10400,"THEFT F/AUTO","38.8441091433","-76.9981914907",98,214,312,2033,1095,3128,471,178,649
10400,"BURGLARY","38.8445699253","-76.9906523655",98,214,312,2033,1095,3128,471,178,649
10400,"THEFT/OTHER","38.8506762385","-76.9959218395",98,214,312,2033,1095,3128,471,178,649
10400,"THEFT F/AUTO","38.8450934466","-76.994015134",98,214,312,2033,1095,3128,471,178,649
10400,"ASSAULT W/DANGEROUS WEAPON","38.844019072","-76.999550753",98,214,312,2033,1095,3128,471,178,649
10400,"THEFT F/AUTO","38.8446866075","-76.9921887893",98,214,312,2033,1095,3128,471,178,649
10400,"MOTOR VEHICLE THEFT","38.8468296431","-76.9961409318",98,214,312,2033,1095,3128,471,178,649
10400,"SEX ABUSE","38.8506762385","-76.9959218395",98,214,312,2033,1095,3128,471,178,649
10400,"ASSAULT W/DANGEROUS WEAPON","38.8452892307","-76.9972353541",98,214,312,2033,1095,3128,471,178,649
10400,"THEFT/OTHER","38.844019072","-76.999550753",98,214,312,2033,1095,3128,471,178,649
10400,"BURGLARY","38.8478836897","-77.0010367799",98,214,312,2033,1095,3128,471,178,649
10400,"ASSAULT W/DANGEROUS WEAPON","38.8472621001","-77.0016703531",98,214,312,2033,1095,3128,471,178,649
10400,"ROBBERY","38.8506762385","-76.9959218395",98,214,312,2033,1095,3128,471,178,649
10400,"MOTOR VEHICLE THEFT","38.8485232331","-77.0037554808",98,214,312,2033,1095,3128,471,178,649
10400,"ASSAULT W/DANGEROUS WEAPON","38.8432623196","-76.9967977094",98,214,312,2033,1095,3128,471,178,649
10400,"ROBBERY","38.8477845164","-77.0044581474",98,214,312,2033,1095,3128,471,178,649
10400,"ROBBERY","38.845856752","-76.9968206319",98,214,312,2033,1095,3128,471,178,649
10400,"ROBBERY","38.8441091433","-76.9981914907",98,214,312,2033,1095,3128,471,178,649
10400,"THEFT F/AUTO","38.8466675329","-77.0022693573",98,214,312,2033,1095,3128,471,178,649
10400,"ASSAULT W/DANGEROUS WEAPON","38.8446766892","-76.9998732881",98,214,312,2033,1095,3128,471,178,649
10400,"ROBBERY","38.8474873221","-76.9995392115",98,214,312,2033,1095,3128,471,178,649
10400,"MOTOR VEHICLE THEFT","38.8451625618","-77.0072175562",98,214,312,2033,1095,3128,471,178,649
10400,"THEFT/OTHER","38.838721976","-77.0054942283",98,214,312,2033,1095,3128,471,178,649
10400,"ASSAULT W/DANGEROUS WEAPON","38.8446766892","-76.9998732881",98,214,312,2033,1095,3128,471,178,649
10400,"ROBBERY","38.8506762385","-76.9959218395",98,214,312,2033,1095,3128,471,178,649
10400,"THEFT F/AUTO","38.8443522052","-76.9935146866",98,214,312,2033,1095,3128,471,178,649
10400,"ASSAULT W/DANGEROUS WEAPON","38.8452892307","-76.9972353541",98,214,312,2033,1095,3128,471,178,649
10400,"MOTOR VEHICLE THEFT","38.8445699253","-76.9906523655",98,214,312,2033,1095,3128,471,178,649
10400,"ROBBERY","38.8506762385","-76.9959218395",98,214,312,2033,1095,3128,471,178,649
10400,"BURGLARY","38.839514679","-77.0063005792",98,214,312,2033,1095,3128,471,178,649
10400,"THEFT/OTHER","38.8428299532","-77.0010712634",98,214,312,2033,1095,3128,471,178,649
10400,"BURGLARY","38.8470008482","-76.9978919069",98,214,312,2033,1095,3128,471,178,649
10400,"BURGLARY","38.844019072","-76.999550753",98,214,312,2033,1095,3128,471,178,649
10400,"THEFT F/AUTO","38.8436497224","-76.999009358",98,214,312,2033,1095,3128,471,178,649
10400,"THEFT F/AUTO","38.8485773423","-77.0006566336",98,214,312,2033,1095,3128,471,178,649
10400,"ROBBERY","38.8485773423","-77.0006566336",98,214,312,2033,1095,3128,471,178,649
10400,"THEFT F/AUTO","38.8433974893","-77.0004492431",98,214,312,2033,1095,3128,471,178,649
10400,"THEFT/OTHER","38.8446766892","-76.9998732881",98,214,312,2033,1095,3128,471,178,649
10400,"BURGLARY","38.8435505277","-76.9950237585",98,214,312,2033,1095,3128,471,178,649
10400,"THEFT F/AUTO","38.8368571508","-77.0069107986",98,214,312,2033,1095,3128,471,178,649
10400,"THEFT/OTHER","38.8470008482","-76.9978919069",98,214,312,2033,1095,3128,471,178,649
10400,"ROBBERY","38.8506762385","-76.9959218395",98,214,312,2033,1095,3128,471,178,649
10400,"ROBBERY","38.8468477237","-77.0001612745",98,214,312,2033,1095,3128,471,178,649
10400,"ASSAULT W/DANGEROUS WEAPON","38.8441091433","-76.9981914907",98,214,312,2033,1095,3128,471,178,649
10400,"ROBBERY","38.8440100565","-77.0013592599",98,214,312,2033,1095,3128,471,178,649
10400,"ASSAULT W/DANGEROUS WEAPON","38.8468296431","-76.9961409318",98,214,312,2033,1095,3128,471,178,649
10400,"THEFT F/AUTO","38.8470008482","-76.9978919069",98,214,312,2033,1095,3128,471,178,649
10400,"THEFT/OTHER","38.8422353676","-77.0027760465",98,214,312,2033,1095,3128,471,178,649
10400,"MOTOR VEHICLE THEFT","38.8455324907","-77.0004031789",98,214,312,2033,1095,3128,471,178,649
10400,"ASSAULT W/DANGEROUS WEAPON","38.8485232331","-77.0037554808",98,214,312,2033,1095,3128,471,178,649
10400,"MOTOR VEHICLE THEFT","38.8452892307","-76.9972353541",98,214,312,2033,1095,3128,471,178,649
10400,"MOTOR VEHICLE THEFT","38.8410911879","-77.0057132656",98,214,312,2033,1095,3128,471,178,649
10400,"MOTOR VEHICLE THEFT","38.8477845164","-77.0044581474",98,214,312,2033,1095,3128,471,178,649
10400,"THEFT F/AUTO","38.8461540142","-76.9962676828",98,214,312,2033,1095,3128,471,178,649
10400,"ROBBERY","38.8506762385","-76.9959218395",98,214,312,2033,1095,3128,471,178,649
10400,"BURGLARY","38.8450820589","-77.0015551088",98,214,312,2033,1095,3128,471,178,649
10400,"ASSAULT W/DANGEROUS WEAPON","38.8441091433","-76.9981914907",98,214,312,2033,1095,3128,471,178,649
10400,"ASSAULT W/DANGEROUS WEAPON","38.8452892307","-76.9972353541",98,214,312,2033,1095,3128,471,178,649
10400,"ROBBERY","38.8487754609","-76.9959910676",98,214,312,2033,1095,3128,471,178,649
10400,"ROBBERY","38.8441091433","-76.9981914907",98,214,312,2033,1095,3128,471,178,649
10400,"BURGLARY","38.8443432571","-76.9947126847",98,214,312,2033,1095,3128,471,178,649
10400,"BURGLARY","38.8404245683","-77.0055980265",98,214,312,2033,1095,3128,471,178,649
10400,"SEX ABUSE","38.8437486587","-76.9938718338",98,214,312,2033,1095,3128,471,178,649
10400,"THEFT/OTHER","38.8506762385","-76.9959218395",98,214,312,2033,1095,3128,471,178,649
10400,"MOTOR VEHICLE THEFT","38.8459558562","-77.0027301133",98,214,312,2033,1095,3128,471,178,649
10400,"ASSAULT W/DANGEROUS WEAPON","38.8478836897","-77.0010367799",98,214,312,2033,1095,3128,471,178,649
10400,"ASSAULT W/DANGEROUS WEAPON","38.8441091433","-76.9981914907",98,214,312,2033,1095,3128,471,178,649
10400,"ASSAULT W/DANGEROUS WEAPON","38.8450820214","-76.9966593959",98,214,312,2033,1095,3128,471,178,649
10400,"ROBBERY","38.8441091433","-76.9981914907",98,214,312,2033,1095,3128,471,178,649
10400,"ASSAULT W/DANGEROUS WEAPON","38.8485232331","-77.0037554808",98,214,312,2033,1095,3128,471,178,649
10400,"MOTOR VEHICLE THEFT","38.8478836897","-77.0010367799",98,214,312,2033,1095,3128,471,178,649
10400,"ROBBERY","38.8488384767","-77.0051148492",98,214,312,2033,1095,3128,471,178,649
10400,"THEFT/OTHER","38.8459558562","-77.0027301133",98,214,312,2033,1095,3128,471,178,649
10400,"ASSAULT W/DANGEROUS WEAPON","38.8478836897","-77.0010367799",98,214,312,2033,1095,3128,471,178,649
10400,"ROBBERY","38.8478836897","-77.0010367799",98,214,312,2033,1095,3128,471,178,649
10400,"SEX ABUSE","38.8463342326","-76.998467903",98,214,312,2033,1095,3128,471,178,649
10400,"ASSAULT W/DANGEROUS WEAPON","38.8436497224","-76.999009358",98,214,312,2033,1095,3128,471,178,649
10400,"SEX ABUSE","38.8459558562","-77.0027301133",98,214,312,2033,1095,3128,471,178,649
10400,"ASSAULT W/DANGEROUS WEAPON","38.8468296431","-76.9961409318",98,214,312,2033,1095,3128,471,178,649
10400,"THEFT F/AUTO","38.8450820589","-77.0015551088",98,214,312,2033,1095,3128,471,178,649
10400,"THEFT/OTHER","38.8470818821","-77.0037784443",98,214,312,2033,1095,3128,471,178,649
10400,"THEFT F/AUTO","38.8463342326","-76.998467903",98,214,312,2033,1095,3128,471,178,649
10400,"BURGLARY","38.8435505277","-76.9950237585",98,214,312,2033,1095,3128,471,178,649
10400,"THEFT F/AUTO","38.8368571508","-77.0069107986",98,214,312,2033,1095,3128,471,178,649
10400,"MOTOR VEHICLE THEFT","38.8485232331","-77.0037554808",98,214,312,2033,1095,3128,471,178,649
10400,"ASSAULT W/DANGEROUS WEAPON","38.8506762385","-76.9959218395",98,214,312,2033,1095,3128,471,178,649
10400,"MOTOR VEHICLE THEFT","38.8485773423","-77.0006566336",98,214,312,2033,1095,3128,471,178,649
10400,"THEFT/OTHER","38.8448568326","-76.9975579109",98,214,312,2033,1095,3128,471,178,649
10400,"ROBBERY","38.8470008482","-76.9978919069",98,214,312,2033,1095,3128,471,178,649
10400,"ROBBERY","38.8474873221","-76.9995392115",98,214,312,2033,1095,3128,471,178,649
10400,"MOTOR VEHICLE THEFT","38.8463342326","-76.998467903",98,214,312,2033,1095,3128,471,178,649
10400,"ASSAULT W/DANGEROUS WEAPON","38.8466675329","-77.0022693573",98,214,312,2033,1095,3128,471,178,649
10400,"ASSAULT W/DANGEROUS WEAPON","38.8437578116","-77.0019582489",98,214,312,2033,1095,3128,471,178,649
10400,"THEFT/OTHER","38.8483069556","-77.0056216843",98,214,312,2033,1095,3128,471,178,649
10400,"ASSAULT W/DANGEROUS WEAPON","38.8506762385","-76.9959218395",98,214,312,2033,1095,3128,471,178,649
10400,"THEFT F/AUTO","38.8455324907","-77.0004031789",98,214,312,2033,1095,3128,471,178,649
10400,"MOTOR VEHICLE THEFT","38.8459558562","-77.0027301133",98,214,312,2033,1095,3128,471,178,649
10400,"THEFT/OTHER","38.8485232331","-77.0037554808",98,214,312,2033,1095,3128,471,178,649
10400,"ASSAULT W/DANGEROUS WEAPON","38.8506762385","-76.9959218395",98,214,312,2033,1095,3128,471,178,649
10400,"ROBBERY","38.8456855398","-77.0047114436",98,214,312,2033,1095,3128,471,178,649
10400,"ASSAULT W/DANGEROUS WEAPON","38.8472621001","-77.0016703531",98,214,312,2033,1095,3128,471,178,649
10400,"ASSAULT W/DANGEROUS WEAPON","38.845856752","-76.9968206319",98,214,312,2033,1095,3128,471,178,649
10400,"THEFT F/AUTO","38.8451625618","-77.0072175562",98,214,312,2033,1095,3128,471,178,649
10500,"ASSAULT W/DANGEROUS WEAPON","38.8792861823","-77.0140718374",181,117,298,1518,1768,3286,1265,1398,2663
10500,"MOTOR VEHICLE THEFT","38.8775209606","-77.0099572209",181,117,298,1518,1768,3286,1265,1398,2663
10500,"THEFT/OTHER","38.8802766323","-77.0175641097",181,117,298,1518,1768,3286,1265,1398,2663
10500,"THEFT/OTHER","38.8812857443","-77.0163772656",181,117,298,1518,1768,3286,1265,1398,2663
10500,"THEFT/OTHER","38.8812770775","-77.013726475",181,117,298,1518,1768,3286,1265,1398,2663
10500,"MOTOR VEHICLE THEFT","38.8832315558","-77.0163777123",181,117,298,1518,1768,3286,1265,1398,2663
10500,"THEFT/OTHER","38.8812770775","-77.013726475",181,117,298,1518,1768,3286,1265,1398,2663
10500,"MOTOR VEHICLE THEFT","38.8847364161","-77.0126782994",181,117,298,1518,1768,3286,1265,1398,2663
10500,"THEFT/OTHER","38.8765259634","-77.009097938",181,117,298,1518,1768,3286,1265,1398,2663
10500,"THEFT/OTHER","38.8765259634","-77.009097938",181,117,298,1518,1768,3286,1265,1398,2663
10500,"ASSAULT W/DANGEROUS WEAPON","38.8812770775","-77.013726475",181,117,298,1518,1768,3286,1265,1398,2663
10500,"MOTOR VEHICLE THEFT","38.8812770775","-77.013726475",181,117,298,1518,1768,3286,1265,1398,2663
10500,"ASSAULT W/DANGEROUS WEAPON","38.8832408196","-77.0144414329",181,117,298,1518,1768,3286,1265,1398,2663
10500,"ROBBERY","38.8802766323","-77.0175641097",181,117,298,1518,1768,3286,1265,1398,2663
10500,"THEFT/OTHER","38.8792861823","-77.0140718374",181,117,298,1518,1768,3286,1265,1398,2663
10500,"THEFT/OTHER","38.8797817922","-77.0127811434",181,117,298,1518,1768,3286,1265,1398,2663
10500,"THEFT F/AUTO","38.8847364161","-77.0126782994",181,117,298,1518,1768,3286,1265,1398,2663
10500,"THEFT F/AUTO","38.8792767995","-77.0168954226",181,117,298,1518,1768,3286,1265,1398,2663
10500,"THEFT/OTHER","38.8765259634","-77.009097938",181,117,298,1518,1768,3286,1265,1398,2663
10500,"THEFT/OTHER","38.8765259634","-77.009097938",181,117,298,1518,1768,3286,1265,1398,2663
10500,"THEFT F/AUTO","38.878835874","-77.0131151924",181,117,298,1518,1768,3286,1265,1398,2663
10500,"MOTOR VEHICLE THEFT","38.8765259634","-77.009097938",181,117,298,1518,1768,3286,1265,1398,2663
10500,"THEFT F/AUTO","38.8812857443","-77.0163772656",181,117,298,1518,1768,3286,1265,1398,2663
10500,"SEX ABUSE","38.877970814","-77.0152125168",181,117,298,1518,1768,3286,1265,1398,2663
10500,"THEFT F/AUTO","38.8802769652","-77.0151899584",181,117,298,1518,1768,3286,1265,1398,2663
10500,"THEFT/OTHER","38.8765259634","-77.009097938",181,117,298,1518,1768,3286,1265,1398,2663
10500,"THEFT/OTHER","38.8812770775","-77.013726475",181,117,298,1518,1768,3286,1265,1398,2663
10500,"ROBBERY","38.8802766323","-77.0175641097",181,117,298,1518,1768,3286,1265,1398,2663
10500,"ROBBERY","38.8832408196","-77.0144414329",181,117,298,1518,1768,3286,1265,1398,2663
10500,"THEFT/OTHER","38.8765259634","-77.009097938",181,117,298,1518,1768,3286,1265,1398,2663
10500,"ASSAULT W/DANGEROUS WEAPON","38.8802769652","-77.0151899584",181,117,298,1518,1768,3286,1265,1398,2663
10500,"THEFT F/AUTO","38.8812770775","-77.013726475",181,117,298,1518,1768,3286,1265,1398,2663
10500,"THEFT F/AUTO","38.8802769652","-77.0151899584",181,117,298,1518,1768,3286,1265,1398,2663
10500,"THEFT/OTHER","38.8812857443","-77.0163772656",181,117,298,1518,1768,3286,1265,1398,2663
10500,"THEFT F/AUTO","38.8812770775","-77.013726475",181,117,298,1518,1768,3286,1265,1398,2663
10500,"THEFT/OTHER","38.8812770775","-77.013726475",181,117,298,1518,1768,3286,1265,1398,2663
10500,"THEFT F/AUTO","38.8812770775","-77.013726475",181,117,298,1518,1768,3286,1265,1398,2663
10500,"THEFT F/AUTO","38.8802769652","-77.0151899584",181,117,298,1518,1768,3286,1265,1398,2663
10500,"MOTOR VEHICLE THEFT","38.879277605","-77.0098652673",181,117,298,1518,1768,3286,1265,1398,2663
10500,"ASSAULT W/DANGEROUS WEAPON","38.876988899","-77.0152123074",181,117,298,1518,1768,3286,1265,1398,2663
10500,"ASSAULT W/DANGEROUS WEAPON","38.8812770775","-77.013726475",181,117,298,1518,1768,3286,1265,1398,2663
10500,"THEFT/OTHER","38.8765259634","-77.009097938",181,117,298,1518,1768,3286,1265,1398,2663
10500,"ASSAULT W/DANGEROUS WEAPON","38.8792861823","-77.0140718374",181,117,298,1518,1768,3286,1265,1398,2663
10500,"THEFT/OTHER","38.8848709091","-77.0175652407",181,117,298,1518,1768,3286,1265,1398,2663
10500,"ROBBERY","38.8802769652","-77.0151899584",181,117,298,1518,1768,3286,1265,1398,2663
10500,"THEFT/OTHER","38.8765259634","-77.009097938",181,117,298,1518,1768,3286,1265,1398,2663
10500,"BURGLARY","38.876988899","-77.0152123074",181,117,298,1518,1768,3286,1265,1398,2663
10500,"ROBBERY","38.8812857443","-77.0163772656",181,117,298,1518,1768,3286,1265,1398,2663
10500,"THEFT/OTHER","38.8765259634","-77.009097938",181,117,298,1518,1768,3286,1265,1398,2663
10500,"THEFT F/AUTO","38.8802766323","-77.0175641097",181,117,298,1518,1768,3286,1265,1398,2663
10500,"THEFT/OTHER","38.879277605","-77.0098652673",181,117,298,1518,1768,3286,1265,1398,2663
10500,"THEFT F/AUTO","38.8792861823","-77.0140718374",181,117,298,1518,1768,3286,1265,1398,2663
10500,"THEFT/OTHER","38.877529505","-77.0144057033",181,117,298,1518,1768,3286,1265,1398,2663
10500,"THEFT F/AUTO","38.876980068","-77.0137832708",181,117,298,1518,1768,3286,1265,1398,2663
10500,"THEFT/OTHER","38.8765259634","-77.009097938",181,117,298,1518,1768,3286,1265,1398,2663
10500,"MOTOR VEHICLE THEFT","38.8802766323","-77.0175641097",181,117,298,1518,1768,3286,1265,1398,2663
10500,"THEFT F/AUTO","38.8765259634","-77.009097938",181,117,298,1518,1768,3286,1265,1398,2663
10500,"THEFT F/AUTO","38.8775209606","-77.0099572209",181,117,298,1518,1768,3286,1265,1398,2663
10500,"BURGLARY","38.8802769652","-77.0151899584",181,117,298,1518,1768,3286,1265,1398,2663
10500,"MOTOR VEHICLE THEFT","38.8769894033","-77.0106601397",181,117,298,1518,1768,3286,1265,1398,2663
10500,"THEFT F/AUTO","38.8812770775","-77.013726475",181,117,298,1518,1768,3286,1265,1398,2663
10500,"ROBBERY","38.8797817922","-77.0127811434",181,117,298,1518,1768,3286,1265,1398,2663
10500,"THEFT/OTHER","38.8812770775","-77.013726475",181,117,298,1518,1768,3286,1265,1398,2663
10500,"THEFT F/AUTO","38.8792767995","-77.0168954226",181,117,298,1518,1768,3286,1265,1398,2663
10500,"THEFT/OTHER","38.8784033389","-77.0142445339",181,117,298,1518,1768,3286,1265,1398,2663
10500,"THEFT/OTHER","38.8812770775","-77.013726475",181,117,298,1518,1768,3286,1265,1398,2663
10500,"THEFT/OTHER","38.8812770775","-77.013726475",181,117,298,1518,1768,3286,1265,1398,2663
10500,"THEFT/OTHER","38.8792767995","-77.0168954226",181,117,298,1518,1768,3286,1265,1398,2663
10500,"THEFT/OTHER","38.8812857443","-77.0163772656",181,117,298,1518,1768,3286,1265,1398,2663
10500,"BURGLARY","38.8802769652","-77.0151899584",181,117,298,1518,1768,3286,1265,1398,2663
10500,"ROBBERY","38.8832315558","-77.0163777123",181,117,298,1518,1768,3286,1265,1398,2663
10500,"THEFT/OTHER","38.8812857443","-77.0163772656",181,117,298,1518,1768,3286,1265,1398,2663
10500,"THEFT/OTHER","38.879277605","-77.0098652673",181,117,298,1518,1768,3286,1265,1398,2663
10500,"THEFT F/AUTO","38.8807820706","-77.0090702442",181,117,298,1518,1768,3286,1265,1398,2663
10500,"MOTOR VEHICLE THEFT","38.877529505","-77.0144057033",181,117,298,1518,1768,3286,1265,1398,2663
10500,"THEFT/OTHER","38.8848709091","-77.0175652407",181,117,298,1518,1768,3286,1265,1398,2663
10500,"THEFT/OTHER","38.8812857443","-77.0163772656",181,117,298,1518,1768,3286,1265,1398,2663
10500,"THEFT/OTHER","38.8812770775","-77.013726475",181,117,298,1518,1768,3286,1265,1398,2663
10500,"MOTOR VEHICLE THEFT","38.8812770775","-77.013726475",181,117,298,1518,1768,3286,1265,1398,2663
10500,"THEFT/OTHER","38.8765259634","-77.009097938",181,117,298,1518,1768,3286,1265,1398,2663
10500,"THEFT/OTHER","38.8765259634","-77.009097938",181,117,298,1518,1768,3286,1265,1398,2663
10500,"BURGLARY","38.8845469403","-77.0151908675",181,117,298,1518,1768,3286,1265,1398,2663
10500,"THEFT F/AUTO","38.8832408196","-77.0144414329",181,117,298,1518,1768,3286,1265,1398,2663
10500,"ASSAULT W/DANGEROUS WEAPON","38.8784033389","-77.0142445339",181,117,298,1518,1768,3286,1265,1398,2663
10500,"ROBBERY","38.876988899","-77.0152123074",181,117,298,1518,1768,3286,1265,1398,2663
10500,"THEFT/OTHER","38.8764576477","-77.0132069504",181,117,298,1518,1768,3286,1265,1398,2663
10500,"THEFT/OTHER","38.8812857443","-77.0163772656",181,117,298,1518,1768,3286,1265,1398,2663
10500,"THEFT/OTHER","38.8812770775","-77.013726475",181,117,298,1518,1768,3286,1265,1398,2663
10500,"THEFT/OTHER","38.8765259634","-77.009097938",181,117,298,1518,1768,3286,1265,1398,2663
10500,"MOTOR VEHICLE THEFT","38.8792767995","-77.0168954226",181,117,298,1518,1768,3286,1265,1398,2663
10500,"THEFT/OTHER","38.8784033389","-77.0142445339",181,117,298,1518,1768,3286,1265,1398,2663
10500,"THEFT F/AUTO","38.878844628","-77.0152127031",181,117,298,1518,1768,3286,1265,1398,2663
10500,"MOTOR VEHICLE THEFT","38.8802769652","-77.0151899584",181,117,298,1518,1768,3286,1265,1398,2663
10500,"ASSAULT W/DANGEROUS WEAPON","38.8822584776","-77.0175645975",181,117,298,1518,1768,3286,1265,1398,2663
10500,"THEFT F/AUTO","38.8802769652","-77.0151899584",181,117,298,1518,1768,3286,1265,1398,2663
10500,"ROBBERY","38.8807820706","-77.0090702442",181,117,298,1518,1768,3286,1265,1398,2663
10500,"BURGLARY","38.8764578144","-77.0116396334",181,117,298,1518,1768,3286,1265,1398,2663
10500,"ASSAULT W/DANGEROUS WEAPON","38.876988899","-77.0152123074",181,117,298,1518,1768,3286,1265,1398,2663
10500,"MOTOR VEHICLE THEFT","38.8792861823","-77.0140718374",181,117,298,1518,1768,3286,1265,1398,2663
10601,"THEFT/OTHER","38.9072307509","-77.007494085",109,2,111,693,735,1428,464,661,1125
10601,"THEFT F/AUTO","38.9060417408","-77.0058914055",109,2,111,693,735,1428,464,661,1125
10601,"THEFT F/AUTO","38.9064470306","-77.0074017688",109,2,111,693,735,1428,464,661,1125
10601,"THEFT/OTHER","38.905636428","-77.0044732923",109,2,111,693,735,1428,464,661,1125
10601,"THEFT/OTHER","38.9060417408","-77.0058914055",109,2,111,693,735,1428,464,661,1125
10601,"THEFT/OTHER","38.9060417408","-77.0058914055",109,2,111,693,735,1428,464,661,1125
10601,"THEFT/OTHER","38.9060417408","-77.0058914055",109,2,111,693,735,1428,464,661,1125
10601,"ASSAULT W/DANGEROUS WEAPON","38.9078254892","-77.0035164846",109,2,111,693,735,1428,464,661,1125
10601,"THEFT/OTHER","38.9060417408","-77.0058914055",109,2,111,693,735,1428,464,661,1125
10601,"THEFT/OTHER","38.9078254892","-77.0035164846",109,2,111,693,735,1428,464,661,1125
10601,"THEFT F/AUTO","38.9096359586","-77.007805641",109,2,111,693,735,1428,464,661,1125
10601,"THEFT/OTHER","38.9078254892","-77.0035164846",109,2,111,693,735,1428,464,661,1125
10601,"THEFT/OTHER","38.9060417408","-77.0058914055",109,2,111,693,735,1428,464,661,1125
10601,"ROBBERY","38.9078254892","-77.0035164846",109,2,111,693,735,1428,464,661,1125
10601,"THEFT F/AUTO","38.9072307509","-77.007494085",109,2,111,693,735,1428,464,661,1125
10601,"ROBBERY","38.9060417408","-77.0058914055",109,2,111,693,735,1428,464,661,1125
10601,"THEFT/OTHER","38.9060417408","-77.0058914055",109,2,111,693,735,1428,464,661,1125
10601,"ASSAULT W/DANGEROUS WEAPON","38.90789737","-77.0074710961",109,2,111,693,735,1428,464,661,1125
10601,"MOTOR VEHICLE THEFT","38.9060417408","-77.0058914055",109,2,111,693,735,1428,464,661,1125
10601,"THEFT F/AUTO","38.9072307509","-77.007494085",109,2,111,693,735,1428,464,661,1125
10601,"THEFT/OTHER","38.9078254892","-77.0035164846",109,2,111,693,735,1428,464,661,1125
10601,"ROBBERY","38.9086722088","-77.0052459655",109,2,111,693,735,1428,464,661,1125
10601,"THEFT/OTHER","38.9060417408","-77.0058914055",109,2,111,693,735,1428,464,661,1125
10601,"THEFT F/AUTO","38.9072307509","-77.007494085",109,2,111,693,735,1428,464,661,1125
10601,"SEX ABUSE","38.9060417408","-77.0058914055",109,2,111,693,735,1428,464,661,1125
10601,"MOTOR VEHICLE THEFT","38.9060417408","-77.0058914055",109,2,111,693,735,1428,464,661,1125
10601,"ASSAULT W/DANGEROUS WEAPON","38.9060417408","-77.0058914055",109,2,111,693,735,1428,464,661,1125
10601,"THEFT/OTHER","38.9060417408","-77.0058914055",109,2,111,693,735,1428,464,661,1125
10601,"ROBBERY","38.905636428","-77.0044732923",109,2,111,693,735,1428,464,661,1125
10601,"THEFT F/AUTO","38.9072307509","-77.007494085",109,2,111,693,735,1428,464,661,1125
10601,"THEFT/OTHER","38.9078254892","-77.0035164846",109,2,111,693,735,1428,464,661,1125
10601,"BURGLARY","38.9078254892","-77.0035164846",109,2,111,693,735,1428,464,661,1125
10601,"THEFT F/AUTO","38.9064470306","-77.0074017688",109,2,111,693,735,1428,464,661,1125
10601,"THEFT F/AUTO","38.9064470306","-77.0074017688",109,2,111,693,735,1428,464,661,1125
10601,"MOTOR VEHICLE THEFT","38.9072308966","-77.0047039795",109,2,111,693,735,1428,464,661,1125
10601,"THEFT/OTHER","38.9078254892","-77.0035164846",109,2,111,693,735,1428,464,661,1125
10601,"THEFT F/AUTO","38.9064470306","-77.0074017688",109,2,111,693,735,1428,464,661,1125
10601,"THEFT/OTHER","38.9078254892","-77.0035164846",109,2,111,693,735,1428,464,661,1125
10601,"MOTOR VEHICLE THEFT","38.905636428","-77.0044732923",109,2,111,693,735,1428,464,661,1125
10601,"THEFT F/AUTO","38.905636274","-77.0074823884",109,2,111,693,735,1428,464,661,1125
10601,"THEFT/OTHER","38.9060417408","-77.0058914055",109,2,111,693,735,1428,464,661,1125
10601,"THEFT F/AUTO","38.9060417408","-77.0058914055",109,2,111,693,735,1428,464,661,1125
10601,"MOTOR VEHICLE THEFT","38.9072307509","-77.007494085",109,2,111,693,735,1428,464,661,1125
10601,"ROBBERY","38.90789737","-77.0074710961",109,2,111,693,735,1428,464,661,1125
10601,"THEFT/OTHER","38.905636428","-77.0044732923",109,2,111,693,735,1428,464,661,1125
10601,"THEFT F/AUTO","38.9060417408","-77.0058914055",109,2,111,693,735,1428,464,661,1125
10601,"THEFT F/AUTO","38.9060417408","-77.0058914055",109,2,111,693,735,1428,464,661,1125
10601,"THEFT F/AUTO","38.9060417408","-77.0058914055",109,2,111,693,735,1428,464,661,1125
10601,"THEFT/OTHER","38.905636274","-77.0074823884",109,2,111,693,735,1428,464,661,1125
10601,"MOTOR VEHICLE THEFT","38.9105727737","-77.0085551871",109,2,111,693,735,1428,464,661,1125
10601,"THEFT/OTHER","38.9060417408","-77.0058914055",109,2,111,693,735,1428,464,661,1125
10601,"THEFT/OTHER","38.9078254892","-77.0035164846",109,2,111,693,735,1428,464,661,1125
10601,"ASSAULT W/DANGEROUS WEAPON","38.9078344019","-77.0058915536",109,2,111,693,735,1428,464,661,1125
10601,"THEFT/OTHER","38.9060417408","-77.0058914055",109,2,111,693,735,1428,464,661,1125
10601,"MOTOR VEHICLE THEFT","38.9100503729","-77.0073329638",109,2,111,693,735,1428,464,661,1125
10601,"THEFT/OTHER","38.9078254892","-77.0035164846",109,2,111,693,735,1428,464,661,1125
10601,"THEFT F/AUTO","38.905636274","-77.0074823884",109,2,111,693,735,1428,464,661,1125
10601,"THEFT/OTHER","38.9078254892","-77.0035164846",109,2,111,693,735,1428,464,661,1125
10601,"THEFT F/AUTO","38.90789737","-77.0074710961",109,2,111,693,735,1428,464,661,1125
10601,"THEFT/OTHER","38.9060417408","-77.0058914055",109,2,111,693,735,1428,464,661,1125
10601,"THEFT/OTHER","38.9078254892","-77.0035164846",109,2,111,693,735,1428,464,661,1125
10601,"THEFT F/AUTO","38.905636274","-77.0074823884",109,2,111,693,735,1428,464,661,1125
10601,"BURGLARY","38.9078254892","-77.0035164846",109,2,111,693,735,1428,464,661,1125
10601,"THEFT/OTHER","38.905636274","-77.0074823884",109,2,111,693,735,1428,464,661,1125
10601,"MOTOR VEHICLE THEFT","38.9072308966","-77.0047039795",109,2,111,693,735,1428,464,661,1125
10601,"THEFT F/AUTO","38.9060417408","-77.0058914055",109,2,111,693,735,1428,464,661,1125
10601,"MOTOR VEHICLE THEFT","38.9072308966","-77.0047039795",109,2,111,693,735,1428,464,661,1125
10601,"MOTOR VEHICLE THEFT","38.9072308966","-77.0047039795",109,2,111,693,735,1428,464,661,1125
10601,"THEFT/OTHER","38.9060417408","-77.0058914055",109,2,111,693,735,1428,464,661,1125
10601,"THEFT/OTHER","38.9078254892","-77.0035164846",109,2,111,693,735,1428,464,661,1125
10601,"ASSAULT W/DANGEROUS WEAPON","38.905636274","-77.0074823884",109,2,111,693,735,1428,464,661,1125
10601,"THEFT/OTHER","38.90789737","-77.0074710961",109,2,111,693,735,1428,464,661,1125
10601,"MOTOR VEHICLE THEFT","38.90789737","-77.0074710961",109,2,111,693,735,1428,464,661,1125
10601,"THEFT/OTHER","38.9078254892","-77.0035164846",109,2,111,693,735,1428,464,661,1125
10601,"THEFT F/AUTO","38.905636428","-77.0044732923",109,2,111,693,735,1428,464,661,1125
10601,"THEFT/OTHER","38.9078254892","-77.0035164846",109,2,111,693,735,1428,464,661,1125
10601,"THEFT F/AUTO","38.905636274","-77.0074823884",109,2,111,693,735,1428,464,661,1125
10601,"THEFT/OTHER","38.9060417408","-77.0058914055",109,2,111,693,735,1428,464,661,1125
10601,"THEFT/OTHER","38.905636274","-77.0074823884",109,2,111,693,735,1428,464,661,1125
10601,"THEFT/OTHER","38.9060417408","-77.0058914055",109,2,111,693,735,1428,464,661,1125
10601,"THEFT/OTHER","38.9060417408","-77.0058914055",109,2,111,693,735,1428,464,661,1125
10601,"THEFT F/AUTO","38.905636274","-77.0074823884",109,2,111,693,735,1428,464,661,1125
10601,"THEFT F/AUTO","38.9072307509","-77.007494085",109,2,111,693,735,1428,464,661,1125
10601,"ASSAULT W/DANGEROUS WEAPON","38.9078344019","-77.0058915536",109,2,111,693,735,1428,464,661,1125
10601,"THEFT F/AUTO","38.9064470306","-77.0074017688",109,2,111,693,735,1428,464,661,1125
10601,"THEFT/OTHER","38.9072307509","-77.007494085",109,2,111,693,735,1428,464,661,1125
10601,"THEFT/OTHER","38.9060417408","-77.0058914055",109,2,111,693,735,1428,464,661,1125
10601,"THEFT F/AUTO","38.90789737","-77.0074710961",109,2,111,693,735,1428,464,661,1125
10601,"SEX ABUSE","38.9060417408","-77.0058914055",109,2,111,693,735,1428,464,661,1125
10601,"THEFT/OTHER","38.9060417408","-77.0058914055",109,2,111,693,735,1428,464,661,1125
10601,"THEFT/OTHER","38.9060417408","-77.0058914055",109,2,111,693,735,1428,464,661,1125
10601,"ROBBERY","38.9100503729","-77.0073329638",109,2,111,693,735,1428,464,661,1125
10601,"THEFT/OTHER","38.9060417408","-77.0058914055",109,2,111,693,735,1428,464,661,1125
10601,"MOTOR VEHICLE THEFT","38.9072307509","-77.007494085",109,2,111,693,735,1428,464,661,1125
10601,"THEFT/OTHER","38.9078254892","-77.0035164846",109,2,111,693,735,1428,464,661,1125
10601,"THEFT/OTHER","38.9060417408","-77.0058914055",109,2,111,693,735,1428,464,661,1125
10601,"THEFT/OTHER","38.9060417408","-77.0058914055",109,2,111,693,735,1428,464,661,1125
10601,"ROBBERY","38.9078254892","-77.0035164846",109,2,111,693,735,1428,464,661,1125
10601,"THEFT/OTHER","38.9060417408","-77.0058914055",109,2,111,693,735,1428,464,661,1125
10601,"THEFT/OTHER","38.9078254892","-77.0035164846",109,2,111,693,735,1428,464,661,1125
10601,"ASSAULT W/DANGEROUS WEAPON","38.905636428","-77.0044732923",109,2,111,693,735,1428,464,661,1125
10601,"ASSAULT W/DANGEROUS WEAPON","38.9060417408","-77.0058914055",109,2,111,693,735,1428,464,661,1125
10601,"ASSAULT W/DANGEROUS WEAPON","38.9086722088","-77.0052459655",109,2,111,693,735,1428,464,661,1125
10601,"THEFT F/AUTO","38.9072307509","-77.007494085",109,2,111,693,735,1428,464,661,1125
10601,"MOTOR VEHICLE THEFT","38.905636274","-77.0074823884",109,2,111,693,735,1428,464,661,1125
10601,"THEFT F/AUTO","38.905636274","-77.0074823884",109,2,111,693,735,1428,464,661,1125
10601,"THEFT F/AUTO","38.9096374001","-77.0078029893",109,2,111,693,735,1428,464,661,1125
10601,"MOTOR VEHICLE THEFT","38.9072308966","-77.0047039795",109,2,111,693,735,1428,464,661,1125
10601,"THEFT/OTHER","38.9060417408","-77.0058914055",109,2,111,693,735,1428,464,661,1125
10601,"THEFT/OTHER","38.9060417408","-77.0058914055",109,2,111,693,735,1428,464,661,1125
10601,"THEFT F/AUTO","38.9072307509","-77.007494085",109,2,111,693,735,1428,464,661,1125
10601,"THEFT/OTHER","38.9060417408","-77.0058914055",109,2,111,693,735,1428,464,661,1125
10601,"THEFT F/AUTO","38.90789737","-77.0074710961",109,2,111,693,735,1428,464,661,1125
10601,"THEFT/OTHER","38.9078254892","-77.0035164846",109,2,111,693,735,1428,464,661,1125
10601,"THEFT/OTHER","38.9060417408","-77.0058914055",109,2,111,693,735,1428,464,661,1125
10601,"ASSAULT W/DANGEROUS WEAPON","38.9100052108","-77.0090509008",109,2,111,693,735,1428,464,661,1125
10601,"THEFT F/AUTO","38.9072307509","-77.007494085",109,2,111,693,735,1428,464,661,1125
10601,"THEFT/OTHER","38.9078254892","-77.0035164846",109,2,111,693,735,1428,464,661,1125
10601,"THEFT F/AUTO","38.905636274","-77.0074823884",109,2,111,693,735,1428,464,661,1125
10601,"THEFT/OTHER","38.9060417408","-77.0058914055",109,2,111,693,735,1428,464,661,1125
10601,"THEFT/OTHER","38.9072308966","-77.0047039795",109,2,111,693,735,1428,464,661,1125
10601,"THEFT F/AUTO","38.9072307509","-77.007494085",109,2,111,693,735,1428,464,661,1125
10601,"THEFT/OTHER","38.9078254892","-77.0035164846",109,2,111,693,735,1428,464,661,1125
10601,"ROBBERY","38.9100503729","-77.0073329638",109,2,111,693,735,1428,464,661,1125
10601,"MOTOR VEHICLE THEFT","38.9100503729","-77.0073329638",109,2,111,693,735,1428,464,661,1125
10601,"THEFT/OTHER","38.9060417408","-77.0058914055",109,2,111,693,735,1428,464,661,1125
10601,"THEFT/OTHER","38.9060417408","-77.0058914055",109,2,111,693,735,1428,464,661,1125
10601,"THEFT F/AUTO","38.90789737","-77.0074710961",109,2,111,693,735,1428,464,661,1125
10601,"THEFT/OTHER","38.9078254892","-77.0035164846",109,2,111,693,735,1428,464,661,1125
10601,"THEFT F/AUTO","38.9072307509","-77.007494085",109,2,111,693,735,1428,464,661,1125
10601,"THEFT F/AUTO","38.90789737","-77.0074710961",109,2,111,693,735,1428,464,661,1125
10601,"BURGLARY","38.9060417408","-77.0058914055",109,2,111,693,735,1428,464,661,1125
10601,"MOTOR VEHICLE THEFT","38.9060417408","-77.0058914055",109,2,111,693,735,1428,464,661,1125
10601,"THEFT/OTHER","38.9078254892","-77.0035164846",109,2,111,693,735,1428,464,661,1125
10601,"THEFT F/AUTO","38.9072307509","-77.007494085",109,2,111,693,735,1428,464,661,1125
10601,"THEFT/OTHER","38.9078254892","-77.0035164846",109,2,111,693,735,1428,464,661,1125
10601,"MOTOR VEHICLE THEFT","38.9072307509","-77.007494085",109,2,111,693,735,1428,464,661,1125
10601,"THEFT/OTHER","38.9078254892","-77.0035164846",109,2,111,693,735,1428,464,661,1125
10601,"THEFT/OTHER","38.90789737","-77.0074710961",109,2,111,693,735,1428,464,661,1125
10601,"MOTOR VEHICLE THEFT","38.9100503729","-77.0073329638",109,2,111,693,735,1428,464,661,1125
10601,"THEFT/OTHER","38.9078254892","-77.0035164846",109,2,111,693,735,1428,464,661,1125
10601,"THEFT/OTHER","38.9060417408","-77.0058914055",109,2,111,693,735,1428,464,661,1125
10601,"THEFT F/AUTO","38.90789737","-77.0074710961",109,2,111,693,735,1428,464,661,1125
10601,"THEFT/OTHER","38.9060417408","-77.0058914055",109,2,111,693,735,1428,464,661,1125
10601,"THEFT F/AUTO","38.9064470306","-77.0074017688",109,2,111,693,735,1428,464,661,1125
10601,"MOTOR VEHICLE THEFT","38.905636428","-77.0044732923",109,2,111,693,735,1428,464,661,1125
10601,"THEFT/OTHER","38.9060417408","-77.0058914055",109,2,111,693,735,1428,464,661,1125
10601,"THEFT/OTHER","38.9060417408","-77.0058914055",109,2,111,693,735,1428,464,661,1125
10601,"MOTOR VEHICLE THEFT","38.9060417408","-77.0058914055",109,2,111,693,735,1428,464,661,1125
10601,"SEX ABUSE","38.90789737","-77.0074710961",109,2,111,693,735,1428,464,661,1125
10601,"THEFT/OTHER","38.9060417408","-77.0058914055",109,2,111,693,735,1428,464,661,1125
10601,"THEFT/OTHER","38.9060417408","-77.0058914055",109,2,111,693,735,1428,464,661,1125
10601,"MOTOR VEHICLE THEFT","38.9060417408","-77.0058914055",109,2,111,693,735,1428,464,661,1125
10601,"THEFT/OTHER","38.9078254892","-77.0035164846",109,2,111,693,735,1428,464,661,1125
10601,"THEFT/OTHER","38.9078254892","-77.0035164846",109,2,111,693,735,1428,464,661,1125
10601,"THEFT/OTHER","38.9078254892","-77.0035164846",109,2,111,693,735,1428,464,661,1125
10601,"MOTOR VEHICLE THEFT","38.9078254892","-77.0035164846",109,2,111,693,735,1428,464,661,1125
10601,"THEFT/OTHER","38.9078254892","-77.0035164846",109,2,111,693,735,1428,464,661,1125
10601,"THEFT/OTHER","38.9060417408","-77.0058914055",109,2,111,693,735,1428,464,661,1125
10601,"THEFT/OTHER","38.9060417408","-77.0058914055",109,2,111,693,735,1428,464,661,1125
10601,"THEFT/OTHER","38.9060417408","-77.0058914055",109,2,111,693,735,1428,464,661,1125
10601,"THEFT/OTHER","38.9060417408","-77.0058914055",109,2,111,693,735,1428,464,661,1125
10601,"MOTOR VEHICLE THEFT","38.9100503729","-77.0073329638",109,2,111,693,735,1428,464,661,1125
10601,"BURGLARY","38.9096359586","-77.007805641",109,2,111,693,735,1428,464,661,1125
10601,"THEFT/OTHER","38.905636274","-77.0074823884",109,2,111,693,735,1428,464,661,1125
10601,"MOTOR VEHICLE THEFT","38.9060417408","-77.0058914055",109,2,111,693,735,1428,464,661,1125
10601,"MOTOR VEHICLE THEFT","38.9060417408","-77.0058914055",109,2,111,693,735,1428,464,661,1125
10601,"MOTOR VEHICLE THEFT","38.9060417408","-77.0058914055",109,2,111,693,735,1428,464,661,1125
10601,"MOTOR VEHICLE THEFT","38.905636428","-77.0044732923",109,2,111,693,735,1428,464,661,1125
10601,"THEFT F/AUTO","38.90789737","-77.0074710961",109,2,111,693,735,1428,464,661,1125
10601,"THEFT/OTHER","38.9060417408","-77.0058914055",109,2,111,693,735,1428,464,661,1125
10601,"THEFT F/AUTO","38.905636428","-77.0044732923",109,2,111,693,735,1428,464,661,1125
10601,"THEFT/OTHER","38.9060417408","-77.0058914055",109,2,111,693,735,1428,464,661,1125
10601,"THEFT/OTHER","38.9060417408","-77.0058914055",109,2,111,693,735,1428,464,661,1125
10601,"MOTOR VEHICLE THEFT","38.905636428","-77.0044732923",109,2,111,693,735,1428,464,661,1125
10601,"THEFT F/AUTO","38.9064470306","-77.0074017688",109,2,111,693,735,1428,464,661,1125
10601,"THEFT/OTHER","38.9060417408","-77.0058914055",109,2,111,693,735,1428,464,661,1125
10601,"THEFT/OTHER","38.9078254892","-77.0035164846",109,2,111,693,735,1428,464,661,1125
10601,"THEFT/OTHER","38.9105727737","-77.0085551871",109,2,111,693,735,1428,464,661,1125
10601,"THEFT/OTHER","38.9060417408","-77.0058914055",109,2,111,693,735,1428,464,661,1125
10601,"THEFT/OTHER","38.905636274","-77.0074823884",109,2,111,693,735,1428,464,661,1125
10601,"THEFT F/AUTO","38.905636274","-77.0074823884",109,2,111,693,735,1428,464,661,1125
10601,"ASSAULT W/DANGEROUS WEAPON","38.9086722088","-77.0052459655",109,2,111,693,735,1428,464,661,1125
10601,"THEFT F/AUTO","38.9072307509","-77.007494085",109,2,111,693,735,1428,464,661,1125
10601,"THEFT F/AUTO","38.9064470306","-77.0074017688",109,2,111,693,735,1428,464,661,1125
10601,"ROBBERY","38.9078254892","-77.0035164846",109,2,111,693,735,1428,464,661,1125
10601,"THEFT F/AUTO","38.9105727737","-77.0085551871",109,2,111,693,735,1428,464,661,1125
10601,"THEFT/OTHER","38.9078254892","-77.0035164846",109,2,111,693,735,1428,464,661,1125
10601,"THEFT/OTHER","38.9060417408","-77.0058914055",109,2,111,693,735,1428,464,661,1125
10601,"BURGLARY","38.9078254892","-77.0035164846",109,2,111,693,735,1428,464,661,1125
10601,"THEFT/OTHER","38.9060417408","-77.0058914055",109,2,111,693,735,1428,464,661,1125
10601,"THEFT F/AUTO","38.9060417408","-77.0058914055",109,2,111,693,735,1428,464,661,1125
10601,"THEFT/OTHER","38.9060417408","-77.0058914055",109,2,111,693,735,1428,464,661,1125
10601,"MOTOR VEHICLE THEFT","38.9072307509","-77.007494085",109,2,111,693,735,1428,464,661,1125
10601,"THEFT/OTHER","38.9105727737","-77.0085551871",109,2,111,693,735,1428,464,661,1125
10601,"THEFT/OTHER","38.905636274","-77.0074823884",109,2,111,693,735,1428,464,661,1125
10601,"THEFT/OTHER","38.9078254892","-77.0035164846",109,2,111,693,735,1428,464,661,1125
10601,"THEFT/OTHER","38.9060417408","-77.0058914055",109,2,111,693,735,1428,464,661,1125
10601,"THEFT/OTHER","38.9060417408","-77.0058914055",109,2,111,693,735,1428,464,661,1125
10601,"THEFT/OTHER","38.9060417408","-77.0058914055",109,2,111,693,735,1428,464,661,1125
10601,"THEFT/OTHER","38.9078254892","-77.0035164846",109,2,111,693,735,1428,464,661,1125
10601,"THEFT F/AUTO","38.9068344754","-77.005891471",109,2,111,693,735,1428,464,661,1125
10601,"ASSAULT W/DANGEROUS WEAPON","38.905636428","-77.0044732923",109,2,111,693,735,1428,464,661,1125
10601,"MOTOR VEHICLE THEFT","38.9072307509","-77.007494085",109,2,111,693,735,1428,464,661,1125
10601,"THEFT F/AUTO","38.905636274","-77.0074823884",109,2,111,693,735,1428,464,661,1125
10601,"MOTOR VEHICLE THEFT","38.905636274","-77.0074823884",109,2,111,693,735,1428,464,661,1125
10601,"THEFT/OTHER","38.9060417408","-77.0058914055",109,2,111,693,735,1428,464,661,1125
10601,"THEFT/OTHER","38.905636428","-77.0044732923",109,2,111,693,735,1428,464,661,1125
10601,"THEFT/OTHER","38.9060417408","-77.0058914055",109,2,111,693,735,1428,464,661,1125
10601,"THEFT F/AUTO","38.9060417408","-77.0058914055",109,2,111,693,735,1428,464,661,1125
10601,"THEFT/OTHER","38.9078254892","-77.0035164846",109,2,111,693,735,1428,464,661,1125
10601,"MOTOR VEHICLE THEFT","38.905636274","-77.0074823884",109,2,111,693,735,1428,464,661,1125
10601,"THEFT F/AUTO","38.9060417408","-77.0058914055",109,2,111,693,735,1428,464,661,1125
10601,"THEFT/OTHER","38.9078254892","-77.0035164846",109,2,111,693,735,1428,464,661,1125
10601,"ASSAULT W/DANGEROUS WEAPON","38.9105727737","-77.0085551871",109,2,111,693,735,1428,464,661,1125
10601,"THEFT/OTHER","38.9060417408","-77.0058914055",109,2,111,693,735,1428,464,661,1125
10601,"THEFT/OTHER","38.905636274","-77.0074823884",109,2,111,693,735,1428,464,661,1125
10601,"THEFT F/AUTO","38.9060417408","-77.0058914055",109,2,111,693,735,1428,464,661,1125
10601,"THEFT/OTHER","38.905636428","-77.0044732923",109,2,111,693,735,1428,464,661,1125
10601,"ROBBERY","38.9078254892","-77.0035164846",109,2,111,693,735,1428,464,661,1125
10601,"ROBBERY","38.90789737","-77.0074710961",109,2,111,693,735,1428,464,661,1125
10601,"THEFT F/AUTO","38.9072307509","-77.007494085",109,2,111,693,735,1428,464,661,1125
10601,"ASSAULT W/DANGEROUS WEAPON","38.9105727737","-77.0085551871",109,2,111,693,735,1428,464,661,1125
10601,"THEFT/OTHER","38.9060417408","-77.0058914055",109,2,111,693,735,1428,464,661,1125
10601,"THEFT F/AUTO","38.905636274","-77.0074823884",109,2,111,693,735,1428,464,661,1125
10601,"THEFT F/AUTO","38.9096359586","-77.007805641",109,2,111,693,735,1428,464,661,1125
10601,"MOTOR VEHICLE THEFT","38.9078254892","-77.0035164846",109,2,111,693,735,1428,464,661,1125
10601,"THEFT/OTHER","38.9060417408","-77.0058914055",109,2,111,693,735,1428,464,661,1125
10601,"THEFT/OTHER","38.9060417408","-77.0058914055",109,2,111,693,735,1428,464,661,1125
10601,"MOTOR VEHICLE THEFT","38.9072308966","-77.0047039795",109,2,111,693,735,1428,464,661,1125
10601,"THEFT/OTHER","38.9060417408","-77.0058914055",109,2,111,693,735,1428,464,661,1125
10601,"THEFT/OTHER","38.9060417408","-77.0058914055",109,2,111,693,735,1428,464,661,1125
10601,"THEFT/OTHER","38.9078254892","-77.0035164846",109,2,111,693,735,1428,464,661,1125
10601,"THEFT F/AUTO","38.905636428","-77.0044732923",109,2,111,693,735,1428,464,661,1125
10601,"THEFT/OTHER","38.9086722088","-77.0052459655",109,2,111,693,735,1428,464,661,1125
10601,"THEFT/OTHER","38.9064470306","-77.0074017688",109,2,111,693,735,1428,464,661,1125
10601,"THEFT/OTHER","38.90789737","-77.0074710961",109,2,111,693,735,1428,464,661,1125
10601,"THEFT/OTHER","38.9060417408","-77.0058914055",109,2,111,693,735,1428,464,661,1125
10601,"THEFT F/AUTO","38.9060417408","-77.0058914055",109,2,111,693,735,1428,464,661,1125
10601,"ROBBERY","38.90789737","-77.0074710961",109,2,111,693,735,1428,464,661,1125
10601,"ASSAULT W/DANGEROUS WEAPON","38.90789737","-77.0074710961",109,2,111,693,735,1428,464,661,1125
10601,"ASSAULT W/DANGEROUS WEAPON","38.9072307509","-77.007494085",109,2,111,693,735,1428,464,661,1125
10601,"MOTOR VEHICLE THEFT","38.9060417408","-77.0058914055",109,2,111,693,735,1428,464,661,1125
10601,"MOTOR VEHICLE THEFT","38.905636274","-77.0074823884",109,2,111,693,735,1428,464,661,1125
10601,"ROBBERY","38.9078254892","-77.0035164846",109,2,111,693,735,1428,464,661,1125
10601,"THEFT F/AUTO","38.905636274","-77.0074823884",109,2,111,693,735,1428,464,661,1125
10601,"THEFT/OTHER","38.9060417408","-77.0058914055",109,2,111,693,735,1428,464,661,1125
10601,"THEFT/OTHER","38.9060417408","-77.0058914055",109,2,111,693,735,1428,464,661,1125
10601,"THEFT/OTHER","38.9060417408","-77.0058914055",109,2,111,693,735,1428,464,661,1125
10601,"THEFT F/AUTO","38.9072307509","-77.007494085",109,2,111,693,735,1428,464,661,1125
10601,"THEFT/OTHER","38.9060417408","-77.0058914055",109,2,111,693,735,1428,464,661,1125
10601,"THEFT F/AUTO","38.90789737","-77.0074710961",109,2,111,693,735,1428,464,661,1125
10601,"THEFT F/AUTO","38.9064470306","-77.0074017688",109,2,111,693,735,1428,464,661,1125
10601,"THEFT/OTHER","38.9078254892","-77.0035164846",109,2,111,693,735,1428,464,661,1125
10601,"THEFT/OTHER","38.90789737","-77.0074710961",109,2,111,693,735,1428,464,661,1125
10601,"THEFT/OTHER","38.9078254892","-77.0035164846",109,2,111,693,735,1428,464,661,1125
10601,"ASSAULT W/DANGEROUS WEAPON","38.9105727737","-77.0085551871",109,2,111,693,735,1428,464,661,1125
10601,"THEFT F/AUTO","38.905636274","-77.0074823884",109,2,111,693,735,1428,464,661,1125
10601,"THEFT/OTHER","38.9078254892","-77.0035164846",109,2,111,693,735,1428,464,661,1125
10601,"THEFT F/AUTO","38.90789737","-77.0074710961",109,2,111,693,735,1428,464,661,1125
10601,"THEFT F/AUTO","38.9072307509","-77.007494085",109,2,111,693,735,1428,464,661,1125
10601,"THEFT/OTHER","38.9060417408","-77.0058914055",109,2,111,693,735,1428,464,661,1125
10601,"THEFT F/AUTO","38.9064470306","-77.0074017688",109,2,111,693,735,1428,464,661,1125
10602,"BURGLARY","38.9072309826","-77.0014181115",113,0,113,2169,2112,4281,1777,1749,3526
10602,"THEFT/OTHER","38.9025105398","-76.9957920615",113,0,113,2169,2112,4281,1777,1749,3526
10602,"ROBBERY","38.9031141126","-76.9961724729",113,0,113,2169,2112,4281,1777,1749,3526
10602,"THEFT/OTHER","38.9013214788","-77.0028129312",113,0,113,2169,2112,4281,1777,1749,3526
10602,"THEFT/OTHER","38.9002044689","-77.0013142178",113,0,113,2169,2112,4281,1777,1749,3526
10602,"THEFT F/AUTO","38.9037177311","-77.0009453611",113,0,113,2169,2112,4281,1777,1749,3526
10602,"THEFT F/AUTO","38.9064382389","-77.0020406743",113,0,113,2169,2112,4281,1777,1749,3526
10602,"THEFT/OTHER","38.9037266999","-77.0031819475",113,0,113,2169,2112,4281,1777,1749,3526
10602,"ASSAULT W/DANGEROUS WEAPON","38.9013214788","-77.0028129312",113,0,113,2169,2112,4281,1777,1749,3526
10602,"MOTOR VEHICLE THEFT","38.9025105817","-77.0028129781",113,0,113,2169,2112,4281,1777,1749,3526
10602,"THEFT F/AUTO","38.9013214788","-77.0028129312",113,0,113,2169,2112,4281,1777,1749,3526
10602,"THEFT/OTHER","38.9013215052","-77.0013142383",113,0,113,2169,2112,4281,1777,1749,3526
10602,"THEFT/OTHER","38.9056365136","-77.0000461164",113,0,113,2169,2112,4281,1777,1749,3526
10602,"MOTOR VEHICLE THEFT","38.9037175989","-76.9943624199",113,0,113,2169,2112,4281,1777,1749,3526
10602,"THEFT/OTHER","38.9025106082","-77.0013142602",113,0,113,2169,2112,4281,1777,1749,3526
10602,"THEFT/OTHER","38.905645494","-77.0025594614",113,0,113,2169,2112,4281,1777,1749,3526
10602,"THEFT F/AUTO","38.9037266999","-77.0031819475",113,0,113,2169,2112,4281,1777,1749,3526
10602,"THEFT/OTHER","38.9002044689","-77.0013142178",113,0,113,2169,2112,4281,1777,1749,3526
10602,"THEFT/OTHER","38.9001954371","-76.9973139237",113,0,113,2169,2112,4281,1777,1749,3526
10602,"THEFT/OTHER","38.9002044689","-77.0013142178",113,0,113,2169,2112,4281,1777,1749,3526
10602,"THEFT/OTHER","38.9002044689","-77.0013142178",113,0,113,2169,2112,4281,1777,1749,3526
10602,"ASSAULT W/DANGEROUS WEAPON","38.9037266999","-77.0031819475",113,0,113,2169,2112,4281,1777,1749,3526
10602,"THEFT/OTHER","38.9046816275","-76.9995157841",113,0,113,2169,2112,4281,1777,1749,3526
10602,"THEFT F/AUTO","38.9046816213","-77.0013027713",113,0,113,2169,2112,4281,1777,1749,3526
10602,"THEFT F/AUTO","38.9031141738","-77.0005764348",113,0,113,2169,2112,4281,1777,1749,3526
10602,"THEFT/OTHER","38.9013214788","-77.0028129312",113,0,113,2169,2112,4281,1777,1749,3526
10602,"THEFT/OTHER","38.9040600421","-76.9984551342",113,0,113,2169,2112,4281,1777,1749,3526
10602,"THEFT/OTHER","38.9001954371","-76.9973139237",113,0,113,2169,2112,4281,1777,1749,3526
10602,"THEFT/OTHER","38.9043933304","-76.9973137656",113,0,113,2169,2112,4281,1777,1749,3526
10602,"THEFT/OTHER","38.9031141649","-76.998443626",113,0,113,2169,2112,4281,1777,1749,3526
10602,"THEFT/OTHER","38.9001954371","-76.9973139237",113,0,113,2169,2112,4281,1777,1749,3526
10602,"THEFT F/AUTO","38.9037266594","-76.9955729427",113,0,113,2169,2112,4281,1777,1749,3526
10602,"THEFT/OTHER","38.9021772886","-77.0020405524",113,0,113,2169,2112,4281,1777,1749,3526
10602,"THEFT/OTHER","38.9002044763","-77.0000461129",113,0,113,2169,2112,4281,1777,1749,3526
10602,"THEFT F/AUTO","38.9025105817","-77.0028129781",113,0,113,2169,2112,4281,1777,1749,3526
10602,"THEFT F/AUTO","38.9001954371","-76.9973139237",113,0,113,2169,2112,4281,1777,1749,3526
10602,"THEFT F/AUTO","38.9013214818","-76.9973138813",113,0,113,2169,2112,4281,1777,1749,3526
10602,"THEFT F/AUTO","38.9056364925","-76.997774883",113,0,113,2169,2112,4281,1777,1749,3526
10602,"BURGLARY","38.905645494","-77.0025594614",113,0,113,2169,2112,4281,1777,1749,3526
10602,"THEFT F/AUTO","38.9002044689","-77.0013142178",113,0,113,2169,2112,4281,1777,1749,3526
10602,"THEFT/OTHER","38.9037267313","-77.0016716753",113,0,113,2169,2112,4281,1777,1749,3526
10602,"THEFT F/AUTO","38.9041140694","-77.0027784547",113,0,113,2169,2112,4281,1777,1749,3526
10602,"THEFT F/AUTO","38.9046816213","-77.0013027713",113,0,113,2169,2112,4281,1777,1749,3526
10602,"ROBBERY","38.9002044719","-76.9989855161",113,0,113,2169,2112,4281,1777,1749,3526
10602,"THEFT/OTHER","38.905645494","-77.0025594614",113,0,113,2169,2112,4281,1777,1749,3526
10602,"THEFT F/AUTO","38.9001954371","-76.9973139237",113,0,113,2169,2112,4281,1777,1749,3526
10602,"THEFT F/AUTO","38.9046816275","-76.9995157841",113,0,113,2169,2112,4281,1777,1749,3526
10602,"MOTOR VEHICLE THEFT","38.9025105817","-77.0028129781",113,0,113,2169,2112,4281,1777,1749,3526
10602,"THEFT/OTHER","38.9040599896","-76.9961724221",113,0,113,2169,2112,4281,1777,1749,3526
10602,"THEFT/OTHER","38.905645494","-77.0025594614",113,0,113,2169,2112,4281,1777,1749,3526
10602,"THEFT F/AUTO","38.9049608565","-76.9973137443",113,0,113,2169,2112,4281,1777,1749,3526
10602,"MOTOR VEHICLE THEFT","38.9046816275","-76.9995157841",113,0,113,2169,2112,4281,1777,1749,3526
10602,"THEFT F/AUTO","38.9040599896","-76.9961724221",113,0,113,2169,2112,4281,1777,1749,3526
10602,"THEFT F/AUTO","38.9037267389","-76.998985466",113,0,113,2169,2112,4281,1777,1749,3526
10602,"THEFT/OTHER","38.9002044689","-77.0013142178",113,0,113,2169,2112,4281,1777,1749,3526
10602,"THEFT F/AUTO","38.9037266999","-77.0031819475",113,0,113,2169,2112,4281,1777,1749,3526
10602,"THEFT/OTHER","38.9007629318","-76.996172599",113,0,113,2169,2112,4281,1777,1749,3526
10602,"THEFT/OTHER","38.9056364925","-76.997774883",113,0,113,2169,2112,4281,1777,1749,3526
10602,"MOTOR VEHICLE THEFT","38.9025105817","-77.0028129781",113,0,113,2169,2112,4281,1777,1749,3526
10602,"THEFT/OTHER","38.9037175989","-76.9943624199",113,0,113,2169,2112,4281,1777,1749,3526
10602,"THEFT/OTHER","38.9002044689","-77.0013142178",113,0,113,2169,2112,4281,1777,1749,3526
10602,"THEFT/OTHER","38.9001953841","-76.9955731618",113,0,113,2169,2112,4281,1777,1749,3526
10602,"THEFT/OTHER","38.9046816107","-77.0020406241",113,0,113,2169,2112,4281,1777,1749,3526
10602,"THEFT/OTHER","38.9053571973","-76.9963337593",113,0,113,2169,2112,4281,1777,1749,3526
10602,"HOMICIDE","38.9019160539","-76.9984551807",113,0,113,2169,2112,4281,1777,1749,3526
10602,"THEFT F/AUTO","38.9013214788","-77.0028129312",113,0,113,2169,2112,4281,1777,1749,3526
10602,"THEFT/OTHER","38.905645494","-77.0025594614",113,0,113,2169,2112,4281,1777,1749,3526
10602,"THEFT F/AUTO","38.9025105398","-76.9957920615",113,0,113,2169,2112,4281,1777,1749,3526
10602,"THEFT F/AUTO","38.9013215052","-77.0013142383",113,0,113,2169,2112,4281,1777,1749,3526
10602,"THEFT F/AUTO","38.9013214788","-77.0028129312",113,0,113,2169,2112,4281,1777,1749,3526
10602,"THEFT/OTHER","38.9002044763","-77.0000461129",113,0,113,2169,2112,4281,1777,1749,3526
10602,"ROBBERY","38.9019160014","-76.9961725372",113,0,113,2169,2112,4281,1777,1749,3526
10602,"THEFT F/AUTO","38.9018439634","-77.0028129518",113,0,113,2169,2112,4281,1777,1749,3526
10602,"THEFT F/AUTO","38.9061770135","-76.9995042448",113,0,113,2169,2112,4281,1777,1749,3526
10602,"THEFT/OTHER","38.9043933304","-76.9973137656",113,0,113,2169,2112,4281,1777,1749,3526
10602,"THEFT F/AUTO","38.9061770135","-76.9995042448",113,0,113,2169,2112,4281,1777,1749,3526
10602,"THEFT/OTHER","38.9002044689","-77.0013142178",113,0,113,2169,2112,4281,1777,1749,3526
10602,"THEFT/OTHER","38.9037177311","-77.0009453611",113,0,113,2169,2112,4281,1777,1749,3526
10602,"THEFT F/AUTO","38.9002044689","-77.0013142178",113,0,113,2169,2112,4281,1777,1749,3526
10602,"THEFT/OTHER","38.9013215052","-77.0013142383",113,0,113,2169,2112,4281,1777,1749,3526
10602,"THEFT/OTHER","38.9025105398","-76.9957920615",113,0,113,2169,2112,4281,1777,1749,3526
10602,"THEFT F/AUTO","38.9059427871","-76.9984435643",113,0,113,2169,2112,4281,1777,1749,3526
10602,"ROBBERY","38.9069247074","-76.9999654121",113,0,113,2169,2112,4281,1777,1749,3526
10602,"THEFT F/AUTO","38.9013214788","-77.0028129312",113,0,113,2169,2112,4281,1777,1749,3526
10602,"MOTOR VEHICLE THEFT","38.9019160014","-76.9961725372",113,0,113,2169,2112,4281,1777,1749,3526
10602,"MOTOR VEHICLE THEFT","38.9061770135","-76.9995042448",113,0,113,2169,2112,4281,1777,1749,3526
10602,"THEFT F/AUTO","38.9031141738","-77.0005764348",113,0,113,2169,2112,4281,1777,1749,3526
10602,"THEFT/OTHER","38.9025105847","-76.9973138365",113,0,113,2169,2112,4281,1777,1749,3526
10602,"THEFT F/AUTO","38.9013214818","-76.9973138813",113,0,113,2169,2112,4281,1777,1749,3526
10602,"THEFT/OTHER","38.9056364925","-76.997774883",113,0,113,2169,2112,4281,1777,1749,3526
10602,"BURGLARY","38.9037266594","-76.9955729427",113,0,113,2169,2112,4281,1777,1749,3526
10602,"THEFT/OTHER","38.9037267124","-76.9973137907",113,0,113,2169,2112,4281,1777,1749,3526
10602,"THEFT/OTHER","38.9001954371","-76.9973139237",113,0,113,2169,2112,4281,1777,1749,3526
10602,"THEFT F/AUTO","38.9025105817","-77.0028129781",113,0,113,2169,2112,4281,1777,1749,3526
10602,"THEFT/OTHER","38.9032582003","-76.9949619496",113,0,113,2169,2112,4281,1777,1749,3526
10602,"THEFT F/AUTO","38.9025106155","-77.0000461144",113,0,113,2169,2112,4281,1777,1749,3526
10602,"THEFT/OTHER","38.9018439634","-77.0028129518",113,0,113,2169,2112,4281,1777,1749,3526
10602,"THEFT/OTHER","38.9037267313","-77.0016716753",113,0,113,2169,2112,4281,1777,1749,3526
10602,"THEFT F/AUTO","38.9049608565","-76.9973137443",113,0,113,2169,2112,4281,1777,1749,3526
10602,"BURGLARY","38.9025105817","-77.0028129781",113,0,113,2169,2112,4281,1777,1749,3526
10602,"MOTOR VEHICLE THEFT","38.9025105817","-77.0028129781",113,0,113,2169,2112,4281,1777,1749,3526
10602,"THEFT/OTHER","38.9001954371","-76.9973139237",113,0,113,2169,2112,4281,1777,1749,3526
10602,"THEFT/OTHER","38.9037267313","-77.0016716753",113,0,113,2169,2112,4281,1777,1749,3526
10602,"THEFT/OTHER","38.905645494","-77.0025594614",113,0,113,2169,2112,4281,1777,1749,3526
10602,"BURGLARY","38.9002044719","-76.9989855161",113,0,113,2169,2112,4281,1777,1749,3526
10602,"THEFT/OTHER","38.9046816107","-77.0020406241",113,0,113,2169,2112,4281,1777,1749,3526
10602,"THEFT F/AUTO","38.9007629931","-77.0005764158",113,0,113,2169,2112,4281,1777,1749,3526
10602,"THEFT F/AUTO","38.9025105847","-76.9973138365",113,0,113,2169,2112,4281,1777,1749,3526
10602,"MOTOR VEHICLE THEFT","38.9056364925","-76.997774883",113,0,113,2169,2112,4281,1777,1749,3526
10602,"ASSAULT W/DANGEROUS WEAPON","38.9025105398","-76.9957920615",113,0,113,2169,2112,4281,1777,1749,3526
10602,"THEFT/OTHER","38.9007629842","-76.9984436773",113,0,113,2169,2112,4281,1777,1749,3526
10602,"THEFT/OTHER","38.9002044689","-77.0013142178",113,0,113,2169,2112,4281,1777,1749,3526
10602,"THEFT/OTHER","38.9025105398","-76.9957920615",113,0,113,2169,2112,4281,1777,1749,3526
10602,"THEFT F/AUTO","38.9056365136","-77.0000461164",113,0,113,2169,2112,4281,1777,1749,3526
10602,"THEFT F/AUTO","38.9040600421","-76.9984551342",113,0,113,2169,2112,4281,1777,1749,3526
10602,"THEFT/OTHER","38.9013214788","-77.0028129312",113,0,113,2169,2112,4281,1777,1749,3526
10602,"THEFT/OTHER","38.9046816107","-77.0020406241",113,0,113,2169,2112,4281,1777,1749,3526
10602,"ROBBERY","38.9019160014","-76.9961725372",113,0,113,2169,2112,4281,1777,1749,3526
10602,"THEFT F/AUTO","38.9056365136","-77.0000461164",113,0,113,2169,2112,4281,1777,1749,3526
10602,"THEFT/OTHER","38.9001953841","-76.9955731618",113,0,113,2169,2112,4281,1777,1749,3526
10602,"ROBBERY","38.9037266999","-77.0031819475",113,0,113,2169,2112,4281,1777,1749,3526
10602,"THEFT/OTHER","38.9001954371","-76.9973139237",113,0,113,2169,2112,4281,1777,1749,3526
10602,"THEFT/OTHER","38.9001954371","-76.9973139237",113,0,113,2169,2112,4281,1777,1749,3526
10602,"BURGLARY","38.9002044719","-76.9989855161",113,0,113,2169,2112,4281,1777,1749,3526
10602,"ROBBERY","38.9046816182","-76.9984435918",113,0,113,2169,2112,4281,1777,1749,3526
10602,"THEFT/OTHER","38.9064382389","-77.0020406743",113,0,113,2169,2112,4281,1777,1749,3526
10602,"THEFT F/AUTO","38.9007629842","-76.9984436773",113,0,113,2169,2112,4281,1777,1749,3526
10602,"THEFT F/AUTO","38.9046816275","-76.9995157841",113,0,113,2169,2112,4281,1777,1749,3526
10602,"THEFT/OTHER","38.9046815658","-76.9961723888",113,0,113,2169,2112,4281,1777,1749,3526
10602,"THEFT/OTHER","38.9043933304","-76.9973137656",113,0,113,2169,2112,4281,1777,1749,3526
10602,"THEFT F/AUTO","38.9040599896","-76.9961724221",113,0,113,2169,2112,4281,1777,1749,3526
10602,"THEFT/OTHER","38.905645494","-77.0025594614",113,0,113,2169,2112,4281,1777,1749,3526
10602,"THEFT/OTHER","38.9061770135","-76.9995042448",113,0,113,2169,2112,4281,1777,1749,3526
10602,"MOTOR VEHICLE THEFT","38.9015827371","-77.0020405354",113,0,113,2169,2112,4281,1777,1749,3526
10602,"MOTOR VEHICLE THEFT","38.9061770135","-76.9995042448",113,0,113,2169,2112,4281,1777,1749,3526
10602,"THEFT F/AUTO","38.9013215052","-77.0013142383",113,0,113,2169,2112,4281,1777,1749,3526
10602,"THEFT/OTHER","38.9007629842","-76.9984436773",113,0,113,2169,2112,4281,1777,1749,3526
10602,"THEFT F/AUTO","38.9007629767","-77.002040512",113,0,113,2169,2112,4281,1777,1749,3526
10602,"THEFT/OTHER","38.9001954371","-76.9973139237",113,0,113,2169,2112,4281,1777,1749,3526
10602,"THEFT/OTHER","38.9050238607","-76.9955382751",113,0,113,2169,2112,4281,1777,1749,3526
10602,"THEFT/OTHER","38.9037267389","-76.998985466",113,0,113,2169,2112,4281,1777,1749,3526
10602,"THEFT/OTHER","38.9001954371","-76.9973139237",113,0,113,2169,2112,4281,1777,1749,3526
10602,"THEFT/OTHER","38.9048887731","-77.0033318761",113,0,113,2169,2112,4281,1777,1749,3526
10602,"THEFT F/AUTO","38.9037267124","-76.9973137907",113,0,113,2169,2112,4281,1777,1749,3526
10602,"THEFT/OTHER","38.9025105817","-77.0028129781",113,0,113,2169,2112,4281,1777,1749,3526
10602,"MOTOR VEHICLE THEFT","38.9046816275","-76.9995157841",113,0,113,2169,2112,4281,1777,1749,3526
10602,"SEX ABUSE","38.9025105817","-77.0028129781",113,0,113,2169,2112,4281,1777,1749,3526
10602,"THEFT F/AUTO","38.9037267313","-77.0016716753",113,0,113,2169,2112,4281,1777,1749,3526
10602,"THEFT/OTHER","38.9019159555","-76.9949620444",113,0,113,2169,2112,4281,1777,1749,3526
10602,"THEFT F/AUTO","38.9075372666","-77.0014065881",113,0,113,2169,2112,4281,1777,1749,3526
10602,"MOTOR VEHICLE THEFT","38.9046816271","-77.0005764475",113,0,113,2169,2112,4281,1777,1749,3526
10602,"THEFT F/AUTO","38.9037177311","-77.0009453611",113,0,113,2169,2112,4281,1777,1749,3526
10602,"THEFT/OTHER","38.9013214788","-77.0028129312",113,0,113,2169,2112,4281,1777,1749,3526
10602,"THEFT/OTHER","38.9046816213","-77.0013027713",113,0,113,2169,2112,4281,1777,1749,3526
10602,"ROBBERY","38.9075372666","-77.0014065881",113,0,113,2169,2112,4281,1777,1749,3526
10602,"THEFT/OTHER","38.9007628859","-76.9949621258",113,0,113,2169,2112,4281,1777,1749,3526
10602,"BURGLARY","38.9002044689","-77.0013142178",113,0,113,2169,2112,4281,1777,1749,3526
10602,"THEFT F/AUTO","38.9059427871","-76.9984435643",113,0,113,2169,2112,4281,1777,1749,3526
10602,"THEFT/OTHER","38.9001954371","-76.9973139237",113,0,113,2169,2112,4281,1777,1749,3526
10602,"MOTOR VEHICLE THEFT","38.9025106155","-77.0000461144",113,0,113,2169,2112,4281,1777,1749,3526
10602,"THEFT F/AUTO","38.9019160631","-76.9995158029",113,0,113,2169,2112,4281,1777,1749,3526
10602,"THEFT F/AUTO","38.9013215052","-77.0013142383",113,0,113,2169,2112,4281,1777,1749,3526
10602,"THEFT/OTHER","38.9013214788","-77.0028129312",113,0,113,2169,2112,4281,1777,1749,3526
10602,"THEFT/OTHER","38.9031141743","-76.9995157948",113,0,113,2169,2112,4281,1777,1749,3526
10602,"THEFT F/AUTO","38.9061770135","-76.9995042448",113,0,113,2169,2112,4281,1777,1749,3526
10602,"THEFT/OTHER","38.9002044719","-76.9989855161",113,0,113,2169,2112,4281,1777,1749,3526
10602,"THEFT F/AUTO","38.9013215052","-77.0013142383",113,0,113,2169,2112,4281,1777,1749,3526
10602,"THEFT F/AUTO","38.9046816107","-77.0020406241",113,0,113,2169,2112,4281,1777,1749,3526
10602,"THEFT/OTHER","38.9013214788","-77.0028129312",113,0,113,2169,2112,4281,1777,1749,3526
10602,"THEFT F/AUTO","38.9056365091","-76.9989739098",113,0,113,2169,2112,4281,1777,1749,3526
10602,"MOTOR VEHICLE THEFT","38.9037267313","-77.0016716753",113,0,113,2169,2112,4281,1777,1749,3526
10602,"THEFT/OTHER","38.9013215052","-77.0013142383",113,0,113,2169,2112,4281,1777,1749,3526
10602,"THEFT F/AUTO","38.9037266594","-76.9955729427",113,0,113,2169,2112,4281,1777,1749,3526
10602,"MOTOR VEHICLE THEFT","38.9037267313","-77.0016716753",113,0,113,2169,2112,4281,1777,1749,3526
10602,"MOTOR VEHICLE THEFT","38.9041140694","-77.0027784547",113,0,113,2169,2112,4281,1777,1749,3526
10602,"THEFT/OTHER","38.9037267389","-76.998985466",113,0,113,2169,2112,4281,1777,1749,3526
10602,"THEFT/OTHER","38.9031141574","-77.0020405792",113,0,113,2169,2112,4281,1777,1749,3526
10602,"THEFT F/AUTO","38.9049608565","-76.9973137443",113,0,113,2169,2112,4281,1777,1749,3526
10602,"THEFT/OTHER","38.9056365136","-77.0000461164",113,0,113,2169,2112,4281,1777,1749,3526
10602,"THEFT/OTHER","38.9013215052","-77.0013142383",113,0,113,2169,2112,4281,1777,1749,3526
10602,"ROBBERY","38.9007629318","-76.996172599",113,0,113,2169,2112,4281,1777,1749,3526
10602,"MOTOR VEHICLE THEFT","38.9025105847","-76.9973138365",113,0,113,2169,2112,4281,1777,1749,3526
10602,"MOTOR VEHICLE THEFT","38.9041140694","-77.0027784547",113,0,113,2169,2112,4281,1777,1749,3526
10602,"THEFT/OTHER","38.9013214788","-77.0028129312",113,0,113,2169,2112,4281,1777,1749,3526
10602,"THEFT/OTHER","38.9001954371","-76.9973139237",113,0,113,2169,2112,4281,1777,1749,3526
10602,"THEFT/OTHER","38.9007628859","-76.9949621258",113,0,113,2169,2112,4281,1777,1749,3526
10602,"THEFT/OTHER","38.9031141126","-76.9961724729",113,0,113,2169,2112,4281,1777,1749,3526
10602,"THEFT/OTHER","38.9025105817","-77.0028129781",113,0,113,2169,2112,4281,1777,1749,3526
10602,"THEFT/OTHER","38.9072309826","-77.0014181115",113,0,113,2169,2112,4281,1777,1749,3526
10602,"MOTOR VEHICLE THEFT","38.9025105817","-77.0028129781",113,0,113,2169,2112,4281,1777,1749,3526
10602,"THEFT/OTHER","38.9069247074","-76.9999654121",113,0,113,2169,2112,4281,1777,1749,3526
10602,"THEFT F/AUTO","38.9018439634","-77.0028129518",113,0,113,2169,2112,4281,1777,1749,3526
10602,"MOTOR VEHICLE THEFT","38.9013214288","-76.9955730919",113,0,113,2169,2112,4281,1777,1749,3526
10602,"THEFT/OTHER","38.9046816107","-77.0020406241",113,0,113,2169,2112,4281,1777,1749,3526
10602,"THEFT/OTHER","38.9013214788","-77.0028129312",113,0,113,2169,2112,4281,1777,1749,3526
10602,"THEFT F/AUTO","38.9007629931","-77.0005764158",113,0,113,2169,2112,4281,1777,1749,3526
10602,"THEFT F/AUTO","38.9025105817","-77.0028129781",113,0,113,2169,2112,4281,1777,1749,3526
10602,"THEFT F/AUTO","38.9018439634","-77.0028129518",113,0,113,2169,2112,4281,1777,1749,3526
10602,"THEFT/OTHER","38.9002044719","-76.9989855161",113,0,113,2169,2112,4281,1777,1749,3526
10602,"ASSAULT W/DANGEROUS WEAPON","38.9019160539","-76.9984551807",113,0,113,2169,2112,4281,1777,1749,3526
10602,"THEFT F/AUTO","38.9046816213","-77.0013027713",113,0,113,2169,2112,4281,1777,1749,3526
10602,"THEFT/OTHER","38.9037267313","-77.0016716753",113,0,113,2169,2112,4281,1777,1749,3526
10602,"THEFT/OTHER","38.9037267389","-76.998985466",113,0,113,2169,2112,4281,1777,1749,3526
10602,"THEFT/OTHER","38.9043933304","-76.9973137656",113,0,113,2169,2112,4281,1777,1749,3526
10602,"ROBBERY","38.9056365091","-76.9989739098",113,0,113,2169,2112,4281,1777,1749,3526
10602,"THEFT F/AUTO","38.9013215052","-77.0013142383",113,0,113,2169,2112,4281,1777,1749,3526
10602,"ASSAULT W/DANGEROUS WEAPON","38.9031141206","-77.0035738958",113,0,113,2169,2112,4281,1777,1749,3526
10602,"THEFT/OTHER","38.9002044763","-77.0000461129",113,0,113,2169,2112,4281,1777,1749,3526
10602,"THEFT/OTHER","38.9013214788","-77.0028129312",113,0,113,2169,2112,4281,1777,1749,3526
10602,"THEFT/OTHER","38.9037267124","-76.9973137907",113,0,113,2169,2112,4281,1777,1749,3526
10602,"ASSAULT W/DANGEROUS WEAPON","38.9025106111","-76.9989854833",113,0,113,2169,2112,4281,1777,1749,3526
10602,"THEFT F/AUTO","38.9001954371","-76.9973139237",113,0,113,2169,2112,4281,1777,1749,3526
10602,"MOTOR VEHICLE THEFT","38.9007629767","-77.002040512",113,0,113,2169,2112,4281,1777,1749,3526
10602,"THEFT F/AUTO","38.9042401112","-76.9949734091",113,0,113,2169,2112,4281,1777,1749,3526
10602,"MOTOR VEHICLE THEFT","38.9021772886","-77.0020405524",113,0,113,2169,2112,4281,1777,1749,3526
10602,"MOTOR VEHICLE THEFT","38.9061770135","-76.9995042448",113,0,113,2169,2112,4281,1777,1749,3526
10602,"MOTOR VEHICLE THEFT","38.9050238607","-76.9955382751",113,0,113,2169,2112,4281,1777,1749,3526
10602,"THEFT F/AUTO","38.9015827371","-77.0020405354",113,0,113,2169,2112,4281,1777,1749,3526
10602,"BURGLARY","38.9037267313","-77.0016716753",113,0,113,2169,2112,4281,1777,1749,3526
10602,"THEFT F/AUTO","38.9053571973","-76.9963337593",113,0,113,2169,2112,4281,1777,1749,3526
10602,"THEFT/OTHER","38.9013215052","-77.0013142383",113,0,113,2169,2112,4281,1777,1749,3526
10602,"THEFT F/AUTO","38.9007629767","-77.002040512",113,0,113,2169,2112,4281,1777,1749,3526
10602,"MOTOR VEHICLE THEFT","38.9031141574","-77.0020405792",113,0,113,2169,2112,4281,1777,1749,3526
10602,"BURGLARY","38.905645494","-77.0025594614",113,0,113,2169,2112,4281,1777,1749,3526
10602,"THEFT/OTHER","38.9001954371","-76.9973139237",113,0,113,2169,2112,4281,1777,1749,3526
10602,"THEFT/OTHER","38.9046816271","-77.0005764475",113,0,113,2169,2112,4281,1777,1749,3526
10602,"THEFT F/AUTO","38.9037267313","-77.0016716753",113,0,113,2169,2112,4281,1777,1749,3526
10602,"THEFT/OTHER","38.9045103322","-76.9943277705",113,0,113,2169,2112,4281,1777,1749,3526
10602,"THEFT/OTHER","38.9031141743","-76.9995157948",113,0,113,2169,2112,4281,1777,1749,3526
10602,"THEFT F/AUTO","38.9031141743","-76.9995157948",113,0,113,2169,2112,4281,1777,1749,3526
10602,"ROBBERY","38.9002044689","-77.0013142178",113,0,113,2169,2112,4281,1777,1749,3526
10602,"THEFT/OTHER","38.9040599896","-76.9961724221",113,0,113,2169,2112,4281,1777,1749,3526
10602,"THEFT/OTHER","38.9056364925","-76.997774883",113,0,113,2169,2112,4281,1777,1749,3526
10602,"MOTOR VEHICLE THEFT","38.9015827371","-77.0020405354",113,0,113,2169,2112,4281,1777,1749,3526
10602,"MOTOR VEHICLE THEFT","38.9025105817","-77.0028129781",113,0,113,2169,2112,4281,1777,1749,3526
10602,"MOTOR VEHICLE THEFT","38.9025105817","-77.0028129781",113,0,113,2169,2112,4281,1777,1749,3526
10602,"THEFT F/AUTO","38.9013214788","-77.0028129312",113,0,113,2169,2112,4281,1777,1749,3526
10602,"BURGLARY","38.9046816107","-77.0020406241",113,0,113,2169,2112,4281,1777,1749,3526
10602,"THEFT/OTHER","38.9025105847","-76.9973138365",113,0,113,2169,2112,4281,1777,1749,3526
10602,"ROBBERY","38.9059427871","-76.9984435643",113,0,113,2169,2112,4281,1777,1749,3526
10602,"MOTOR VEHICLE THEFT","38.9031141738","-77.0005764348",113,0,113,2169,2112,4281,1777,1749,3526
10602,"THEFT/OTHER","38.9031141738","-77.0005764348",113,0,113,2169,2112,4281,1777,1749,3526
10602,"THEFT/OTHER","38.9031141738","-77.0005764348",113,0,113,2169,2112,4281,1777,1749,3526
10602,"MOTOR VEHICLE THEFT","38.9025106111","-76.9989854833",113,0,113,2169,2112,4281,1777,1749,3526
10602,"THEFT F/AUTO","38.9040599896","-76.9961724221",113,0,113,2169,2112,4281,1777,1749,3526
10602,"THEFT/OTHER","38.905645494","-77.0025594614",113,0,113,2169,2112,4281,1777,1749,3526
10602,"THEFT/OTHER","38.9031141574","-77.0020405792",113,0,113,2169,2112,4281,1777,1749,3526
10602,"THEFT F/AUTO","38.9046816275","-76.9995157841",113,0,113,2169,2112,4281,1777,1749,3526
10602,"ASSAULT W/DANGEROUS WEAPON","38.9025106111","-76.9989854833",113,0,113,2169,2112,4281,1777,1749,3526
10602,"THEFT/OTHER","38.9069247074","-76.9999654121",113,0,113,2169,2112,4281,1777,1749,3526
10602,"MOTOR VEHICLE THEFT","38.9031141743","-76.9995157948",113,0,113,2169,2112,4281,1777,1749,3526
10602,"MOTOR VEHICLE THEFT","38.9059427871","-76.9984435643",113,0,113,2169,2112,4281,1777,1749,3526
10602,"THEFT F/AUTO","38.9025105847","-76.9973138365",113,0,113,2169,2112,4281,1777,1749,3526
10602,"THEFT F/AUTO","38.9025105847","-76.9973138365",113,0,113,2169,2112,4281,1777,1749,3526
10602,"THEFT F/AUTO","38.9037177311","-77.0009453611",113,0,113,2169,2112,4281,1777,1749,3526
10602,"THEFT F/AUTO","38.9025106111","-76.9989854833",113,0,113,2169,2112,4281,1777,1749,3526
10602,"THEFT/OTHER","38.9032582003","-76.9949619496",113,0,113,2169,2112,4281,1777,1749,3526
10602,"THEFT F/AUTO","38.9032582003","-76.9949619496",113,0,113,2169,2112,4281,1777,1749,3526
10602,"THEFT F/AUTO","38.9037266999","-77.0031819475",113,0,113,2169,2112,4281,1777,1749,3526
10602,"ROBBERY","38.9002044763","-77.0000461129",113,0,113,2169,2112,4281,1777,1749,3526
10602,"THEFT F/AUTO","38.9007629767","-77.002040512",113,0,113,2169,2112,4281,1777,1749,3526
10602,"ROBBERY","38.9025106155","-77.0000461144",113,0,113,2169,2112,4281,1777,1749,3526
10602,"ROBBERY","38.9002044763","-77.0000461129",113,0,113,2169,2112,4281,1777,1749,3526
10602,"THEFT/OTHER","38.9025105847","-76.9973138365",113,0,113,2169,2112,4281,1777,1749,3526
10602,"THEFT/OTHER","38.9037267124","-76.9973137907",113,0,113,2169,2112,4281,1777,1749,3526
10602,"THEFT/OTHER","38.9025105817","-77.0028129781",113,0,113,2169,2112,4281,1777,1749,3526
10602,"MOTOR VEHICLE THEFT","38.9013214818","-76.9973138813",113,0,113,2169,2112,4281,1777,1749,3526
10602,"BURGLARY","38.9002044763","-77.0000461129",113,0,113,2169,2112,4281,1777,1749,3526
10602,"THEFT/OTHER","38.9046816182","-76.9984435918",113,0,113,2169,2112,4281,1777,1749,3526
10602,"THEFT F/AUTO","38.9007629318","-76.996172599",113,0,113,2169,2112,4281,1777,1749,3526
10602,"THEFT F/AUTO","38.9025105398","-76.9957920615",113,0,113,2169,2112,4281,1777,1749,3526
10602,"BURGLARY","38.9046816271","-77.0005764475",113,0,113,2169,2112,4281,1777,1749,3526
10602,"THEFT F/AUTO","38.9056365136","-77.0000461164",113,0,113,2169,2112,4281,1777,1749,3526
10602,"THEFT F/AUTO","38.9046816275","-76.9995157841",113,0,113,2169,2112,4281,1777,1749,3526
10602,"THEFT/OTHER","38.90564551","-77.0016717203",113,0,113,2169,2112,4281,1777,1749,3526
10602,"THEFT/OTHER","38.9007629318","-76.996172599",113,0,113,2169,2112,4281,1777,1749,3526
10602,"THEFT/OTHER","38.9001954371","-76.9973139237",113,0,113,2169,2112,4281,1777,1749,3526
10602,"THEFT F/AUTO","38.9046816213","-77.0013027713",113,0,113,2169,2112,4281,1777,1749,3526
10602,"THEFT F/AUTO","38.9049608565","-76.9973137443",113,0,113,2169,2112,4281,1777,1749,3526
10602,"THEFT F/AUTO","38.9001954371","-76.9973139237",113,0,113,2169,2112,4281,1777,1749,3526
10602,"THEFT/OTHER","38.9007629318","-76.996172599",113,0,113,2169,2112,4281,1777,1749,3526
10602,"THEFT/OTHER","38.9013215052","-77.0013142383",113,0,113,2169,2112,4281,1777,1749,3526
10602,"THEFT F/AUTO","38.9013215052","-77.0013142383",113,0,113,2169,2112,4281,1777,1749,3526
10602,"MOTOR VEHICLE THEFT","38.9002044689","-77.0013142178",113,0,113,2169,2112,4281,1777,1749,3526
10602,"THEFT F/AUTO","38.9049608565","-76.9973137443",113,0,113,2169,2112,4281,1777,1749,3526
10602,"THEFT/OTHER","38.9037266594","-76.9955729427",113,0,113,2169,2112,4281,1777,1749,3526
10602,"THEFT/OTHER","38.9019160631","-76.9995158029",113,0,113,2169,2112,4281,1777,1749,3526
10602,"THEFT F/AUTO","38.9040600421","-76.9984551342",113,0,113,2169,2112,4281,1777,1749,3526
10602,"THEFT F/AUTO","38.9007629935","-76.9995158107",113,0,113,2169,2112,4281,1777,1749,3526
10602,"THEFT F/AUTO","38.9037267124","-76.9973137907",113,0,113,2169,2112,4281,1777,1749,3526
10602,"THEFT F/AUTO","38.9051319834","-76.9961723646",113,0,113,2169,2112,4281,1777,1749,3526
10602,"THEFT/OTHER","38.9013214818","-76.9973138813",113,0,113,2169,2112,4281,1777,1749,3526
10602,"THEFT/OTHER","38.9025105817","-77.0028129781",113,0,113,2169,2112,4281,1777,1749,3526
10602,"THEFT/OTHER","38.9072309826","-77.0014181115",113,0,113,2169,2112,4281,1777,1749,3526
10602,"ASSAULT W/DANGEROUS WEAPON","38.9046816107","-77.0020406241",113,0,113,2169,2112,4281,1777,1749,3526
10602,"THEFT/OTHER","38.9072309826","-77.0014181115",113,0,113,2169,2112,4281,1777,1749,3526
10602,"THEFT F/AUTO","38.9025105847","-76.9973138365",113,0,113,2169,2112,4281,1777,1749,3526
10602,"THEFT F/AUTO","38.9046816107","-77.0020406241",113,0,113,2169,2112,4281,1777,1749,3526
10602,"MOTOR VEHICLE THEFT","38.9013214788","-77.0028129312",113,0,113,2169,2112,4281,1777,1749,3526
10602,"THEFT F/AUTO","38.9013215052","-77.0013142383",113,0,113,2169,2112,4281,1777,1749,3526
10602,"THEFT F/AUTO","38.9037267124","-76.9973137907",113,0,113,2169,2112,4281,1777,1749,3526
10602,"THEFT/OTHER","38.9002044689","-77.0013142178",113,0,113,2169,2112,4281,1777,1749,3526
10602,"THEFT F/AUTO","38.9013214788","-77.0028129312",113,0,113,2169,2112,4281,1777,1749,3526
10602,"THEFT/OTHER","38.9001954371","-76.9973139237",113,0,113,2169,2112,4281,1777,1749,3526
10602,"THEFT/OTHER","38.905645494","-77.0025594614",113,0,113,2169,2112,4281,1777,1749,3526
10602,"MOTOR VEHICLE THEFT","38.9046816107","-77.0020406241",113,0,113,2169,2112,4281,1777,1749,3526
10602,"MOTOR VEHICLE THEFT","38.9001953841","-76.9955731618",113,0,113,2169,2112,4281,1777,1749,3526
10602,"THEFT F/AUTO","38.9025106111","-76.9989854833",113,0,113,2169,2112,4281,1777,1749,3526
10602,"THEFT/OTHER","38.9031141738","-77.0005764348",113,0,113,2169,2112,4281,1777,1749,3526
10602,"THEFT F/AUTO","38.9013214788","-77.0028129312",113,0,113,2169,2112,4281,1777,1749,3526
10602,"THEFT/OTHER","38.9002044689","-77.0013142178",113,0,113,2169,2112,4281,1777,1749,3526
10602,"THEFT/OTHER","38.9025105398","-76.9957920615",113,0,113,2169,2112,4281,1777,1749,3526
10602,"BURGLARY","38.9002044763","-77.0000461129",113,0,113,2169,2112,4281,1777,1749,3526
10602,"THEFT/OTHER","38.9025105817","-77.0028129781",113,0,113,2169,2112,4281,1777,1749,3526
10602,"THEFT/OTHER","38.9046816275","-76.9995157841",113,0,113,2169,2112,4281,1777,1749,3526
10602,"THEFT/OTHER","38.9001954371","-76.9973139237",113,0,113,2169,2112,4281,1777,1749,3526
10602,"THEFT/OTHER","38.9001954371","-76.9973139237",113,0,113,2169,2112,4281,1777,1749,3526
10602,"THEFT F/AUTO","38.9042401112","-76.9949734091",113,0,113,2169,2112,4281,1777,1749,3526
10602,"THEFT/OTHER","38.905645494","-77.0025594614",113,0,113,2169,2112,4281,1777,1749,3526
10602,"THEFT F/AUTO","38.9018439634","-77.0028129518",113,0,113,2169,2112,4281,1777,1749,3526
10602,"THEFT F/AUTO","38.9046816271","-77.0005764475",113,0,113,2169,2112,4281,1777,1749,3526
10602,"THEFT/OTHER","38.9069247074","-76.9999654121",113,0,113,2169,2112,4281,1777,1749,3526
10602,"THEFT/OTHER","38.9001954371","-76.9973139237",113,0,113,2169,2112,4281,1777,1749,3526
10602,"THEFT F/AUTO","38.9059427871","-76.9984435643",113,0,113,2169,2112,4281,1777,1749,3526
10602,"THEFT/OTHER","38.9072309826","-77.0014181115",113,0,113,2169,2112,4281,1777,1749,3526
10602,"THEFT/OTHER","38.9002044719","-76.9989855161",113,0,113,2169,2112,4281,1777,1749,3526
10602,"MOTOR VEHICLE THEFT","38.9007629931","-77.0005764158",113,0,113,2169,2112,4281,1777,1749,3526
10602,"THEFT/OTHER","38.9032582003","-76.9949619496",113,0,113,2169,2112,4281,1777,1749,3526
10602,"THEFT/OTHER","38.9013215052","-77.0013142383",113,0,113,2169,2112,4281,1777,1749,3526
10602,"THEFT F/AUTO","38.9031141574","-77.0020405792",113,0,113,2169,2112,4281,1777,1749,3526
10602,"THEFT/OTHER","38.9001954371","-76.9973139237",113,0,113,2169,2112,4281,1777,1749,3526
10602,"MOTOR VEHICLE THEFT","38.9019160539","-76.9984551807",113,0,113,2169,2112,4281,1777,1749,3526
10602,"THEFT/OTHER","38.9046816213","-77.0013027713",113,0,113,2169,2112,4281,1777,1749,3526
10602,"THEFT/OTHER","38.9056364925","-76.997774883",113,0,113,2169,2112,4281,1777,1749,3526
10602,"THEFT F/AUTO","38.9031141574","-77.0020405792",113,0,113,2169,2112,4281,1777,1749,3526
10602,"THEFT/OTHER","38.9046816107","-77.0020406241",113,0,113,2169,2112,4281,1777,1749,3526
10603,"MOTOR VEHICLE THEFT","38.9031138229","-77.0090730838",20,0,20,922,551,1473,871,402,1273
10603,"MOTOR VEHICLE THEFT","38.8971953825","-77.0083921944",20,0,20,922,551,1473,871,402,1273
10603,"THEFT F/AUTO","38.8989069899","-77.0081272514",20,0,20,922,551,1473,871,402,1273
10603,"MOTOR VEHICLE THEFT","38.905636274","-77.0074823884",20,0,20,922,551,1473,871,402,1273
10603,"ROBBERY","38.9042040374","-77.0058912537",20,0,20,922,551,1473,871,402,1273
10603,"MOTOR VEHICLE THEFT","38.901042079","-77.0063867121",20,0,20,922,551,1473,871,402,1273
10603,"MOTOR VEHICLE THEFT","38.8971953825","-77.0083921944",20,0,20,922,551,1473,871,402,1273
10603,"THEFT/OTHER","38.8989069899","-77.0081272514",20,0,20,922,551,1473,871,402,1273
10603,"MOTOR VEHICLE THEFT","38.9051589226","-77.0058913326",20,0,20,922,551,1473,871,402,1273
10603,"THEFT/OTHER","38.9031138229","-77.0090730838",20,0,20,922,551,1473,871,402,1273
10603,"THEFT/OTHER","38.8971953825","-77.0083921944",20,0,20,922,551,1473,871,402,1273
10603,"MOTOR VEHICLE THEFT","38.905636274","-77.0074823884",20,0,20,922,551,1473,871,402,1273
10603,"MOTOR VEHICLE THEFT","38.8989069899","-77.0081272514",20,0,20,922,551,1473,871,402,1273
10603,"THEFT/OTHER","38.9046813889","-77.0074822882",20,0,20,922,551,1473,871,402,1273
10603,"THEFT F/AUTO","38.9031138229","-77.0090730838",20,0,20,922,551,1473,871,402,1273
10603,"THEFT/OTHER","38.9025105195","-77.004738254",20,0,20,922,551,1473,871,402,1273
10603,"MOTOR VEHICLE THEFT","38.905636274","-77.0074823884",20,0,20,922,551,1473,871,402,1273
10603,"MOTOR VEHICLE THEFT","38.8971953825","-77.0083921944",20,0,20,922,551,1473,871,402,1273
10603,"THEFT F/AUTO","38.9046813889","-77.0074822882",20,0,20,922,551,1473,871,402,1273
10603,"MOTOR VEHICLE THEFT","38.905636274","-77.0074823884",20,0,20,922,551,1473,871,402,1273
10603,"THEFT F/AUTO","38.9031138229","-77.0090730838",20,0,20,922,551,1473,871,402,1273
10603,"THEFT/OTHER","38.8971953825","-77.0083921944",20,0,20,922,551,1473,871,402,1273
10603,"BURGLARY","38.9013571938","-77.0090728604",20,0,20,922,551,1473,871,402,1273
10603,"THEFT F/AUTO","38.8978890845","-77.007539215",20,0,20,922,551,1473,871,402,1273
10603,"ASSAULT W/DANGEROUS WEAPON","38.9037265037","-77.007482188",20,0,20,922,551,1473,871,402,1273
10603,"MOTOR VEHICLE THEFT","38.8971953825","-77.0083921944",20,0,20,922,551,1473,871,402,1273
10603,"MOTOR VEHICLE THEFT","38.9051589226","-77.0058913326",20,0,20,922,551,1473,871,402,1273
10603,"MOTOR VEHICLE THEFT","38.9051589226","-77.0058913326",20,0,20,922,551,1473,871,402,1273
10603,"BURGLARY","38.9031230351","-77.0058911645",20,0,20,922,551,1473,871,402,1273
10603,"MOTOR VEHICLE THEFT","38.8971953825","-77.0083921944",20,0,20,922,551,1473,871,402,1273
10603,"THEFT/OTHER","38.9051587188","-77.0090733439",20,0,20,922,551,1473,871,402,1273
10603,"THEFT F/AUTO","38.9037265037","-77.007482188",20,0,20,922,551,1473,871,402,1273
10603,"ROBBERY","38.8971953825","-77.0083921944",20,0,20,922,551,1473,871,402,1273
10603,"THEFT/OTHER","38.8971953825","-77.0083921944",20,0,20,922,551,1473,871,402,1273
10603,"MOTOR VEHICLE THEFT","38.8971953825","-77.0083921944",20,0,20,922,551,1473,871,402,1273
10603,"ASSAULT W/DANGEROUS WEAPON","38.8971953825","-77.0083921944",20,0,20,922,551,1473,871,402,1273
10603,"HOMICIDE","38.8978890845","-77.007539215",20,0,20,922,551,1473,871,402,1273
10603,"MOTOR VEHICLE THEFT","38.902510376","-77.0074820605",20,0,20,922,551,1473,871,402,1273
10603,"THEFT/OTHER","38.8971953825","-77.0083921944",20,0,20,922,551,1473,871,402,1273
10603,"MOTOR VEHICLE THEFT","38.9001143388","-77.0035506891",20,0,20,922,551,1473,871,402,1273
10603,"THEFT F/AUTO","38.9025105195","-77.004738254",20,0,20,922,551,1473,871,402,1273
10603,"BURGLARY","38.9042040374","-77.0058912537",20,0,20,922,551,1473,871,402,1273
10603,"MOTOR VEHICLE THEFT","38.8971953825","-77.0083921944",20,0,20,922,551,1473,871,402,1273
10603,"MOTOR VEHICLE THEFT","38.8971953825","-77.0083921944",20,0,20,922,551,1473,871,402,1273
10603,"MOTOR VEHICLE THEFT","38.8971953825","-77.0083921944",20,0,20,922,551,1473,871,402,1273
10603,"MOTOR VEHICLE THEFT","38.8971953825","-77.0083921944",20,0,20,922,551,1473,871,402,1273
10603,"MOTOR VEHICLE THEFT","38.9051589226","-77.0058913326",20,0,20,922,551,1473,871,402,1273
10603,"MOTOR VEHICLE THEFT","38.9051589226","-77.0058913326",20,0,20,922,551,1473,871,402,1273
10603,"THEFT F/AUTO","38.9051589226","-77.0058913326",20,0,20,922,551,1473,871,402,1273
10603,"THEFT F/AUTO","38.8971953825","-77.0083921944",20,0,20,922,551,1473,871,402,1273
10603,"THEFT/OTHER","38.9031138229","-77.0090730838",20,0,20,922,551,1473,871,402,1273
10603,"MOTOR VEHICLE THEFT","38.9046813889","-77.0074822882",20,0,20,922,551,1473,871,402,1273
10603,"THEFT/OTHER","38.905636274","-77.0074823884",20,0,20,922,551,1473,871,402,1273
10603,"BURGLARY","38.8971953825","-77.0083921944",20,0,20,922,551,1473,871,402,1273
10603,"THEFT F/AUTO","38.905636274","-77.0074823884",20,0,20,922,551,1473,871,402,1273
10603,"ASSAULT W/DANGEROUS WEAPON","38.9051589226","-77.0058913326",20,0,20,922,551,1473,871,402,1273
10603,"THEFT/OTHER","38.8971953825","-77.0083921944",20,0,20,922,551,1473,871,402,1273
10603,"THEFT/OTHER","38.902510376","-77.0074820605",20,0,20,922,551,1473,871,402,1273
10603,"THEFT/OTHER","38.905636274","-77.0074823884",20,0,20,922,551,1473,871,402,1273
10603,"MOTOR VEHICLE THEFT","38.9031230351","-77.0058911645",20,0,20,922,551,1473,871,402,1273
10603,"MOTOR VEHICLE THEFT","38.8971953825","-77.0083921944",20,0,20,922,551,1473,871,402,1273
10603,"THEFT F/AUTO","38.9013571938","-77.0090728604",20,0,20,922,551,1473,871,402,1273
10603,"THEFT/OTHER","38.9051589226","-77.0058913326",20,0,20,922,551,1473,871,402,1273
10603,"THEFT/OTHER","38.9051589226","-77.0058913326",20,0,20,922,551,1473,871,402,1273
10603,"THEFT F/AUTO","38.9037265037","-77.007482188",20,0,20,922,551,1473,871,402,1273
10603,"MOTOR VEHICLE THEFT","38.905636274","-77.0074823884",20,0,20,922,551,1473,871,402,1273
10603,"MOTOR VEHICLE THEFT","38.8971953825","-77.0083921944",20,0,20,922,551,1473,871,402,1273
10603,"MOTOR VEHICLE THEFT","38.9051589226","-77.0058913326",20,0,20,922,551,1473,871,402,1273
10603,"MOTOR VEHICLE THEFT","38.901042079","-77.0063867121",20,0,20,922,551,1473,871,402,1273
10603,"MOTOR VEHICLE THEFT","38.8971953825","-77.0083921944",20,0,20,922,551,1473,871,402,1273
10603,"THEFT F/AUTO","38.8971953825","-77.0083921944",20,0,20,922,551,1473,871,402,1273
10603,"BURGLARY","38.9042040374","-77.0058912537",20,0,20,922,551,1473,871,402,1273
10603,"MOTOR VEHICLE THEFT","38.8971953825","-77.0083921944",20,0,20,922,551,1473,871,402,1273
10603,"BURGLARY","38.9042040374","-77.0058912537",20,0,20,922,551,1473,871,402,1273
10603,"MOTOR VEHICLE THEFT","38.8971953825","-77.0083921944",20,0,20,922,551,1473,871,402,1273
10603,"MOTOR VEHICLE THEFT","38.9051587188","-77.0090733439",20,0,20,922,551,1473,871,402,1273
10603,"MOTOR VEHICLE THEFT","38.8971953825","-77.0083921944",20,0,20,922,551,1473,871,402,1273
10603,"THEFT/OTHER","38.9046813889","-77.0074822882",20,0,20,922,551,1473,871,402,1273
10603,"MOTOR VEHICLE THEFT","38.9051589226","-77.0058913326",20,0,20,922,551,1473,871,402,1273
10603,"THEFT F/AUTO","38.902510376","-77.0074820605",20,0,20,922,551,1473,871,402,1273
10603,"THEFT/OTHER","38.8971953825","-77.0083921944",20,0,20,922,551,1473,871,402,1273
10603,"THEFT F/AUTO","38.8971953825","-77.0083921944",20,0,20,922,551,1473,871,402,1273
10603,"THEFT F/AUTO","38.905636274","-77.0074823884",20,0,20,922,551,1473,871,402,1273
10603,"THEFT/OTHER","38.9046813889","-77.0074822882",20,0,20,922,551,1473,871,402,1273
10603,"THEFT/OTHER","38.905636274","-77.0074823884",20,0,20,922,551,1473,871,402,1273
10603,"THEFT F/AUTO","38.8989069899","-77.0081272514",20,0,20,922,551,1473,871,402,1273
10603,"THEFT/OTHER","38.905636274","-77.0074823884",20,0,20,922,551,1473,871,402,1273
10603,"THEFT F/AUTO","38.902510376","-77.0074820605",20,0,20,922,551,1473,871,402,1273
10603,"MOTOR VEHICLE THEFT","38.905636274","-77.0074823884",20,0,20,922,551,1473,871,402,1273
10603,"THEFT/OTHER","38.9001143388","-77.0035506891",20,0,20,922,551,1473,871,402,1273
10603,"THEFT F/AUTO","38.902510376","-77.0074820605",20,0,20,922,551,1473,871,402,1273
10603,"MOTOR VEHICLE THEFT","38.8971953825","-77.0083921944",20,0,20,922,551,1473,871,402,1273
10603,"THEFT/OTHER","38.8971953825","-77.0083921944",20,0,20,922,551,1473,871,402,1273
10603,"ASSAULT W/DANGEROUS WEAPON","38.9025105195","-77.004738254",20,0,20,922,551,1473,871,402,1273
10603,"THEFT/OTHER","38.9046813889","-77.0074822882",20,0,20,922,551,1473,871,402,1273
10603,"THEFT F/AUTO","38.902510376","-77.0074820605",20,0,20,922,551,1473,871,402,1273
10603,"MOTOR VEHICLE THEFT","38.8978890845","-77.007539215",20,0,20,922,551,1473,871,402,1273
10603,"ASSAULT W/DANGEROUS WEAPON","38.9031138229","-77.0090730838",20,0,20,922,551,1473,871,402,1273
10603,"MOTOR VEHICLE THEFT","38.9051589226","-77.0058913326",20,0,20,922,551,1473,871,402,1273
10603,"MOTOR VEHICLE THEFT","38.8971953825","-77.0083921944",20,0,20,922,551,1473,871,402,1273
10603,"THEFT/OTHER","38.9046813889","-77.0074822882",20,0,20,922,551,1473,871,402,1273
10603,"THEFT/OTHER","38.9025105195","-77.004738254",20,0,20,922,551,1473,871,402,1273
10603,"ROBBERY","38.9051589226","-77.0058913326",20,0,20,922,551,1473,871,402,1273
10603,"BURGLARY","38.8971953825","-77.0083921944",20,0,20,922,551,1473,871,402,1273
10603,"THEFT/OTHER","38.9031230351","-77.0058911645",20,0,20,922,551,1473,871,402,1273
10603,"THEFT/OTHER","38.8971953825","-77.0083921944",20,0,20,922,551,1473,871,402,1273
10603,"THEFT F/AUTO","38.8971953825","-77.0083921944",20,0,20,922,551,1473,871,402,1273
10603,"THEFT F/AUTO","38.8981234923","-77.0035160063",20,0,20,922,551,1473,871,402,1273
10603,"THEFT F/AUTO","38.8989069899","-77.0081272514",20,0,20,922,551,1473,871,402,1273
10603,"ROBBERY","38.8971953825","-77.0083921944",20,0,20,922,551,1473,871,402,1273
10603,"MOTOR VEHICLE THEFT","38.8971953825","-77.0083921944",20,0,20,922,551,1473,871,402,1273
10603,"THEFT/OTHER","38.8971953825","-77.0083921944",20,0,20,922,551,1473,871,402,1273
10603,"THEFT/OTHER","38.8971953825","-77.0083921944",20,0,20,922,551,1473,871,402,1273
10603,"MOTOR VEHICLE THEFT","38.9051589226","-77.0058913326",20,0,20,922,551,1473,871,402,1273
10603,"MOTOR VEHICLE THEFT","38.9046813889","-77.0074822882",20,0,20,922,551,1473,871,402,1273
10603,"THEFT/OTHER","38.905636274","-77.0074823884",20,0,20,922,551,1473,871,402,1273
10603,"THEFT F/AUTO","38.9013571938","-77.0090728604",20,0,20,922,551,1473,871,402,1273
10603,"MOTOR VEHICLE THEFT","38.905636274","-77.0074823884",20,0,20,922,551,1473,871,402,1273
10603,"THEFT F/AUTO","38.905636274","-77.0074823884",20,0,20,922,551,1473,871,402,1273
10603,"THEFT F/AUTO","38.8971953825","-77.0083921944",20,0,20,922,551,1473,871,402,1273
10603,"THEFT F/AUTO","38.9025105195","-77.004738254",20,0,20,922,551,1473,871,402,1273
10603,"MOTOR VEHICLE THEFT","38.8971953825","-77.0083921944",20,0,20,922,551,1473,871,402,1273
10603,"THEFT F/AUTO","38.9031230351","-77.0058911645",20,0,20,922,551,1473,871,402,1273
10603,"THEFT F/AUTO","38.8971953825","-77.0083921944",20,0,20,922,551,1473,871,402,1273
10603,"THEFT F/AUTO","38.9001143388","-77.0035506891",20,0,20,922,551,1473,871,402,1273
10603,"THEFT/OTHER","38.9051589226","-77.0058913326",20,0,20,922,551,1473,871,402,1273
10603,"THEFT F/AUTO","38.9037265037","-77.007482188",20,0,20,922,551,1473,871,402,1273
10603,"BURGLARY","38.9042040374","-77.0058912537",20,0,20,922,551,1473,871,402,1273
10603,"THEFT/OTHER","38.8971953825","-77.0083921944",20,0,20,922,551,1473,871,402,1273
10603,"MOTOR VEHICLE THEFT","38.9051589226","-77.0058913326",20,0,20,922,551,1473,871,402,1273
10603,"MOTOR VEHICLE THEFT","38.8971953825","-77.0083921944",20,0,20,922,551,1473,871,402,1273
10603,"THEFT/OTHER","38.8971953825","-77.0083921944",20,0,20,922,551,1473,871,402,1273
10603,"THEFT/OTHER","38.9037265037","-77.007482188",20,0,20,922,551,1473,871,402,1273
10603,"THEFT F/AUTO","38.9046813889","-77.0074822882",20,0,20,922,551,1473,871,402,1273
10603,"THEFT/OTHER","38.9031138229","-77.0090730838",20,0,20,922,551,1473,871,402,1273
10603,"THEFT/OTHER","38.8971953825","-77.0083921944",20,0,20,922,551,1473,871,402,1273
10603,"BURGLARY","38.8971953825","-77.0083921944",20,0,20,922,551,1473,871,402,1273
10603,"THEFT/OTHER","38.8971953825","-77.0083921944",20,0,20,922,551,1473,871,402,1273
10603,"MOTOR VEHICLE THEFT","38.905636274","-77.0074823884",20,0,20,922,551,1473,871,402,1273
10603,"MOTOR VEHICLE THEFT","38.8971953825","-77.0083921944",20,0,20,922,551,1473,871,402,1273
10603,"THEFT F/AUTO","38.9013571938","-77.0090728604",20,0,20,922,551,1473,871,402,1273
10603,"THEFT/OTHER","38.9031138229","-77.0090730838",20,0,20,922,551,1473,871,402,1273
10603,"THEFT/OTHER","38.905636274","-77.0074823884",20,0,20,922,551,1473,871,402,1273
10603,"THEFT/OTHER","38.9031230351","-77.0058911645",20,0,20,922,551,1473,871,402,1273
10603,"THEFT F/AUTO","38.905636274","-77.0074823884",20,0,20,922,551,1473,871,402,1273
10700,"THEFT F/AUTO","38.904693929","-77.0365467771",0,46,46,826,762,1588,747,622,1369
10700,"THEFT/OTHER","38.9031434735","-77.0396702609",0,46,46,826,762,1588,747,622,1369
10700,"THEFT/OTHER","38.904233267","-77.0403049553",0,46,46,826,762,1588,747,622,1369
10700,"THEFT/OTHER","38.9031434735","-77.0396702609",0,46,46,826,762,1588,747,622,1369
10700,"THEFT/OTHER","38.902525594","-77.0441787536",0,46,46,826,762,1588,747,622,1369
10700,"THEFT/OTHER","38.9013324815","-77.0405799981",0,46,46,826,762,1588,747,622,1369
10700,"THEFT F/AUTO","38.9078982421","-77.0442385758",0,46,46,826,762,1588,747,622,1369
10700,"THEFT F/AUTO","38.9072331184","-77.0400991219",0,46,46,826,762,1588,747,622,1369
10700,"ROBBERY","38.9084762739","-77.0400882912",0,46,46,826,762,1588,747,622,1369
10700,"THEFT/OTHER","38.9060614764","-77.0416894892",0,46,46,826,762,1588,747,622,1369
10700,"THEFT F/AUTO","38.9072331184","-77.0400991219",0,46,46,826,762,1588,747,622,1369
10700,"THEFT/OTHER","38.9025243497","-77.0457731586",0,46,46,826,762,1588,747,622,1369
10700,"ROBBERY","38.9037349916","-77.0477753348",0,46,46,826,762,1588,747,622,1369
10700,"THEFT/OTHER","38.9031434735","-77.0396702609",0,46,46,826,762,1588,747,622,1369
10700,"THEFT/OTHER","38.9031434735","-77.0396702609",0,46,46,826,762,1588,747,622,1369
10700,"THEFT/OTHER","38.9037370021","-77.0425758481",0,46,46,826,762,1588,747,622,1369
10700,"THEFT/OTHER","38.9031434735","-77.0396702609",0,46,46,826,762,1588,747,622,1369
10700,"THEFT/OTHER","38.9099274291","-77.0436069637",0,46,46,826,762,1588,747,622,1369
10700,"THEFT F/AUTO","38.9056467723","-77.042576988",0,46,46,826,762,1588,747,622,1369
10700,"THEFT/OTHER","38.9019274199","-77.039450543",0,46,46,826,762,1588,747,622,1369
10700,"THEFT/OTHER","38.902525594","-77.0441787536",0,46,46,826,762,1588,747,622,1369
10700,"THEFT/OTHER","38.902525594","-77.0441787536",0,46,46,826,762,1588,747,622,1369
10700,"THEFT/OTHER","38.9031434735","-77.0396702609",0,46,46,826,762,1588,747,622,1369
10700,"THEFT F/AUTO","38.9071712284","-77.0365365171",0,46,46,826,762,1588,747,622,1369
10700,"THEFT/OTHER","38.9051969682","-77.0408588935",0,46,46,826,762,1588,747,622,1369
10700,"THEFT/OTHER","38.9031331156","-77.0434631976",0,46,46,826,762,1588,747,622,1369
10700,"ROBBERY","38.9013324815","-77.0405799981",0,46,46,826,762,1588,747,622,1369
10700,"ASSAULT W/DANGEROUS WEAPON","38.9025250378","-77.0375258276",0,46,46,826,762,1588,747,622,1369
10700,"THEFT/OTHER","38.9068451532","-77.0418282989",0,46,46,826,762,1588,747,622,1369
10700,"ROBBERY","38.9019274199","-77.039450543",0,46,46,826,762,1588,747,622,1369
10700,"THEFT/OTHER","38.9056467723","-77.042576988",0,46,46,826,762,1588,747,622,1369
10700,"THEFT/OTHER","38.902525594","-77.0441787536",0,46,46,826,762,1588,747,622,1369
10700,"BURGLARY","38.9037370021","-77.0425758481",0,46,46,826,762,1588,747,622,1369
10700,"THEFT/OTHER","38.9046915604","-77.0434641472",0,46,46,826,762,1588,747,622,1369
10700,"BURGLARY","38.9013311724","-77.0441883895",0,46,46,826,762,1588,747,622,1369
10700,"THEFT/OTHER","38.9031434735","-77.0396702609",0,46,46,826,762,1588,747,622,1369
10700,"THEFT/OTHER","38.9031434735","-77.0396702609",0,46,46,826,762,1588,747,622,1369
10700,"ASSAULT W/DANGEROUS WEAPON","38.9069908284","-77.0372743014",0,46,46,826,762,1588,747,622,1369
10700,"BURGLARY","38.9007735656","-77.0417094554",0,46,46,826,762,1588,747,622,1369
10700,"THEFT/OTHER","38.9031434735","-77.0396702609",0,46,46,826,762,1588,747,622,1369
10700,"THEFT/OTHER","38.9051969682","-77.0408588935",0,46,46,826,762,1588,747,622,1369
10700,"THEFT/OTHER","38.9031434735","-77.0396702609",0,46,46,826,762,1588,747,622,1369
10700,"MOTOR VEHICLE THEFT","38.9045455632","-77.048213977",0,46,46,826,762,1588,747,622,1369
10700,"THEFT/OTHER","38.9060615912","-77.0413666724",0,46,46,826,762,1588,747,622,1369
10700,"THEFT/OTHER","38.9099274291","-77.0436069637",0,46,46,826,762,1588,747,622,1369
10700,"THEFT/OTHER","38.9004483535","-77.0441878426",0,46,46,826,762,1588,747,622,1369
10700,"THEFT/OTHER","38.9051969682","-77.0408588935",0,46,46,826,762,1588,747,622,1369
10700,"THEFT/OTHER","38.9004483535","-77.0441878426",0,46,46,826,762,1588,747,622,1369
10700,"THEFT/OTHER","38.9037387332","-77.0375262355",0,46,46,826,762,1588,747,622,1369
10700,"BURGLARY","38.9013311724","-77.0441883895",0,46,46,826,762,1588,747,622,1369
10700,"THEFT F/AUTO","38.9067354161","-77.0461747741",0,46,46,826,762,1588,747,622,1369
10700,"THEFT/OTHER","38.9031434735","-77.0396702609",0,46,46,826,762,1588,747,622,1369
10700,"THEFT/OTHER","38.9019274199","-77.039450543",0,46,46,826,762,1588,747,622,1369
10700,"THEFT F/AUTO","38.9031258426","-77.0385173812",0,46,46,826,762,1588,747,622,1369
10700,"BURGLARY","38.9081334001","-77.0416791707",0,46,46,826,762,1588,747,622,1369
10700,"THEFT F/AUTO","38.9031325706","-77.0449042848",0,46,46,826,762,1588,747,622,1369
10700,"THEFT F/AUTO","38.9056545686","-77.0457820847",0,46,46,826,762,1588,747,622,1369
10700,"THEFT/OTHER","38.9037349916","-77.0477753348",0,46,46,826,762,1588,747,622,1369
10700,"BURGLARY","38.9025232111","-77.0389777387",0,46,46,826,762,1588,747,622,1369
10700,"THEFT/OTHER","38.902525594","-77.0441787536",0,46,46,826,762,1588,747,622,1369
10700,"THEFT/OTHER","38.9031434735","-77.0396702609",0,46,46,826,762,1588,747,622,1369
10700,"THEFT/OTHER","38.904233267","-77.0403049553",0,46,46,826,762,1588,747,622,1369
10700,"THEFT/OTHER","38.9047469991","-77.0395558631",0,46,46,826,762,1588,747,622,1369
10700,"THEFT/OTHER","38.9007653421","-77.0394499004",0,46,46,826,762,1588,747,622,1369
10700,"THEFT/OTHER","38.9031434735","-77.0396702609",0,46,46,826,762,1588,747,622,1369
10700,"BURGLARY","38.9025250378","-77.0375258276",0,46,46,826,762,1588,747,622,1369
10700,"BURGLARY","38.9007735656","-77.0417094554",0,46,46,826,762,1588,747,622,1369
10700,"THEFT F/AUTO","38.902525594","-77.0441787536",0,46,46,826,762,1588,747,622,1369
10700,"THEFT/OTHER","38.9004483535","-77.0441878426",0,46,46,826,762,1588,747,622,1369
10700,"THEFT/OTHER","38.902525594","-77.0441787536",0,46,46,826,762,1588,747,622,1369
10700,"THEFT F/AUTO","38.9078982421","-77.0442385758",0,46,46,826,762,1588,747,622,1369
10700,"ROBBERY","38.9099253533","-77.043617224",0,46,46,826,762,1588,747,622,1369
10700,"THEFT/OTHER","38.9037370021","-77.0425758481",0,46,46,826,762,1588,747,622,1369
10700,"THEFT/OTHER","38.9051969682","-77.0408588935",0,46,46,826,762,1588,747,622,1369
10700,"THEFT/OTHER","38.9001890541","-77.0387117753",0,46,46,826,762,1588,747,622,1369
10700,"MOTOR VEHICLE THEFT","38.9099253533","-77.043617224",0,46,46,826,762,1588,747,622,1369
10700,"MOTOR VEHICLE THEFT","38.9072411823","-77.0427624096",0,46,46,826,762,1588,747,622,1369
10700,"THEFT/OTHER","38.9051969682","-77.0408588935",0,46,46,826,762,1588,747,622,1369
10700,"THEFT/OTHER","38.9037370021","-77.0425758481",0,46,46,826,762,1588,747,622,1369
10700,"THEFT F/AUTO","38.9060615912","-77.0413666724",0,46,46,826,762,1588,747,622,1369
10700,"THEFT/OTHER","38.9042428782","-77.0385179844",0,46,46,826,762,1588,747,622,1369
10700,"THEFT/OTHER","38.9046915604","-77.0434641472",0,46,46,826,762,1588,747,622,1369
10700,"BURGLARY","38.9007567211","-77.0382855357",0,46,46,826,762,1588,747,622,1369
10700,"ASSAULT W/DANGEROUS WEAPON","38.9019274199","-77.039450543",0,46,46,826,762,1588,747,622,1369
10700,"THEFT/OTHER","38.9031258426","-77.0385173812",0,46,46,826,762,1588,747,622,1369
10700,"THEFT F/AUTO","38.9025249221","-77.040567188",0,46,46,826,762,1588,747,622,1369
10700,"THEFT/OTHER","38.9031434735","-77.0396702609",0,46,46,826,762,1588,747,622,1369
10700,"THEFT F/AUTO","38.907240659","-77.0441689918",0,46,46,826,762,1588,747,622,1369
10700,"THEFT/OTHER","38.9031264759","-77.036545974",0,46,46,826,762,1588,747,622,1369
10700,"BURGLARY","38.904233267","-77.0403049553",0,46,46,826,762,1588,747,622,1369
10700,"THEFT F/AUTO","38.9078982421","-77.0442385758",0,46,46,826,762,1588,747,622,1369
10700,"THEFT/OTHER","38.9056461773","-77.0441795335",0,46,46,826,762,1588,747,622,1369
10700,"THEFT/OTHER","38.9056467723","-77.042576988",0,46,46,826,762,1588,747,622,1369
10700,"THEFT F/AUTO","38.9060981653","-77.0398102544",0,46,46,826,762,1588,747,622,1369
10700,"THEFT F/AUTO","38.9031264759","-77.036545974",0,46,46,826,762,1588,747,622,1369
10700,"THEFT/OTHER","38.9099253533","-77.043617224",0,46,46,826,762,1588,747,622,1369
10700,"THEFT/OTHER","38.9051969682","-77.0408588935",0,46,46,826,762,1588,747,622,1369
10700,"HOMICIDE","38.9045455632","-77.048213977",0,46,46,826,762,1588,747,622,1369
10700,"THEFT/OTHER","38.9031434735","-77.0396702609",0,46,46,826,762,1588,747,622,1369
10700,"THEFT F/AUTO","38.9025249221","-77.040567188",0,46,46,826,762,1588,747,622,1369
10700,"THEFT/OTHER","38.9004483535","-77.0441878426",0,46,46,826,762,1588,747,622,1369
10700,"THEFT/OTHER","38.9045455632","-77.048213977",0,46,46,826,762,1588,747,622,1369
10700,"THEFT F/AUTO","38.9060986019","-77.0385074573",0,46,46,826,762,1588,747,622,1369
10700,"THEFT/OTHER","38.9004483535","-77.0441878426",0,46,46,826,762,1588,747,622,1369
10700,"MOTOR VEHICLE THEFT","38.9099274291","-77.0436069637",0,46,46,826,762,1588,747,622,1369
10700,"THEFT/OTHER","38.9099274291","-77.0436069637",0,46,46,826,762,1588,747,622,1369
10700,"THEFT F/AUTO","38.8999444259","-77.0427349791",0,46,46,826,762,1588,747,622,1369
10700,"THEFT/OTHER","38.9056467723","-77.042576988",0,46,46,826,762,1588,747,622,1369
10700,"THEFT F/AUTO","38.9007653421","-77.0394499004",0,46,46,826,762,1588,747,622,1369
10700,"BURGLARY","38.9056545686","-77.0457820847",0,46,46,826,762,1588,747,622,1369
10700,"THEFT/OTHER","38.9031434735","-77.0396702609",0,46,46,826,762,1588,747,622,1369
10700,"THEFT/OTHER","38.9045455632","-77.048213977",0,46,46,826,762,1588,747,622,1369
10700,"BURGLARY","38.9037370021","-77.0425758481",0,46,46,826,762,1588,747,622,1369
10700,"THEFT F/AUTO","38.906702301","-77.0380812",0,46,46,826,762,1588,747,622,1369
10700,"THEFT/OTHER","38.9099253533","-77.043617224",0,46,46,826,762,1588,747,622,1369
10700,"THEFT/OTHER","38.9031434735","-77.0396702609",0,46,46,826,762,1588,747,622,1369
10700,"THEFT/OTHER","38.9099253533","-77.043617224",0,46,46,826,762,1588,747,622,1369
10700,"BURGLARY","38.9013311724","-77.0441883895",0,46,46,826,762,1588,747,622,1369
10700,"THEFT F/AUTO","38.9072331184","-77.0400991219",0,46,46,826,762,1588,747,622,1369
10700,"THEFT/OTHER","38.904233267","-77.0403049553",0,46,46,826,762,1588,747,622,1369
10700,"THEFT F/AUTO","38.9078982421","-77.0442385758",0,46,46,826,762,1588,747,622,1369
10700,"THEFT/OTHER","38.9051969682","-77.0408588935",0,46,46,826,762,1588,747,622,1369
10700,"THEFT/OTHER","38.9056467723","-77.042576988",0,46,46,826,762,1588,747,622,1369
10700,"THEFT/OTHER","38.902525594","-77.0441787536",0,46,46,826,762,1588,747,622,1369
10700,"THEFT/OTHER","38.904233267","-77.0403049553",0,46,46,826,762,1588,747,622,1369
10700,"THEFT/OTHER","38.9019274199","-77.039450543",0,46,46,826,762,1588,747,622,1369
10700,"THEFT/OTHER","38.904233267","-77.0403049553",0,46,46,826,762,1588,747,622,1369
10700,"THEFT/OTHER","38.9013334991","-77.0375364986",0,46,46,826,762,1588,747,622,1369
10700,"THEFT F/AUTO","38.9072331184","-77.0400991219",0,46,46,826,762,1588,747,622,1369
10700,"THEFT/OTHER","38.9056461773","-77.0441795335",0,46,46,826,762,1588,747,622,1369
10700,"THEFT/OTHER","38.8991974969","-77.0405903117",0,46,46,826,762,1588,747,622,1369
10700,"THEFT/OTHER","38.9004483535","-77.0441878426",0,46,46,826,762,1588,747,622,1369
10700,"THEFT F/AUTO","38.9078982421","-77.0442385758",0,46,46,826,762,1588,747,622,1369
10700,"THEFT/OTHER","38.9031434735","-77.0396702609",0,46,46,826,762,1588,747,622,1369
10700,"BURGLARY","38.9051969682","-77.0408588935",0,46,46,826,762,1588,747,622,1369
10700,"THEFT/OTHER","38.904233267","-77.0403049553",0,46,46,826,762,1588,747,622,1369
10700,"THEFT/OTHER","38.9056485034","-77.0375272403",0,46,46,826,762,1588,747,622,1369
10700,"THEFT/OTHER","38.9037376195","-77.0408465288",0,46,46,826,762,1588,747,622,1369
10700,"MOTOR VEHICLE THEFT","38.9037349916","-77.0477753348",0,46,46,826,762,1588,747,622,1369
10700,"THEFT/OTHER","38.9031434735","-77.0396702609",0,46,46,826,762,1588,747,622,1369
10700,"THEFT F/AUTO","38.9019277277","-77.0385282628",0,46,46,826,762,1588,747,622,1369
10700,"THEFT F/AUTO","38.9056467723","-77.042576988",0,46,46,826,762,1588,747,622,1369
10700,"THEFT F/AUTO","38.9060614764","-77.0416894892",0,46,46,826,762,1588,747,622,1369
10700,"THEFT F/AUTO","38.9037387332","-77.0375262355",0,46,46,826,762,1588,747,622,1369
10700,"THEFT/OTHER","38.904233267","-77.0403049553",0,46,46,826,762,1588,747,622,1369
10700,"THEFT F/AUTO","38.9072402309","-77.0452873398",0,46,46,826,762,1588,747,622,1369
10700,"THEFT/OTHER","38.9072331184","-77.0400991219",0,46,46,826,762,1588,747,622,1369
10700,"THEFT/OTHER","38.9051969682","-77.0408588935",0,46,46,826,762,1588,747,622,1369
10700,"THEFT/OTHER","38.9045455632","-77.048213977",0,46,46,826,762,1588,747,622,1369
10700,"MOTOR VEHICLE THEFT","38.9037364071","-77.0441783507",0,46,46,826,762,1588,747,622,1369
10700,"BURGLARY","38.9031264759","-77.036545974",0,46,46,826,762,1588,747,622,1369
10700,"THEFT/OTHER","38.9031337585","-77.0416993068",0,46,46,826,762,1588,747,622,1369
10700,"THEFT F/AUTO","38.9068451532","-77.0418282989",0,46,46,826,762,1588,747,622,1369
10700,"THEFT/OTHER","38.9004483535","-77.0441878426",0,46,46,826,762,1588,747,622,1369
10700,"THEFT/OTHER","38.9060981653","-77.0398102544",0,46,46,826,762,1588,747,622,1369
10700,"THEFT F/AUTO","38.9076457577","-77.0448955967",0,46,46,826,762,1588,747,622,1369
10700,"THEFT/OTHER","38.9031434735","-77.0396702609",0,46,46,826,762,1588,747,622,1369
10700,"THEFT F/AUTO","38.9071750139","-77.0365299473",0,46,46,826,762,1588,747,622,1369
10700,"THEFT F/AUTO","38.9081334001","-77.0416791707",0,46,46,826,762,1588,747,622,1369
10700,"THEFT/OTHER","38.9031434735","-77.0396702609",0,46,46,826,762,1588,747,622,1369
10700,"THEFT/OTHER","38.9056467723","-77.042576988",0,46,46,826,762,1588,747,622,1369
10700,"THEFT/OTHER","38.9031434735","-77.0396702609",0,46,46,826,762,1588,747,622,1369
10700,"THEFT/OTHER","38.9099274291","-77.0436069637",0,46,46,826,762,1588,747,622,1369
10700,"THEFT/OTHER","38.9019274199","-77.039450543",0,46,46,826,762,1588,747,622,1369
10700,"THEFT/OTHER","38.904233267","-77.0403049553",0,46,46,826,762,1588,747,622,1369
10700,"THEFT/OTHER","38.9031434735","-77.0396702609",0,46,46,826,762,1588,747,622,1369
10700,"THEFT F/AUTO","38.9019274199","-77.039450543",0,46,46,826,762,1588,747,622,1369
10700,"THEFT/OTHER","38.9031434735","-77.0396702609",0,46,46,826,762,1588,747,622,1369
10700,"THEFT/OTHER","38.9045455632","-77.048213977",0,46,46,826,762,1588,747,622,1369
10700,"THEFT/OTHER","38.9019274199","-77.039450543",0,46,46,826,762,1588,747,622,1369
10700,"THEFT/OTHER","38.9031434735","-77.0396702609",0,46,46,826,762,1588,747,622,1369
10700,"THEFT/OTHER","38.9019274199","-77.039450543",0,46,46,826,762,1588,747,622,1369
10700,"THEFT F/AUTO","38.9042428782","-77.0385179844",0,46,46,826,762,1588,747,622,1369
10700,"THEFT/OTHER","38.9046915604","-77.0434641472",0,46,46,826,762,1588,747,622,1369
10700,"THEFT/OTHER","38.9037370021","-77.0425758481",0,46,46,826,762,1588,747,622,1369
10700,"THEFT/OTHER","38.9051969682","-77.0408588935",0,46,46,826,762,1588,747,622,1369
10700,"THEFT/OTHER","38.8991974969","-77.0405903117",0,46,46,826,762,1588,747,622,1369
10700,"THEFT/OTHER","38.9051969682","-77.0408588935",0,46,46,826,762,1588,747,622,1369
10700,"THEFT/OTHER","38.9099253533","-77.043617224",0,46,46,826,762,1588,747,622,1369
10700,"THEFT/OTHER","38.902525594","-77.0441787536",0,46,46,826,762,1588,747,622,1369
10700,"THEFT/OTHER","38.9051969682","-77.0408588935",0,46,46,826,762,1588,747,622,1369
10700,"THEFT F/AUTO","38.906702301","-77.0380812",0,46,46,826,762,1588,747,622,1369
10700,"THEFT/OTHER","38.904233267","-77.0403049553",0,46,46,826,762,1588,747,622,1369
10700,"BURGLARY","38.904693929","-77.0365467771",0,46,46,826,762,1588,747,622,1369
10700,"THEFT/OTHER","38.9031434735","-77.0396702609",0,46,46,826,762,1588,747,622,1369
10700,"ROBBERY","38.9046915604","-77.0434641472",0,46,46,826,762,1588,747,622,1369
10700,"ASSAULT W/DANGEROUS WEAPON","38.9004483535","-77.0441878426",0,46,46,826,762,1588,747,622,1369
10700,"THEFT F/AUTO","38.9045455632","-77.048213977",0,46,46,826,762,1588,747,622,1369
10700,"THEFT/OTHER","38.9054648802","-77.0470732197",0,46,46,826,762,1588,747,622,1369
10700,"ASSAULT W/DANGEROUS WEAPON","38.9056461773","-77.0441795335",0,46,46,826,762,1588,747,622,1369
10700,"THEFT/OTHER","38.9051969682","-77.0408588935",0,46,46,826,762,1588,747,622,1369
10700,"ROBBERY","38.9019283649","-77.0365453602",0,46,46,826,762,1588,747,622,1369
10700,"THEFT/OTHER","38.904233267","-77.0403049553",0,46,46,826,762,1588,747,622,1369
10700,"THEFT/OTHER","38.9051969682","-77.0408588935",0,46,46,826,762,1588,747,622,1369
10700,"BURGLARY","38.9013334991","-77.0375364986",0,46,46,826,762,1588,747,622,1369
10700,"MOTOR VEHICLE THEFT","38.9078982421","-77.0442385758",0,46,46,826,762,1588,747,622,1369
10700,"THEFT/OTHER","38.9031434735","-77.0396702609",0,46,46,826,762,1588,747,622,1369
10700,"BURGLARY","38.9047469991","-77.0395558631",0,46,46,826,762,1588,747,622,1369
10700,"THEFT F/AUTO","38.9099253533","-77.043617224",0,46,46,826,762,1588,747,622,1369
10700,"THEFT/OTHER","38.9051969682","-77.0408588935",0,46,46,826,762,1588,747,622,1369
10700,"THEFT/OTHER","38.9056461773","-77.0441795335",0,46,46,826,762,1588,747,622,1369
10700,"THEFT/OTHER","38.9007735656","-77.0417094554",0,46,46,826,762,1588,747,622,1369
10700,"THEFT F/AUTO","38.9084840829","-77.0434433991",0,46,46,826,762,1588,747,622,1369
10700,"THEFT/OTHER","38.9031434735","-77.0396702609",0,46,46,826,762,1588,747,622,1369
10700,"THEFT/OTHER","38.9031434735","-77.0396702609",0,46,46,826,762,1588,747,622,1369
10700,"THEFT/OTHER","38.9031434735","-77.0396702609",0,46,46,826,762,1588,747,622,1369
10700,"THEFT/OTHER","38.9031434735","-77.0396702609",0,46,46,826,762,1588,747,622,1369
10700,"THEFT F/AUTO","38.9037349916","-77.0477753348",0,46,46,826,762,1588,747,622,1369
10700,"ROBBERY","38.901006259","-77.0457791014",0,46,46,826,762,1588,747,622,1369
10700,"THEFT F/AUTO","38.9092052068","-77.0421986327",0,46,46,826,762,1588,747,622,1369
10700,"THEFT F/AUTO","38.9072331184","-77.0400991219",0,46,46,826,762,1588,747,622,1369
10700,"THEFT F/AUTO","38.9081334001","-77.0416791707",0,46,46,826,762,1588,747,622,1369
10700,"THEFT/OTHER","38.9031434735","-77.0396702609",0,46,46,826,762,1588,747,622,1369
10700,"ROBBERY","38.9025243497","-77.0457731586",0,46,46,826,762,1588,747,622,1369
10700,"THEFT/OTHER","38.9056545686","-77.0457820847",0,46,46,826,762,1588,747,622,1369
10700,"BURGLARY","38.9051969682","-77.0408588935",0,46,46,826,762,1588,747,622,1369
10700,"ROBBERY","38.9013334991","-77.0375364986",0,46,46,826,762,1588,747,622,1369
10700,"THEFT/OTHER","38.9031434735","-77.0396702609",0,46,46,826,762,1588,747,622,1369
10700,"THEFT F/AUTO","38.906702301","-77.0380812",0,46,46,826,762,1588,747,622,1369
10700,"BURGLARY","38.9007735656","-77.0417094554",0,46,46,826,762,1588,747,622,1369
10700,"THEFT/OTHER","38.9092052068","-77.0421986327",0,46,46,826,762,1588,747,622,1369
10700,"THEFT F/AUTO","38.9084840829","-77.0434433991",0,46,46,826,762,1588,747,622,1369
10700,"THEFT/OTHER","38.9060615912","-77.0413666724",0,46,46,826,762,1588,747,622,1369
10700,"BURGLARY","38.9037376195","-77.0408465288",0,46,46,826,762,1588,747,622,1369
10700,"THEFT/OTHER","38.9037376195","-77.0408465288",0,46,46,826,762,1588,747,622,1369
10700,"THEFT/OTHER","38.9051969682","-77.0408588935",0,46,46,826,762,1588,747,622,1369
10700,"THEFT F/AUTO","38.9025249221","-77.040567188",0,46,46,826,762,1588,747,622,1369
10700,"THEFT F/AUTO","38.9072331184","-77.0400991219",0,46,46,826,762,1588,747,622,1369
10700,"THEFT/OTHER","38.9007653421","-77.0394499004",0,46,46,826,762,1588,747,622,1369
10700,"THEFT F/AUTO","38.9078982421","-77.0442385758",0,46,46,826,762,1588,747,622,1369
10700,"THEFT F/AUTO","38.9056485034","-77.0375272403",0,46,46,826,762,1588,747,622,1369
10700,"THEFT F/AUTO","38.9037370021","-77.0425758481",0,46,46,826,762,1588,747,622,1369
10700,"THEFT/OTHER","38.9072331184","-77.0400991219",0,46,46,826,762,1588,747,622,1369
10700,"THEFT/OTHER","38.9031434735","-77.0396702609",0,46,46,826,762,1588,747,622,1369
10700,"THEFT F/AUTO","38.9072402309","-77.0452873398",0,46,46,826,762,1588,747,622,1369
10700,"MOTOR VEHICLE THEFT","38.9037370021","-77.0425758481",0,46,46,826,762,1588,747,622,1369
10700,"MOTOR VEHICLE THEFT","38.9025259599","-77.0499774104",0,46,46,826,762,1588,747,622,1369
10700,"ROBBERY","38.9060614764","-77.0416894892",0,46,46,826,762,1588,747,622,1369
10700,"THEFT/OTHER","38.9031434735","-77.0396702609",0,46,46,826,762,1588,747,622,1369
10700,"THEFT F/AUTO","38.9031264759","-77.036545974",0,46,46,826,762,1588,747,622,1369
10700,"THEFT/OTHER","38.902525594","-77.0441787536",0,46,46,826,762,1588,747,622,1369
10700,"THEFT/OTHER","38.9099274291","-77.0436069637",0,46,46,826,762,1588,747,622,1369
10700,"THEFT F/AUTO","38.9025259599","-77.0499774104",0,46,46,826,762,1588,747,622,1369
10700,"THEFT/OTHER","38.9025250187","-77.0425743177",0,46,46,826,762,1588,747,622,1369
10700,"THEFT/OTHER","38.902525594","-77.0441787536",0,46,46,826,762,1588,747,622,1369
10700,"THEFT F/AUTO","38.9025250378","-77.0375258276",0,46,46,826,762,1588,747,622,1369
10700,"BURGLARY","38.9084840829","-77.0434433991",0,46,46,826,762,1588,747,622,1369
10700,"THEFT/OTHER","38.904233267","-77.0403049553",0,46,46,826,762,1588,747,622,1369
10700,"THEFT F/AUTO","38.9060986019","-77.0385074573",0,46,46,826,762,1588,747,622,1369
10700,"THEFT/OTHER","38.9084762739","-77.0400882912",0,46,46,826,762,1588,747,622,1369
10700,"THEFT F/AUTO","38.9078982421","-77.0442385758",0,46,46,826,762,1588,747,622,1369
10700,"THEFT/OTHER","38.9056467723","-77.042576988",0,46,46,826,762,1588,747,622,1369
10700,"THEFT/OTHER","38.904233267","-77.0403049553",0,46,46,826,762,1588,747,622,1369
10700,"THEFT F/AUTO","38.9072402309","-77.0452873398",0,46,46,826,762,1588,747,622,1369
10700,"THEFT/OTHER","38.9004483535","-77.0441878426",0,46,46,826,762,1588,747,622,1369
10700,"THEFT F/AUTO","38.9019274199","-77.039450543",0,46,46,826,762,1588,747,622,1369
10700,"THEFT/OTHER","38.9019274199","-77.039450543",0,46,46,826,762,1588,747,622,1369
10700,"ASSAULT W/DANGEROUS WEAPON","38.9046915604","-77.0434641472",0,46,46,826,762,1588,747,622,1369
10700,"THEFT F/AUTO","38.9072331184","-77.0400991219",0,46,46,826,762,1588,747,622,1369
10700,"THEFT F/AUTO","38.9060986019","-77.0385074573",0,46,46,826,762,1588,747,622,1369
10700,"THEFT/OTHER","38.902525594","-77.0441787536",0,46,46,826,762,1588,747,622,1369
10700,"BURGLARY","38.9037376195","-77.0408465288",0,46,46,826,762,1588,747,622,1369
10700,"THEFT/OTHER","38.9013334991","-77.0375364986",0,46,46,826,762,1588,747,622,1369
10700,"THEFT F/AUTO","38.906702301","-77.0380812",0,46,46,826,762,1588,747,622,1369
10700,"THEFT F/AUTO","38.9037349916","-77.0477753348",0,46,46,826,762,1588,747,622,1369
10700,"THEFT F/AUTO","38.9051969682","-77.0408588935",0,46,46,826,762,1588,747,622,1369
10700,"THEFT/OTHER","38.904233267","-77.0403049553",0,46,46,826,762,1588,747,622,1369
10700,"BURGLARY","38.9004483535","-77.0441878426",0,46,46,826,762,1588,747,622,1369
10700,"BURGLARY","38.9037349916","-77.0477753348",0,46,46,826,762,1588,747,622,1369
10700,"BURGLARY","38.9099274291","-77.0436069637",0,46,46,826,762,1588,747,622,1369
10700,"THEFT/OTHER","38.9051969682","-77.0408588935",0,46,46,826,762,1588,747,622,1369
10700,"THEFT F/AUTO","38.9045455632","-77.048213977",0,46,46,826,762,1588,747,622,1369
10700,"THEFT/OTHER","38.904233267","-77.0403049553",0,46,46,826,762,1588,747,622,1369
10700,"MOTOR VEHICLE THEFT","38.9069908284","-77.0372743014",0,46,46,826,762,1588,747,622,1369
10700,"THEFT F/AUTO","38.9031337585","-77.0416993068",0,46,46,826,762,1588,747,622,1369
10700,"THEFT/OTHER","38.9051969682","-77.0408588935",0,46,46,826,762,1588,747,622,1369
10700,"MOTOR VEHICLE THEFT","38.9037364071","-77.0441783507",0,46,46,826,762,1588,747,622,1369
10700,"THEFT F/AUTO","38.903738161","-77.0392670837",0,46,46,826,762,1588,747,622,1369
10700,"THEFT/OTHER","38.9051969682","-77.0408588935",0,46,46,826,762,1588,747,622,1369
10700,"BURGLARY","38.9056467723","-77.042576988",0,46,46,826,762,1588,747,622,1369
10700,"MOTOR VEHICLE THEFT","38.8987387045","-77.0387225162",0,46,46,826,762,1588,747,622,1369
10700,"THEFT/OTHER","38.9031331156","-77.0434631976",0,46,46,826,762,1588,747,622,1369
10700,"ASSAULT W/DANGEROUS WEAPON","38.9019283649","-77.0365453602",0,46,46,826,762,1588,747,622,1369
10700,"THEFT/OTHER","38.900206437","-77.0405793576",0,46,46,826,762,1588,747,622,1369
10700,"THEFT F/AUTO","38.9060986019","-77.0385074573",0,46,46,826,762,1588,747,622,1369
10700,"THEFT/OTHER","38.9037370021","-77.0425758481",0,46,46,826,762,1588,747,622,1369
10700,"ROBBERY","38.9019277277","-77.0385282628",0,46,46,826,762,1588,747,622,1369
10700,"THEFT/OTHER","38.904233267","-77.0403049553",0,46,46,826,762,1588,747,622,1369
10700,"THEFT/OTHER","38.9060614764","-77.0416894892",0,46,46,826,762,1588,747,622,1369
10700,"THEFT/OTHER","38.9031434735","-77.0396702609",0,46,46,826,762,1588,747,622,1369
10700,"THEFT F/AUTO","38.9099274291","-77.0436069637",0,46,46,826,762,1588,747,622,1369
10700,"THEFT/OTHER","38.902525594","-77.0441787536",0,46,46,826,762,1588,747,622,1369
10700,"THEFT/OTHER","38.904233267","-77.0403049553",0,46,46,826,762,1588,747,622,1369
10700,"THEFT F/AUTO","38.9081334001","-77.0416791707",0,46,46,826,762,1588,747,622,1369
10700,"MOTOR VEHICLE THEFT","38.9037364071","-77.0441783507",0,46,46,826,762,1588,747,622,1369
10700,"THEFT F/AUTO","38.9060981653","-77.0398102544",0,46,46,826,762,1588,747,622,1369
10700,"MOTOR VEHICLE THEFT","38.9037364071","-77.0441783507",0,46,46,826,762,1588,747,622,1369
10700,"THEFT/OTHER","38.9004483535","-77.0441878426",0,46,46,826,762,1588,747,622,1369
10700,"THEFT/OTHER","38.9031434735","-77.0396702609",0,46,46,826,762,1588,747,622,1369
10700,"THEFT/OTHER","38.9051969682","-77.0408588935",0,46,46,826,762,1588,747,622,1369
10700,"THEFT/OTHER","38.9025250187","-77.0425743177",0,46,46,826,762,1588,747,622,1369
10700,"THEFT F/AUTO","38.9037349916","-77.0477753348",0,46,46,826,762,1588,747,622,1369
10700,"THEFT F/AUTO","38.9029238062","-77.0488239002",0,46,46,826,762,1588,747,622,1369
10700,"THEFT/OTHER","38.903738161","-77.0392670837",0,46,46,826,762,1588,747,622,1369
10700,"THEFT/OTHER","38.9099274291","-77.0436069637",0,46,46,826,762,1588,747,622,1369
10700,"THEFT F/AUTO","38.904693929","-77.0365467771",0,46,46,826,762,1588,747,622,1369
10700,"THEFT F/AUTO","38.9078982421","-77.0442385758",0,46,46,826,762,1588,747,622,1369
10700,"THEFT/OTHER","38.9037370021","-77.0425758481",0,46,46,826,762,1588,747,622,1369
10700,"THEFT F/AUTO","38.9064485362","-77.0425198204",0,46,46,826,762,1588,747,622,1369
10700,"BURGLARY","38.9046910154","-77.0449052659",0,46,46,826,762,1588,747,622,1369
10700,"THEFT F/AUTO","38.9031434735","-77.0396702609",0,46,46,826,762,1588,747,622,1369
10700,"BURGLARY","38.9025249221","-77.040567188",0,46,46,826,762,1588,747,622,1369
10700,"BURGLARY","38.9047469991","-77.0395558631",0,46,46,826,762,1588,747,622,1369
10700,"ASSAULT W/DANGEROUS WEAPON","38.9099253533","-77.043617224",0,46,46,826,762,1588,747,622,1369
10700,"THEFT/OTHER","38.9037370021","-77.0425758481",0,46,46,826,762,1588,747,622,1369
10700,"THEFT/OTHER","38.9025232111","-77.0389777387",0,46,46,826,762,1588,747,622,1369
10700,"ASSAULT W/DANGEROUS WEAPON","38.9001890541","-77.0387117753",0,46,46,826,762,1588,747,622,1369
10700,"THEFT F/AUTO","38.9081334001","-77.0416791707",0,46,46,826,762,1588,747,622,1369
10700,"THEFT F/AUTO","38.9025249221","-77.040567188",0,46,46,826,762,1588,747,622,1369
10700,"THEFT F/AUTO","38.9013334991","-77.0375364986",0,46,46,826,762,1588,747,622,1369
10700,"THEFT F/AUTO","38.9037349916","-77.0477753348",0,46,46,826,762,1588,747,622,1369
10700,"BURGLARY","38.9056477439","-77.0398215321",0,46,46,826,762,1588,747,622,1369
10700,"THEFT/OTHER","38.9069908284","-77.0372743014",0,46,46,826,762,1588,747,622,1369
10700,"THEFT/OTHER","38.904233267","-77.0403049553",0,46,46,826,762,1588,747,622,1369
10700,"THEFT F/AUTO","38.9016901049","-77.0477509083",0,46,46,826,762,1588,747,622,1369
10700,"THEFT/OTHER","38.9046915604","-77.0434641472",0,46,46,826,762,1588,747,622,1369
10700,"ROBBERY","38.9099274291","-77.0436069637",0,46,46,826,762,1588,747,622,1369
10700,"THEFT/OTHER","38.9031434735","-77.0396702609",0,46,46,826,762,1588,747,622,1369
10700,"THEFT F/AUTO","38.9075652318","-77.0434428395",0,46,46,826,762,1588,747,622,1369
10700,"THEFT/OTHER","38.9056467723","-77.042576988",0,46,46,826,762,1588,747,622,1369
10700,"THEFT/OTHER","38.902525594","-77.0441787536",0,46,46,826,762,1588,747,622,1369
10700,"THEFT/OTHER","38.9019283649","-77.0365453602",0,46,46,826,762,1588,747,622,1369
10700,"THEFT/OTHER","38.9056467723","-77.042576988",0,46,46,826,762,1588,747,622,1369
10700,"THEFT F/AUTO","38.9025249221","-77.040567188",0,46,46,826,762,1588,747,622,1369
10700,"THEFT/OTHER","38.904233267","-77.0403049553",0,46,46,826,762,1588,747,622,1369
10700,"THEFT F/AUTO","38.9072331184","-77.0400991219",0,46,46,826,762,1588,747,622,1369
10700,"THEFT/OTHER","38.9056467723","-77.042576988",0,46,46,826,762,1588,747,622,1369
10700,"THEFT/OTHER","38.904233267","-77.0403049553",0,46,46,826,762,1588,747,622,1369
10700,"THEFT/OTHER","38.9031434735","-77.0396702609",0,46,46,826,762,1588,747,622,1369
10700,"THEFT/OTHER","38.906702301","-77.0380812",0,46,46,826,762,1588,747,622,1369
10700,"MOTOR VEHICLE THEFT","38.9072411823","-77.0427624096",0,46,46,826,762,1588,747,622,1369
10700,"MOTOR VEHICLE THEFT","38.9056477439","-77.0398215321",0,46,46,826,762,1588,747,622,1369
10700,"THEFT/OTHER","38.9037357902","-77.0457808532",0,46,46,826,762,1588,747,622,1369
10700,"THEFT/OTHER","38.9084840829","-77.0434433991",0,46,46,826,762,1588,747,622,1369
10700,"BURGLARY","38.9099274291","-77.0436069637",0,46,46,826,762,1588,747,622,1369
10700,"THEFT/OTHER","38.904233267","-77.0403049553",0,46,46,826,762,1588,747,622,1369
10700,"THEFT/OTHER","38.9031434735","-77.0396702609",0,46,46,826,762,1588,747,622,1369
10700,"ROBBERY","38.904233267","-77.0403049553",0,46,46,826,762,1588,747,622,1369
10700,"ROBBERY","38.9054648802","-77.0470732197",0,46,46,826,762,1588,747,622,1369
10700,"THEFT F/AUTO","38.9056461773","-77.0441795335",0,46,46,826,762,1588,747,622,1369
10700,"BURGLARY","38.9099274291","-77.0436069637",0,46,46,826,762,1588,747,622,1369
10700,"THEFT/OTHER","38.9056461773","-77.0441795335",0,46,46,826,762,1588,747,622,1369
10700,"THEFT/OTHER","38.9099274291","-77.0436069637",0,46,46,826,762,1588,747,622,1369
10700,"THEFT F/AUTO","38.904233267","-77.0403049553",0,46,46,826,762,1588,747,622,1369
10700,"THEFT/OTHER","38.9037357902","-77.0457808532",0,46,46,826,762,1588,747,622,1369
10700,"THEFT F/AUTO","38.9078982421","-77.0442385758",0,46,46,826,762,1588,747,622,1369
10700,"THEFT F/AUTO","38.9029238062","-77.0488239002",0,46,46,826,762,1588,747,622,1369
10700,"THEFT/OTHER","38.9051969682","-77.0408588935",0,46,46,826,762,1588,747,622,1369
10700,"THEFT F/AUTO","38.9081334001","-77.0416791707",0,46,46,826,762,1588,747,622,1369
10700,"THEFT/OTHER","38.9060615912","-77.0413666724",0,46,46,826,762,1588,747,622,1369
10700,"THEFT/OTHER","38.9031434735","-77.0396702609",0,46,46,826,762,1588,747,622,1369
10700,"SEX ABUSE","38.9046915604","-77.0434641472",0,46,46,826,762,1588,747,622,1369
10700,"THEFT/OTHER","38.9019274199","-77.039450543",0,46,46,826,762,1588,747,622,1369
10700,"THEFT/OTHER","38.9037370021","-77.0425758481",0,46,46,826,762,1588,747,622,1369
10700,"THEFT/OTHER","38.9056467723","-77.042576988",0,46,46,826,762,1588,747,622,1369
10700,"THEFT/OTHER","38.9051969682","-77.0408588935",0,46,46,826,762,1588,747,622,1369
10700,"THEFT/OTHER","38.9004483535","-77.0441878426",0,46,46,826,762,1588,747,622,1369
10700,"THEFT/OTHER","38.9051969682","-77.0408588935",0,46,46,826,762,1588,747,622,1369
10700,"THEFT/OTHER","38.904233267","-77.0403049553",0,46,46,826,762,1588,747,622,1369
10700,"THEFT/OTHER","38.9037370021","-77.0425758481",0,46,46,826,762,1588,747,622,1369
10700,"MOTOR VEHICLE THEFT","38.9060615912","-77.0413666724",0,46,46,826,762,1588,747,622,1369
10700,"BURGLARY","38.9031434735","-77.0396702609",0,46,46,826,762,1588,747,622,1369
10700,"THEFT/OTHER","38.9004483535","-77.0441878426",0,46,46,826,762,1588,747,622,1369
10700,"THEFT/OTHER","38.9031434735","-77.0396702609",0,46,46,826,762,1588,747,622,1369
10700,"THEFT F/AUTO","38.9007653421","-77.0394499004",0,46,46,826,762,1588,747,622,1369
10700,"THEFT F/AUTO","38.9078982421","-77.0442385758",0,46,46,826,762,1588,747,622,1369
10700,"THEFT F/AUTO","38.9056545686","-77.0457820847",0,46,46,826,762,1588,747,622,1369
10700,"THEFT/OTHER","38.9031434735","-77.0396702609",0,46,46,826,762,1588,747,622,1369
10700,"THEFT/OTHER","38.9046915604","-77.0434641472",0,46,46,826,762,1588,747,622,1369
10700,"THEFT/OTHER","38.904693929","-77.0365467771",0,46,46,826,762,1588,747,622,1369
10700,"MOTOR VEHICLE THEFT","38.9046915604","-77.0434641472",0,46,46,826,762,1588,747,622,1369
10700,"THEFT/OTHER","38.9031434735","-77.0396702609",0,46,46,826,762,1588,747,622,1369
10700,"THEFT/OTHER","38.9051969682","-77.0408588935",0,46,46,826,762,1588,747,622,1369
10700,"THEFT/OTHER","38.9031434735","-77.0396702609",0,46,46,826,762,1588,747,622,1369
10700,"THEFT/OTHER","38.9031434735","-77.0396702609",0,46,46,826,762,1588,747,622,1369
10700,"THEFT/OTHER","38.9051969682","-77.0408588935",0,46,46,826,762,1588,747,622,1369
10700,"THEFT/OTHER","38.9031434735","-77.0396702609",0,46,46,826,762,1588,747,622,1369
10700,"ARSON","38.9001985347","-77.037259224",0,46,46,826,762,1588,747,622,1369
10700,"THEFT/OTHER","38.9060614764","-77.0416894892",0,46,46,826,762,1588,747,622,1369
10700,"THEFT/OTHER","38.9031434735","-77.0396702609",0,46,46,826,762,1588,747,622,1369
10700,"MOTOR VEHICLE THEFT","38.9056545686","-77.0457820847",0,46,46,826,762,1588,747,622,1369
10700,"THEFT/OTHER","38.9031264759","-77.036545974",0,46,46,826,762,1588,747,622,1369
10700,"BURGLARY","38.9099274291","-77.0436069637",0,46,46,826,762,1588,747,622,1369
10700,"THEFT/OTHER","38.9051969682","-77.0408588935",0,46,46,826,762,1588,747,622,1369
10700,"THEFT/OTHER","38.9060615912","-77.0413666724",0,46,46,826,762,1588,747,622,1369
10700,"THEFT/OTHER","38.9013317675","-77.0425859409",0,46,46,826,762,1588,747,622,1369
10700,"THEFT/OTHER","38.9013324815","-77.0405799981",0,46,46,826,762,1588,747,622,1369
10700,"ROBBERY","38.9099274291","-77.0436069637",0,46,46,826,762,1588,747,622,1369
10700,"THEFT/OTHER","38.9037370021","-77.0425758481",0,46,46,826,762,1588,747,622,1369
10700,"THEFT/OTHER","38.9037376195","-77.0408465288",0,46,46,826,762,1588,747,622,1369
10700,"HOMICIDE","38.9056461773","-77.0441795335",0,46,46,826,762,1588,747,622,1369
10700,"THEFT F/AUTO","38.907240659","-77.0441689918",0,46,46,826,762,1588,747,622,1369
10700,"THEFT/OTHER","38.902525594","-77.0441787536",0,46,46,826,762,1588,747,622,1369
10700,"THEFT F/AUTO","38.9037357902","-77.0457808532",0,46,46,826,762,1588,747,622,1369
10700,"THEFT/OTHER","38.9072402309","-77.0452873398",0,46,46,826,762,1588,747,622,1369
10700,"THEFT/OTHER","38.9071712284","-77.0365365171",0,46,46,826,762,1588,747,622,1369
10700,"MOTOR VEHICLE THEFT","38.9037364071","-77.0441783507",0,46,46,826,762,1588,747,622,1369
10700,"THEFT/OTHER","38.9051969682","-77.0408588935",0,46,46,826,762,1588,747,622,1369
10700,"THEFT/OTHER","38.9099274291","-77.0436069637",0,46,46,826,762,1588,747,622,1369
10700,"THEFT/OTHER","38.9099253533","-77.043617224",0,46,46,826,762,1588,747,622,1369
10700,"THEFT/OTHER","38.9056545686","-77.0457820847",0,46,46,826,762,1588,747,622,1369
10700,"BURGLARY","38.9099274291","-77.0436069637",0,46,46,826,762,1588,747,622,1369
10700,"THEFT/OTHER","38.9047469991","-77.0395558631",0,46,46,826,762,1588,747,622,1369
10700,"THEFT F/AUTO","38.9025232111","-77.0389777387",0,46,46,826,762,1588,747,622,1369
10700,"THEFT/OTHER","38.9031434735","-77.0396702609",0,46,46,826,762,1588,747,622,1369
10700,"THEFT/OTHER","38.9060615912","-77.0413666724",0,46,46,826,762,1588,747,622,1369
10700,"THEFT/OTHER","38.9064485362","-77.0425198204",0,46,46,826,762,1588,747,622,1369
10700,"THEFT F/AUTO","38.9084840829","-77.0434433991",0,46,46,826,762,1588,747,622,1369
10700,"THEFT F/AUTO","38.9060614764","-77.0416894892",0,46,46,826,762,1588,747,622,1369
10700,"THEFT/OTHER","38.9051969682","-77.0408588935",0,46,46,826,762,1588,747,622,1369
10700,"THEFT/OTHER","38.9031434735","-77.0396702609",0,46,46,826,762,1588,747,622,1369
10700,"ROBBERY","38.9056461773","-77.0441795335",0,46,46,826,762,1588,747,622,1369
10700,"THEFT F/AUTO","38.906702301","-77.0380812",0,46,46,826,762,1588,747,622,1369
10700,"THEFT/OTHER","38.9056545686","-77.0457820847",0,46,46,826,762,1588,747,622,1369
10700,"THEFT/OTHER","38.9004483535","-77.0441878426",0,46,46,826,762,1588,747,622,1369
10700,"THEFT/OTHER","38.9031434735","-77.0396702609",0,46,46,826,762,1588,747,622,1369
10700,"THEFT F/AUTO","38.9064485362","-77.0425198204",0,46,46,826,762,1588,747,622,1369
10700,"THEFT/OTHER","38.9056477439","-77.0398215321",0,46,46,826,762,1588,747,622,1369
10700,"MOTOR VEHICLE THEFT","38.9099253533","-77.043617224",0,46,46,826,762,1588,747,622,1369
10700,"THEFT F/AUTO","38.9072331184","-77.0400991219",0,46,46,826,762,1588,747,622,1369
10700,"THEFT/OTHER","38.9019274199","-77.039450543",0,46,46,826,762,1588,747,622,1369
10700,"THEFT F/AUTO","38.903738161","-77.0392670837",0,46,46,826,762,1588,747,622,1369
10700,"THEFT F/AUTO","38.906702301","-77.0380812",0,46,46,826,762,1588,747,622,1369
10700,"THEFT F/AUTO","38.9060518253","-77.0434534469",0,46,46,826,762,1588,747,622,1369
10700,"ROBBERY","38.9019274199","-77.039450543",0,46,46,826,762,1588,747,622,1369
10700,"THEFT/OTHER","38.904233267","-77.0403049553",0,46,46,826,762,1588,747,622,1369
10700,"THEFT/OTHER","38.9025232111","-77.0389777387",0,46,46,826,762,1588,747,622,1369
10700,"THEFT F/AUTO","38.9084762739","-77.0400882912",0,46,46,826,762,1588,747,622,1369
10700,"THEFT F/AUTO","38.9042428782","-77.0385179844",0,46,46,826,762,1588,747,622,1369
10700,"THEFT F/AUTO","38.9084762739","-77.0400882912",0,46,46,826,762,1588,747,622,1369
10700,"THEFT/OTHER","38.9004483535","-77.0441878426",0,46,46,826,762,1588,747,622,1369
10700,"THEFT/OTHER","38.9025243497","-77.0457731586",0,46,46,826,762,1588,747,622,1369
10700,"THEFT/OTHER","38.9099274291","-77.0436069637",0,46,46,826,762,1588,747,622,1369
10700,"THEFT/OTHER","38.904233267","-77.0403049553",0,46,46,826,762,1588,747,622,1369
10700,"THEFT F/AUTO","38.9081334001","-77.0416791707",0,46,46,826,762,1588,747,622,1369
10700,"THEFT/OTHER","38.9004483535","-77.0441878426",0,46,46,826,762,1588,747,622,1369
10700,"ASSAULT W/DANGEROUS WEAPON","38.902525594","-77.0441787536",0,46,46,826,762,1588,747,622,1369
10700,"THEFT/OTHER","38.9084840829","-77.0434433991",0,46,46,826,762,1588,747,622,1369
10700,"THEFT/OTHER","38.9019274199","-77.039450543",0,46,46,826,762,1588,747,622,1369
10700,"THEFT/OTHER","38.904233267","-77.0403049553",0,46,46,826,762,1588,747,622,1369
10700,"THEFT F/AUTO","38.9025179379","-77.0499880111",0,46,46,826,762,1588,747,622,1369
10700,"THEFT/OTHER","38.902525594","-77.0441787536",0,46,46,826,762,1588,747,622,1369
10700,"BURGLARY","38.904233267","-77.0403049553",0,46,46,826,762,1588,747,622,1369
10700,"THEFT/OTHER","38.9068451532","-77.0418282989",0,46,46,826,762,1588,747,622,1369
10700,"THEFT/OTHER","38.9037370021","-77.0425758481",0,46,46,826,762,1588,747,622,1369
10700,"THEFT/OTHER","38.9056467723","-77.042576988",0,46,46,826,762,1588,747,622,1369
10700,"THEFT/OTHER","38.9031434735","-77.0396702609",0,46,46,826,762,1588,747,622,1369
10700,"THEFT/OTHER","38.9068445599","-77.0434539299",0,46,46,826,762,1588,747,622,1369
10700,"BURGLARY","38.9037357902","-77.0457808532",0,46,46,826,762,1588,747,622,1369
10700,"THEFT F/AUTO","38.9078982421","-77.0442385758",0,46,46,826,762,1588,747,622,1369
10700,"THEFT/OTHER","38.9099253533","-77.043617224",0,46,46,826,762,1588,747,622,1369
10700,"THEFT F/AUTO","38.904693929","-77.0365467771",0,46,46,826,762,1588,747,622,1369
10700,"THEFT F/AUTO","38.9056467723","-77.042576988",0,46,46,826,762,1588,747,622,1369
10700,"THEFT/OTHER","38.9019274199","-77.039450543",0,46,46,826,762,1588,747,622,1369
10700,"THEFT/OTHER","38.9019274199","-77.039450543",0,46,46,826,762,1588,747,622,1369
10700,"THEFT/OTHER","38.9099274291","-77.0436069637",0,46,46,826,762,1588,747,622,1369
10700,"THEFT/OTHER","38.9056545686","-77.0457820847",0,46,46,826,762,1588,747,622,1369
10700,"THEFT/OTHER","38.9007653421","-77.0394499004",0,46,46,826,762,1588,747,622,1369
10700,"THEFT/OTHER","38.9051969682","-77.0408588935",0,46,46,826,762,1588,747,622,1369
10700,"BURGLARY","38.9056467723","-77.042576988",0,46,46,826,762,1588,747,622,1369
10700,"THEFT F/AUTO","38.9060614764","-77.0416894892",0,46,46,826,762,1588,747,622,1369
10700,"ASSAULT W/DANGEROUS WEAPON","38.9068445599","-77.0434539299",0,46,46,826,762,1588,747,622,1369
10700,"BURGLARY","38.903131884","-77.0466566469",0,46,46,826,762,1588,747,622,1369
10700,"BURGLARY","38.9004483535","-77.0441878426",0,46,46,826,762,1588,747,622,1369
10700,"BURGLARY","38.9025232111","-77.0389777387",0,46,46,826,762,1588,747,622,1369
10700,"THEFT/OTHER","38.9031434735","-77.0396702609",0,46,46,826,762,1588,747,622,1369
10700,"THEFT/OTHER","38.9068445599","-77.0434539299",0,46,46,826,762,1588,747,622,1369
10700,"THEFT/OTHER","38.9060615912","-77.0413666724",0,46,46,826,762,1588,747,622,1369
10700,"THEFT/OTHER","38.902525594","-77.0441787536",0,46,46,826,762,1588,747,622,1369
10700,"THEFT/OTHER","38.9099253533","-77.043617224",0,46,46,826,762,1588,747,622,1369
10700,"BURGLARY","38.9013311724","-77.0441883895",0,46,46,826,762,1588,747,622,1369
10700,"THEFT/OTHER","38.9060614764","-77.0416894892",0,46,46,826,762,1588,747,622,1369
10700,"THEFT F/AUTO","38.9078982421","-77.0442385758",0,46,46,826,762,1588,747,622,1369
10700,"THEFT/OTHER","38.904233267","-77.0403049553",0,46,46,826,762,1588,747,622,1369
10700,"THEFT F/AUTO","38.9075652318","-77.0434428395",0,46,46,826,762,1588,747,622,1369
10700,"THEFT F/AUTO","38.9051969682","-77.0408588935",0,46,46,826,762,1588,747,622,1369
10700,"THEFT F/AUTO","38.907240659","-77.0441689918",0,46,46,826,762,1588,747,622,1369
10700,"THEFT/OTHER","38.9060615912","-77.0413666724",0,46,46,826,762,1588,747,622,1369
10700,"THEFT/OTHER","38.9056467723","-77.042576988",0,46,46,826,762,1588,747,622,1369
10700,"ROBBERY","38.9031434735","-77.0396702609",0,46,46,826,762,1588,747,622,1369
10700,"THEFT F/AUTO","38.906702301","-77.0380812",0,46,46,826,762,1588,747,622,1369
10700,"THEFT/OTHER","38.904233267","-77.0403049553",0,46,46,826,762,1588,747,622,1369
10700,"THEFT/OTHER","38.9031434735","-77.0396702609",0,46,46,826,762,1588,747,622,1369
10700,"THEFT F/AUTO","38.9072331184","-77.0400991219",0,46,46,826,762,1588,747,622,1369
10700,"BURGLARY","38.9031434735","-77.0396702609",0,46,46,826,762,1588,747,622,1369
10700,"THEFT/OTHER","38.9031434735","-77.0396702609",0,46,46,826,762,1588,747,622,1369
10700,"THEFT/OTHER","38.9031434735","-77.0396702609",0,46,46,826,762,1588,747,622,1369
10700,"THEFT/OTHER","38.9031434735","-77.0396702609",0,46,46,826,762,1588,747,622,1369
10700,"BURGLARY","38.9046910154","-77.0449052659",0,46,46,826,762,1588,747,622,1369
10700,"THEFT/OTHER","38.9019274199","-77.039450543",0,46,46,826,762,1588,747,622,1369
10700,"BURGLARY","38.9088531483","-77.0441815199",0,46,46,826,762,1588,747,622,1369
10700,"THEFT/OTHER","38.9099253533","-77.043617224",0,46,46,826,762,1588,747,622,1369
10700,"THEFT/OTHER","38.9068451532","-77.0418282989",0,46,46,826,762,1588,747,622,1369
10700,"THEFT/OTHER","38.904233267","-77.0403049553",0,46,46,826,762,1588,747,622,1369
10700,"THEFT/OTHER","38.9031434735","-77.0396702609",0,46,46,826,762,1588,747,622,1369
10700,"THEFT/OTHER","38.9051969682","-77.0408588935",0,46,46,826,762,1588,747,622,1369
10700,"BURGLARY","38.9037376195","-77.0408465288",0,46,46,826,762,1588,747,622,1369
10700,"THEFT/OTHER","38.9031434735","-77.0396702609",0,46,46,826,762,1588,747,622,1369
10700,"THEFT/OTHER","38.9046910154","-77.0449052659",0,46,46,826,762,1588,747,622,1369
10700,"THEFT/OTHER","38.902525594","-77.0441787536",0,46,46,826,762,1588,747,622,1369
10700,"MOTOR VEHICLE THEFT","38.9046915604","-77.0434641472",0,46,46,826,762,1588,747,622,1369
10700,"THEFT/OTHER","38.904233267","-77.0403049553",0,46,46,826,762,1588,747,622,1369
10700,"THEFT/OTHER","38.9056467723","-77.042576988",0,46,46,826,762,1588,747,622,1369
10700,"THEFT/OTHER","38.9031434735","-77.0396702609",0,46,46,826,762,1588,747,622,1369
10700,"ROBBERY","38.9045455632","-77.048213977",0,46,46,826,762,1588,747,622,1369
10700,"THEFT/OTHER","38.9046910154","-77.0449052659",0,46,46,826,762,1588,747,622,1369
10700,"THEFT F/AUTO","38.9060986019","-77.0385074573",0,46,46,826,762,1588,747,622,1369
10700,"THEFT/OTHER","38.9099253533","-77.043617224",0,46,46,826,762,1588,747,622,1369
10700,"THEFT/OTHER","38.9056545686","-77.0457820847",0,46,46,826,762,1588,747,622,1369
10700,"MOTOR VEHICLE THEFT","38.9054648802","-77.0470732197",0,46,46,826,762,1588,747,622,1369
10700,"THEFT F/AUTO","38.9046922074","-77.0416886889",0,46,46,826,762,1588,747,622,1369
10700,"THEFT F/AUTO","38.9019274199","-77.039450543",0,46,46,826,762,1588,747,622,1369
10700,"THEFT/OTHER","38.9056467723","-77.042576988",0,46,46,826,762,1588,747,622,1369
10700,"THEFT/OTHER","38.9056545686","-77.0457820847",0,46,46,826,762,1588,747,622,1369
10700,"THEFT/OTHER","38.904233267","-77.0403049553",0,46,46,826,762,1588,747,622,1369
10700,"THEFT/OTHER","38.9004483535","-77.0441878426",0,46,46,826,762,1588,747,622,1369
10700,"THEFT/OTHER","38.9037349916","-77.0477753348",0,46,46,826,762,1588,747,622,1369
10700,"THEFT/OTHER","38.904233267","-77.0403049553",0,46,46,826,762,1588,747,622,1369
10700,"THEFT F/AUTO","38.9081334001","-77.0416791707",0,46,46,826,762,1588,747,622,1369
10700,"THEFT/OTHER","38.9099253533","-77.043617224",0,46,46,826,762,1588,747,622,1369
10700,"THEFT F/AUTO","38.9099274291","-77.0436069637",0,46,46,826,762,1588,747,622,1369
10700,"THEFT/OTHER","38.904233267","-77.0403049553",0,46,46,826,762,1588,747,622,1369
10700,"BURGLARY","38.9031434735","-77.0396702609",0,46,46,826,762,1588,747,622,1369
10700,"THEFT F/AUTO","38.9078982421","-77.0442385758",0,46,46,826,762,1588,747,622,1369
10800,"THEFT F/AUTO","38.9016901049","-77.0477509083",16,0,16,364,410,774,310,353,663
10800,"THEFT/OTHER","38.8960149982","-77.0473551729",16,0,16,364,410,774,310,353,663
10800,"THEFT/OTHER","38.9006984662","-77.0494794906",16,0,16,364,410,774,310,353,663
10800,"THEFT/OTHER","38.8960149982","-77.0473551729",16,0,16,364,410,774,310,353,663
10800,"THEFT/OTHER","38.901006259","-77.0457791014",16,0,16,364,410,774,310,353,663
10800,"THEFT/OTHER","38.901006259","-77.0457791014",16,0,16,364,410,774,310,353,663
10800,"THEFT/OTHER","38.901006259","-77.0457791014",16,0,16,364,410,774,310,353,663
10800,"THEFT/OTHER","38.8966651106","-77.0434707846",16,0,16,364,410,774,310,353,663
10800,"THEFT/OTHER","38.901006259","-77.0457791014",16,0,16,364,410,774,310,353,663
10800,"THEFT/OTHER","38.9006984662","-77.0494794906",16,0,16,364,410,774,310,353,663
10800,"THEFT/OTHER","38.8995739258","-77.0457897104",16,0,16,364,410,774,310,353,663
10800,"ROBBERY","38.9022120013","-77.0491692695",16,0,16,364,410,774,310,353,663
10800,"THEFT/OTHER","38.901006259","-77.0457791014",16,0,16,364,410,774,310,353,663
10800,"THEFT/OTHER","38.901006259","-77.0457791014",16,0,16,364,410,774,310,353,663
10800,"THEFT/OTHER","38.901006259","-77.0457791014",16,0,16,364,410,774,310,353,663
10800,"THEFT F/AUTO","38.9001417924","-77.0449139304",16,0,16,364,410,774,310,353,663
10800,"THEFT/OTHER","38.901006259","-77.0457791014",16,0,16,364,410,774,310,353,663
10800,"BURGLARY","38.8968972007","-77.0488543586",16,0,16,364,410,774,310,353,663
10800,"THEFT F/AUTO","38.9013833729","-77.0488343742",16,0,16,364,410,774,310,353,663
10800,"THEFT/OTHER","38.901006259","-77.0457791014",16,0,16,364,410,774,310,353,663
10800,"THEFT/OTHER","38.9013377843","-77.050125525",16,0,16,364,410,774,310,353,663
10800,"THEFT/OTHER","38.901006259","-77.0457791014",16,0,16,364,410,774,310,353,663
10800,"THEFT/OTHER","38.9006984662","-77.0494794906",16,0,16,364,410,774,310,353,663
10800,"THEFT F/AUTO","38.901006259","-77.0457791014",16,0,16,364,410,774,310,353,663
10800,"THEFT/OTHER","38.9006984662","-77.0494794906",16,0,16,364,410,774,310,353,663
10800,"THEFT F/AUTO","38.8983056693","-77.0405898042",16,0,16,364,410,774,310,353,663
10800,"THEFT/OTHER","38.9006984662","-77.0494794906",16,0,16,364,410,774,310,353,663
10800,"THEFT/OTHER","38.901006259","-77.0457791014",16,0,16,364,410,774,310,353,663
10800,"BURGLARY","38.9001312114","-77.048833517",16,0,16,364,410,774,310,353,663
10800,"THEFT/OTHER","38.9006984662","-77.0494794906",16,0,16,364,410,774,310,353,663
10800,"ROBBERY","38.8971641038","-77.050164438",16,0,16,364,410,774,310,353,663
10800,"ROBBERY","38.9016901049","-77.0477509083",16,0,16,364,410,774,310,353,663
10800,"MOTOR VEHICLE THEFT","38.8973488609","-77.0457882822",16,0,16,364,410,774,310,353,663
10800,"THEFT/OTHER","38.8995660833","-77.0427116962",16,0,16,364,410,774,310,353,663
10800,"THEFT F/AUTO","38.9001321019","-77.0466546848",16,0,16,364,410,774,310,353,663
10800,"THEFT/OTHER","38.9004483535","-77.0441878426",16,0,16,364,410,774,310,353,663
10800,"THEFT/OTHER","38.901006259","-77.0457791014",16,0,16,364,410,774,310,353,663
10800,"THEFT/OTHER","38.8960149982","-77.0473551729",16,0,16,364,410,774,310,353,663
10800,"THEFT/OTHER","38.8960149982","-77.0473551729",16,0,16,364,410,774,310,353,663
10800,"THEFT/OTHER","38.901006259","-77.0457791014",16,0,16,364,410,774,310,353,663
10800,"THEFT/OTHER","38.901006259","-77.0457791014",16,0,16,364,410,774,310,353,663
10800,"THEFT/OTHER","38.9016901049","-77.0477509083",16,0,16,364,410,774,310,353,663
10800,"THEFT/OTHER","38.901006259","-77.0457791014",16,0,16,364,410,774,310,353,663
10800,"THEFT/OTHER","38.901006259","-77.0457791014",16,0,16,364,410,774,310,353,663
10800,"THEFT F/AUTO","38.8978430835","-77.0488434785",16,0,16,364,410,774,310,353,663
10800,"THEFT/OTHER","38.8960149982","-77.0473551729",16,0,16,364,410,774,310,353,663
10800,"THEFT F/AUTO","38.9016901049","-77.0477509083",16,0,16,364,410,774,310,353,663
10800,"THEFT/OTHER","38.901006259","-77.0457791014",16,0,16,364,410,774,310,353,663
10800,"THEFT F/AUTO","38.8983209793","-77.047748653",16,0,16,364,410,774,310,353,663
10800,"THEFT/OTHER","38.901006259","-77.0457791014",16,0,16,364,410,774,310,353,663
10800,"THEFT/OTHER","38.901006259","-77.0457791014",16,0,16,364,410,774,310,353,663
10800,"THEFT F/AUTO","38.8995739258","-77.0457897104",16,0,16,364,410,774,310,353,663
10800,"MOTOR VEHICLE THEFT","38.8948648578","-77.0394696922",16,0,16,364,410,774,310,353,663
10800,"THEFT/OTHER","38.901006259","-77.0457791014",16,0,16,364,410,774,310,353,663
10800,"THEFT/OTHER","38.9004483535","-77.0441878426",16,0,16,364,410,774,310,353,663
10800,"THEFT/OTHER","38.901006259","-77.0457791014",16,0,16,364,410,774,310,353,663
10800,"THEFT/OTHER","38.901006259","-77.0457791014",16,0,16,364,410,774,310,353,663
10800,"THEFT/OTHER","38.901006259","-77.0457791014",16,0,16,364,410,774,310,353,663
10800,"THEFT/OTHER","38.901006259","-77.0457791014",16,0,16,364,410,774,310,353,663
10800,"THEFT/OTHER","38.901006259","-77.0457791014",16,0,16,364,410,774,310,353,663
10800,"THEFT F/AUTO","38.8995731412","-77.0477494912",16,0,16,364,410,774,310,353,663
10800,"THEFT/OTHER","38.9006984662","-77.0494794906",16,0,16,364,410,774,310,353,663
10800,"THEFT/OTHER","38.901006259","-77.0457791014",16,0,16,364,410,774,310,353,663
10800,"THEFT/OTHER","38.901006259","-77.0457791014",16,0,16,364,410,774,310,353,663
10800,"THEFT F/AUTO","38.9001306596","-77.050136205",16,0,16,364,410,774,310,353,663
10800,"THEFT/OTHER","38.8966735694","-77.0449232745",16,0,16,364,410,774,310,353,663
10800,"THEFT/OTHER","38.901006259","-77.0457791014",16,0,16,364,410,774,310,353,663
10800,"THEFT F/AUTO","38.8962307547","-77.0484389091",16,0,16,364,410,774,310,353,663
10800,"THEFT/OTHER","38.8966735694","-77.0449232745",16,0,16,364,410,774,310,353,663
10800,"THEFT/OTHER","38.9016901049","-77.0477509083",16,0,16,364,410,774,310,353,663
10800,"THEFT/OTHER","38.901006259","-77.0457791014",16,0,16,364,410,774,310,353,663
10800,"ASSAULT W/DANGEROUS WEAPON","38.901006259","-77.0457791014",16,0,16,364,410,774,310,353,663
10800,"THEFT F/AUTO","38.9006984662","-77.0494794906",16,0,16,364,410,774,310,353,663
10800,"THEFT/OTHER","38.8966735694","-77.0449232745",16,0,16,364,410,774,310,353,663
10800,"THEFT/OTHER","38.9013377843","-77.050125525",16,0,16,364,410,774,310,353,663
10800,"BURGLARY","38.8983209793","-77.047748653",16,0,16,364,410,774,310,353,663
10800,"THEFT/OTHER","38.9001312114","-77.048833517",16,0,16,364,410,774,310,353,663
10800,"THEFT/OTHER","38.901006259","-77.0457791014",16,0,16,364,410,774,310,353,663
10800,"THEFT/OTHER","38.8960149982","-77.0473551729",16,0,16,364,410,774,310,353,663
10800,"THEFT/OTHER","38.901006259","-77.0457791014",16,0,16,364,410,774,310,353,663
10800,"THEFT/OTHER","38.901006259","-77.0457791014",16,0,16,364,410,774,310,353,663
10800,"THEFT/OTHER","38.8960149982","-77.0473551729",16,0,16,364,410,774,310,353,663
10800,"THEFT/OTHER","38.901006259","-77.0457791014",16,0,16,364,410,774,310,353,663
10800,"THEFT/OTHER","38.8995731412","-77.0477494912",16,0,16,364,410,774,310,353,663
10800,"THEFT F/AUTO","38.8983223766","-77.0441980536",16,0,16,364,410,774,310,353,663
10800,"THEFT/OTHER","38.901006259","-77.0457791014",16,0,16,364,410,774,310,353,663
10800,"THEFT F/AUTO","38.8966818954","-77.0466639561",16,0,16,364,410,774,310,353,663
10800,"THEFT/OTHER","38.9001312114","-77.048833517",16,0,16,364,410,774,310,353,663
10800,"THEFT/OTHER","38.9016901049","-77.0477509083",16,0,16,364,410,774,310,353,663
10800,"THEFT/OTHER","38.9001312114","-77.048833517",16,0,16,364,410,774,310,353,663
10800,"THEFT F/AUTO","38.897350783","-77.0405892609",16,0,16,364,410,774,310,353,663
10800,"THEFT/OTHER","38.901006259","-77.0457791014",16,0,16,364,410,774,310,353,663
10800,"THEFT/OTHER","38.901006259","-77.0457791014",16,0,16,364,410,774,310,353,663
10800,"THEFT/OTHER","38.8966651106","-77.0434707846",16,0,16,364,410,774,310,353,663
10800,"THEFT F/AUTO","38.8978361976","-77.0434714982",16,0,16,364,410,774,310,353,663
10800,"THEFT/OTHER","38.901006259","-77.0457791014",16,0,16,364,410,774,310,353,663
10800,"THEFT F/AUTO","38.8995731412","-77.0477494912",16,0,16,364,410,774,310,353,663
10800,"THEFT/OTHER","38.901006259","-77.0457791014",16,0,16,364,410,774,310,353,663
10800,"THEFT/OTHER","38.901006259","-77.0457791014",16,0,16,364,410,774,310,353,663
10800,"THEFT/OTHER","38.9006984662","-77.0494794906",16,0,16,364,410,774,310,353,663
10800,"THEFT/OTHER","38.9013377843","-77.050125525",16,0,16,364,410,774,310,353,663
10800,"MOTOR VEHICLE THEFT","38.9022120013","-77.0491692695",16,0,16,364,410,774,310,353,663
10800,"THEFT/OTHER","38.9001312114","-77.048833517",16,0,16,364,410,774,310,353,663
10800,"THEFT F/AUTO","38.8983139635","-77.0425956673",16,0,16,364,410,774,310,353,663
10800,"THEFT F/AUTO","38.901006259","-77.0457791014",16,0,16,364,410,774,310,353,663
10800,"THEFT/OTHER","38.9016901049","-77.0477509083",16,0,16,364,410,774,310,353,663
10800,"THEFT/OTHER","38.8983127555","-77.0457889008",16,0,16,364,410,774,310,353,663
10800,"THEFT F/AUTO","38.8973500689","-77.0425950918",16,0,16,364,410,774,310,353,663
10800,"THEFT F/AUTO","38.8978361976","-77.0434714982",16,0,16,364,410,774,310,353,663
10800,"BURGLARY","38.8983056693","-77.0405898042",16,0,16,364,410,774,310,353,663
10800,"THEFT/OTHER","38.8960149982","-77.0473551729",16,0,16,364,410,774,310,353,663
10800,"THEFT/OTHER","38.9006984662","-77.0494794906",16,0,16,364,410,774,310,353,663
10800,"THEFT F/AUTO","38.897347347","-77.0495002218",16,0,16,364,410,774,310,353,663
10800,"THEFT/OTHER","38.901006259","-77.0457791014",16,0,16,364,410,774,310,353,663
10800,"BURGLARY","38.901006259","-77.0457791014",16,0,16,364,410,774,310,353,663
10800,"THEFT F/AUTO","38.8971641038","-77.050164438",16,0,16,364,410,774,310,353,663
10800,"THEFT/OTHER","38.8973480716","-77.0477595296",16,0,16,364,410,774,310,353,663
10800,"THEFT/OTHER","38.8995660833","-77.0427116962",16,0,16,364,410,774,310,353,663
10800,"THEFT/OTHER","38.9006984662","-77.0494794906",16,0,16,364,410,774,310,353,663
10800,"THEFT/OTHER","38.9006984662","-77.0494794906",16,0,16,364,410,774,310,353,663
10800,"THEFT F/AUTO","38.8960156187","-77.045798954",16,0,16,364,410,774,310,353,663
10800,"THEFT/OTHER","38.901006259","-77.0457791014",16,0,16,364,410,774,310,353,663
10800,"MOTOR VEHICLE THEFT","38.9004483535","-77.0441878426",16,0,16,364,410,774,310,353,663
10800,"THEFT/OTHER","38.9004483535","-77.0441878426",16,0,16,364,410,774,310,353,663
10800,"THEFT/OTHER","38.901006259","-77.0457791014",16,0,16,364,410,774,310,353,663
10800,"THEFT/OTHER","38.8989442259","-77.0434721734",16,0,16,364,410,774,310,353,663
10800,"THEFT/OTHER","38.901006259","-77.0457791014",16,0,16,364,410,774,310,353,663
10800,"THEFT F/AUTO","38.8983056693","-77.0405898042",16,0,16,364,410,774,310,353,663
10900,"MOTOR VEHICLE THEFT","38.8208041466","-77.0053316341",111,85,196,900,808,1708,173,164,337
10900,"THEFT F/AUTO","38.8216235129","-77.0110894656",111,85,196,900,808,1708,173,164,337
10900,"ASSAULT W/DANGEROUS WEAPON","38.8227409605","-77.0055160303",111,85,196,900,808,1708,173,164,337
10900,"THEFT/OTHER","38.822840118","-77.0039268663",111,85,196,900,808,1708,173,164,337
10900,"THEFT F/AUTO","38.8206959116","-77.007715312",111,85,196,900,808,1708,173,164,337
10900,"ROBBERY","38.8216235129","-77.0110894656",111,85,196,900,808,1708,173,164,337
10900,"THEFT/OTHER","38.8216235129","-77.0110894656",111,85,196,900,808,1708,173,164,337
10900,"THEFT/OTHER","38.8216240267","-77.0017503622",111,85,196,900,808,1708,173,164,337
10900,"THEFT/OTHER","38.8213083957","-77.009005113",111,85,196,900,808,1708,173,164,337
10900,"MOTOR VEHICLE THEFT","38.820668792","-77.0090280632",111,85,196,900,808,1708,173,164,337
10900,"ROBBERY","38.8134705372","-77.0138861567",111,85,196,900,808,1708,173,164,337
10900,"THEFT/OTHER","38.8235965572","-77.008890243",111,85,196,900,808,1708,173,164,337
10900,"THEFT/OTHER","38.8235965572","-77.008890243",111,85,196,900,808,1708,173,164,337
10900,"THEFT/OTHER","38.8197407563","-77.01092796",111,85,196,900,808,1708,173,164,337
10900,"THEFT/OTHER","38.8235965572","-77.008890243",111,85,196,900,808,1708,173,164,337
10900,"THEFT/OTHER","38.8227409605","-77.0055160303",111,85,196,900,808,1708,173,164,337
10900,"THEFT F/AUTO","38.8216235129","-77.0110894656",111,85,196,900,808,1708,173,164,337
10900,"THEFT F/AUTO","38.8212635283","-77.0063450309",111,85,196,900,808,1708,173,164,337
10900,"THEFT F/AUTO","38.8216240267","-77.0017503622",111,85,196,900,808,1708,173,164,337
10900,"THEFT/OTHER","38.820668792","-77.0090280632",111,85,196,900,808,1708,173,164,337
10900,"THEFT F/AUTO","38.8235965572","-77.008890243",111,85,196,900,808,1708,173,164,337
10900,"THEFT/OTHER","38.8134705372","-77.0138861567",111,85,196,900,808,1708,173,164,337
10900,"THEFT F/AUTO","38.820668792","-77.0090280632",111,85,196,900,808,1708,173,164,337
10900,"THEFT/OTHER","38.822840118","-77.0039268663",111,85,196,900,808,1708,173,164,337
10900,"THEFT F/AUTO","38.8216235129","-77.0110894656",111,85,196,900,808,1708,173,164,337
10900,"ROBBERY","38.8193805884","-77.0089127485",111,85,196,900,808,1708,173,164,337
10900,"THEFT/OTHER","38.8216235129","-77.0110894656",111,85,196,900,808,1708,173,164,337
10900,"THEFT/OTHER","38.8192175501","-77.0169157594",111,85,196,900,808,1708,173,164,337
10900,"ASSAULT W/DANGEROUS WEAPON","38.8216235129","-77.0110894656",111,85,196,900,808,1708,173,164,337
10900,"ASSAULT W/DANGEROUS WEAPON","38.8216240267","-77.0017503622",111,85,196,900,808,1708,173,164,337
10900,"HOMICIDE","38.8193805884","-77.0089127485",111,85,196,900,808,1708,173,164,337
10900,"ROBBERY","38.820668792","-77.0090280632",111,85,196,900,808,1708,173,164,337
10900,"MOTOR VEHICLE THEFT","38.8208041466","-77.0053316341",111,85,196,900,808,1708,173,164,337
10900,"MOTOR VEHICLE THEFT","38.814659078","-77.0181121792",111,85,196,900,808,1708,173,164,337
10900,"MOTOR VEHICLE THEFT","38.8235965572","-77.008890243",111,85,196,900,808,1708,173,164,337
10900,"MOTOR VEHICLE THEFT","38.8213083957","-77.009005113",111,85,196,900,808,1708,173,164,337
10900,"THEFT/OTHER","38.8216235129","-77.0110894656",111,85,196,900,808,1708,173,164,337
10900,"THEFT/OTHER","38.822840118","-77.0039268663",111,85,196,900,808,1708,173,164,337
10900,"THEFT F/AUTO","38.8235965572","-77.008890243",111,85,196,900,808,1708,173,164,337
10900,"THEFT/OTHER","38.820668792","-77.0090280632",111,85,196,900,808,1708,173,164,337
10900,"ASSAULT W/DANGEROUS WEAPON","38.8216240267","-77.0017503622",111,85,196,900,808,1708,173,164,337
10900,"THEFT/OTHER","38.822840118","-77.0039268663",111,85,196,900,808,1708,173,164,337
10900,"ASSAULT W/DANGEROUS WEAPON","38.8216235129","-77.0110894656",111,85,196,900,808,1708,173,164,337
10900,"ASSAULT W/DANGEROUS WEAPON","38.8235965572","-77.008890243",111,85,196,900,808,1708,173,164,337
10900,"THEFT/OTHER","38.8216235129","-77.0110894656",111,85,196,900,808,1708,173,164,337
10900,"THEFT F/AUTO","38.8235965572","-77.008890243",111,85,196,900,808,1708,173,164,337
10900,"THEFT/OTHER","38.8235965572","-77.008890243",111,85,196,900,808,1708,173,164,337
10900,"THEFT/OTHER","38.820461485","-77.0103753333",111,85,196,900,808,1708,173,164,337
10900,"THEFT/OTHER","38.8216235129","-77.0110894656",111,85,196,900,808,1708,173,164,337
10900,"THEFT/OTHER","38.822840118","-77.0039268663",111,85,196,900,808,1708,173,164,337
10900,"ASSAULT W/DANGEROUS WEAPON","38.8208041466","-77.0053316341",111,85,196,900,808,1708,173,164,337
10900,"ASSAULT W/DANGEROUS WEAPON","38.8216235129","-77.0110894656",111,85,196,900,808,1708,173,164,337
10900,"THEFT/OTHER","38.8216240267","-77.0017503622",111,85,196,900,808,1708,173,164,337
10900,"THEFT F/AUTO","38.8216235129","-77.0110894656",111,85,196,900,808,1708,173,164,337
10900,"THEFT/OTHER","38.8216235129","-77.0110894656",111,85,196,900,808,1708,173,164,337
10900,"THEFT/OTHER","38.8227409605","-77.0055160303",111,85,196,900,808,1708,173,164,337
10900,"THEFT F/AUTO","38.8235965572","-77.008890243",111,85,196,900,808,1708,173,164,337
10900,"THEFT/OTHER","38.8216235129","-77.0110894656",111,85,196,900,808,1708,173,164,337
10900,"THEFT/OTHER","38.8193805884","-77.0089127485",111,85,196,900,808,1708,173,164,337
10900,"ASSAULT W/DANGEROUS WEAPON","38.8216235129","-77.0110894656",111,85,196,900,808,1708,173,164,337
10900,"ASSAULT W/DANGEROUS WEAPON","38.8193805884","-77.0089127485",111,85,196,900,808,1708,173,164,337
10900,"ASSAULT W/DANGEROUS WEAPON","38.8216235129","-77.0110894656",111,85,196,900,808,1708,173,164,337
10900,"THEFT/OTHER","38.820668792","-77.0090280632",111,85,196,900,808,1708,173,164,337
10900,"THEFT/OTHER","38.8216235129","-77.0110894656",111,85,196,900,808,1708,173,164,337
10900,"MOTOR VEHICLE THEFT","38.8212635283","-77.0063450309",111,85,196,900,808,1708,173,164,337
10900,"THEFT/OTHER","38.8216235129","-77.0110894656",111,85,196,900,808,1708,173,164,337
10900,"THEFT F/AUTO","38.8227409605","-77.0055160303",111,85,196,900,808,1708,173,164,337
10900,"ROBBERY","38.8206959116","-77.007715312",111,85,196,900,808,1708,173,164,337
10900,"MOTOR VEHICLE THEFT","38.8212454597","-77.0072317212",111,85,196,900,808,1708,173,164,337
10900,"ROBBERY","38.8159118287","-77.0139557191",111,85,196,900,808,1708,173,164,337
10900,"THEFT F/AUTO","38.8193805884","-77.0089127485",111,85,196,900,808,1708,173,164,337
10900,"THEFT F/AUTO","38.820668792","-77.0090280632",111,85,196,900,808,1708,173,164,337
10900,"THEFT/OTHER","38.8216235129","-77.0110894656",111,85,196,900,808,1708,173,164,337
10900,"MOTOR VEHICLE THEFT","38.8235965572","-77.008890243",111,85,196,900,808,1708,173,164,337
10900,"THEFT/OTHER","38.8208041466","-77.0053316341",111,85,196,900,808,1708,173,164,337
10900,"THEFT F/AUTO","38.822840118","-77.0039268663",111,85,196,900,808,1708,173,164,337
10900,"THEFT/OTHER","38.8216235129","-77.0110894656",111,85,196,900,808,1708,173,164,337
10900,"MOTOR VEHICLE THEFT","38.8216240267","-77.0017503622",111,85,196,900,808,1708,173,164,337
10900,"THEFT F/AUTO","38.820668792","-77.0090280632",111,85,196,900,808,1708,173,164,337
10900,"THEFT F/AUTO","38.8216235129","-77.0110894656",111,85,196,900,808,1708,173,164,337
10900,"THEFT F/AUTO","38.8235965572","-77.008890243",111,85,196,900,808,1708,173,164,337
10900,"THEFT/OTHER","38.8197407563","-77.01092796",111,85,196,900,808,1708,173,164,337
10900,"MOTOR VEHICLE THEFT","38.8212635283","-77.0063450309",111,85,196,900,808,1708,173,164,337
10900,"ASSAULT W/DANGEROUS WEAPON","38.8216235129","-77.0110894656",111,85,196,900,808,1708,173,164,337
10900,"MOTOR VEHICLE THEFT","38.8227409605","-77.0055160303",111,85,196,900,808,1708,173,164,337
10900,"THEFT/OTHER","38.8216235129","-77.0110894656",111,85,196,900,808,1708,173,164,337
10900,"THEFT F/AUTO","38.8213083957","-77.009005113",111,85,196,900,808,1708,173,164,337
10900,"THEFT/OTHER","38.820668792","-77.0090280632",111,85,196,900,808,1708,173,164,337
10900,"THEFT/OTHER","38.8235965572","-77.008890243",111,85,196,900,808,1708,173,164,337
10900,"THEFT F/AUTO","38.822840118","-77.0039268663",111,85,196,900,808,1708,173,164,337
10900,"ASSAULT W/DANGEROUS WEAPON","38.8216235129","-77.0110894656",111,85,196,900,808,1708,173,164,337
10900,"BURGLARY","38.8235965572","-77.008890243",111,85,196,900,808,1708,173,164,337
10900,"ROBBERY","38.8193805884","-77.0089127485",111,85,196,900,808,1708,173,164,337
10900,"THEFT/OTHER","38.8206959116","-77.007715312",111,85,196,900,808,1708,173,164,337
10900,"THEFT F/AUTO","38.8216317373","-77.0174921083",111,85,196,900,808,1708,173,164,337
10900,"THEFT/OTHER","38.8216235129","-77.0110894656",111,85,196,900,808,1708,173,164,337
10900,"ASSAULT W/DANGEROUS WEAPON","38.8216240267","-77.0017503622",111,85,196,900,808,1708,173,164,337
10900,"THEFT/OTHER","38.822840118","-77.0039268663",111,85,196,900,808,1708,173,164,337
10900,"MOTOR VEHICLE THEFT","38.8216235129","-77.0110894656",111,85,196,900,808,1708,173,164,337
10900,"ASSAULT W/DANGEROUS WEAPON","38.8216235129","-77.0110894656",111,85,196,900,808,1708,173,164,337
10900,"THEFT/OTHER","38.8227409605","-77.0055160303",111,85,196,900,808,1708,173,164,337
10900,"ASSAULT W/DANGEROUS WEAPON","38.8206959116","-77.007715312",111,85,196,900,808,1708,173,164,337
10900,"THEFT/OTHER","38.8216240267","-77.0017503622",111,85,196,900,808,1708,173,164,337
10900,"THEFT/OTHER","38.822840118","-77.0039268663",111,85,196,900,808,1708,173,164,337
11001,"THEFT/OTHER","38.8764574889","-77.0145437796",111,21,132,1364,1133,2497,1100,780,1880
11001,"THEFT/OTHER","38.8746468139","-77.0144396937",111,21,132,1364,1133,2497,1100,780,1880
11001,"ROBBERY","38.8720341624","-77.0160870506",111,21,132,1364,1133,2497,1100,780,1880
11001,"BURGLARY","38.8764572414","-77.0164107306",111,21,132,1364,1133,2497,1100,780,1880
11001,"ROBBERY","38.8729709571","-77.0166519293",111,21,132,1364,1133,2497,1100,780,1880
11001,"THEFT F/AUTO","38.8746468139","-77.0144396937",111,21,132,1364,1133,2497,1100,780,1880
11001,"THEFT/OTHER","38.8724847074","-77.0151537285",111,21,132,1364,1133,2497,1100,780,1880
11001,"THEFT/OTHER","38.8746468139","-77.0144396937",111,21,132,1364,1133,2497,1100,780,1880
11001,"THEFT F/AUTO","38.8729622318","-77.0145315434",111,21,132,1364,1133,2497,1100,780,1880
11001,"THEFT F/AUTO","38.8746468139","-77.0144396937",111,21,132,1364,1133,2497,1100,780,1880
11001,"THEFT/OTHER","38.8764572414","-77.0164107306",111,21,132,1364,1133,2497,1100,780,1880
11001,"MOTOR VEHICLE THEFT","38.8764574889","-77.0145437796",111,21,132,1364,1133,2497,1100,780,1880
11001,"MOTOR VEHICLE THEFT","38.874646521","-77.0166407962",111,21,132,1364,1133,2497,1100,780,1880
11001,"THEFT F/AUTO","38.8720341624","-77.0160870506",111,21,132,1364,1133,2497,1100,780,1880
11001,"THEFT/OTHER","38.8764574889","-77.0145437796",111,21,132,1364,1133,2497,1100,780,1880
11001,"THEFT F/AUTO","38.8746468139","-77.0144396937",111,21,132,1364,1133,2497,1100,780,1880
11001,"MOTOR VEHICLE THEFT","38.8764572414","-77.0164107306",111,21,132,1364,1133,2497,1100,780,1880
11001,"BURGLARY","38.8755562342","-77.0175629478",111,21,132,1364,1133,2497,1100,780,1880
11001,"ASSAULT W/DANGEROUS WEAPON","38.8740338149","-77.0175625731",111,21,132,1364,1133,2497,1100,780,1880
11001,"THEFT/OTHER","38.8740338149","-77.0175625731",111,21,132,1364,1133,2497,1100,780,1880
11001,"BURGLARY","38.8755562342","-77.0175629478",111,21,132,1364,1133,2497,1100,780,1880
11001,"ROBBERY","38.8740338149","-77.0175625731",111,21,132,1364,1133,2497,1100,780,1880
11001,"THEFT F/AUTO","38.8764572414","-77.0164107306",111,21,132,1364,1133,2497,1100,780,1880
11001,"ROBBERY","38.8755562342","-77.0175629478",111,21,132,1364,1133,2497,1100,780,1880
11001,"THEFT F/AUTO","38.8720341624","-77.0160870506",111,21,132,1364,1133,2497,1100,780,1880
11001,"MOTOR VEHICLE THEFT","38.8764572414","-77.0164107306",111,21,132,1364,1133,2497,1100,780,1880
11001,"THEFT/OTHER","38.8764572414","-77.0164107306",111,21,132,1364,1133,2497,1100,780,1880
11001,"THEFT F/AUTO","38.8764572414","-77.0164107306",111,21,132,1364,1133,2497,1100,780,1880
11001,"THEFT/OTHER","38.8725113952","-77.0175621985",111,21,132,1364,1133,2497,1100,780,1880
11001,"THEFT F/AUTO","38.8746468139","-77.0144396937",111,21,132,1364,1133,2497,1100,780,1880
11001,"THEFT F/AUTO","38.8746468139","-77.0144396937",111,21,132,1364,1133,2497,1100,780,1880
11001,"HOMICIDE","38.8724847074","-77.0151537285",111,21,132,1364,1133,2497,1100,780,1880
11001,"ROBBERY","38.8755562342","-77.0175629478",111,21,132,1364,1133,2497,1100,780,1880
11001,"MOTOR VEHICLE THEFT","38.8729622318","-77.0145315434",111,21,132,1364,1133,2497,1100,780,1880
11001,"ROBBERY","38.8764572414","-77.0164107306",111,21,132,1364,1133,2497,1100,780,1880
11001,"THEFT/OTHER","38.8720341624","-77.0160870506",111,21,132,1364,1133,2497,1100,780,1880
11002,"THEFT/OTHER","38.8725113952","-77.0175621985",19,0,19,1016,742,1758,745,621,1366
11002,"THEFT F/AUTO","38.8746462926","-77.018173501",19,0,19,1016,742,1758,745,621,1366
11002,"THEFT/OTHER","38.8751272411","-77.0209230612",19,0,19,1016,742,1758,745,621,1366
11002,"ROBBERY","38.8746462926","-77.018173501",19,0,19,1016,742,1758,745,621,1366
11002,"ASSAULT W/DANGEROUS WEAPON","38.8725113952","-77.0175621985",19,0,19,1016,742,1758,745,621,1366
11002,"THEFT F/AUTO","38.8746462926","-77.018173501",19,0,19,1016,742,1758,745,621,1366
11002,"THEFT/OTHER","38.8751272411","-77.0209230612",19,0,19,1016,742,1758,745,621,1366
11002,"THEFT F/AUTO","38.8746462926","-77.018173501",19,0,19,1016,742,1758,745,621,1366
11002,"THEFT/OTHER","38.8764568893","-77.0187501816",19,0,19,1016,742,1758,745,621,1366
11002,"THEFT F/AUTO","38.8746462926","-77.018173501",19,0,19,1016,742,1758,745,621,1366
11100,"THEFT/OTHER","38.9340879656","-76.9630229428",231,743,974,2020,1969,3989,1077,856,1933
11100,"THEFT F/AUTO","38.8979127122","-76.970834525",231,743,974,2020,1969,3989,1077,856,1933
11100,"ASSAULT W/DANGEROUS WEAPON","38.9320450653","-76.9699440271",231,743,974,2020,1969,3989,1077,856,1933
11100,"THEFT/OTHER","38.9172816475","-76.9751161311",231,743,974,2020,1969,3989,1077,856,1933
11100,"THEFT/OTHER","38.9210696322","-76.9590628227",231,743,974,2020,1969,3989,1077,856,1933
11100,"THEFT F/AUTO","38.921028145","-76.9709288557",231,743,974,2020,1969,3989,1077,856,1933
11100,"ROBBERY","38.9345299173","-76.9647873815",231,743,974,2020,1969,3989,1077,856,1933
11100,"THEFT/OTHER","38.9195695115","-76.9739621972",231,743,974,2020,1969,3989,1077,856,1933
11100,"THEFT F/AUTO","38.9172816475","-76.9751161311",231,743,974,2020,1969,3989,1077,856,1933
11100,"THEFT F/AUTO","38.9202190434","-76.9785514818",231,743,974,2020,1969,3989,1077,856,1933
11100,"THEFT F/AUTO","38.9187016071","-76.9625350783",231,743,974,2020,1969,3989,1077,856,1933
11100,"THEFT/OTHER","38.9306314885","-76.9729201746",231,743,974,2020,1969,3989,1077,856,1933
11100,"ASSAULT W/DANGEROUS WEAPON","38.9248011911","-76.9656225042",231,743,974,2020,1969,3989,1077,856,1933
11100,"THEFT/OTHER","38.9305769364","-76.9708326975",231,743,974,2020,1969,3989,1077,856,1933
11100,"THEFT F/AUTO","38.9196948119","-76.970525801",231,743,974,2020,1969,3989,1077,856,1933
11100,"ROBBERY","38.9172816475","-76.9751161311",231,743,974,2020,1969,3989,1077,856,1933
11100,"THEFT F/AUTO","38.925576383","-76.9672827857",231,743,974,2020,1969,3989,1077,856,1933
11100,"THEFT/OTHER","38.9345299173","-76.9647873815",231,743,974,2020,1969,3989,1077,856,1933
11100,"MOTOR VEHICLE THEFT","38.9298661403","-76.9745120223",231,743,974,2020,1969,3989,1077,856,1933
11100,"THEFT F/AUTO","38.925576383","-76.9672827857",231,743,974,2020,1969,3989,1077,856,1933
11100,"THEFT/OTHER","38.9172816475","-76.9751161311",231,743,974,2020,1969,3989,1077,856,1933
11100,"MOTOR VEHICLE THEFT","38.9281890862","-76.9683426",231,743,974,2020,1969,3989,1077,856,1933
11100,"ASSAULT W/DANGEROUS WEAPON","38.927404326","-76.9647217045",231,743,974,2020,1969,3989,1077,856,1933
11100,"THEFT/OTHER","38.9264220876","-76.9636381387",231,743,974,2020,1969,3989,1077,856,1933
11100,"THEFT F/AUTO","38.9291504548","-76.9601076779",231,743,974,2020,1969,3989,1077,856,1933
11100,"THEFT/OTHER","38.9185201178","-76.9586145699",231,743,974,2020,1969,3989,1077,856,1933
11100,"ROBBERY","38.9250636747","-76.9701430178",231,743,974,2020,1969,3989,1077,856,1933
11100,"THEFT/OTHER","38.9255698107","-76.9776157539",231,743,974,2020,1969,3989,1077,856,1933
11100,"ROBBERY","38.9307104035","-76.964812334",231,743,974,2020,1969,3989,1077,856,1933
11100,"THEFT F/AUTO","38.9208026055","-76.9696258818",231,743,974,2020,1969,3989,1077,856,1933
11100,"THEFT F/AUTO","38.9239731195","-76.968067702",231,743,974,2020,1969,3989,1077,856,1933
11100,"MOTOR VEHICLE THEFT","38.9234319876","-76.9658307399",231,743,974,2020,1969,3989,1077,856,1933
11100,"THEFT F/AUTO","38.9234339046","-76.9731766114",231,743,974,2020,1969,3989,1077,856,1933
11100,"THEFT F/AUTO","38.9212817635","-76.9771673661",231,743,974,2020,1969,3989,1077,856,1933
11100,"MOTOR VEHICLE THEFT","38.9202188837","-76.9776981536",231,743,974,2020,1969,3989,1077,856,1933
11100,"THEFT/OTHER","38.9172816475","-76.9751161311",231,743,974,2020,1969,3989,1077,856,1933
11100,"THEFT F/AUTO","38.9345299173","-76.9647873815",231,743,974,2020,1969,3989,1077,856,1933
11100,"THEFT F/AUTO","38.9239731195","-76.968067702",231,743,974,2020,1969,3989,1077,856,1933
11100,"THEFT F/AUTO","38.9225768551","-76.968160582",231,743,974,2020,1969,3989,1077,856,1933
11100,"MOTOR VEHICLE THEFT","38.9220378992","-76.9744456296",231,743,974,2020,1969,3989,1077,856,1933
11100,"THEFT/OTHER","38.9306314885","-76.9729201746",231,743,974,2020,1969,3989,1077,856,1933
11100,"THEFT/OTHER","38.9264220876","-76.9636381387",231,743,974,2020,1969,3989,1077,856,1933
11100,"ROBBERY","38.9189472733","-76.9711372666",231,743,974,2020,1969,3989,1077,856,1933
11100,"ASSAULT W/DANGEROUS WEAPON","38.9287220064","-76.9741549133",231,743,974,2020,1969,3989,1077,856,1933
11100,"ROBBERY","38.9196948119","-76.970525801",231,743,974,2020,1969,3989,1077,856,1933
11100,"MOTOR VEHICLE THEFT","38.9335396112","-76.9668639215",231,743,974,2020,1969,3989,1077,856,1933
11100,"MOTOR VEHICLE THEFT","38.922362474","-76.9757370759",231,743,974,2020,1969,3989,1077,856,1933
11100,"THEFT/OTHER","38.9285785049","-76.9771880953",231,743,974,2020,1969,3989,1077,856,1933
11100,"THEFT/OTHER","38.9165515256","-76.9730984838",231,743,974,2020,1969,3989,1077,856,1933
11100,"ROBBERY","38.9278927836","-76.9721600562",231,743,974,2020,1969,3989,1077,856,1933
11100,"ASSAULT W/DANGEROUS WEAPON","38.9245043998","-76.9673063419",231,743,974,2020,1969,3989,1077,856,1933
11100,"THEFT F/AUTO","38.9315116926","-76.963347211",231,743,974,2020,1969,3989,1077,856,1933
11100,"THEFT F/AUTO","38.9195695115","-76.9739621972",231,743,974,2020,1969,3989,1077,856,1933
11100,"THEFT/OTHER","38.9185201178","-76.9586145699",231,743,974,2020,1969,3989,1077,856,1933
11100,"THEFT/OTHER","38.9345299173","-76.9647873815",231,743,974,2020,1969,3989,1077,856,1933
11100,"BURGLARY","38.9234315608","-76.9644007744",231,743,974,2020,1969,3989,1077,856,1933
11100,"THEFT F/AUTO","38.9291504548","-76.9601076779",231,743,974,2020,1969,3989,1077,856,1933
11100,"THEFT F/AUTO","38.9239632638","-76.9651039651",231,743,974,2020,1969,3989,1077,856,1933
11100,"BURGLARY","38.9212817635","-76.9771673661",231,743,974,2020,1969,3989,1077,856,1933
11100,"ASSAULT W/DANGEROUS WEAPON","38.9172816475","-76.9751161311",231,743,974,2020,1969,3989,1077,856,1933
11100,"ASSAULT W/DANGEROUS WEAPON","38.9315214421","-76.9657922634",231,743,974,2020,1969,3989,1077,856,1933
11100,"ASSAULT W/DANGEROUS WEAPON","38.9195695115","-76.9739621972",231,743,974,2020,1969,3989,1077,856,1933
11100,"THEFT F/AUTO","38.9210696322","-76.9590628227",231,743,974,2020,1969,3989,1077,856,1933
11100,"THEFT/OTHER","38.9171372142","-76.9651340569",231,743,974,2020,1969,3989,1077,856,1933
11100,"THEFT/OTHER","38.9172816475","-76.9751161311",231,743,974,2020,1969,3989,1077,856,1933
11100,"ROBBERY","38.9218226067","-76.9790007366",231,743,974,2020,1969,3989,1077,856,1933
11100,"MOTOR VEHICLE THEFT","38.9245048034","-76.9687824575",231,743,974,2020,1969,3989,1077,856,1933
11100,"THEFT/OTHER","38.9281337848","-76.9640178463",231,743,974,2020,1969,3989,1077,856,1933
11100,"THEFT F/AUTO","38.9237384774","-76.966545579",231,743,974,2020,1969,3989,1077,856,1933
11100,"THEFT/OTHER","38.9291504548","-76.9601076779",231,743,974,2020,1969,3989,1077,856,1933
11100,"HOMICIDE","38.9255773636","-76.9709961951",231,743,974,2020,1969,3989,1077,856,1933
11100,"THEFT F/AUTO","38.9185201178","-76.9586145699",231,743,974,2020,1969,3989,1077,856,1933
11100,"THEFT/OTHER","38.9291504548","-76.9601076779",231,743,974,2020,1969,3989,1077,856,1933
11100,"MOTOR VEHICLE THEFT","38.9165515256","-76.9730984838",231,743,974,2020,1969,3989,1077,856,1933
11100,"THEFT/OTHER","38.9239632638","-76.9651039651",231,743,974,2020,1969,3989,1077,856,1933
11100,"THEFT F/AUTO","38.9293239118","-76.9675347908",231,743,974,2020,1969,3989,1077,856,1933
11100,"THEFT/OTHER","38.9172816475","-76.9751161311",231,743,974,2020,1969,3989,1077,856,1933
11100,"THEFT/OTHER","38.9345299173","-76.9647873815",231,743,974,2020,1969,3989,1077,856,1933
11100,"THEFT F/AUTO","38.928432787","-76.9701531399",231,743,974,2020,1969,3989,1077,856,1933
11100,"THEFT F/AUTO","38.9340879656","-76.9630229428",231,743,974,2020,1969,3989,1077,856,1933
11100,"THEFT/OTHER","38.9172816475","-76.9751161311",231,743,974,2020,1969,3989,1077,856,1933
11100,"ROBBERY","38.9172816475","-76.9751161311",231,743,974,2020,1969,3989,1077,856,1933
11100,"ROBBERY","38.923966587","-76.9790001052",231,743,974,2020,1969,3989,1077,856,1933
11100,"THEFT F/AUTO","38.9209819706","-76.9666852511",231,743,974,2020,1969,3989,1077,856,1933
11100,"THEFT/OTHER","38.9172816475","-76.9751161311",231,743,974,2020,1969,3989,1077,856,1933
11100,"THEFT F/AUTO","38.9248011911","-76.9656225042",231,743,974,2020,1969,3989,1077,856,1933
11100,"THEFT F/AUTO","38.9219932324","-76.9762215349",231,743,974,2020,1969,3989,1077,856,1933
11100,"BURGLARY","38.9225768551","-76.968160582",231,743,974,2020,1969,3989,1077,856,1933
11100,"THEFT/OTHER","38.9285785049","-76.9771880953",231,743,974,2020,1969,3989,1077,856,1933
11100,"THEFT/OTHER","38.9313040443","-76.9619171941",231,743,974,2020,1969,3989,1077,856,1933
11100,"BURGLARY","38.9202190434","-76.9785514818",231,743,974,2020,1969,3989,1077,856,1933
11100,"THEFT/OTHER","38.9345299173","-76.9647873815",231,743,974,2020,1969,3989,1077,856,1933
11100,"THEFT/OTHER","38.9149483376","-76.9744135781",231,743,974,2020,1969,3989,1077,856,1933
11100,"THEFT/OTHER","38.9335396112","-76.9668639215",231,743,974,2020,1969,3989,1077,856,1933
11100,"THEFT/OTHER","38.9285785049","-76.9771880953",231,743,974,2020,1969,3989,1077,856,1933
11100,"THEFT F/AUTO","38.9189282484","-76.9673088982",231,743,974,2020,1969,3989,1077,856,1933
11100,"MOTOR VEHICLE THEFT","38.921028145","-76.9709288557",231,743,974,2020,1969,3989,1077,856,1933
11100,"ROBBERY","38.9220378992","-76.9744456296",231,743,974,2020,1969,3989,1077,856,1933
11100,"MOTOR VEHICLE THEFT","38.9210696322","-76.9590628227",231,743,974,2020,1969,3989,1077,856,1933
11100,"MOTOR VEHICLE THEFT","38.921291034","-76.9785511593",231,743,974,2020,1969,3989,1077,856,1933
11100,"MOTOR VEHICLE THEFT","38.9171349644","-76.9651418991",231,743,974,2020,1969,3989,1077,856,1933
11100,"THEFT F/AUTO","38.9315116926","-76.963347211",231,743,974,2020,1969,3989,1077,856,1933
11100,"THEFT F/AUTO","38.9148126986","-76.9721651621",231,743,974,2020,1969,3989,1077,856,1933
11100,"THEFT F/AUTO","38.9165515256","-76.9730984838",231,743,974,2020,1969,3989,1077,856,1933
11100,"BURGLARY","38.9245055408","-76.9716770281",231,743,974,2020,1969,3989,1077,856,1933
11100,"THEFT F/AUTO","38.9275386834","-76.9622651844",231,743,974,2020,1969,3989,1077,856,1933
11100,"THEFT F/AUTO","38.9210696322","-76.9590628227",231,743,974,2020,1969,3989,1077,856,1933
11100,"BURGLARY","38.9255773636","-76.9709961951",231,743,974,2020,1969,3989,1077,856,1933
11100,"HOMICIDE","38.8979127122","-76.970834525",231,743,974,2020,1969,3989,1077,856,1933
11100,"THEFT/OTHER","38.9172816475","-76.9751161311",231,743,974,2020,1969,3989,1077,856,1933
11100,"THEFT F/AUTO","38.9266401328","-76.9701538903",231,743,974,2020,1969,3989,1077,856,1933
11100,"THEFT/OTHER","38.9345299173","-76.9647873815",231,743,974,2020,1969,3989,1077,856,1933
11100,"ASSAULT W/DANGEROUS WEAPON","38.9148126986","-76.9721651621",231,743,974,2020,1969,3989,1077,856,1933
11100,"THEFT F/AUTO","38.9223619646","-76.973396119",231,743,974,2020,1969,3989,1077,856,1933
11100,"THEFT F/AUTO","38.9190391882","-76.949896627",231,743,974,2020,1969,3989,1077,856,1933
11100,"THEFT/OTHER","38.9264220876","-76.9636381387",231,743,974,2020,1969,3989,1077,856,1933
11100,"THEFT/OTHER","38.9285785049","-76.9771880953",231,743,974,2020,1969,3989,1077,856,1933
11100,"THEFT/OTHER","38.9172816475","-76.9751161311",231,743,974,2020,1969,3989,1077,856,1933
11100,"THEFT F/AUTO","38.9210696322","-76.9590628227",231,743,974,2020,1969,3989,1077,856,1933
11100,"THEFT F/AUTO","38.9239389277","-76.9757250074",231,743,974,2020,1969,3989,1077,856,1933
11100,"THEFT F/AUTO","38.9217115953","-76.9665119347",231,743,974,2020,1969,3989,1077,856,1933
11100,"THEFT F/AUTO","38.9223619646","-76.973396119",231,743,974,2020,1969,3989,1077,856,1933
11100,"ASSAULT W/DANGEROUS WEAPON","38.9315116926","-76.963347211",231,743,974,2020,1969,3989,1077,856,1933
11100,"BURGLARY","38.9223619646","-76.973396119",231,743,974,2020,1969,3989,1077,856,1933
11100,"THEFT F/AUTO","38.9210696322","-76.9590628227",231,743,974,2020,1969,3989,1077,856,1933
11100,"THEFT/OTHER","38.9285785049","-76.9771880953",231,743,974,2020,1969,3989,1077,856,1933
11100,"THEFT F/AUTO","38.9223694668","-76.9674457024",231,743,974,2020,1969,3989,1077,856,1933
11100,"THEFT F/AUTO","38.9285785049","-76.9771880953",231,743,974,2020,1969,3989,1077,856,1933
11100,"THEFT/OTHER","38.9148126986","-76.9721651621",231,743,974,2020,1969,3989,1077,856,1933
11100,"THEFT F/AUTO","38.9195695115","-76.9739621972",231,743,974,2020,1969,3989,1077,856,1933
11100,"HOMICIDE","38.9255773636","-76.9709961951",231,743,974,2020,1969,3989,1077,856,1933
11100,"MOTOR VEHICLE THEFT","38.9196948119","-76.970525801",231,743,974,2020,1969,3989,1077,856,1933
11100,"ASSAULT W/DANGEROUS WEAPON","38.9172816475","-76.9751161311",231,743,974,2020,1969,3989,1077,856,1933
11100,"THEFT F/AUTO","38.9171349644","-76.9651418991",231,743,974,2020,1969,3989,1077,856,1933
11100,"THEFT/OTHER","38.9264220876","-76.9636381387",231,743,974,2020,1969,3989,1077,856,1933
11100,"THEFT/OTHER","38.9285785049","-76.9771880953",231,743,974,2020,1969,3989,1077,856,1933
11100,"THEFT/OTHER","38.9210696322","-76.9590628227",231,743,974,2020,1969,3989,1077,856,1933
11100,"THEFT/OTHER","38.9345299173","-76.9647873815",231,743,974,2020,1969,3989,1077,856,1933
11100,"MOTOR VEHICLE THEFT","38.9218226067","-76.9790007366",231,743,974,2020,1969,3989,1077,856,1933
11100,"ROBBERY","38.9095709531","-76.9772864124",231,743,974,2020,1969,3989,1077,856,1933
11100,"THEFT/OTHER","38.928432787","-76.9701531399",231,743,974,2020,1969,3989,1077,856,1933
11100,"THEFT/OTHER","38.9212902586","-76.9746765302",231,743,974,2020,1969,3989,1077,856,1933
11100,"THEFT/OTHER","38.9345299173","-76.9647873815",231,743,974,2020,1969,3989,1077,856,1933
11100,"MOTOR VEHICLE THEFT","38.9275386834","-76.9622651844",231,743,974,2020,1969,3989,1077,856,1933
11100,"THEFT F/AUTO","38.9239731195","-76.968067702",231,743,974,2020,1969,3989,1077,856,1933
11100,"THEFT F/AUTO","38.9287220064","-76.9741549133",231,743,974,2020,1969,3989,1077,856,1933
11100,"THEFT/OTHER","38.9306314885","-76.9729201746",231,743,974,2020,1969,3989,1077,856,1933
11100,"THEFT F/AUTO","38.9210696322","-76.9590628227",231,743,974,2020,1969,3989,1077,856,1933
11100,"ASSAULT W/DANGEROUS WEAPON","38.9171372142","-76.9651340569",231,743,974,2020,1969,3989,1077,856,1933
11100,"ROBBERY","38.9189282484","-76.9673088982",231,743,974,2020,1969,3989,1077,856,1933
11100,"THEFT F/AUTO","38.9239731195","-76.968067702",231,743,974,2020,1969,3989,1077,856,1933
11100,"BURGLARY","38.9335396112","-76.9668639215",231,743,974,2020,1969,3989,1077,856,1933
11100,"THEFT/OTHER","38.9345299173","-76.9647873815",231,743,974,2020,1969,3989,1077,856,1933
11100,"ASSAULT W/DANGEROUS WEAPON","38.9185074274","-76.9783674976",231,743,974,2020,1969,3989,1077,856,1933
11100,"THEFT/OTHER","38.9280263058","-76.966093791",231,743,974,2020,1969,3989,1077,856,1933
11100,"ASSAULT W/DANGEROUS WEAPON","38.9190391882","-76.949896627",231,743,974,2020,1969,3989,1077,856,1933
11100,"MOTOR VEHICLE THEFT","38.9214617414","-76.9762217122",231,743,974,2020,1969,3989,1077,856,1933
11100,"THEFT F/AUTO","38.9210696322","-76.9590628227",231,743,974,2020,1969,3989,1077,856,1933
11100,"THEFT/OTHER","38.9285785049","-76.9771880953",231,743,974,2020,1969,3989,1077,856,1933
11100,"THEFT F/AUTO","38.9210696322","-76.9590628227",231,743,974,2020,1969,3989,1077,856,1933
11100,"THEFT/OTHER","38.9285785049","-76.9771880953",231,743,974,2020,1969,3989,1077,856,1933
11100,"THEFT F/AUTO","38.9171349644","-76.9651418991",231,743,974,2020,1969,3989,1077,856,1933
11100,"THEFT F/AUTO","38.921028145","-76.9709288557",231,743,974,2020,1969,3989,1077,856,1933
11100,"THEFT F/AUTO","38.9210696322","-76.9590628227",231,743,974,2020,1969,3989,1077,856,1933
11100,"THEFT/OTHER","38.9315116926","-76.963347211",231,743,974,2020,1969,3989,1077,856,1933
11100,"THEFT F/AUTO","38.921028145","-76.9709288557",231,743,974,2020,1969,3989,1077,856,1933
11100,"ROBBERY","38.9196948119","-76.970525801",231,743,974,2020,1969,3989,1077,856,1933
11100,"THEFT/OTHER","38.925036101","-76.968067226",231,743,974,2020,1969,3989,1077,856,1933
11100,"THEFT/OTHER","38.9149483376","-76.9744135781",231,743,974,2020,1969,3989,1077,856,1933
11100,"THEFT/OTHER","38.9171372142","-76.9651340569",231,743,974,2020,1969,3989,1077,856,1933
11100,"SEX ABUSE","38.9148126986","-76.9721651621",231,743,974,2020,1969,3989,1077,856,1933
11100,"MOTOR VEHICLE THEFT","38.9345299173","-76.9647873815",231,743,974,2020,1969,3989,1077,856,1933
11100,"THEFT F/AUTO","38.8979127122","-76.970834525",231,743,974,2020,1969,3989,1077,856,1933
11100,"THEFT F/AUTO","38.9314504993","-76.969875078",231,743,974,2020,1969,3989,1077,856,1933
11100,"THEFT F/AUTO","38.927404326","-76.9647217045",231,743,974,2020,1969,3989,1077,856,1933
11100,"MOTOR VEHICLE THEFT","38.9277139689","-76.9785722927",231,743,974,2020,1969,3989,1077,856,1933
11100,"ROBBERY","38.9172816475","-76.9751161311",231,743,974,2020,1969,3989,1077,856,1933
11100,"THEFT F/AUTO","38.9328633153","-76.9645690679",231,743,974,2020,1969,3989,1077,856,1933
11100,"MOTOR VEHICLE THEFT","38.9189282484","-76.9673088982",231,743,974,2020,1969,3989,1077,856,1933
11100,"THEFT F/AUTO","38.9148126986","-76.9721651621",231,743,974,2020,1969,3989,1077,856,1933
11100,"THEFT/OTHER","38.9189472733","-76.9711372666",231,743,974,2020,1969,3989,1077,856,1933
11100,"THEFT/OTHER","38.9285785049","-76.9771880953",231,743,974,2020,1969,3989,1077,856,1933
11100,"THEFT/OTHER","38.9345299173","-76.9647873815",231,743,974,2020,1969,3989,1077,856,1933
11100,"THEFT F/AUTO","38.9185201178","-76.9586145699",231,743,974,2020,1969,3989,1077,856,1933
11100,"THEFT F/AUTO","38.9137594407","-76.9753594988",231,743,974,2020,1969,3989,1077,856,1933
11100,"BURGLARY","38.9277227332","-76.9772806304",231,743,974,2020,1969,3989,1077,856,1933
11100,"ASSAULT W/DANGEROUS WEAPON","38.921028145","-76.9709288557",231,743,974,2020,1969,3989,1077,856,1933
11100,"THEFT F/AUTO","38.9293239118","-76.9675347908",231,743,974,2020,1969,3989,1077,856,1933
11100,"THEFT F/AUTO","38.9234325094","-76.9676643247",231,743,974,2020,1969,3989,1077,856,1933
11100,"THEFT F/AUTO","38.912587877","-76.9731806905",231,743,974,2020,1969,3989,1077,856,1933
11100,"ROBBERY","38.9230903042","-76.9680680973",231,743,974,2020,1969,3989,1077,856,1933
11100,"THEFT/OTHER","38.9172816475","-76.9751161311",231,743,974,2020,1969,3989,1077,856,1933
11100,"MOTOR VEHICLE THEFT","38.9234322963","-76.966903214",231,743,974,2020,1969,3989,1077,856,1933
11100,"MOTOR VEHICLE THEFT","38.9323220203","-76.9620319846",231,743,974,2020,1969,3989,1077,856,1933
11100,"THEFT/OTHER","38.9306314885","-76.9729201746",231,743,974,2020,1969,3989,1077,856,1933
11100,"THEFT/OTHER","38.9285785049","-76.9771880953",231,743,974,2020,1969,3989,1077,856,1933
11100,"ASSAULT W/DANGEROUS WEAPON","38.9242338686","-76.9663147043",231,743,974,2020,1969,3989,1077,856,1933
11100,"BURGLARY","38.9210696322","-76.9590628227",231,743,974,2020,1969,3989,1077,856,1933
11100,"THEFT F/AUTO","38.9137046735","-76.9721655946",231,743,974,2020,1969,3989,1077,856,1933
11100,"MOTOR VEHICLE THEFT","38.9189282484","-76.9673088982",231,743,974,2020,1969,3989,1077,856,1933
11100,"THEFT F/AUTO","38.9285785049","-76.9771880953",231,743,974,2020,1969,3989,1077,856,1933
11100,"THEFT/OTHER","38.9264220876","-76.9636381387",231,743,974,2020,1969,3989,1077,856,1933
11100,"MOTOR VEHICLE THEFT","38.9189282484","-76.9673088982",231,743,974,2020,1969,3989,1077,856,1933
11100,"MOTOR VEHICLE THEFT","38.9223619646","-76.973396119",231,743,974,2020,1969,3989,1077,856,1933
11100,"THEFT F/AUTO","38.9245048034","-76.9687824575",231,743,974,2020,1969,3989,1077,856,1933
11100,"MOTOR VEHICLE THEFT","38.9328629346","-76.9633349828",231,743,974,2020,1969,3989,1077,856,1933
11100,"THEFT/OTHER","38.9165515256","-76.9730984838",231,743,974,2020,1969,3989,1077,856,1933
11100,"ROBBERY","38.9225768551","-76.968160582",231,743,974,2020,1969,3989,1077,856,1933
11100,"ROBBERY","38.9291504548","-76.9601076779",231,743,974,2020,1969,3989,1077,856,1933
11100,"MOTOR VEHICLE THEFT","38.9172816475","-76.9751161311",231,743,974,2020,1969,3989,1077,856,1933
11100,"THEFT F/AUTO","38.9323220203","-76.9620319846",231,743,974,2020,1969,3989,1077,856,1933
11100,"ASSAULT W/DANGEROUS WEAPON","38.9264220876","-76.9636381387",231,743,974,2020,1969,3989,1077,856,1933
11100,"THEFT/OTHER","38.9335396112","-76.9668639215",231,743,974,2020,1969,3989,1077,856,1933
11100,"THEFT/OTHER","38.9165515256","-76.9730984838",231,743,974,2020,1969,3989,1077,856,1933
11100,"THEFT/OTHER","38.9291504548","-76.9601076779",231,743,974,2020,1969,3989,1077,856,1933
11100,"SEX ABUSE","38.9268656831","-76.9715261677",231,743,974,2020,1969,3989,1077,856,1933
11100,"ROBBERY","38.9212817635","-76.9771673661",231,743,974,2020,1969,3989,1077,856,1933
11100,"MOTOR VEHICLE THEFT","38.9210696322","-76.9590628227",231,743,974,2020,1969,3989,1077,856,1933
11100,"THEFT/OTHER","38.9172816475","-76.9751161311",231,743,974,2020,1969,3989,1077,856,1933
11100,"THEFT/OTHER","38.9248011911","-76.9656225042",231,743,974,2020,1969,3989,1077,856,1933
11100,"THEFT/OTHER","38.9285785049","-76.9771880953",231,743,974,2020,1969,3989,1077,856,1933
11100,"THEFT F/AUTO","38.9223621937","-76.9744224498",231,743,974,2020,1969,3989,1077,856,1933
11100,"THEFT F/AUTO","38.921028145","-76.9709288557",231,743,974,2020,1969,3989,1077,856,1933
11100,"ROBBERY","38.9196948119","-76.970525801",231,743,974,2020,1969,3989,1077,856,1933
11100,"THEFT F/AUTO","38.9172816475","-76.9751161311",231,743,974,2020,1969,3989,1077,856,1933
11100,"MOTOR VEHICLE THEFT","38.9340879656","-76.9630229428",231,743,974,2020,1969,3989,1077,856,1933
11100,"BURGLARY","38.9196948119","-76.970525801",231,743,974,2020,1969,3989,1077,856,1933
11100,"THEFT/OTHER","38.9345299173","-76.9647873815",231,743,974,2020,1969,3989,1077,856,1933
11100,"MOTOR VEHICLE THEFT","38.9228998571","-76.9637091261",231,743,974,2020,1969,3989,1077,856,1933
11100,"THEFT F/AUTO","38.9234325094","-76.9676643247",231,743,974,2020,1969,3989,1077,856,1933
11100,"THEFT F/AUTO","38.9239651608","-76.9721731217",231,743,974,2020,1969,3989,1077,856,1933
11100,"THEFT/OTHER","38.9172816475","-76.9751161311",231,743,974,2020,1969,3989,1077,856,1933
11100,"THEFT F/AUTO","38.9223597897","-76.9651278133",231,743,974,2020,1969,3989,1077,856,1933
11100,"MOTOR VEHICLE THEFT","38.9225768551","-76.968160582",231,743,974,2020,1969,3989,1077,856,1933
11100,"MOTOR VEHICLE THEFT","38.9270820382","-76.9721719054",231,743,974,2020,1969,3989,1077,856,1933
11100,"THEFT F/AUTO","38.9264220876","-76.9636381387",231,743,974,2020,1969,3989,1077,856,1933
11100,"ROBBERY","38.9196948119","-76.970525801",231,743,974,2020,1969,3989,1077,856,1933
11100,"THEFT F/AUTO","38.9210696322","-76.9590628227",231,743,974,2020,1969,3989,1077,856,1933
11100,"ROBBERY","38.9196948119","-76.970525801",231,743,974,2020,1969,3989,1077,856,1933
11100,"MOTOR VEHICLE THEFT","38.9305769364","-76.9708326975",231,743,974,2020,1969,3989,1077,856,1933
11100,"THEFT F/AUTO","38.9172816475","-76.9751161311",231,743,974,2020,1969,3989,1077,856,1933
11100,"MOTOR VEHICLE THEFT","38.9148126986","-76.9721651621",231,743,974,2020,1969,3989,1077,856,1933
11100,"ROBBERY","38.9291504548","-76.9601076779",231,743,974,2020,1969,3989,1077,856,1933
11100,"MOTOR VEHICLE THEFT","38.9212960047","-76.9625337153",231,743,974,2020,1969,3989,1077,856,1933
11100,"THEFT F/AUTO","38.9223619646","-76.973396119",231,743,974,2020,1969,3989,1077,856,1933
11100,"MOTOR VEHICLE THEFT","38.9223619646","-76.973396119",231,743,974,2020,1969,3989,1077,856,1933
11100,"THEFT F/AUTO","38.9205942305","-76.9653708387",231,743,974,2020,1969,3989,1077,856,1933
11100,"BURGLARY","38.9255773636","-76.9709961951",231,743,974,2020,1969,3989,1077,856,1933
11100,"THEFT F/AUTO","38.9185201178","-76.9586145699",231,743,974,2020,1969,3989,1077,856,1933
11100,"THEFT F/AUTO","38.9340885279","-76.964845268",231,743,974,2020,1969,3989,1077,856,1933
11100,"MOTOR VEHICLE THEFT","38.9345299173","-76.9647873815",231,743,974,2020,1969,3989,1077,856,1933
11100,"MOTOR VEHICLE THEFT","38.9245063305","-76.9751482065",231,743,974,2020,1969,3989,1077,856,1933
11100,"THEFT F/AUTO","38.9210696322","-76.9590628227",231,743,974,2020,1969,3989,1077,856,1933
11100,"THEFT F/AUTO","38.9210696322","-76.9590628227",231,743,974,2020,1969,3989,1077,856,1933
11100,"ASSAULT W/DANGEROUS WEAPON","38.9298661403","-76.9745120223",231,743,974,2020,1969,3989,1077,856,1933
11100,"THEFT/OTHER","38.9285785049","-76.9771880953",231,743,974,2020,1969,3989,1077,856,1933
11100,"THEFT/OTHER","38.9345299173","-76.9647873815",231,743,974,2020,1969,3989,1077,856,1933
11100,"THEFT F/AUTO","38.9293239118","-76.9675347908",231,743,974,2020,1969,3989,1077,856,1933
11100,"THEFT F/AUTO","38.9208305994","-76.9736157899",231,743,974,2020,1969,3989,1077,856,1933
11100,"THEFT F/AUTO","38.9223619646","-76.973396119",231,743,974,2020,1969,3989,1077,856,1933
11100,"THEFT/OTHER","38.9285785049","-76.9771880953",231,743,974,2020,1969,3989,1077,856,1933
11100,"BURGLARY","38.9148126986","-76.9721651621",231,743,974,2020,1969,3989,1077,856,1933
11100,"THEFT/OTHER","38.9172816475","-76.9751161311",231,743,974,2020,1969,3989,1077,856,1933
11100,"THEFT/OTHER","38.9171349644","-76.9651418991",231,743,974,2020,1969,3989,1077,856,1933
11100,"MOTOR VEHICLE THEFT","38.9208026055","-76.9696258818",231,743,974,2020,1969,3989,1077,856,1933
11100,"ASSAULT W/DANGEROUS WEAPON","38.9189472733","-76.9711372666",231,743,974,2020,1969,3989,1077,856,1933
11100,"THEFT/OTHER","38.9228936314","-76.9741800894",231,743,974,2020,1969,3989,1077,856,1933
11100,"THEFT F/AUTO","38.9212817635","-76.9771673661",231,743,974,2020,1969,3989,1077,856,1933
11100,"BURGLARY","38.9284330389","-76.9711564926",231,743,974,2020,1969,3989,1077,856,1933
11100,"ROBBERY","38.9285785049","-76.9771880953",231,743,974,2020,1969,3989,1077,856,1933
11100,"THEFT F/AUTO","38.9195695115","-76.9739621972",231,743,974,2020,1969,3989,1077,856,1933
11100,"THEFT F/AUTO","38.9277132265","-76.9748472393",231,743,974,2020,1969,3989,1077,856,1933
11100,"THEFT/OTHER","38.9165515256","-76.9730984838",231,743,974,2020,1969,3989,1077,856,1933
11100,"THEFT/OTHER","38.9285785049","-76.9771880953",231,743,974,2020,1969,3989,1077,856,1933
11100,"BURGLARY","38.9291504548","-76.9601076779",231,743,974,2020,1969,3989,1077,856,1933
11100,"THEFT/OTHER","38.9306314885","-76.9729201746",231,743,974,2020,1969,3989,1077,856,1933
11100,"THEFT F/AUTO","38.9285785049","-76.9771880953",231,743,974,2020,1969,3989,1077,856,1933
11100,"THEFT F/AUTO","38.9277227332","-76.9772806304",231,743,974,2020,1969,3989,1077,856,1933
11100,"THEFT F/AUTO","38.9210696322","-76.9590628227",231,743,974,2020,1969,3989,1077,856,1933
11100,"ROBBERY","38.9332318664","-76.9620545672",231,743,974,2020,1969,3989,1077,856,1933
11100,"THEFT F/AUTO","38.9205942305","-76.9653708387",231,743,974,2020,1969,3989,1077,856,1933
11100,"THEFT F/AUTO","38.9208026055","-76.9696258818",231,743,974,2020,1969,3989,1077,856,1933
11100,"BURGLARY","38.9304232586","-76.9687568002",231,743,974,2020,1969,3989,1077,856,1933
11100,"MOTOR VEHICLE THEFT","38.9148126986","-76.9721651621",231,743,974,2020,1969,3989,1077,856,1933
11100,"ASSAULT W/DANGEROUS WEAPON","38.9291504548","-76.9601076779",231,743,974,2020,1969,3989,1077,856,1933
11100,"ROBBERY","38.9171349644","-76.9651418991",231,743,974,2020,1969,3989,1077,856,1933
11100,"MOTOR VEHICLE THEFT","38.9210696322","-76.9590628227",231,743,974,2020,1969,3989,1077,856,1933
11100,"THEFT F/AUTO","38.9245063305","-76.9751482065",231,743,974,2020,1969,3989,1077,856,1933
11100,"THEFT/OTHER","38.9266401328","-76.9701538903",231,743,974,2020,1969,3989,1077,856,1933
11100,"THEFT/OTHER","38.9264220876","-76.9636381387",231,743,974,2020,1969,3989,1077,856,1933
11100,"THEFT/OTHER","38.9345299173","-76.9647873815",231,743,974,2020,1969,3989,1077,856,1933
11100,"BURGLARY","38.9172816475","-76.9751161311",231,743,974,2020,1969,3989,1077,856,1933
11100,"BURGLARY","38.9335396112","-76.9668639215",231,743,974,2020,1969,3989,1077,856,1933
11100,"ROBBERY","38.9172816475","-76.9751161311",231,743,974,2020,1969,3989,1077,856,1933
11100,"ROBBERY","38.9230379696","-76.9751256544",231,743,974,2020,1969,3989,1077,856,1933
11100,"MOTOR VEHICLE THEFT","38.9189282484","-76.9673088982",231,743,974,2020,1969,3989,1077,856,1933
11100,"THEFT F/AUTO","38.9225768551","-76.968160582",231,743,974,2020,1969,3989,1077,856,1933
11100,"ASSAULT W/DANGEROUS WEAPON","38.9345299173","-76.9647873815",231,743,974,2020,1969,3989,1077,856,1933
11100,"MOTOR VEHICLE THEFT","38.9210696322","-76.9590628227",231,743,974,2020,1969,3989,1077,856,1933
11100,"MOTOR VEHICLE THEFT","38.9245048034","-76.9687824575",231,743,974,2020,1969,3989,1077,856,1933
11100,"THEFT F/AUTO","38.9223694668","-76.9674457024",231,743,974,2020,1969,3989,1077,856,1933
11100,"THEFT/OTHER","38.9171349644","-76.9651418991",231,743,974,2020,1969,3989,1077,856,1933
11100,"ASSAULT W/DANGEROUS WEAPON","38.9172816475","-76.9751161311",231,743,974,2020,1969,3989,1077,856,1933
11100,"THEFT/OTHER","38.9345299173","-76.9647873815",231,743,974,2020,1969,3989,1077,856,1933
11100,"THEFT F/AUTO","38.9155515741","-76.972983554",231,743,974,2020,1969,3989,1077,856,1933
11100,"MOTOR VEHICLE THEFT","38.9189282484","-76.9673088982",231,743,974,2020,1969,3989,1077,856,1933
11100,"THEFT F/AUTO","38.9171372142","-76.9651340569",231,743,974,2020,1969,3989,1077,856,1933
11100,"THEFT/OTHER","38.9242338686","-76.9663147043",231,743,974,2020,1969,3989,1077,856,1933
11100,"THEFT F/AUTO","38.9328633153","-76.9645690679",231,743,974,2020,1969,3989,1077,856,1933
11100,"MOTOR VEHICLE THEFT","38.9172816475","-76.9751161311",231,743,974,2020,1969,3989,1077,856,1933
11100,"ASSAULT W/DANGEROUS WEAPON","38.8979127122","-76.970834525",231,743,974,2020,1969,3989,1077,856,1933
11100,"THEFT F/AUTO","38.9189288774","-76.9673033629",231,743,974,2020,1969,3989,1077,856,1933
11100,"ASSAULT W/DANGEROUS WEAPON","38.9196948119","-76.970525801",231,743,974,2020,1969,3989,1077,856,1933
11100,"THEFT F/AUTO","38.9208305994","-76.9736157899",231,743,974,2020,1969,3989,1077,856,1933
11100,"THEFT/OTHER","38.9202188837","-76.9776981536",231,743,974,2020,1969,3989,1077,856,1933
11100,"MOTOR VEHICLE THEFT","38.9210696322","-76.9590628227",231,743,974,2020,1969,3989,1077,856,1933
11100,"THEFT/OTHER","38.9239731195","-76.968067702",231,743,974,2020,1969,3989,1077,856,1933
11100,"THEFT F/AUTO","38.9137594407","-76.9753594988",231,743,974,2020,1969,3989,1077,856,1933
11100,"THEFT F/AUTO","38.9298362519","-76.9636825297",231,743,974,2020,1969,3989,1077,856,1933
11100,"THEFT F/AUTO","38.922894597","-76.9790004209",231,743,974,2020,1969,3989,1077,856,1933
11100,"MOTOR VEHICLE THEFT","38.9304947944","-76.9668307371",231,743,974,2020,1969,3989,1077,856,1933
11100,"THEFT F/AUTO","38.9223629236","-76.978008842",231,743,974,2020,1969,3989,1077,856,1933
11100,"THEFT F/AUTO","38.9223597897","-76.9651278133",231,743,974,2020,1969,3989,1077,856,1933
11100,"ASSAULT W/DANGEROUS WEAPON","38.9223597897","-76.9651278133",231,743,974,2020,1969,3989,1077,856,1933
11100,"MOTOR VEHICLE THEFT","38.9335396112","-76.9668639215",231,743,974,2020,1969,3989,1077,856,1933
11100,"THEFT/OTHER","38.9285785049","-76.9771880953",231,743,974,2020,1969,3989,1077,856,1933
11100,"THEFT/OTHER","38.9196948119","-76.970525801",231,743,974,2020,1969,3989,1077,856,1933
11100,"MOTOR VEHICLE THEFT","38.9202190434","-76.9785514818",231,743,974,2020,1969,3989,1077,856,1933
11100,"THEFT F/AUTO","38.9264220876","-76.9636381387",231,743,974,2020,1969,3989,1077,856,1933
11100,"THEFT F/AUTO","38.9172816475","-76.9751161311",231,743,974,2020,1969,3989,1077,856,1933
11100,"ROBBERY","38.9196948119","-76.970525801",231,743,974,2020,1969,3989,1077,856,1933
11100,"THEFT F/AUTO","38.9291504548","-76.9601076779",231,743,974,2020,1969,3989,1077,856,1933
11100,"THEFT F/AUTO","38.9239651608","-76.9721731217",231,743,974,2020,1969,3989,1077,856,1933
11100,"THEFT F/AUTO","38.9210696322","-76.9590628227",231,743,974,2020,1969,3989,1077,856,1933
11100,"THEFT/OTHER","38.9328633153","-76.9645690679",231,743,974,2020,1969,3989,1077,856,1933
11100,"THEFT F/AUTO","38.9324586148","-76.9668644239",231,743,974,2020,1969,3989,1077,856,1933
11100,"ROBBERY","38.9171349644","-76.9651418991",231,743,974,2020,1969,3989,1077,856,1933
11100,"THEFT/OTHER","38.9095709531","-76.9772864124",231,743,974,2020,1969,3989,1077,856,1933
11100,"THEFT F/AUTO","38.9230379696","-76.9751256544",231,743,974,2020,1969,3989,1077,856,1933
11100,"THEFT/OTHER","38.9171349644","-76.9651418991",231,743,974,2020,1969,3989,1077,856,1933
11100,"THEFT F/AUTO","38.9298362519","-76.9636825297",231,743,974,2020,1969,3989,1077,856,1933
11100,"ROBBERY","38.9237475907","-76.9669145997",231,743,974,2020,1969,3989,1077,856,1933
11100,"MOTOR VEHICLE THEFT","38.9239731195","-76.968067702",231,743,974,2020,1969,3989,1077,856,1933
11100,"THEFT/OTHER","38.9171349644","-76.9651418991",231,743,974,2020,1969,3989,1077,856,1933
11100,"THEFT F/AUTO","38.9223619646","-76.973396119",231,743,974,2020,1969,3989,1077,856,1933
11100,"THEFT/OTHER","38.9345299173","-76.9647873815",231,743,974,2020,1969,3989,1077,856,1933
11100,"THEFT F/AUTO","38.9165515256","-76.9730984838",231,743,974,2020,1969,3989,1077,856,1933
11100,"ROBBERY","38.9195695115","-76.9739621972",231,743,974,2020,1969,3989,1077,856,1933
11100,"MOTOR VEHICLE THEFT","38.9210696322","-76.9590628227",231,743,974,2020,1969,3989,1077,856,1933
11100,"BURGLARY","38.9250446834","-76.9665449662",231,743,974,2020,1969,3989,1077,856,1933
11100,"THEFT F/AUTO","38.9248011911","-76.9656225042",231,743,974,2020,1969,3989,1077,856,1933
11100,"ROBBERY","38.9196948119","-76.970525801",231,743,974,2020,1969,3989,1077,856,1933
11100,"THEFT/OTHER","38.9165515256","-76.9730984838",231,743,974,2020,1969,3989,1077,856,1933
11100,"THEFT F/AUTO","38.9277116737","-76.9684466061",231,743,974,2020,1969,3989,1077,856,1933
11100,"THEFT/OTHER","38.9345299173","-76.9647873815",231,743,974,2020,1969,3989,1077,856,1933
11100,"MOTOR VEHICLE THEFT","38.9204132038","-76.9625803051",231,743,974,2020,1969,3989,1077,856,1933
11100,"THEFT/OTHER","38.9298661403","-76.9745120223",231,743,974,2020,1969,3989,1077,856,1933
11100,"ASSAULT W/DANGEROUS WEAPON","38.9291535803","-76.9706602861",231,743,974,2020,1969,3989,1077,856,1933
11100,"ROBBERY","38.9210696322","-76.9590628227",231,743,974,2020,1969,3989,1077,856,1933
11100,"THEFT F/AUTO","38.9201440607","-76.9662128531",231,743,974,2020,1969,3989,1077,856,1933
11100,"ROBBERY","38.9196948119","-76.970525801",231,743,974,2020,1969,3989,1077,856,1933
11100,"THEFT/OTHER","38.9212902586","-76.9746765302",231,743,974,2020,1969,3989,1077,856,1933
11100,"THEFT F/AUTO","38.9220378992","-76.9744456296",231,743,974,2020,1969,3989,1077,856,1933
11100,"THEFT F/AUTO","38.9340879656","-76.9630229428",231,743,974,2020,1969,3989,1077,856,1933
11100,"THEFT F/AUTO","38.927404326","-76.9647217045",231,743,974,2020,1969,3989,1077,856,1933
11100,"ROBBERY","38.9172816475","-76.9751161311",231,743,974,2020,1969,3989,1077,856,1933
11100,"THEFT F/AUTO","38.9149126655","-76.9761201202",231,743,974,2020,1969,3989,1077,856,1933
11100,"THEFT F/AUTO","38.9171372142","-76.9651340569",231,743,974,2020,1969,3989,1077,856,1933
11100,"THEFT/OTHER","38.9264220876","-76.9636381387",231,743,974,2020,1969,3989,1077,856,1933
11100,"THEFT/OTHER","38.9172816475","-76.9751161311",231,743,974,2020,1969,3989,1077,856,1933
11100,"THEFT F/AUTO","38.927714036","-76.9789413382",231,743,974,2020,1969,3989,1077,856,1933
11100,"ROBBERY","38.9172816475","-76.9751161311",231,743,974,2020,1969,3989,1077,856,1933
11100,"THEFT/OTHER","38.9345299173","-76.9647873815",231,743,974,2020,1969,3989,1077,856,1933
11100,"THEFT F/AUTO","38.9194712884","-76.9782057664",231,743,974,2020,1969,3989,1077,856,1933
11100,"THEFT/OTHER","38.9171372142","-76.9651340569",231,743,974,2020,1969,3989,1077,856,1933
11100,"THEFT F/AUTO","38.9223694668","-76.9674457024",231,743,974,2020,1969,3989,1077,856,1933
11100,"MOTOR VEHICLE THEFT","38.9194712884","-76.9782057664",231,743,974,2020,1969,3989,1077,856,1933
11100,"ASSAULT W/DANGEROUS WEAPON","38.9172816475","-76.9751161311",231,743,974,2020,1969,3989,1077,856,1933
11100,"THEFT F/AUTO","38.913020882","-76.9759593294",231,743,974,2020,1969,3989,1077,856,1933
11100,"THEFT/OTHER","38.9275386834","-76.9622651844",231,743,974,2020,1969,3989,1077,856,1933
11100,"THEFT F/AUTO","38.9298362519","-76.9636825297",231,743,974,2020,1969,3989,1077,856,1933
11100,"THEFT F/AUTO","38.921028145","-76.9709288557",231,743,974,2020,1969,3989,1077,856,1933
11100,"THEFT F/AUTO","38.9223694668","-76.9674457024",231,743,974,2020,1969,3989,1077,856,1933
11100,"THEFT F/AUTO","38.9287220064","-76.9741549133",231,743,974,2020,1969,3989,1077,856,1933
11100,"THEFT F/AUTO","38.9230903042","-76.9680680973",231,743,974,2020,1969,3989,1077,856,1933
11100,"THEFT/OTHER","38.9171372142","-76.9651340569",231,743,974,2020,1969,3989,1077,856,1933
11100,"THEFT F/AUTO","38.9245048034","-76.9687824575",231,743,974,2020,1969,3989,1077,856,1933
11100,"THEFT F/AUTO","38.9165515256","-76.9730984838",231,743,974,2020,1969,3989,1077,856,1933
11100,"THEFT/OTHER","38.9266401328","-76.9701538903",231,743,974,2020,1969,3989,1077,856,1933
11100,"ROBBERY","38.9291504548","-76.9601076779",231,743,974,2020,1969,3989,1077,856,1933
11100,"MOTOR VEHICLE THEFT","38.9323220203","-76.9620319846",231,743,974,2020,1969,3989,1077,856,1933
11100,"THEFT/OTHER","38.9264220876","-76.9636381387",231,743,974,2020,1969,3989,1077,856,1933
11100,"THEFT/OTHER","38.9285785049","-76.9771880953",231,743,974,2020,1969,3989,1077,856,1933
11100,"THEFT F/AUTO","38.9291504548","-76.9601076779",231,743,974,2020,1969,3989,1077,856,1933
11100,"THEFT F/AUTO","38.9171349644","-76.9651418991",231,743,974,2020,1969,3989,1077,856,1933
11100,"ROBBERY","38.9245048034","-76.9687824575",231,743,974,2020,1969,3989,1077,856,1933
980000,"THEFT/OTHER","38.8934924869","-77.0477684756",0,0,0,0,13,13,0,13,13
980000,"HOMICIDE","38.8920780385","-77.0144432217",0,0,0,0,13,13,0,13,13
980000,"THEFT/OTHER","38.8903852071","-77.0059246926",0,0,0,0,13,13,0,13,13
980000,"THEFT F/AUTO","38.8858308953","-77.0349580661",0,0,0,0,13,13,0,13,13
980000,"THEFT/OTHER","38.888762181","-77.019744684",0,0,0,0,13,13,0,13,13
980000,"THEFT/OTHER","38.8798741863","-77.0361536265",0,0,0,0,13,13,0,13,13
980000,"THEFT F/AUTO","38.8920981831","-77.04261501",0,0,0,0,13,13,0,13,13
980000,"ASSAULT W/DANGEROUS WEAPON","38.8755958093","-77.0398162861",0,0,0,0,13,13,0,13,13
980000,"THEFT F/AUTO","38.8934924869","-77.0477684756",0,0,0,0,13,13,0,13,13
980000,"THEFT/OTHER","38.890568992","-77.0197380375",0,0,0,0,13,13,0,13,13
980000,"THEFT/OTHER","38.8867903821","-77.0121599917",0,0,0,0,13,13,0,13,13
980000,"THEFT F/AUTO","38.8596624732","-77.0220689674",0,0,0,0,13,13,0,13,13
980000,"MOTOR VEHICLE THEFT","38.8596624732","-77.0220689674",0,0,0,0,13,13,0,13,13
980000,"THEFT F/AUTO","38.8920840744","-77.0300506646",0,0,0,0,13,13,0,13,13
980000,"ROBBERY","38.893590083","-77.0229505699",0,0,0,0,13,13,0,13,13
980000,"THEFT F/AUTO","38.8954982072","-77.0302019598",0,0,0,0,13,13,0,13,13
980000,"THEFT F/AUTO","38.8858308953","-77.0349580661",0,0,0,0,13,13,0,13,13
980000,"THEFT/OTHER","38.8920743216","-77.0328171196",0,0,0,0,13,13,0,13,13
980000,"THEFT F/AUTO","38.8858308953","-77.0349580661",0,0,0,0,13,13,0,13,13
980000,"THEFT F/AUTO","38.8920981831","-77.04261501",0,0,0,0,13,13,0,13,13
980000,"THEFT/OTHER","38.8889413221","-77.0250929861",0,0,0,0,13,13,0,13,13
980000,"ASSAULT W/DANGEROUS WEAPON","38.8920743216","-77.0328171196",0,0,0,0,13,13,0,13,13
980000,"THEFT F/AUTO","38.8886248501","-77.0300837866",0,0,0,0,13,13,0,13,13
980000,"THEFT/OTHER","38.893590083","-77.0229505699",0,0,0,0,13,13,0,13,13
980000,"MOTOR VEHICLE THEFT","38.8920743216","-77.0328171196",0,0,0,0,13,13,0,13,13
980000,"THEFT F/AUTO","38.8978214229","-77.033649768",0,0,0,0,13,13,0,13,13
980000,"THEFT/OTHER","38.8954982072","-77.0302019598",0,0,0,0,13,13,0,13,13
980000,"THEFT F/AUTO","38.8920840744","-77.0300506646",0,0,0,0,13,13,0,13,13
980000,"THEFT/OTHER","38.8886248501","-77.0300837866",0,0,0,0,13,13,0,13,13
980000,"ASSAULT W/DANGEROUS WEAPON","38.9001994287","-77.0358415985",0,0,0,0,13,13,0,13,13
980000,"THEFT F/AUTO","38.8886248501","-77.0300837866",0,0,0,0,13,13,0,13,13
980000,"THEFT F/AUTO","38.8886248501","-77.0300837866",0,0,0,0,13,13,0,13,13
980000,"THEFT/OTHER","38.8920981831","-77.04261501",0,0,0,0,13,13,0,13,13
980000,"THEFT/OTHER","38.8883478643","-77.0497821357",0,0,0,0,13,13,0,13,13
980000,"THEFT/OTHER","38.8883063765","-77.0405956418",0,0,0,0,13,13,0,13,13
980000,"THEFT F/AUTO","38.892095465","-77.0495081047",0,0,0,0,13,13,0,13,13
980000,"THEFT F/AUTO","38.888762181","-77.019744684",0,0,0,0,13,13,0,13,13
